<shapes type=list>
	<ruler.pixel type=vector names=FALSE length=1 as.numeric=TRUE >211.907791478391</ruler.pixel>
	<ruler.interval type=vector names=FALSE length=1 as.numeric=TRUE >5</ruler.interval>
	<scaling.units type=vector names=FALSE length=1 as.numeric=FALSE >mm</scaling.units>
	<scaling type=vector names=FALSE length=1 as.numeric=TRUE >0.0235951682810581</scaling>
	<landmarks.pixel type=matrix rownames=TRUE colnames=FALSE nrow=11 ncol=2 as.numeric=TRUE >
		Anterior_eye	371	353
		Posterior_eye	505	351
		Posterior_Maxilla	589	463
		Anterior_Maxilla	336	398
		Dorsal_fin_insertion	934	268
		Adipose_fin_insertion	1317	441
		Dorsal_caudal	1541	521
		Ventral_caudal	1495	665
		Anal_fin_insertion	1116	603
		Pelvic_fin_insertion	893	525
		Pectoral_fin_insertion	710	439
	</landmarks.pixel>
	<landmarks.scaled type=matrix rownames=TRUE colnames=FALSE nrow=11 ncol=2 as.numeric=TRUE >
		Anterior_eye	8.75380743227254	-8.3290944032135
		Posterior_eye	11.9155599819343	-8.28190406665138
		Posterior_Maxilla	13.8975541175432	-10.9245629141299
		Anterior_Maxilla	7.92797654243551	-9.39087697586111
		Dorsal_fin_insertion	22.0378871745082	-6.32350509932356
		Adipose_fin_insertion	31.0748366261535	-10.4054692119466
		Dorsal_caudal	36.3601543211105	-12.2930826744313
		Ventral_caudal	35.2747765801818	-15.6907869069036
		Anal_fin_insertion	26.3322078016608	-14.227886473478
		Pelvic_fin_insertion	21.0704852749849	-12.3874633475555
		Pectoral_fin_insertion	16.7525694795512	-10.3582788753845
	</landmarks.scaled>
	<curves.control type=list>
		<Snout_dorsal type=matrix rownames=FALSE colnames=FALSE nrow=7 ncol=2 as.numeric=TRUE >
			336	398
			338	285
			509	242
			626	225
			772	242
			875	260
			934	268
		</Snout_dorsal>
		<Dorsal_adipose type=matrix rownames=FALSE colnames=FALSE nrow=5 ncol=2 as.numeric=TRUE >
			934	268
			1008	305
			1128	373
			1182	404
			1317	441
		</Dorsal_adipose>
		<Adipose_caudal type=matrix rownames=FALSE colnames=FALSE nrow=7 ncol=2 as.numeric=TRUE >
			1317	441
			1347	451
			1350	462
			1446	502
			1484	512
			1540	513
			1541	521
		</Adipose_caudal>
		<Caudal_anal type=matrix rownames=FALSE colnames=FALSE nrow=9 ncol=2 as.numeric=TRUE >
			1495	665
			1461	667
			1425	652
			1395	626
			1318	618
			1267	618
			1221	610
			1159	600
			1116	603
		</Caudal_anal>
	</curves.control>
	<curves.pixel type=list>
		<Snout_dorsal type=matrix rownames=FALSE colnames=FALSE nrow=659 ncol=2 as.numeric=TRUE >
			336	398
			336	397
			336	396
			336	395
			336	394
			336	393
			336	392
			336	391
			336	390
			336	389
			337	388
			337	387
			337	386
			337	385
			337	384
			337	383
			337	382
			337	381
			337	380
			338	380
			338	379
			338	378
			338	377
			338	376
			338	375
			338	374
			339	373
			339	372
			339	371
			339	370
			339	369
			340	368
			340	367
			340	366
			341	365
			341	364
			341	363
			341	362
			342	362
			342	361
			342	360
			342	359
			343	358
			343	357
			343	356
			344	355
			344	354
			345	353
			345	352
			345	351
			346	350
			346	349
			347	348
			347	347
			348	346
			348	345
			349	344
			349	343
			350	342
			350	341
			350	340
			351	339
			352	338
			352	337
			353	336
			353	335
			354	334
			355	333
			355	332
			356	331
			356	330
			357	329
			358	328
			358	327
			359	327
			359	326
			360	325
			361	324
			361	323
			362	322
			363	321
			364	320
			365	319
			365	318
			366	317
			367	316
			368	315
			369	314
			370	313
			370	312
			371	311
			372	310
			373	309
			374	308
			375	308
			376	307
			377	306
			378	305
			379	304
			380	303
			381	302
			382	301
			383	300
			384	300
			385	299
			386	298
			387	297
			388	296
			389	295
			390	294
			391	294
			392	293
			393	292
			394	291
			395	291
			396	290
			397	289
			398	288
			399	288
			400	287
			401	287
			401	286
			402	286
			403	285
			404	284
			405	284
			406	283
			407	283
			408	282
			409	281
			410	280
			411	280
			412	280
			412	279
			413	279
			414	278
			415	278
			416	277
			417	277
			418	276
			419	275
			420	275
			421	274
			422	274
			423	273
			424	273
			425	272
			426	272
			427	271
			428	271
			429	270
			430	270
			431	269
			432	269
			433	268
			434	268
			435	267
			436	267
			437	267
			438	266
			439	266
			440	265
			441	265
			442	264
			443	264
			444	264
			445	263
			446	263
			447	262
			448	262
			449	261
			450	261
			451	261
			452	260
			453	260
			454	259
			455	259
			456	259
			457	258
			458	258
			459	257
			460	257
			461	257
			462	256
			463	256
			464	256
			465	255
			466	255
			467	254
			468	254
			469	254
			470	254
			471	253
			472	253
			473	252
			474	252
			475	252
			476	251
			477	251
			478	251
			479	251
			480	250
			481	250
			482	250
			483	249
			484	249
			485	249
			486	248
			487	248
			488	248
			489	247
			490	247
			491	247
			492	247
			493	246
			494	246
			495	246
			496	245
			497	245
			498	245
			499	245
			500	244
			501	244
			502	244
			503	244
			503	243
			504	243
			505	243
			506	243
			507	242
			508	242
			509	242
			510	242
			511	242
			512	242
			513	241
			514	241
			515	241
			516	241
			517	241
			518	241
			519	241
			520	240
			521	240
			522	240
			523	240
			524	240
			525	240
			526	240
			527	240
			528	239
			529	239
			530	239
			531	239
			532	239
			533	239
			534	239
			535	239
			536	239
			537	239
			538	238
			539	238
			540	238
			541	238
			542	238
			543	238
			544	238
			545	238
			546	238
			547	237
			548	237
			549	237
			550	237
			551	237
			552	237
			553	237
			554	237
			555	237
			556	237
			557	237
			558	236
			559	236
			560	236
			561	236
			562	236
			563	236
			564	236
			565	236
			566	236
			567	236
			568	236
			569	236
			570	236
			571	235
			572	235
			573	235
			574	235
			575	235
			576	235
			577	235
			578	235
			579	235
			580	235
			581	235
			582	235
			583	235
			584	235
			585	235
			586	235
			587	235
			588	235
			589	234
			590	234
			591	234
			592	234
			593	234
			594	234
			595	234
			596	234
			597	234
			598	234
			599	234
			600	234
			601	234
			602	234
			603	234
			604	234
			605	234
			606	234
			607	234
			608	234
			609	234
			610	234
			611	234
			612	234
			613	234
			614	234
			615	234
			616	234
			617	234
			618	234
			619	234
			620	234
			621	234
			622	234
			623	234
			624	234
			625	234
			626	234
			627	234
			628	234
			629	234
			630	234
			631	234
			632	234
			633	234
			634	234
			635	234
			636	234
			637	234
			638	234
			639	234
			640	234
			641	234
			642	234
			643	234
			644	234
			645	234
			646	234
			647	234
			648	234
			649	234
			650	234
			651	234
			652	234
			653	234
			654	234
			655	234
			656	234
			657	234
			658	234
			659	234
			660	234
			661	234
			662	234
			663	234
			664	234
			665	234
			666	234
			667	234
			668	234
			669	234
			670	234
			671	234
			672	234
			673	234
			674	234
			675	234
			676	234
			677	234
			678	234
			679	235
			680	235
			681	235
			682	235
			683	235
			684	235
			685	235
			686	235
			687	235
			688	235
			689	235
			690	235
			691	235
			692	235
			693	235
			694	235
			695	235
			696	235
			697	235
			698	235
			699	236
			700	236
			701	236
			702	236
			703	236
			704	236
			705	236
			706	236
			707	236
			708	236
			709	236
			710	236
			711	236
			712	236
			713	236
			714	237
			715	237
			716	237
			717	237
			718	237
			719	237
			720	237
			721	237
			722	237
			723	237
			724	237
			725	237
			726	237
			727	238
			728	238
			729	238
			730	238
			731	238
			732	238
			733	238
			734	238
			735	238
			736	238
			737	238
			738	238
			739	239
			740	239
			741	239
			742	239
			743	239
			744	239
			745	239
			746	239
			747	239
			748	239
			749	240
			750	240
			751	240
			752	240
			753	240
			754	240
			755	240
			756	240
			757	240
			758	240
			759	241
			760	241
			761	241
			762	241
			763	241
			764	241
			765	241
			766	241
			767	241
			768	242
			769	242
			770	242
			771	242
			772	242
			773	242
			774	242
			775	243
			776	243
			777	243
			778	243
			779	243
			780	243
			781	244
			782	244
			783	244
			784	244
			785	244
			786	244
			787	245
			788	245
			789	245
			790	245
			791	245
			792	245
			793	246
			794	246
			795	246
			796	246
			797	246
			798	246
			799	247
			800	247
			801	247
			802	247
			803	247
			804	248
			805	248
			806	248
			807	248
			808	248
			809	248
			810	249
			811	249
			812	249
			813	249
			814	249
			815	249
			816	250
			817	250
			818	250
			819	250
			820	250
			821	250
			822	251
			823	251
			824	251
			825	251
			826	251
			827	251
			828	252
			829	252
			830	252
			831	252
			832	252
			833	252
			833	253
			834	253
			835	253
			836	253
			837	253
			838	253
			839	253
			840	254
			841	254
			842	254
			843	254
			844	254
			845	254
			846	255
			847	255
			848	255
			849	255
			850	255
			851	255
			852	256
			853	256
			854	256
			855	256
			856	256
			857	256
			858	257
			859	257
			860	257
			861	257
			862	257
			863	257
			864	258
			865	258
			866	258
			867	258
			868	258
			869	258
			870	259
			871	259
			872	259
			873	259
			874	259
			875	259
			876	259
			877	260
			878	260
			879	260
			880	260
			881	260
			882	260
			883	261
			884	261
			885	261
			886	261
			887	261
			888	261
			889	261
			890	262
			891	262
			892	262
			893	262
			894	262
			895	262
			896	262
			897	263
			898	263
			899	263
			900	263
			901	263
			902	263
			903	264
			904	264
			905	264
			906	264
			907	264
			908	264
			909	264
			910	265
			911	265
			912	265
			913	265
			914	265
			915	265
			916	265
			916	266
			917	266
			918	266
			919	266
			920	266
			921	266
			922	266
			923	266
			924	267
			925	267
			926	267
			927	267
			928	267
			929	267
			930	268
			931	268
			932	268
			933	268
			934	268
		</Snout_dorsal>
		<Dorsal_adipose type=matrix rownames=FALSE colnames=FALSE nrow=395 ncol=2 as.numeric=TRUE >
			934	268
			935	268
			935	269
			936	269
			937	269
			938	270
			939	270
			940	271
			941	272
			942	272
			943	273
			944	273
			945	273
			946	274
			947	274
			947	275
			948	275
			949	276
			950	276
			951	277
			952	277
			953	278
			954	278
			955	278
			956	279
			957	280
			958	280
			959	281
			960	281
			961	282
			962	283
			963	283
			964	283
			965	284
			966	284
			967	285
			968	285
			969	286
			970	287
			971	287
			972	288
			973	288
			974	289
			975	289
			976	290
			977	290
			978	291
			979	291
			980	292
			981	292
			982	293
			983	293
			984	294
			985	294
			986	295
			987	295
			988	296
			989	297
			990	297
			991	297
			992	298
			993	298
			993	299
			994	299
			995	300
			996	300
			997	301
			998	301
			999	302
			1000	302
			1001	303
			1002	303
			1003	304
			1004	304
			1005	305
			1006	305
			1007	306
			1008	306
			1009	307
			1010	307
			1010	308
			1011	308
			1012	309
			1013	309
			1014	310
			1015	311
			1016	311
			1017	312
			1018	312
			1019	313
			1020	313
			1021	314
			1022	314
			1023	315
			1024	315
			1025	316
			1026	316
			1027	317
			1028	318
			1029	318
			1030	319
			1031	319
			1032	320
			1033	320
			1034	321
			1035	321
			1036	322
			1037	323
			1038	323
			1039	323
			1040	324
			1041	324
			1042	325
			1043	326
			1044	326
			1045	327
			1046	327
			1047	328
			1048	328
			1049	329
			1050	329
			1051	330
			1052	330
			1053	331
			1054	331
			1055	332
			1056	332
			1056	333
			1057	333
			1058	334
			1059	334
			1060	335
			1061	336
			1062	336
			1063	337
			1064	337
			1065	338
			1066	338
			1067	339
			1068	339
			1069	340
			1070	340
			1071	341
			1072	341
			1072	342
			1073	342
			1074	343
			1075	343
			1076	344
			1077	345
			1078	345
			1079	346
			1080	346
			1081	347
			1082	347
			1083	348
			1084	348
			1085	349
			1086	349
			1087	350
			1088	351
			1089	351
			1090	352
			1091	352
			1092	353
			1093	353
			1094	354
			1095	354
			1096	355
			1097	356
			1098	356
			1099	357
			1100	357
			1101	358
			1102	358
			1103	359
			1104	359
			1105	360
			1106	361
			1107	361
			1108	362
			1109	362
			1110	363
			1111	364
			1112	364
			1113	365
			1114	365
			1115	366
			1116	366
			1117	367
			1118	368
			1119	368
			1120	369
			1121	369
			1122	370
			1123	370
			1124	371
			1125	371
			1126	372
			1127	372
			1128	373
			1129	374
			1130	374
			1131	375
			1132	376
			1133	376
			1134	376
			1135	377
			1136	377
			1137	378
			1138	378
			1139	379
			1140	379
			1141	380
			1142	380
			1143	381
			1144	381
			1145	382
			1146	382
			1147	383
			1148	383
			1149	384
			1150	384
			1151	385
			1152	385
			1153	386
			1154	386
			1155	387
			1156	387
			1157	388
			1158	388
			1159	389
			1160	389
			1161	389
			1162	390
			1163	390
			1164	391
			1165	391
			1166	391
			1166	392
			1167	392
			1168	392
			1169	393
			1170	393
			1171	393
			1172	394
			1173	394
			1174	395
			1175	395
			1176	396
			1177	396
			1178	396
			1179	397
			1180	397
			1181	398
			1182	398
			1183	398
			1184	399
			1185	399
			1186	400
			1187	400
			1188	400
			1189	401
			1190	401
			1191	401
			1192	402
			1193	402
			1194	403
			1195	403
			1196	403
			1197	404
			1198	404
			1199	404
			1200	405
			1201	405
			1202	406
			1203	406
			1204	406
			1205	406
			1205	407
			1206	407
			1207	407
			1208	407
			1209	408
			1210	408
			1211	409
			1212	409
			1213	409
			1214	410
			1215	410
			1216	410
			1217	411
			1218	411
			1219	411
			1220	412
			1221	412
			1222	412
			1223	413
			1224	413
			1225	413
			1226	414
			1227	414
			1228	414
			1229	415
			1230	415
			1231	415
			1232	416
			1233	416
			1234	416
			1235	417
			1236	417
			1237	417
			1238	418
			1239	418
			1240	418
			1241	419
			1242	419
			1243	419
			1244	420
			1245	420
			1246	420
			1247	421
			1248	421
			1249	421
			1250	421
			1251	422
			1252	422
			1253	422
			1254	423
			1255	423
			1256	423
			1257	424
			1258	424
			1259	424
			1260	424
			1261	425
			1262	425
			1263	425
			1264	426
			1265	426
			1266	426
			1267	427
			1268	427
			1269	427
			1270	427
			1271	428
			1272	428
			1273	428
			1274	429
			1275	429
			1276	429
			1277	430
			1278	430
			1279	430
			1280	431
			1281	431
			1282	431
			1283	431
			1284	432
			1285	432
			1286	432
			1287	433
			1288	433
			1289	433
			1290	433
			1290	434
			1291	434
			1292	434
			1293	434
			1294	435
			1295	435
			1296	435
			1297	435
			1297	436
			1298	436
			1299	436
			1300	436
			1301	436
			1301	437
			1302	437
			1303	437
			1304	437
			1305	438
			1306	438
			1307	438
			1308	439
			1309	439
			1310	439
			1311	439
			1312	440
			1313	440
			1314	440
			1315	440
			1316	441
			1317	441
		</Dorsal_adipose>
		<Adipose_caudal type=matrix rownames=FALSE colnames=FALSE nrow=236 ncol=2 as.numeric=TRUE >
			1317	441
			1318	441
			1319	442
			1320	442
			1321	442
			1322	443
			1323	443
			1324	444
			1325	444
			1326	444
			1327	445
			1328	445
			1329	445
			1330	446
			1331	446
			1332	447
			1333	447
			1334	448
			1335	448
			1336	449
			1337	449
			1337	450
			1338	450
			1339	450
			1340	451
			1341	452
			1342	453
			1343	453
			1344	454
			1345	455
			1346	456
			1347	457
			1348	458
			1349	459
			1349	460
			1350	461
			1350	462
			1351	463
			1352	463
			1353	463
			1354	464
			1355	464
			1356	465
			1357	465
			1358	465
			1359	466
			1360	466
			1361	466
			1361	467
			1362	467
			1363	467
			1364	468
			1365	468
			1366	469
			1367	469
			1368	469
			1368	470
			1369	470
			1370	470
			1371	471
			1372	471
			1373	471
			1374	472
			1375	472
			1376	473
			1377	473
			1378	474
			1379	474
			1380	474
			1381	475
			1382	475
			1383	476
			1384	476
			1385	476
			1386	477
			1387	477
			1388	478
			1389	478
			1390	478
			1391	479
			1392	479
			1393	480
			1394	480
			1395	480
			1396	481
			1397	481
			1398	481
			1398	482
			1399	482
			1400	482
			1401	483
			1402	483
			1403	484
			1404	484
			1405	484
			1406	485
			1407	485
			1408	486
			1409	486
			1410	486
			1411	487
			1412	487
			1413	487
			1413	488
			1414	488
			1415	488
			1416	489
			1417	489
			1418	489
			1419	490
			1420	490
			1421	490
			1422	491
			1423	491
			1424	492
			1425	492
			1426	492
			1427	493
			1428	493
			1429	494
			1430	494
			1431	494
			1432	495
			1433	495
			1434	495
			1435	496
			1436	496
			1437	496
			1438	497
			1439	497
			1440	497
			1441	498
			1442	498
			1443	499
			1444	499
			1445	500
			1446	500
			1447	500
			1448	500
			1448	501
			1449	501
			1450	501
			1451	501
			1452	502
			1453	502
			1454	503
			1455	503
			1456	503
			1457	504
			1458	504
			1459	504
			1460	505
			1461	505
			1462	505
			1463	506
			1464	506
			1465	506
			1466	507
			1467	507
			1468	507
			1469	507
			1469	508
			1470	508
			1471	508
			1472	509
			1473	509
			1474	509
			1475	509
			1476	510
			1477	510
			1478	510
			1479	511
			1480	511
			1481	511
			1482	512
			1483	512
			1484	512
			1485	512
			1486	512
			1487	512
			1488	512
			1489	512
			1490	512
			1491	512
			1492	512
			1493	512
			1494	512
			1495	512
			1496	512
			1497	512
			1498	512
			1499	512
			1500	512
			1501	513
			1502	513
			1503	513
			1504	513
			1505	513
			1506	513
			1507	513
			1508	513
			1509	513
			1510	513
			1511	513
			1512	513
			1513	513
			1514	513
			1515	513
			1516	514
			1517	514
			1518	514
			1519	514
			1520	514
			1521	514
			1522	514
			1523	514
			1524	514
			1525	515
			1526	515
			1527	515
			1528	515
			1529	515
			1530	515
			1531	516
			1532	516
			1533	516
			1534	516
			1535	517
			1536	517
			1537	517
			1538	518
			1539	518
			1540	519
			1540	520
			1541	520
			1541	521
		</Adipose_caudal>
		<Caudal_anal type=matrix rownames=FALSE colnames=FALSE nrow=385 ncol=2 as.numeric=TRUE >
			1495	665
			1494	665
			1493	665
			1492	665
			1491	665
			1490	665
			1489	665
			1488	665
			1487	665
			1486	665
			1485	665
			1484	665
			1483	665
			1482	665
			1481	665
			1480	665
			1479	665
			1478	665
			1477	665
			1476	665
			1475	665
			1474	665
			1473	665
			1472	664
			1471	664
			1470	664
			1469	664
			1468	664
			1467	664
			1466	664
			1465	664
			1465	663
			1464	663
			1463	663
			1462	663
			1461	663
			1460	663
			1459	662
			1458	662
			1457	662
			1456	662
			1455	662
			1454	661
			1453	661
			1452	661
			1451	661
			1450	660
			1449	660
			1448	660
			1447	660
			1446	659
			1445	659
			1444	659
			1443	658
			1442	658
			1441	658
			1440	658
			1439	657
			1438	657
			1437	657
			1436	656
			1435	656
			1434	656
			1433	655
			1432	655
			1431	654
			1430	654
			1429	654
			1428	653
			1427	653
			1426	653
			1426	652
			1425	652
			1424	651
			1423	651
			1423	650
			1422	649
			1421	649
			1420	648
			1419	647
			1418	647
			1417	646
			1416	645
			1415	645
			1414	644
			1413	643
			1412	643
			1411	642
			1410	641
			1409	641
			1408	641
			1408	640
			1407	640
			1406	640
			1405	639
			1404	639
			1403	638
			1402	638
			1401	637
			1400	637
			1399	636
			1398	636
			1397	636
			1396	635
			1395	635
			1394	634
			1393	634
			1392	634
			1391	633
			1390	633
			1389	633
			1388	632
			1387	632
			1386	632
			1385	631
			1384	631
			1383	630
			1382	630
			1381	630
			1380	629
			1379	629
			1378	629
			1377	629
			1376	628
			1375	628
			1374	628
			1373	628
			1373	627
			1372	627
			1371	627
			1370	627
			1369	626
			1368	626
			1367	626
			1366	626
			1365	626
			1364	625
			1363	625
			1362	625
			1361	625
			1360	624
			1359	624
			1358	624
			1357	624
			1356	624
			1355	623
			1354	623
			1353	623
			1352	623
			1351	623
			1350	622
			1349	622
			1348	622
			1347	622
			1346	622
			1345	622
			1344	621
			1343	621
			1342	621
			1341	621
			1340	621
			1339	621
			1338	620
			1337	620
			1336	620
			1335	620
			1334	620
			1333	620
			1332	620
			1331	619
			1330	619
			1329	619
			1328	619
			1327	619
			1326	619
			1325	619
			1324	619
			1323	619
			1322	618
			1321	618
			1320	618
			1319	618
			1318	618
			1317	618
			1316	618
			1315	618
			1314	618
			1313	618
			1312	618
			1311	618
			1310	618
			1309	618
			1308	618
			1307	618
			1306	618
			1305	618
			1304	618
			1303	618
			1302	618
			1301	618
			1300	618
			1299	618
			1298	618
			1297	618
			1296	618
			1295	618
			1294	618
			1293	618
			1292	617
			1291	617
			1290	617
			1289	617
			1288	617
			1287	617
			1286	617
			1285	617
			1284	617
			1283	617
			1282	617
			1281	617
			1280	617
			1279	617
			1278	617
			1277	617
			1276	617
			1275	617
			1274	616
			1273	616
			1272	616
			1271	616
			1270	616
			1269	616
			1268	616
			1267	616
			1266	616
			1265	616
			1264	616
			1263	616
			1262	615
			1261	615
			1260	615
			1259	615
			1258	615
			1257	615
			1256	615
			1255	615
			1254	615
			1253	615
			1252	614
			1251	614
			1250	614
			1249	614
			1248	614
			1247	614
			1246	614
			1245	614
			1244	613
			1243	613
			1242	613
			1241	613
			1240	613
			1239	613
			1238	613
			1237	613
			1236	612
			1235	612
			1234	612
			1233	612
			1232	612
			1231	612
			1230	612
			1229	611
			1228	611
			1227	611
			1226	611
			1225	611
			1224	610
			1223	610
			1222	610
			1221	610
			1220	610
			1219	610
			1218	610
			1217	609
			1216	609
			1215	609
			1214	609
			1213	609
			1212	609
			1211	608
			1210	608
			1209	608
			1208	608
			1207	608
			1206	608
			1205	608
			1204	607
			1203	607
			1202	607
			1201	607
			1200	607
			1199	607
			1198	607
			1197	607
			1196	606
			1195	606
			1194	606
			1193	606
			1192	606
			1191	606
			1190	606
			1189	606
			1188	605
			1187	605
			1186	605
			1185	605
			1184	605
			1183	605
			1182	605
			1181	605
			1180	605
			1179	605
			1178	604
			1177	604
			1176	604
			1175	604
			1174	604
			1173	604
			1172	604
			1171	604
			1170	604
			1169	604
			1168	604
			1167	603
			1166	603
			1165	603
			1164	603
			1163	603
			1162	603
			1161	603
			1160	603
			1159	603
			1158	603
			1157	603
			1156	603
			1155	603
			1154	603
			1153	603
			1152	603
			1151	603
			1150	603
			1149	603
			1148	602
			1147	602
			1146	602
			1145	602
			1144	602
			1143	602
			1142	602
			1141	602
			1140	602
			1139	602
			1138	602
			1137	602
			1136	602
			1135	602
			1134	602
			1133	602
			1132	602
			1131	602
			1130	602
			1129	602
			1128	602
			1127	602
			1126	602
			1125	603
			1124	603
			1123	603
			1122	603
			1121	603
			1120	603
			1119	603
			1118	603
			1117	603
			1116	603
		</Caudal_anal>
	</curves.pixel>
	<curves.scaled type=list>
		<Snout_dorsal type=matrix rownames=FALSE colnames=FALSE nrow=659 ncol=2 as.numeric=TRUE >
			7.92797654243551	-9.39087697586111
			7.92797654243551	-9.36728180758005
			7.92797654243551	-9.34368663929899
			7.92797654243551	-9.32009147101793
			7.92797654243551	-9.29649630273688
			7.92797654243551	-9.27290113445582
			7.92797654243551	-9.24930596617476
			7.92797654243551	-9.2257107978937
			7.92797654243551	-9.20211562961264
			7.92797654243551	-9.17852046133159
			7.95157171071657	-9.15492529305053
			7.95157171071657	-9.13133012476947
			7.95157171071657	-9.10773495648841
			7.95157171071657	-9.08413978820735
			7.95157171071657	-9.0605446199263
			7.95157171071657	-9.03694945164524
			7.95157171071657	-9.01335428336418
			7.95157171071657	-8.98975911508312
			7.95157171071657	-8.96616394680206
			7.97516687899762	-8.96616394680206
			7.97516687899762	-8.94256877852101
			7.97516687899762	-8.91897361023995
			7.97516687899762	-8.89537844195889
			7.97516687899762	-8.87178327367783
			7.97516687899762	-8.84818810539677
			7.97516687899762	-8.82459293711572
			7.99876204727868	-8.80099776883466
			7.99876204727868	-8.7774026005536
			7.99876204727868	-8.75380743227254
			7.99876204727868	-8.73021226399148
			7.99876204727868	-8.70661709571042
			8.02235721555974	-8.68302192742937
			8.02235721555974	-8.65942675914831
			8.02235721555974	-8.63583159086725
			8.0459523838408	-8.61223642258619
			8.0459523838408	-8.58864125430513
			8.0459523838408	-8.56504608602408
			8.0459523838408	-8.54145091774302
			8.06954755212186	-8.54145091774302
			8.06954755212186	-8.51785574946196
			8.06954755212186	-8.4942605811809
			8.06954755212186	-8.47066541289984
			8.09314272040291	-8.44707024461879
			8.09314272040291	-8.42347507633773
			8.09314272040291	-8.39987990805667
			8.11673788868397	-8.37628473977561
			8.11673788868397	-8.35268957149455
			8.14033305696503	-8.3290944032135
			8.14033305696503	-8.30549923493244
			8.14033305696503	-8.28190406665138
			8.16392822524609	-8.25830889837032
			8.16392822524609	-8.23471373008926
			8.18752339352715	-8.21111856180821
			8.18752339352715	-8.18752339352715
			8.21111856180821	-8.16392822524609
			8.21111856180821	-8.14033305696503
			8.23471373008926	-8.11673788868397
			8.23471373008926	-8.09314272040291
			8.25830889837032	-8.06954755212186
			8.25830889837032	-8.0459523838408
			8.25830889837032	-8.02235721555974
			8.28190406665138	-7.99876204727868
			8.30549923493244	-7.97516687899762
			8.30549923493244	-7.95157171071657
			8.3290944032135	-7.92797654243551
			8.3290944032135	-7.90438137415445
			8.35268957149455	-7.88078620587339
			8.37628473977561	-7.85719103759233
			8.37628473977561	-7.83359586931128
			8.39987990805667	-7.81000070103022
			8.39987990805667	-7.78640553274916
			8.42347507633773	-7.7628103644681
			8.44707024461879	-7.73921519618704
			8.44707024461879	-7.71562002790599
			8.47066541289984	-7.71562002790599
			8.47066541289984	-7.69202485962493
			8.4942605811809	-7.66842969134387
			8.51785574946196	-7.64483452306281
			8.51785574946196	-7.62123935478175
			8.54145091774302	-7.5976441865007
			8.56504608602408	-7.57404901821964
			8.58864125430513	-7.55045384993858
			8.61223642258619	-7.52685868165752
			8.61223642258619	-7.50326351337646
			8.63583159086725	-7.47966834509541
			8.65942675914831	-7.45607317681435
			8.68302192742937	-7.43247800853329
			8.70661709571042	-7.40888284025223
			8.73021226399148	-7.38528767197117
			8.73021226399148	-7.36169250369012
			8.75380743227254	-7.33809733540906
			8.7774026005536	-7.314502167128
			8.80099776883466	-7.29090699884694
			8.82459293711572	-7.26731183056588
			8.84818810539677	-7.26731183056588
			8.87178327367783	-7.24371666228483
			8.89537844195889	-7.22012149400377
			8.91897361023995	-7.19652632572271
			8.94256877852101	-7.17293115744165
			8.96616394680206	-7.14933598916059
			8.98975911508312	-7.12574082087953
			9.01335428336418	-7.10214565259848
			9.03694945164524	-7.07855048431742
			9.0605446199263	-7.07855048431742
			9.08413978820735	-7.05495531603636
			9.10773495648841	-7.0313601477553
			9.13133012476947	-7.00776497947424
			9.15492529305053	-6.98416981119319
			9.17852046133159	-6.96057464291213
			9.20211562961264	-6.93697947463107
			9.2257107978937	-6.93697947463107
			9.24930596617476	-6.91338430635001
			9.27290113445582	-6.88978913806895
			9.29649630273688	-6.8661939697879
			9.32009147101793	-6.8661939697879
			9.34368663929899	-6.84259880150684
			9.36728180758005	-6.81900363322578
			9.39087697586111	-6.79540846494472
			9.41447214414217	-6.79540846494472
			9.43806731242323	-6.77181329666366
			9.46166248070428	-6.77181329666366
			9.46166248070428	-6.74821812838261
			9.48525764898534	-6.74821812838261
			9.5088528172664	-6.72462296010155
			9.53244798554746	-6.70102779182049
			9.55604315382852	-6.70102779182049
			9.57963832210957	-6.67743262353943
			9.60323349039063	-6.67743262353943
			9.62682865867169	-6.65383745525837
			9.65042382695275	-6.63024228697732
			9.6740189952338	-6.60664711869626
			9.69761416351486	-6.60664711869626
			9.72120933179592	-6.60664711869626
			9.72120933179592	-6.5830519504152
			9.74480450007698	-6.5830519504152
			9.76839966835804	-6.55945678213414
			9.7919948366391	-6.55945678213414
			9.81559000492015	-6.53586161385308
			9.83918517320121	-6.53586161385308
			9.86278034148227	-6.51226644557202
			9.88637550976333	-6.48867127729097
			9.90997067804439	-6.48867127729097
			9.93356584632544	-6.46507610900991
			9.9571610146065	-6.46507610900991
			9.98075618288756	-6.44148094072885
			10.0043513511686	-6.44148094072885
			10.0279465194497	-6.41788577244779
			10.0515416877307	-6.41788577244779
			10.0751368560118	-6.39429060416674
			10.0987320242929	-6.39429060416674
			10.1223271925739	-6.37069543588568
			10.145922360855	-6.37069543588568
			10.169517529136	-6.34710026760462
			10.1931126974171	-6.34710026760462
			10.2167078656981	-6.32350509932356
			10.2403030339792	-6.32350509932356
			10.2638982022603	-6.2999099310425
			10.2874933705413	-6.2999099310425
			10.3110885388224	-6.2999099310425
			10.3346837071034	-6.27631476276144
			10.3582788753845	-6.27631476276144
			10.3818740436655	-6.25271959448039
			10.4054692119466	-6.25271959448039
			10.4290643802277	-6.22912442619933
			10.4526595485087	-6.22912442619933
			10.4762547167898	-6.22912442619933
			10.4998498850708	-6.20552925791827
			10.5234450533519	-6.20552925791827
			10.547040221633	-6.18193408963721
			10.570635389914	-6.18193408963721
			10.5942305581951	-6.15833892135615
			10.6178257264761	-6.15833892135615
			10.6414208947572	-6.15833892135615
			10.6650160630382	-6.1347437530751
			10.6886112313193	-6.1347437530751
			10.7122063996004	-6.11114858479404
			10.7358015678814	-6.11114858479404
			10.7593967361625	-6.11114858479404
			10.7829919044435	-6.08755341651298
			10.8065870727246	-6.08755341651298
			10.8301822410056	-6.06395824823192
			10.8537774092867	-6.06395824823192
			10.8773725775678	-6.06395824823192
			10.9009677458488	-6.04036307995086
			10.9245629141299	-6.04036307995086
			10.9481580824109	-6.04036307995086
			10.971753250692	-6.01676791166981
			10.9953484189731	-6.01676791166981
			11.0189435872541	-5.99317274338875
			11.0425387555352	-5.99317274338875
			11.0661339238162	-5.99317274338875
			11.0897290920973	-5.99317274338875
			11.1133242603783	-5.96957757510769
			11.1369194286594	-5.96957757510769
			11.1605145969405	-5.94598240682663
			11.1841097652215	-5.94598240682663
			11.2077049335026	-5.94598240682663
			11.2313001017836	-5.92238723854557
			11.2548952700647	-5.92238723854557
			11.2784904383458	-5.92238723854557
			11.3020856066268	-5.92238723854557
			11.3256807749079	-5.89879207026452
			11.3492759431889	-5.89879207026452
			11.37287111147	-5.89879207026452
			11.396466279751	-5.87519690198346
			11.4200614480321	-5.87519690198346
			11.4436566163132	-5.87519690198346
			11.4672517845942	-5.8516017337024
			11.4908469528753	-5.8516017337024
			11.5144421211563	-5.8516017337024
			11.5380372894374	-5.82800656542134
			11.5616324577185	-5.82800656542134
			11.5852276259995	-5.82800656542134
			11.6088227942806	-5.82800656542134
			11.6324179625616	-5.80441139714028
			11.6560131308427	-5.80441139714028
			11.6796082991237	-5.80441139714028
			11.7032034674048	-5.78081622885923
			11.7267986356859	-5.78081622885923
			11.7503938039669	-5.78081622885923
			11.773988972248	-5.78081622885923
			11.797584140529	-5.75722106057817
			11.8211793088101	-5.75722106057817
			11.8447744770911	-5.75722106057817
			11.8683696453722	-5.75722106057817
			11.8683696453722	-5.73362589229711
			11.8919648136533	-5.73362589229711
			11.9155599819343	-5.73362589229711
			11.9391551502154	-5.73362589229711
			11.9627503184964	-5.71003072401605
			11.9863454867775	-5.71003072401605
			12.0099406550586	-5.71003072401605
			12.0335358233396	-5.71003072401605
			12.0571309916207	-5.71003072401605
			12.0807261599017	-5.71003072401605
			12.1043213281828	-5.68643555573499
			12.1279164964638	-5.68643555573499
			12.1515116647449	-5.68643555573499
			12.175106833026	-5.68643555573499
			12.198702001307	-5.68643555573499
			12.2222971695881	-5.68643555573499
			12.2458923378691	-5.68643555573499
			12.2694875061502	-5.66284038745393
			12.2930826744313	-5.66284038745393
			12.3166778427123	-5.66284038745393
			12.3402730109934	-5.66284038745393
			12.3638681792744	-5.66284038745393
			12.3874633475555	-5.66284038745393
			12.4110585158365	-5.66284038745393
			12.4346536841176	-5.66284038745393
			12.4582488523987	-5.63924521917288
			12.4818440206797	-5.63924521917288
			12.5054391889608	-5.63924521917288
			12.5290343572418	-5.63924521917288
			12.5526295255229	-5.63924521917288
			12.5762246938039	-5.63924521917288
			12.599819862085	-5.63924521917288
			12.6234150303661	-5.63924521917288
			12.6470101986471	-5.63924521917288
			12.6706053669282	-5.63924521917288
			12.6942005352092	-5.61565005089182
			12.7177957034903	-5.61565005089182
			12.7413908717714	-5.61565005089182
			12.7649860400524	-5.61565005089182
			12.7885812083335	-5.61565005089182
			12.8121763766145	-5.61565005089182
			12.8357715448956	-5.61565005089182
			12.8593667131766	-5.61565005089182
			12.8829618814577	-5.61565005089182
			12.9065570497388	-5.59205488261076
			12.9301522180198	-5.59205488261076
			12.9537473863009	-5.59205488261076
			12.9773425545819	-5.59205488261076
			13.000937722863	-5.59205488261076
			13.024532891144	-5.59205488261076
			13.0481280594251	-5.59205488261076
			13.0717232277062	-5.59205488261076
			13.0953183959872	-5.59205488261076
			13.1189135642683	-5.59205488261076
			13.1425087325493	-5.59205488261076
			13.1661039008304	-5.5684597143297
			13.1896990691115	-5.5684597143297
			13.2132942373925	-5.5684597143297
			13.2368894056736	-5.5684597143297
			13.2604845739546	-5.5684597143297
			13.2840797422357	-5.5684597143297
			13.3076749105167	-5.5684597143297
			13.3312700787978	-5.5684597143297
			13.3548652470789	-5.5684597143297
			13.3784604153599	-5.5684597143297
			13.402055583641	-5.5684597143297
			13.425650751922	-5.5684597143297
			13.4492459202031	-5.5684597143297
			13.4728410884842	-5.54486454604864
			13.4964362567652	-5.54486454604864
			13.5200314250463	-5.54486454604864
			13.5436265933273	-5.54486454604864
			13.5672217616084	-5.54486454604864
			13.5908169298894	-5.54486454604864
			13.6144120981705	-5.54486454604864
			13.6380072664516	-5.54486454604864
			13.6616024347326	-5.54486454604864
			13.6851976030137	-5.54486454604864
			13.7087927712947	-5.54486454604864
			13.7323879395758	-5.54486454604864
			13.7559831078568	-5.54486454604864
			13.7795782761379	-5.54486454604864
			13.803173444419	-5.54486454604864
			13.8267686127	-5.54486454604864
			13.8503637809811	-5.54486454604864
			13.8739589492621	-5.54486454604864
			13.8975541175432	-5.52126937776759
			13.9211492858243	-5.52126937776759
			13.9447444541053	-5.52126937776759
			13.9683396223864	-5.52126937776759
			13.9919347906674	-5.52126937776759
			14.0155299589485	-5.52126937776759
			14.0391251272295	-5.52126937776759
			14.0627202955106	-5.52126937776759
			14.0863154637917	-5.52126937776759
			14.1099106320727	-5.52126937776759
			14.1335058003538	-5.52126937776759
			14.1571009686348	-5.52126937776759
			14.1806961369159	-5.52126937776759
			14.204291305197	-5.52126937776759
			14.227886473478	-5.52126937776759
			14.2514816417591	-5.52126937776759
			14.2750768100401	-5.52126937776759
			14.2986719783212	-5.52126937776759
			14.3222671466022	-5.52126937776759
			14.3458623148833	-5.52126937776759
			14.3694574831644	-5.52126937776759
			14.3930526514454	-5.52126937776759
			14.4166478197265	-5.52126937776759
			14.4402429880075	-5.52126937776759
			14.4638381562886	-5.52126937776759
			14.4874333245697	-5.52126937776759
			14.5110284928507	-5.52126937776759
			14.5346236611318	-5.52126937776759
			14.5582188294128	-5.52126937776759
			14.5818139976939	-5.52126937776759
			14.6054091659749	-5.52126937776759
			14.629004334256	-5.52126937776759
			14.6525995025371	-5.52126937776759
			14.6761946708181	-5.52126937776759
			14.6997898390992	-5.52126937776759
			14.7233850073802	-5.52126937776759
			14.7469801756613	-5.52126937776759
			14.7705753439423	-5.52126937776759
			14.7941705122234	-5.52126937776759
			14.8177656805045	-5.52126937776759
			14.8413608487855	-5.52126937776759
			14.8649560170666	-5.52126937776759
			14.8885511853476	-5.52126937776759
			14.9121463536287	-5.52126937776759
			14.9357415219098	-5.52126937776759
			14.9593366901908	-5.52126937776759
			14.9829318584719	-5.52126937776759
			15.0065270267529	-5.52126937776759
			15.030122195034	-5.52126937776759
			15.053717363315	-5.52126937776759
			15.0773125315961	-5.52126937776759
			15.1009076998772	-5.52126937776759
			15.1245028681582	-5.52126937776759
			15.1480980364393	-5.52126937776759
			15.1716932047203	-5.52126937776759
			15.1952883730014	-5.52126937776759
			15.2188835412824	-5.52126937776759
			15.2424787095635	-5.52126937776759
			15.2660738778446	-5.52126937776759
			15.2896690461256	-5.52126937776759
			15.3132642144067	-5.52126937776759
			15.3368593826877	-5.52126937776759
			15.3604545509688	-5.52126937776759
			15.3840497192499	-5.52126937776759
			15.4076448875309	-5.52126937776759
			15.431240055812	-5.52126937776759
			15.454835224093	-5.52126937776759
			15.4784303923741	-5.52126937776759
			15.5020255606551	-5.52126937776759
			15.5256207289362	-5.52126937776759
			15.5492158972173	-5.52126937776759
			15.5728110654983	-5.52126937776759
			15.5964062337794	-5.52126937776759
			15.6200014020604	-5.52126937776759
			15.6435965703415	-5.52126937776759
			15.6671917386226	-5.52126937776759
			15.6907869069036	-5.52126937776759
			15.7143820751847	-5.52126937776759
			15.7379772434657	-5.52126937776759
			15.7615724117468	-5.52126937776759
			15.7851675800278	-5.52126937776759
			15.8087627483089	-5.52126937776759
			15.83235791659	-5.52126937776759
			15.855953084871	-5.52126937776759
			15.8795482531521	-5.52126937776759
			15.9031434214331	-5.52126937776759
			15.9267385897142	-5.52126937776759
			15.9503337579952	-5.52126937776759
			15.9739289262763	-5.52126937776759
			15.9975240945574	-5.52126937776759
			16.0211192628384	-5.54486454604864
			16.0447144311195	-5.54486454604864
			16.0683095994005	-5.54486454604864
			16.0919047676816	-5.54486454604864
			16.1154999359627	-5.54486454604864
			16.1390951042437	-5.54486454604864
			16.1626902725248	-5.54486454604864
			16.1862854408058	-5.54486454604864
			16.2098806090869	-5.54486454604864
			16.2334757773679	-5.54486454604864
			16.257070945649	-5.54486454604864
			16.2806661139301	-5.54486454604864
			16.3042612822111	-5.54486454604864
			16.3278564504922	-5.54486454604864
			16.3514516187732	-5.54486454604864
			16.3750467870543	-5.54486454604864
			16.3986419553354	-5.54486454604864
			16.4222371236164	-5.54486454604864
			16.4458322918975	-5.54486454604864
			16.4694274601785	-5.54486454604864
			16.4930226284596	-5.5684597143297
			16.5166177967406	-5.5684597143297
			16.5402129650217	-5.5684597143297
			16.5638081333028	-5.5684597143297
			16.5874033015838	-5.5684597143297
			16.6109984698649	-5.5684597143297
			16.6345936381459	-5.5684597143297
			16.658188806427	-5.5684597143297
			16.6817839747081	-5.5684597143297
			16.7053791429891	-5.5684597143297
			16.7289743112702	-5.5684597143297
			16.7525694795512	-5.5684597143297
			16.7761646478323	-5.5684597143297
			16.7997598161133	-5.5684597143297
			16.8233549843944	-5.5684597143297
			16.8469501526755	-5.59205488261076
			16.8705453209565	-5.59205488261076
			16.8941404892376	-5.59205488261076
			16.9177356575186	-5.59205488261076
			16.9413308257997	-5.59205488261076
			16.9649259940807	-5.59205488261076
			16.9885211623618	-5.59205488261076
			17.0121163306429	-5.59205488261076
			17.0357114989239	-5.59205488261076
			17.059306667205	-5.59205488261076
			17.082901835486	-5.59205488261076
			17.1064970037671	-5.59205488261076
			17.1300921720482	-5.59205488261076
			17.1536873403292	-5.61565005089182
			17.1772825086103	-5.61565005089182
			17.2008776768913	-5.61565005089182
			17.2244728451724	-5.61565005089182
			17.2480680134534	-5.61565005089182
			17.2716631817345	-5.61565005089182
			17.2952583500156	-5.61565005089182
			17.3188535182966	-5.61565005089182
			17.3424486865777	-5.61565005089182
			17.3660438548587	-5.61565005089182
			17.3896390231398	-5.61565005089182
			17.4132341914208	-5.61565005089182
			17.4368293597019	-5.63924521917288
			17.460424527983	-5.63924521917288
			17.484019696264	-5.63924521917288
			17.5076148645451	-5.63924521917288
			17.5312100328261	-5.63924521917288
			17.5548052011072	-5.63924521917288
			17.5784003693883	-5.63924521917288
			17.6019955376693	-5.63924521917288
			17.6255907059504	-5.63924521917288
			17.6491858742314	-5.63924521917288
			17.6727810425125	-5.66284038745393
			17.6963762107935	-5.66284038745393
			17.7199713790746	-5.66284038745393
			17.7435665473557	-5.66284038745393
			17.7671617156367	-5.66284038745393
			17.7907568839178	-5.66284038745393
			17.8143520521988	-5.66284038745393
			17.8379472204799	-5.66284038745393
			17.861542388761	-5.66284038745393
			17.885137557042	-5.66284038745393
			17.9087327253231	-5.68643555573499
			17.9323278936041	-5.68643555573499
			17.9559230618852	-5.68643555573499
			17.9795182301662	-5.68643555573499
			18.0031133984473	-5.68643555573499
			18.0267085667284	-5.68643555573499
			18.0503037350094	-5.68643555573499
			18.0738989032905	-5.68643555573499
			18.0974940715715	-5.68643555573499
			18.1210892398526	-5.71003072401605
			18.1446844081336	-5.71003072401605
			18.1682795764147	-5.71003072401605
			18.1918747446958	-5.71003072401605
			18.2154699129768	-5.71003072401605
			18.2390650812579	-5.71003072401605
			18.2626602495389	-5.71003072401605
			18.28625541782	-5.73362589229711
			18.3098505861011	-5.73362589229711
			18.3334457543821	-5.73362589229711
			18.3570409226632	-5.73362589229711
			18.3806360909442	-5.73362589229711
			18.4042312592253	-5.73362589229711
			18.4278264275063	-5.75722106057817
			18.4514215957874	-5.75722106057817
			18.4750167640685	-5.75722106057817
			18.4986119323495	-5.75722106057817
			18.5222071006306	-5.75722106057817
			18.5458022689116	-5.75722106057817
			18.5693974371927	-5.78081622885923
			18.5929926054738	-5.78081622885923
			18.6165877737548	-5.78081622885923
			18.6401829420359	-5.78081622885923
			18.6637781103169	-5.78081622885923
			18.687373278598	-5.78081622885923
			18.710968446879	-5.80441139714028
			18.7345636151601	-5.80441139714028
			18.7581587834412	-5.80441139714028
			18.7817539517222	-5.80441139714028
			18.8053491200033	-5.80441139714028
			18.8289442882843	-5.80441139714028
			18.8525394565654	-5.82800656542134
			18.8761346248465	-5.82800656542134
			18.8997297931275	-5.82800656542134
			18.9233249614086	-5.82800656542134
			18.9469201296896	-5.82800656542134
			18.9705152979707	-5.8516017337024
			18.9941104662517	-5.8516017337024
			19.0177056345328	-5.8516017337024
			19.0413008028139	-5.8516017337024
			19.0648959710949	-5.8516017337024
			19.088491139376	-5.8516017337024
			19.112086307657	-5.87519690198346
			19.1356814759381	-5.87519690198346
			19.1592766442191	-5.87519690198346
			19.1828718125002	-5.87519690198346
			19.2064669807813	-5.87519690198346
			19.2300621490623	-5.87519690198346
			19.2536573173434	-5.89879207026452
			19.2772524856244	-5.89879207026452
			19.3008476539055	-5.89879207026452
			19.3244428221866	-5.89879207026452
			19.3480379904676	-5.89879207026452
			19.3716331587487	-5.89879207026452
			19.3952283270297	-5.92238723854557
			19.4188234953108	-5.92238723854557
			19.4424186635918	-5.92238723854557
			19.4660138318729	-5.92238723854557
			19.489609000154	-5.92238723854557
			19.513204168435	-5.92238723854557
			19.5367993367161	-5.94598240682663
			19.5603945049971	-5.94598240682663
			19.5839896732782	-5.94598240682663
			19.6075848415592	-5.94598240682663
			19.6311800098403	-5.94598240682663
			19.6547751781214	-5.94598240682663
			19.6547751781214	-5.96957757510769
			19.6783703464024	-5.96957757510769
			19.7019655146835	-5.96957757510769
			19.7255606829645	-5.96957757510769
			19.7491558512456	-5.96957757510769
			19.7727510195267	-5.96957757510769
			19.7963461878077	-5.96957757510769
			19.8199413560888	-5.99317274338875
			19.8435365243698	-5.99317274338875
			19.8671316926509	-5.99317274338875
			19.8907268609319	-5.99317274338875
			19.914322029213	-5.99317274338875
			19.9379171974941	-5.99317274338875
			19.9615123657751	-6.01676791166981
			19.9851075340562	-6.01676791166981
			20.0087027023372	-6.01676791166981
			20.0322978706183	-6.01676791166981
			20.0558930388994	-6.01676791166981
			20.0794882071804	-6.01676791166981
			20.1030833754615	-6.04036307995086
			20.1266785437425	-6.04036307995086
			20.1502737120236	-6.04036307995086
			20.1738688803046	-6.04036307995086
			20.1974640485857	-6.04036307995086
			20.2210592168668	-6.04036307995086
			20.2446543851478	-6.06395824823192
			20.2682495534289	-6.06395824823192
			20.2918447217099	-6.06395824823192
			20.315439889991	-6.06395824823192
			20.339035058272	-6.06395824823192
			20.3626302265531	-6.06395824823192
			20.3862253948342	-6.08755341651298
			20.4098205631152	-6.08755341651298
			20.4334157313963	-6.08755341651298
			20.4570108996773	-6.08755341651298
			20.4806060679584	-6.08755341651298
			20.5042012362395	-6.08755341651298
			20.5277964045205	-6.11114858479404
			20.5513915728016	-6.11114858479404
			20.5749867410826	-6.11114858479404
			20.5985819093637	-6.11114858479404
			20.6221770776447	-6.11114858479404
			20.6457722459258	-6.11114858479404
			20.6693674142069	-6.11114858479404
			20.6929625824879	-6.1347437530751
			20.716557750769	-6.1347437530751
			20.74015291905	-6.1347437530751
			20.7637480873311	-6.1347437530751
			20.7873432556122	-6.1347437530751
			20.8109384238932	-6.1347437530751
			20.8345335921743	-6.15833892135615
			20.8581287604553	-6.15833892135615
			20.8817239287364	-6.15833892135615
			20.9053190970174	-6.15833892135615
			20.9289142652985	-6.15833892135615
			20.9525094335796	-6.15833892135615
			20.9761046018606	-6.15833892135615
			20.9996997701417	-6.18193408963721
			21.0232949384227	-6.18193408963721
			21.0468901067038	-6.18193408963721
			21.0704852749849	-6.18193408963721
			21.0940804432659	-6.18193408963721
			21.117675611547	-6.18193408963721
			21.141270779828	-6.18193408963721
			21.1648659481091	-6.20552925791827
			21.1884611163901	-6.20552925791827
			21.2120562846712	-6.20552925791827
			21.2356514529523	-6.20552925791827
			21.2592466212333	-6.20552925791827
			21.2828417895144	-6.20552925791827
			21.3064369577954	-6.22912442619933
			21.3300321260765	-6.22912442619933
			21.3536272943575	-6.22912442619933
			21.3772224626386	-6.22912442619933
			21.4008176309197	-6.22912442619933
			21.4244127992007	-6.22912442619933
			21.4480079674818	-6.22912442619933
			21.4716031357628	-6.25271959448039
			21.4951983040439	-6.25271959448039
			21.518793472325	-6.25271959448039
			21.542388640606	-6.25271959448039
			21.5659838088871	-6.25271959448039
			21.5895789771681	-6.25271959448039
			21.6131741454492	-6.25271959448039
			21.6131741454492	-6.27631476276144
			21.6367693137302	-6.27631476276144
			21.6603644820113	-6.27631476276144
			21.6839596502924	-6.27631476276144
			21.7075548185734	-6.27631476276144
			21.7311499868545	-6.27631476276144
			21.7547451551355	-6.27631476276144
			21.7783403234166	-6.27631476276144
			21.8019354916976	-6.2999099310425
			21.8255306599787	-6.2999099310425
			21.8491258282598	-6.2999099310425
			21.8727209965408	-6.2999099310425
			21.8963161648219	-6.2999099310425
			21.9199113331029	-6.2999099310425
			21.943506501384	-6.32350509932356
			21.9671016696651	-6.32350509932356
			21.9906968379461	-6.32350509932356
			22.0142920062272	-6.32350509932356
			22.0378871745082	-6.32350509932356
		</Snout_dorsal>
		<Dorsal_adipose type=matrix rownames=FALSE colnames=FALSE nrow=395 ncol=2 as.numeric=TRUE >
			22.0378871745082	-6.32350509932356
			22.0614823427893	-6.32350509932356
			22.0614823427893	-6.34710026760462
			22.0850775110703	-6.34710026760462
			22.1086726793514	-6.34710026760462
			22.1322678476325	-6.37069543588568
			22.1558630159135	-6.37069543588568
			22.1794581841946	-6.39429060416674
			22.2030533524756	-6.41788577244779
			22.2266485207567	-6.41788577244779
			22.2502436890378	-6.44148094072885
			22.2738388573188	-6.44148094072885
			22.2974340255999	-6.44148094072885
			22.3210291938809	-6.46507610900991
			22.344624362162	-6.46507610900991
			22.344624362162	-6.48867127729097
			22.368219530443	-6.48867127729097
			22.3918146987241	-6.51226644557202
			22.4154098670052	-6.51226644557202
			22.4390050352862	-6.53586161385308
			22.4626002035673	-6.53586161385308
			22.4861953718483	-6.55945678213414
			22.5097905401294	-6.55945678213414
			22.5333857084104	-6.55945678213414
			22.5569808766915	-6.5830519504152
			22.5805760449726	-6.60664711869626
			22.6041712132536	-6.60664711869626
			22.6277663815347	-6.63024228697732
			22.6513615498157	-6.63024228697732
			22.6749567180968	-6.65383745525837
			22.6985518863779	-6.67743262353943
			22.7221470546589	-6.67743262353943
			22.74574222294	-6.67743262353943
			22.769337391221	-6.70102779182049
			22.7929325595021	-6.70102779182049
			22.8165277277831	-6.72462296010155
			22.8401228960642	-6.72462296010155
			22.8637180643453	-6.74821812838261
			22.8873132326263	-6.77181329666366
			22.9109084009074	-6.77181329666366
			22.9345035691884	-6.79540846494472
			22.9580987374695	-6.79540846494472
			22.9816939057506	-6.81900363322578
			23.0052890740316	-6.81900363322578
			23.0288842423127	-6.84259880150684
			23.0524794105937	-6.84259880150684
			23.0760745788748	-6.8661939697879
			23.0996697471558	-6.8661939697879
			23.1232649154369	-6.88978913806895
			23.146860083718	-6.88978913806895
			23.170455251999	-6.91338430635001
			23.1940504202801	-6.91338430635001
			23.2176455885611	-6.93697947463107
			23.2412407568422	-6.93697947463107
			23.2648359251233	-6.96057464291213
			23.2884310934043	-6.96057464291213
			23.3120262616854	-6.98416981119319
			23.3356214299664	-7.00776497947424
			23.3592165982475	-7.00776497947424
			23.3828117665285	-7.00776497947424
			23.4064069348096	-7.0313601477553
			23.4300021030907	-7.0313601477553
			23.4300021030907	-7.05495531603636
			23.4535972713717	-7.05495531603636
			23.4771924396528	-7.07855048431742
			23.5007876079338	-7.07855048431742
			23.5243827762149	-7.10214565259848
			23.5479779444959	-7.10214565259848
			23.571573112777	-7.12574082087953
			23.5951682810581	-7.12574082087953
			23.6187634493391	-7.14933598916059
			23.6423586176202	-7.14933598916059
			23.6659537859012	-7.17293115744165
			23.6895489541823	-7.17293115744165
			23.7131441224634	-7.19652632572271
			23.7367392907444	-7.19652632572271
			23.7603344590255	-7.22012149400377
			23.7839296273065	-7.22012149400377
			23.8075247955876	-7.24371666228483
			23.8311199638686	-7.24371666228483
			23.8311199638686	-7.26731183056588
			23.8547151321497	-7.26731183056588
			23.8783103004308	-7.29090699884694
			23.9019054687118	-7.29090699884694
			23.9255006369929	-7.314502167128
			23.9490958052739	-7.33809733540906
			23.972690973555	-7.33809733540906
			23.996286141836	-7.36169250369012
			24.0198813101171	-7.36169250369012
			24.0434764783982	-7.38528767197117
			24.0670716466792	-7.38528767197117
			24.0906668149603	-7.40888284025223
			24.1142619832413	-7.40888284025223
			24.1378571515224	-7.43247800853329
			24.1614523198035	-7.43247800853329
			24.1850474880845	-7.45607317681435
			24.2086426563656	-7.45607317681435
			24.2322378246466	-7.47966834509541
			24.2558329929277	-7.50326351337646
			24.2794281612087	-7.50326351337646
			24.3030233294898	-7.52685868165752
			24.3266184977709	-7.52685868165752
			24.3502136660519	-7.55045384993858
			24.373808834333	-7.55045384993858
			24.397404002614	-7.57404901821964
			24.4209991708951	-7.57404901821964
			24.4445943391762	-7.5976441865007
			24.4681895074572	-7.62123935478175
			24.4917846757383	-7.62123935478175
			24.5153798440193	-7.62123935478175
			24.5389750123004	-7.64483452306281
			24.5625701805814	-7.64483452306281
			24.5861653488625	-7.66842969134387
			24.6097605171436	-7.69202485962493
			24.6333556854246	-7.69202485962493
			24.6569508537057	-7.71562002790599
			24.6805460219867	-7.71562002790599
			24.7041411902678	-7.73921519618704
			24.7277363585488	-7.73921519618704
			24.7513315268299	-7.7628103644681
			24.774926695111	-7.7628103644681
			24.798521863392	-7.78640553274916
			24.8221170316731	-7.78640553274916
			24.8457121999541	-7.81000070103022
			24.8693073682352	-7.81000070103022
			24.8929025365163	-7.83359586931128
			24.9164977047973	-7.83359586931128
			24.9164977047973	-7.85719103759233
			24.9400928730784	-7.85719103759233
			24.9636880413594	-7.88078620587339
			24.9872832096405	-7.88078620587339
			25.0108783779215	-7.90438137415445
			25.0344735462026	-7.92797654243551
			25.0580687144837	-7.92797654243551
			25.0816638827647	-7.95157171071657
			25.1052590510458	-7.95157171071657
			25.1288542193268	-7.97516687899762
			25.1524493876079	-7.97516687899762
			25.176044555889	-7.99876204727868
			25.19963972417	-7.99876204727868
			25.2232348924511	-8.02235721555974
			25.2468300607321	-8.02235721555974
			25.2704252290132	-8.0459523838408
			25.2940203972942	-8.0459523838408
			25.2940203972942	-8.06954755212186
			25.3176155655753	-8.06954755212186
			25.3412107338564	-8.09314272040291
			25.3648059021374	-8.09314272040291
			25.3884010704185	-8.11673788868397
			25.4119962386995	-8.14033305696503
			25.4355914069806	-8.14033305696503
			25.4591865752616	-8.16392822524609
			25.4827817435427	-8.16392822524609
			25.5063769118238	-8.18752339352715
			25.5299720801048	-8.18752339352715
			25.5535672483859	-8.21111856180821
			25.5771624166669	-8.21111856180821
			25.600757584948	-8.23471373008926
			25.6243527532291	-8.23471373008926
			25.6479479215101	-8.25830889837032
			25.6715430897912	-8.28190406665138
			25.6951382580722	-8.28190406665138
			25.7187334263533	-8.30549923493244
			25.7423285946343	-8.30549923493244
			25.7659237629154	-8.3290944032135
			25.7895189311965	-8.3290944032135
			25.8131140994775	-8.35268957149455
			25.8367092677586	-8.35268957149455
			25.8603044360396	-8.37628473977561
			25.8838996043207	-8.39987990805667
			25.9074947726018	-8.39987990805667
			25.9310899408828	-8.42347507633773
			25.9546851091639	-8.42347507633773
			25.9782802774449	-8.44707024461879
			26.001875445726	-8.44707024461879
			26.025470614007	-8.47066541289984
			26.0490657822881	-8.47066541289984
			26.0726609505692	-8.4942605811809
			26.0962561188502	-8.51785574946196
			26.1198512871313	-8.51785574946196
			26.1434464554123	-8.54145091774302
			26.1670416236934	-8.54145091774302
			26.1906367919744	-8.56504608602408
			26.2142319602555	-8.58864125430513
			26.2378271285366	-8.58864125430513
			26.2614222968176	-8.61223642258619
			26.2850174650987	-8.61223642258619
			26.3086126333797	-8.63583159086725
			26.3322078016608	-8.63583159086725
			26.3558029699419	-8.65942675914831
			26.3793981382229	-8.68302192742937
			26.402993306504	-8.68302192742937
			26.426588474785	-8.70661709571042
			26.4501836430661	-8.70661709571042
			26.4737788113471	-8.73021226399148
			26.4973739796282	-8.73021226399148
			26.5209691479093	-8.75380743227254
			26.5445643161903	-8.75380743227254
			26.5681594844714	-8.7774026005536
			26.5917546527524	-8.7774026005536
			26.6153498210335	-8.80099776883466
			26.6389449893146	-8.82459293711572
			26.6625401575956	-8.82459293711572
			26.6861353258767	-8.84818810539677
			26.7097304941577	-8.87178327367783
			26.7333256624388	-8.87178327367783
			26.7569208307198	-8.87178327367783
			26.7805159990009	-8.89537844195889
			26.804111167282	-8.89537844195889
			26.827706335563	-8.91897361023995
			26.8513015038441	-8.91897361023995
			26.8748966721251	-8.94256877852101
			26.8984918404062	-8.94256877852101
			26.9220870086872	-8.96616394680206
			26.9456821769683	-8.96616394680206
			26.9692773452494	-8.98975911508312
			26.9928725135304	-8.98975911508312
			27.0164676818115	-9.01335428336418
			27.0400628500925	-9.01335428336418
			27.0636580183736	-9.03694945164524
			27.0872531866547	-9.03694945164524
			27.1108483549357	-9.0605446199263
			27.1344435232168	-9.0605446199263
			27.1580386914978	-9.08413978820735
			27.1816338597789	-9.08413978820735
			27.2052290280599	-9.10773495648841
			27.228824196341	-9.10773495648841
			27.2524193646221	-9.13133012476947
			27.2760145329031	-9.13133012476947
			27.2996097011842	-9.15492529305053
			27.3232048694652	-9.15492529305053
			27.3468000377463	-9.17852046133159
			27.3703952060274	-9.17852046133159
			27.3939903743084	-9.17852046133159
			27.4175855425895	-9.20211562961264
			27.4411807108705	-9.20211562961264
			27.4647758791516	-9.2257107978937
			27.4883710474326	-9.2257107978937
			27.5119662157137	-9.2257107978937
			27.5119662157137	-9.24930596617476
			27.5355613839948	-9.24930596617476
			27.5591565522758	-9.24930596617476
			27.5827517205569	-9.27290113445582
			27.6063468888379	-9.27290113445582
			27.629942057119	-9.27290113445582
			27.6535372254	-9.29649630273688
			27.6771323936811	-9.29649630273688
			27.7007275619622	-9.32009147101793
			27.7243227302432	-9.32009147101793
			27.7479178985243	-9.34368663929899
			27.7715130668053	-9.34368663929899
			27.7951082350864	-9.34368663929899
			27.8187034033675	-9.36728180758005
			27.8422985716485	-9.36728180758005
			27.8658937399296	-9.39087697586111
			27.8894889082106	-9.39087697586111
			27.9130840764917	-9.39087697586111
			27.9366792447727	-9.41447214414217
			27.9602744130538	-9.41447214414217
			27.9838695813349	-9.43806731242323
			28.0074647496159	-9.43806731242323
			28.031059917897	-9.43806731242323
			28.054655086178	-9.46166248070428
			28.0782502544591	-9.46166248070428
			28.1018454227402	-9.46166248070428
			28.1254405910212	-9.48525764898534
			28.1490357593023	-9.48525764898534
			28.1726309275833	-9.5088528172664
			28.1962260958644	-9.5088528172664
			28.2198212641454	-9.5088528172664
			28.2434164324265	-9.53244798554746
			28.2670116007076	-9.53244798554746
			28.2906067689886	-9.53244798554746
			28.3142019372697	-9.55604315382852
			28.3377971055507	-9.55604315382852
			28.3613922738318	-9.57963832210957
			28.3849874421128	-9.57963832210957
			28.4085826103939	-9.57963832210957
			28.432177778675	-9.57963832210957
			28.432177778675	-9.60323349039063
			28.455772946956	-9.60323349039063
			28.4793681152371	-9.60323349039063
			28.5029632835181	-9.60323349039063
			28.5265584517992	-9.62682865867169
			28.5501536200803	-9.62682865867169
			28.5737487883613	-9.65042382695275
			28.5973439566424	-9.65042382695275
			28.6209391249234	-9.65042382695275
			28.6445342932045	-9.6740189952338
			28.6681294614855	-9.6740189952338
			28.6917246297666	-9.6740189952338
			28.7153197980477	-9.69761416351486
			28.7389149663287	-9.69761416351486
			28.7625101346098	-9.69761416351486
			28.7861053028908	-9.72120933179592
			28.8097004711719	-9.72120933179592
			28.833295639453	-9.72120933179592
			28.856890807734	-9.74480450007698
			28.8804859760151	-9.74480450007698
			28.9040811442961	-9.74480450007698
			28.9276763125772	-9.76839966835804
			28.9512714808582	-9.76839966835804
			28.9748666491393	-9.76839966835804
			28.9984618174204	-9.7919948366391
			29.0220569857014	-9.7919948366391
			29.0456521539825	-9.7919948366391
			29.0692473222635	-9.81559000492015
			29.0928424905446	-9.81559000492015
			29.1164376588256	-9.81559000492015
			29.1400328271067	-9.83918517320121
			29.1636279953878	-9.83918517320121
			29.1872231636688	-9.83918517320121
			29.2108183319499	-9.86278034148227
			29.2344135002309	-9.86278034148227
			29.258008668512	-9.86278034148227
			29.2816038367931	-9.88637550976333
			29.3051990050741	-9.88637550976333
			29.3287941733552	-9.88637550976333
			29.3523893416362	-9.90997067804439
			29.3759845099173	-9.90997067804439
			29.3995796781983	-9.90997067804439
			29.4231748464794	-9.93356584632544
			29.4467700147605	-9.93356584632544
			29.4703651830415	-9.93356584632544
			29.4939603513226	-9.93356584632544
			29.5175555196036	-9.9571610146065
			29.5411506878847	-9.9571610146065
			29.5647458561658	-9.9571610146065
			29.5883410244468	-9.98075618288756
			29.6119361927279	-9.98075618288756
			29.6355313610089	-9.98075618288756
			29.65912652929	-10.0043513511686
			29.682721697571	-10.0043513511686
			29.7063168658521	-10.0043513511686
			29.7299120341332	-10.0043513511686
			29.7535072024142	-10.0279465194497
			29.7771023706953	-10.0279465194497
			29.8006975389763	-10.0279465194497
			29.8242927072574	-10.0515416877307
			29.8478878755384	-10.0515416877307
			29.8714830438195	-10.0515416877307
			29.8950782121006	-10.0751368560118
			29.9186733803816	-10.0751368560118
			29.9422685486627	-10.0751368560118
			29.9658637169437	-10.0751368560118
			29.9894588852248	-10.0987320242929
			30.0130540535059	-10.0987320242929
			30.0366492217869	-10.0987320242929
			30.060244390068	-10.1223271925739
			30.083839558349	-10.1223271925739
			30.1074347266301	-10.1223271925739
			30.1310298949111	-10.145922360855
			30.1546250631922	-10.145922360855
			30.1782202314733	-10.145922360855
			30.2018153997543	-10.169517529136
			30.2254105680354	-10.169517529136
			30.2490057363164	-10.169517529136
			30.2726009045975	-10.169517529136
			30.2961960728786	-10.1931126974171
			30.3197912411596	-10.1931126974171
			30.3433864094407	-10.1931126974171
			30.3669815777217	-10.2167078656981
			30.3905767460028	-10.2167078656981
			30.4141719142838	-10.2167078656981
			30.4377670825649	-10.2167078656981
			30.4377670825649	-10.2403030339792
			30.461362250846	-10.2403030339792
			30.484957419127	-10.2403030339792
			30.5085525874081	-10.2403030339792
			30.5321477556891	-10.2638982022603
			30.5557429239702	-10.2638982022603
			30.5793380922512	-10.2638982022603
			30.6029332605323	-10.2638982022603
			30.6029332605323	-10.2874933705413
			30.6265284288134	-10.2874933705413
			30.6501235970944	-10.2874933705413
			30.6737187653755	-10.2874933705413
			30.6973139336565	-10.2874933705413
			30.6973139336565	-10.3110885388224
			30.7209091019376	-10.3110885388224
			30.7445042702187	-10.3110885388224
			30.7680994384997	-10.3110885388224
			30.7916946067808	-10.3346837071034
			30.8152897750618	-10.3346837071034
			30.8388849433429	-10.3346837071034
			30.8624801116239	-10.3582788753845
			30.886075279905	-10.3582788753845
			30.9096704481861	-10.3582788753845
			30.9332656164671	-10.3582788753845
			30.9568607847482	-10.3818740436655
			30.9804559530292	-10.3818740436655
			31.0040511213103	-10.3818740436655
			31.0276462895914	-10.3818740436655
			31.0512414578724	-10.4054692119466
			31.0748366261535	-10.4054692119466
		</Dorsal_adipose>
		<Adipose_caudal type=matrix rownames=FALSE colnames=FALSE nrow=236 ncol=2 as.numeric=TRUE >
			31.0748366261535	-10.4054692119466
			31.0984317944345	-10.4054692119466
			31.1220269627156	-10.4290643802277
			31.1456221309966	-10.4290643802277
			31.1692172992777	-10.4290643802277
			31.1928124675588	-10.4526595485087
			31.2164076358398	-10.4526595485087
			31.2400028041209	-10.4762547167898
			31.2635979724019	-10.4762547167898
			31.287193140683	-10.4762547167898
			31.310788308964	-10.4998498850708
			31.3343834772451	-10.4998498850708
			31.3579786455262	-10.4998498850708
			31.3815738138072	-10.5234450533519
			31.4051689820883	-10.5234450533519
			31.4287641503693	-10.547040221633
			31.4523593186504	-10.547040221633
			31.4759544869315	-10.570635389914
			31.4995496552125	-10.570635389914
			31.5231448234936	-10.5942305581951
			31.5467399917746	-10.5942305581951
			31.5467399917746	-10.6178257264761
			31.5703351600557	-10.6178257264761
			31.5939303283367	-10.6178257264761
			31.6175254966178	-10.6414208947572
			31.6411206648989	-10.6650160630382
			31.6647158331799	-10.6886112313193
			31.688311001461	-10.6886112313193
			31.711906169742	-10.7122063996004
			31.7355013380231	-10.7358015678814
			31.7590965063042	-10.7593967361625
			31.7826916745852	-10.7829919044435
			31.8062868428663	-10.8065870727246
			31.8298820111473	-10.8301822410056
			31.8298820111473	-10.8537774092867
			31.8534771794284	-10.8773725775678
			31.8534771794284	-10.9009677458488
			31.8770723477094	-10.9245629141299
			31.9006675159905	-10.9245629141299
			31.9242626842716	-10.9245629141299
			31.9478578525526	-10.9481580824109
			31.9714530208337	-10.9481580824109
			31.9950481891147	-10.971753250692
			32.0186433573958	-10.971753250692
			32.0422385256769	-10.971753250692
			32.0658336939579	-10.9953484189731
			32.089428862239	-10.9953484189731
			32.11302403052	-10.9953484189731
			32.11302403052	-11.0189435872541
			32.1366191988011	-11.0189435872541
			32.1602143670821	-11.0189435872541
			32.1838095353632	-11.0425387555352
			32.2074047036443	-11.0425387555352
			32.2309998719253	-11.0661339238162
			32.2545950402064	-11.0661339238162
			32.2781902084874	-11.0661339238162
			32.2781902084874	-11.0897290920973
			32.3017853767685	-11.0897290920973
			32.3253805450495	-11.0897290920973
			32.3489757133306	-11.1133242603783
			32.3725708816117	-11.1133242603783
			32.3961660498927	-11.1133242603783
			32.4197612181738	-11.1369194286594
			32.4433563864548	-11.1369194286594
			32.4669515547359	-11.1605145969405
			32.4905467230169	-11.1605145969405
			32.514141891298	-11.1841097652215
			32.5377370595791	-11.1841097652215
			32.5613322278601	-11.1841097652215
			32.5849273961412	-11.2077049335026
			32.6085225644222	-11.2077049335026
			32.6321177327033	-11.2313001017836
			32.6557129009844	-11.2313001017836
			32.6793080692654	-11.2313001017836
			32.7029032375465	-11.2548952700647
			32.7264984058275	-11.2548952700647
			32.7500935741086	-11.2784904383458
			32.7736887423896	-11.2784904383458
			32.7972839106707	-11.2784904383458
			32.8208790789518	-11.3020856066268
			32.8444742472328	-11.3020856066268
			32.8680694155139	-11.3256807749079
			32.8916645837949	-11.3256807749079
			32.915259752076	-11.3256807749079
			32.9388549203571	-11.3492759431889
			32.9624500886381	-11.3492759431889
			32.9860452569192	-11.3492759431889
			32.9860452569192	-11.37287111147
			33.0096404252002	-11.37287111147
			33.0332355934813	-11.37287111147
			33.0568307617623	-11.396466279751
			33.0804259300434	-11.396466279751
			33.1040210983245	-11.4200614480321
			33.1276162666055	-11.4200614480321
			33.1512114348866	-11.4200614480321
			33.1748066031676	-11.4436566163132
			33.1984017714487	-11.4436566163132
			33.2219969397297	-11.4672517845942
			33.2455921080108	-11.4672517845942
			33.2691872762919	-11.4672517845942
			33.2927824445729	-11.4908469528753
			33.316377612854	-11.4908469528753
			33.339972781135	-11.4908469528753
			33.339972781135	-11.5144421211563
			33.3635679494161	-11.5144421211563
			33.3871631176972	-11.5144421211563
			33.4107582859782	-11.5380372894374
			33.4343534542593	-11.5380372894374
			33.4579486225403	-11.5380372894374
			33.4815437908214	-11.5616324577185
			33.5051389591024	-11.5616324577185
			33.5287341273835	-11.5616324577185
			33.5523292956646	-11.5852276259995
			33.5759244639456	-11.5852276259995
			33.5995196322267	-11.6088227942806
			33.6231148005077	-11.6088227942806
			33.6467099687888	-11.6088227942806
			33.6703051370699	-11.6324179625616
			33.6939003053509	-11.6324179625616
			33.717495473632	-11.6560131308427
			33.741090641913	-11.6560131308427
			33.7646858101941	-11.6560131308427
			33.7882809784751	-11.6796082991237
			33.8118761467562	-11.6796082991237
			33.8354713150373	-11.6796082991237
			33.8590664833183	-11.7032034674048
			33.8826616515994	-11.7032034674048
			33.9062568198804	-11.7032034674048
			33.9298519881615	-11.7267986356859
			33.9534471564426	-11.7267986356859
			33.9770423247236	-11.7267986356859
			34.0006374930047	-11.7503938039669
			34.0242326612857	-11.7503938039669
			34.0478278295668	-11.773988972248
			34.0714229978478	-11.773988972248
			34.0950181661289	-11.797584140529
			34.11861333441	-11.797584140529
			34.142208502691	-11.797584140529
			34.1658036709721	-11.797584140529
			34.1658036709721	-11.8211793088101
			34.1893988392531	-11.8211793088101
			34.2129940075342	-11.8211793088101
			34.2365891758152	-11.8211793088101
			34.2601843440963	-11.8447744770911
			34.2837795123774	-11.8447744770911
			34.3073746806584	-11.8683696453722
			34.3309698489395	-11.8683696453722
			34.3545650172205	-11.8683696453722
			34.3781601855016	-11.8919648136533
			34.4017553537827	-11.8919648136533
			34.4253505220637	-11.8919648136533
			34.4489456903448	-11.9155599819343
			34.4725408586258	-11.9155599819343
			34.4961360269069	-11.9155599819343
			34.5197311951879	-11.9391551502154
			34.543326363469	-11.9391551502154
			34.5669215317501	-11.9391551502154
			34.5905167000311	-11.9627503184964
			34.6141118683122	-11.9627503184964
			34.6377070365932	-11.9627503184964
			34.6613022048743	-11.9627503184964
			34.6613022048743	-11.9863454867775
			34.6848973731554	-11.9863454867775
			34.7084925414364	-11.9863454867775
			34.7320877097175	-12.0099406550586
			34.7556828779985	-12.0099406550586
			34.7792780462796	-12.0099406550586
			34.8028732145606	-12.0099406550586
			34.8264683828417	-12.0335358233396
			34.8500635511228	-12.0335358233396
			34.8736587194038	-12.0335358233396
			34.8972538876849	-12.0571309916207
			34.9208490559659	-12.0571309916207
			34.944444224247	-12.0571309916207
			34.968039392528	-12.0807261599017
			34.9916345608091	-12.0807261599017
			35.0152297290902	-12.0807261599017
			35.0388248973712	-12.0807261599017
			35.0624200656523	-12.0807261599017
			35.0860152339333	-12.0807261599017
			35.1096104022144	-12.0807261599017
			35.1332055704955	-12.0807261599017
			35.1568007387765	-12.0807261599017
			35.1803959070576	-12.0807261599017
			35.2039910753386	-12.0807261599017
			35.2275862436197	-12.0807261599017
			35.2511814119007	-12.0807261599017
			35.2747765801818	-12.0807261599017
			35.2983717484629	-12.0807261599017
			35.3219669167439	-12.0807261599017
			35.345562085025	-12.0807261599017
			35.369157253306	-12.0807261599017
			35.3927524215871	-12.0807261599017
			35.4163475898682	-12.1043213281828
			35.4399427581492	-12.1043213281828
			35.4635379264303	-12.1043213281828
			35.4871330947113	-12.1043213281828
			35.5107282629924	-12.1043213281828
			35.5343234312734	-12.1043213281828
			35.5579185995545	-12.1043213281828
			35.5815137678356	-12.1043213281828
			35.6051089361166	-12.1043213281828
			35.6287041043977	-12.1043213281828
			35.6522992726787	-12.1043213281828
			35.6758944409598	-12.1043213281828
			35.6994896092408	-12.1043213281828
			35.7230847775219	-12.1043213281828
			35.746679945803	-12.1043213281828
			35.770275114084	-12.1279164964638
			35.7938702823651	-12.1279164964638
			35.8174654506461	-12.1279164964638
			35.8410606189272	-12.1279164964638
			35.8646557872083	-12.1279164964638
			35.8882509554893	-12.1279164964638
			35.9118461237704	-12.1279164964638
			35.9354412920514	-12.1279164964638
			35.9590364603325	-12.1279164964638
			35.9826316286135	-12.1515116647449
			36.0062267968946	-12.1515116647449
			36.0298219651757	-12.1515116647449
			36.0534171334567	-12.1515116647449
			36.0770123017378	-12.1515116647449
			36.1006074700188	-12.1515116647449
			36.1242026382999	-12.175106833026
			36.147797806581	-12.175106833026
			36.171392974862	-12.175106833026
			36.1949881431431	-12.175106833026
			36.2185833114241	-12.198702001307
			36.2421784797052	-12.198702001307
			36.2657736479862	-12.198702001307
			36.2893688162673	-12.2222971695881
			36.3129639845484	-12.2222971695881
			36.3365591528294	-12.2458923378691
			36.3365591528294	-12.2694875061502
			36.3601543211105	-12.2694875061502
			36.3601543211105	-12.2930826744313
		</Adipose_caudal>
		<Caudal_anal type=matrix rownames=FALSE colnames=FALSE nrow=385 ncol=2 as.numeric=TRUE >
			35.2747765801818	-15.6907869069036
			35.2511814119007	-15.6907869069036
			35.2275862436197	-15.6907869069036
			35.2039910753386	-15.6907869069036
			35.1803959070576	-15.6907869069036
			35.1568007387765	-15.6907869069036
			35.1332055704955	-15.6907869069036
			35.1096104022144	-15.6907869069036
			35.0860152339333	-15.6907869069036
			35.0624200656523	-15.6907869069036
			35.0388248973712	-15.6907869069036
			35.0152297290902	-15.6907869069036
			34.9916345608091	-15.6907869069036
			34.968039392528	-15.6907869069036
			34.944444224247	-15.6907869069036
			34.9208490559659	-15.6907869069036
			34.8972538876849	-15.6907869069036
			34.8736587194038	-15.6907869069036
			34.8500635511228	-15.6907869069036
			34.8264683828417	-15.6907869069036
			34.8028732145606	-15.6907869069036
			34.7792780462796	-15.6907869069036
			34.7556828779985	-15.6907869069036
			34.7320877097175	-15.6671917386226
			34.7084925414364	-15.6671917386226
			34.6848973731554	-15.6671917386226
			34.6613022048743	-15.6671917386226
			34.6377070365932	-15.6671917386226
			34.6141118683122	-15.6671917386226
			34.5905167000311	-15.6671917386226
			34.5669215317501	-15.6671917386226
			34.5669215317501	-15.6435965703415
			34.543326363469	-15.6435965703415
			34.5197311951879	-15.6435965703415
			34.4961360269069	-15.6435965703415
			34.4725408586258	-15.6435965703415
			34.4489456903448	-15.6435965703415
			34.4253505220637	-15.6200014020604
			34.4017553537827	-15.6200014020604
			34.3781601855016	-15.6200014020604
			34.3545650172205	-15.6200014020604
			34.3309698489395	-15.6200014020604
			34.3073746806584	-15.5964062337794
			34.2837795123774	-15.5964062337794
			34.2601843440963	-15.5964062337794
			34.2365891758152	-15.5964062337794
			34.2129940075342	-15.5728110654983
			34.1893988392531	-15.5728110654983
			34.1658036709721	-15.5728110654983
			34.142208502691	-15.5728110654983
			34.11861333441	-15.5492158972173
			34.0950181661289	-15.5492158972173
			34.0714229978478	-15.5492158972173
			34.0478278295668	-15.5256207289362
			34.0242326612857	-15.5256207289362
			34.0006374930047	-15.5256207289362
			33.9770423247236	-15.5256207289362
			33.9534471564426	-15.5020255606551
			33.9298519881615	-15.5020255606551
			33.9062568198804	-15.5020255606551
			33.8826616515994	-15.4784303923741
			33.8590664833183	-15.4784303923741
			33.8354713150373	-15.4784303923741
			33.8118761467562	-15.454835224093
			33.7882809784751	-15.454835224093
			33.7646858101941	-15.431240055812
			33.741090641913	-15.431240055812
			33.717495473632	-15.431240055812
			33.6939003053509	-15.4076448875309
			33.6703051370699	-15.4076448875309
			33.6467099687888	-15.4076448875309
			33.6467099687888	-15.3840497192499
			33.6231148005077	-15.3840497192499
			33.5995196322267	-15.3604545509688
			33.5759244639456	-15.3604545509688
			33.5759244639456	-15.3368593826877
			33.5523292956646	-15.3132642144067
			33.5287341273835	-15.3132642144067
			33.5051389591024	-15.2896690461256
			33.4815437908214	-15.2660738778446
			33.4579486225403	-15.2660738778446
			33.4343534542593	-15.2424787095635
			33.4107582859782	-15.2188835412824
			33.3871631176972	-15.2188835412824
			33.3635679494161	-15.1952883730014
			33.339972781135	-15.1716932047203
			33.316377612854	-15.1716932047203
			33.2927824445729	-15.1480980364393
			33.2691872762919	-15.1245028681582
			33.2455921080108	-15.1245028681582
			33.2219969397297	-15.1245028681582
			33.2219969397297	-15.1009076998772
			33.1984017714487	-15.1009076998772
			33.1748066031676	-15.1009076998772
			33.1512114348866	-15.0773125315961
			33.1276162666055	-15.0773125315961
			33.1040210983245	-15.053717363315
			33.0804259300434	-15.053717363315
			33.0568307617623	-15.030122195034
			33.0332355934813	-15.030122195034
			33.0096404252002	-15.0065270267529
			32.9860452569192	-15.0065270267529
			32.9624500886381	-15.0065270267529
			32.9388549203571	-14.9829318584719
			32.915259752076	-14.9829318584719
			32.8916645837949	-14.9593366901908
			32.8680694155139	-14.9593366901908
			32.8444742472328	-14.9593366901908
			32.8208790789518	-14.9357415219098
			32.7972839106707	-14.9357415219098
			32.7736887423896	-14.9357415219098
			32.7500935741086	-14.9121463536287
			32.7264984058275	-14.9121463536287
			32.7029032375465	-14.9121463536287
			32.6793080692654	-14.8885511853476
			32.6557129009844	-14.8885511853476
			32.6321177327033	-14.8649560170666
			32.6085225644222	-14.8649560170666
			32.5849273961412	-14.8649560170666
			32.5613322278601	-14.8413608487855
			32.5377370595791	-14.8413608487855
			32.514141891298	-14.8413608487855
			32.4905467230169	-14.8413608487855
			32.4669515547359	-14.8177656805045
			32.4433563864548	-14.8177656805045
			32.4197612181738	-14.8177656805045
			32.3961660498927	-14.8177656805045
			32.3961660498927	-14.7941705122234
			32.3725708816117	-14.7941705122234
			32.3489757133306	-14.7941705122234
			32.3253805450495	-14.7941705122234
			32.3017853767685	-14.7705753439423
			32.2781902084874	-14.7705753439423
			32.2545950402064	-14.7705753439423
			32.2309998719253	-14.7705753439423
			32.2074047036443	-14.7705753439423
			32.1838095353632	-14.7469801756613
			32.1602143670821	-14.7469801756613
			32.1366191988011	-14.7469801756613
			32.11302403052	-14.7469801756613
			32.089428862239	-14.7233850073802
			32.0658336939579	-14.7233850073802
			32.0422385256769	-14.7233850073802
			32.0186433573958	-14.7233850073802
			31.9950481891147	-14.7233850073802
			31.9714530208337	-14.6997898390992
			31.9478578525526	-14.6997898390992
			31.9242626842716	-14.6997898390992
			31.9006675159905	-14.6997898390992
			31.8770723477094	-14.6997898390992
			31.8534771794284	-14.6761946708181
			31.8298820111473	-14.6761946708181
			31.8062868428663	-14.6761946708181
			31.7826916745852	-14.6761946708181
			31.7590965063042	-14.6761946708181
			31.7355013380231	-14.6761946708181
			31.711906169742	-14.6525995025371
			31.688311001461	-14.6525995025371
			31.6647158331799	-14.6525995025371
			31.6411206648989	-14.6525995025371
			31.6175254966178	-14.6525995025371
			31.5939303283367	-14.6525995025371
			31.5703351600557	-14.629004334256
			31.5467399917746	-14.629004334256
			31.5231448234936	-14.629004334256
			31.4995496552125	-14.629004334256
			31.4759544869315	-14.629004334256
			31.4523593186504	-14.629004334256
			31.4287641503693	-14.629004334256
			31.4051689820883	-14.6054091659749
			31.3815738138072	-14.6054091659749
			31.3579786455262	-14.6054091659749
			31.3343834772451	-14.6054091659749
			31.310788308964	-14.6054091659749
			31.287193140683	-14.6054091659749
			31.2635979724019	-14.6054091659749
			31.2400028041209	-14.6054091659749
			31.2164076358398	-14.6054091659749
			31.1928124675588	-14.5818139976939
			31.1692172992777	-14.5818139976939
			31.1456221309966	-14.5818139976939
			31.1220269627156	-14.5818139976939
			31.0984317944345	-14.5818139976939
			31.0748366261535	-14.5818139976939
			31.0512414578724	-14.5818139976939
			31.0276462895914	-14.5818139976939
			31.0040511213103	-14.5818139976939
			30.9804559530292	-14.5818139976939
			30.9568607847482	-14.5818139976939
			30.9332656164671	-14.5818139976939
			30.9096704481861	-14.5818139976939
			30.886075279905	-14.5818139976939
			30.8624801116239	-14.5818139976939
			30.8388849433429	-14.5818139976939
			30.8152897750618	-14.5818139976939
			30.7916946067808	-14.5818139976939
			30.7680994384997	-14.5818139976939
			30.7445042702187	-14.5818139976939
			30.7209091019376	-14.5818139976939
			30.6973139336565	-14.5818139976939
			30.6737187653755	-14.5818139976939
			30.6501235970944	-14.5818139976939
			30.6265284288134	-14.5818139976939
			30.6029332605323	-14.5818139976939
			30.5793380922512	-14.5818139976939
			30.5557429239702	-14.5818139976939
			30.5321477556891	-14.5818139976939
			30.5085525874081	-14.5818139976939
			30.484957419127	-14.5582188294128
			30.461362250846	-14.5582188294128
			30.4377670825649	-14.5582188294128
			30.4141719142838	-14.5582188294128
			30.3905767460028	-14.5582188294128
			30.3669815777217	-14.5582188294128
			30.3433864094407	-14.5582188294128
			30.3197912411596	-14.5582188294128
			30.2961960728786	-14.5582188294128
			30.2726009045975	-14.5582188294128
			30.2490057363164	-14.5582188294128
			30.2254105680354	-14.5582188294128
			30.2018153997543	-14.5582188294128
			30.1782202314733	-14.5582188294128
			30.1546250631922	-14.5582188294128
			30.1310298949111	-14.5582188294128
			30.1074347266301	-14.5582188294128
			30.083839558349	-14.5582188294128
			30.060244390068	-14.5346236611318
			30.0366492217869	-14.5346236611318
			30.0130540535059	-14.5346236611318
			29.9894588852248	-14.5346236611318
			29.9658637169437	-14.5346236611318
			29.9422685486627	-14.5346236611318
			29.9186733803816	-14.5346236611318
			29.8950782121006	-14.5346236611318
			29.8714830438195	-14.5346236611318
			29.8478878755384	-14.5346236611318
			29.8242927072574	-14.5346236611318
			29.8006975389763	-14.5346236611318
			29.7771023706953	-14.5110284928507
			29.7535072024142	-14.5110284928507
			29.7299120341332	-14.5110284928507
			29.7063168658521	-14.5110284928507
			29.682721697571	-14.5110284928507
			29.65912652929	-14.5110284928507
			29.6355313610089	-14.5110284928507
			29.6119361927279	-14.5110284928507
			29.5883410244468	-14.5110284928507
			29.5647458561658	-14.5110284928507
			29.5411506878847	-14.4874333245697
			29.5175555196036	-14.4874333245697
			29.4939603513226	-14.4874333245697
			29.4703651830415	-14.4874333245697
			29.4467700147605	-14.4874333245697
			29.4231748464794	-14.4874333245697
			29.3995796781983	-14.4874333245697
			29.3759845099173	-14.4874333245697
			29.3523893416362	-14.4638381562886
			29.3287941733552	-14.4638381562886
			29.3051990050741	-14.4638381562886
			29.2816038367931	-14.4638381562886
			29.258008668512	-14.4638381562886
			29.2344135002309	-14.4638381562886
			29.2108183319499	-14.4638381562886
			29.1872231636688	-14.4638381562886
			29.1636279953878	-14.4402429880075
			29.1400328271067	-14.4402429880075
			29.1164376588256	-14.4402429880075
			29.0928424905446	-14.4402429880075
			29.0692473222635	-14.4402429880075
			29.0456521539825	-14.4402429880075
			29.0220569857014	-14.4402429880075
			28.9984618174204	-14.4166478197265
			28.9748666491393	-14.4166478197265
			28.9512714808582	-14.4166478197265
			28.9276763125772	-14.4166478197265
			28.9040811442961	-14.4166478197265
			28.8804859760151	-14.3930526514454
			28.856890807734	-14.3930526514454
			28.833295639453	-14.3930526514454
			28.8097004711719	-14.3930526514454
			28.7861053028908	-14.3930526514454
			28.7625101346098	-14.3930526514454
			28.7389149663287	-14.3930526514454
			28.7153197980477	-14.3694574831644
			28.6917246297666	-14.3694574831644
			28.6681294614855	-14.3694574831644
			28.6445342932045	-14.3694574831644
			28.6209391249234	-14.3694574831644
			28.5973439566424	-14.3694574831644
			28.5737487883613	-14.3458623148833
			28.5501536200803	-14.3458623148833
			28.5265584517992	-14.3458623148833
			28.5029632835181	-14.3458623148833
			28.4793681152371	-14.3458623148833
			28.455772946956	-14.3458623148833
			28.432177778675	-14.3458623148833
			28.4085826103939	-14.3222671466022
			28.3849874421128	-14.3222671466022
			28.3613922738318	-14.3222671466022
			28.3377971055507	-14.3222671466022
			28.3142019372697	-14.3222671466022
			28.2906067689886	-14.3222671466022
			28.2670116007076	-14.3222671466022
			28.2434164324265	-14.3222671466022
			28.2198212641454	-14.2986719783212
			28.1962260958644	-14.2986719783212
			28.1726309275833	-14.2986719783212
			28.1490357593023	-14.2986719783212
			28.1254405910212	-14.2986719783212
			28.1018454227402	-14.2986719783212
			28.0782502544591	-14.2986719783212
			28.054655086178	-14.2986719783212
			28.031059917897	-14.2750768100401
			28.0074647496159	-14.2750768100401
			27.9838695813349	-14.2750768100401
			27.9602744130538	-14.2750768100401
			27.9366792447727	-14.2750768100401
			27.9130840764917	-14.2750768100401
			27.8894889082106	-14.2750768100401
			27.8658937399296	-14.2750768100401
			27.8422985716485	-14.2750768100401
			27.8187034033675	-14.2750768100401
			27.7951082350864	-14.2514816417591
			27.7715130668053	-14.2514816417591
			27.7479178985243	-14.2514816417591
			27.7243227302432	-14.2514816417591
			27.7007275619622	-14.2514816417591
			27.6771323936811	-14.2514816417591
			27.6535372254	-14.2514816417591
			27.629942057119	-14.2514816417591
			27.6063468888379	-14.2514816417591
			27.5827517205569	-14.2514816417591
			27.5591565522758	-14.2514816417591
			27.5355613839948	-14.227886473478
			27.5119662157137	-14.227886473478
			27.4883710474326	-14.227886473478
			27.4647758791516	-14.227886473478
			27.4411807108705	-14.227886473478
			27.4175855425895	-14.227886473478
			27.3939903743084	-14.227886473478
			27.3703952060274	-14.227886473478
			27.3468000377463	-14.227886473478
			27.3232048694652	-14.227886473478
			27.2996097011842	-14.227886473478
			27.2760145329031	-14.227886473478
			27.2524193646221	-14.227886473478
			27.228824196341	-14.227886473478
			27.2052290280599	-14.227886473478
			27.1816338597789	-14.227886473478
			27.1580386914978	-14.227886473478
			27.1344435232168	-14.227886473478
			27.1108483549357	-14.227886473478
			27.0872531866547	-14.204291305197
			27.0636580183736	-14.204291305197
			27.0400628500925	-14.204291305197
			27.0164676818115	-14.204291305197
			26.9928725135304	-14.204291305197
			26.9692773452494	-14.204291305197
			26.9456821769683	-14.204291305197
			26.9220870086872	-14.204291305197
			26.8984918404062	-14.204291305197
			26.8748966721251	-14.204291305197
			26.8513015038441	-14.204291305197
			26.827706335563	-14.204291305197
			26.804111167282	-14.204291305197
			26.7805159990009	-14.204291305197
			26.7569208307198	-14.204291305197
			26.7333256624388	-14.204291305197
			26.7097304941577	-14.204291305197
			26.6861353258767	-14.204291305197
			26.6625401575956	-14.204291305197
			26.6389449893146	-14.204291305197
			26.6153498210335	-14.204291305197
			26.5917546527524	-14.204291305197
			26.5681594844714	-14.204291305197
			26.5445643161903	-14.227886473478
			26.5209691479093	-14.227886473478
			26.4973739796282	-14.227886473478
			26.4737788113471	-14.227886473478
			26.4501836430661	-14.227886473478
			26.426588474785	-14.227886473478
			26.402993306504	-14.227886473478
			26.3793981382229	-14.227886473478
			26.3558029699419	-14.227886473478
			26.3322078016608	-14.227886473478
		</Caudal_anal>
	</curves.scaled>
	<ruler.points type=matrix rownames=TRUE colnames=FALSE nrow=3 ncol=2 as.numeric=TRUE >
		Ruler point 1	2622	495
		Ruler point 2	2830	455
		Ruler point 3	3038	414
	</ruler.points>
</shapes>

