<shapes type=list>
	<ruler.pixel type=vector names=FALSE length=1 as.numeric=TRUE >120.872866854819</ruler.pixel>
	<ruler.interval type=vector names=FALSE length=1 as.numeric=TRUE >5</ruler.interval>
	<scaling.units type=vector names=FALSE length=1 as.numeric=FALSE >mm</scaling.units>
	<scaling type=vector names=FALSE length=1 as.numeric=TRUE >0.041365776539457</scaling>
	<landmarks.pixel type=matrix rownames=TRUE colnames=FALSE nrow=11 ncol=2 as.numeric=TRUE >
		Anterior_eye	725	571
		Posterior_eye	853	542
		Posterior_Maxilla	921	644
		Anterior_Maxilla	704	610
		Dorsal_fin_insertion	1244	370
		Adipose_fin_insertion	1666	452
		Dorsal_caudal	1858	504
		Ventral_caudal	1838	632
		Anal_fin_insertion	1487	644
		Pelvic_fin_insertion	1248	634
		Pectoral_fin_insertion	1080	610
	</landmarks.pixel>
	<landmarks.scaled type=matrix rownames=TRUE colnames=FALSE nrow=11 ncol=2 as.numeric=TRUE >
		Anterior_eye	29.9901879911063	-23.61985840403
		Posterior_eye	35.2850073881568	-22.4202508843857
		Posterior_Maxilla	38.0978801928399	-26.6395600914103
		Anterior_Maxilla	29.1215066837777	-25.2331236890688
		Dorsal_fin_insertion	51.4590260150845	-15.3053373195991
		Adipose_fin_insertion	68.9153837147354	-18.6973309958346
		Dorsal_caudal	76.8576128103111	-20.8483513758863
		Ventral_caudal	76.030297279522	-26.1431707729368
		Anal_fin_insertion	61.5109097141726	-26.6395600914103
		Pelvic_fin_insertion	51.6244891212424	-26.2259023260158
		Pectoral_fin_insertion	44.6750386626136	-25.2331236890688
	</landmarks.scaled>
	<curves.control type=list>
		<Snout_dorsal type=matrix rownames=FALSE colnames=FALSE nrow=7 ncol=2 as.numeric=TRUE >
			704	610
			684	503
			809	438
			892	401
			1034	393
			1192	387
			1244	370
		</Snout_dorsal>
		<Dorsal_adipose type=matrix rownames=FALSE colnames=FALSE nrow=7 ncol=2 as.numeric=TRUE >
			1244	370
			1359	392
			1461	426
			1528	436
			1598	450
			1627	455
			1666	452
		</Dorsal_adipose>
		<Adipose_caudal type=matrix rownames=FALSE colnames=FALSE nrow=7 ncol=2 as.numeric=TRUE >
			1666	452
			1687	453
			1691	468
			1773	494
			1824	500
			1847	496
			1858	504
		</Adipose_caudal>
		<Caudal_anal type=matrix rownames=FALSE colnames=FALSE nrow=7 ncol=2 as.numeric=TRUE >
			1838	632
			1827	632
			1796	623
			1736	615
			1667	619
			1595	634
			1487	644
		</Caudal_anal>
	</curves.control>
	<curves.pixel type=list>
		<Snout_dorsal type=matrix rownames=FALSE colnames=FALSE nrow=642 ncol=2 as.numeric=TRUE >
			704	610
			704	609
			704	608
			703	607
			703	606
			703	605
			703	604
			703	603
			703	602
			703	601
			702	600
			702	599
			702	598
			702	597
			702	596
			702	595
			702	594
			702	593
			702	592
			702	591
			701	590
			701	589
			701	588
			701	587
			701	586
			701	585
			701	584
			701	583
			701	582
			701	581
			701	580
			701	579
			701	578
			701	577
			701	576
			701	575
			701	574
			701	573
			702	572
			702	571
			702	570
			702	569
			702	568
			702	567
			702	566
			702	565
			702	564
			702	563
			703	562
			703	561
			703	560
			703	559
			703	558
			703	557
			704	556
			704	555
			704	554
			704	553
			704	552
			705	552
			705	551
			705	550
			705	549
			705	548
			706	547
			706	546
			706	545
			707	544
			707	543
			707	542
			708	541
			708	540
			708	539
			708	538
			709	538
			709	537
			709	536
			710	535
			710	534
			710	533
			711	532
			711	531
			712	530
			712	529
			713	528
			713	527
			713	526
			714	525
			714	524
			715	524
			715	523
			716	522
			716	521
			717	520
			717	519
			717	518
			718	517
			719	516
			720	515
			720	514
			721	513
			721	512
			722	511
			723	510
			723	509
			724	508
			724	507
			725	506
			726	505
			727	504
			727	503
			728	502
			729	501
			729	500
			730	500
			731	499
			731	498
			732	497
			733	496
			733	495
			734	494
			735	494
			736	493
			736	492
			737	491
			738	490
			739	489
			740	488
			741	487
			742	486
			743	485
			744	484
			745	483
			746	482
			747	481
			748	480
			749	479
			750	478
			751	477
			752	476
			753	475
			754	474
			755	474
			755	473
			756	473
			757	472
			758	471
			759	470
			760	469
			761	469
			762	468
			763	467
			764	467
			765	466
			765	465
			766	465
			767	464
			768	463
			769	463
			770	462
			771	461
			772	461
			773	460
			774	459
			775	459
			775	458
			776	457
			777	457
			778	456
			779	455
			780	455
			781	454
			782	453
			783	453
			784	452
			785	452
			786	451
			787	450
			788	450
			789	449
			790	448
			791	448
			792	447
			793	447
			794	446
			795	445
			796	445
			797	445
			797	444
			798	444
			799	444
			799	443
			800	443
			801	442
			802	442
			803	441
			804	441
			805	440
			806	440
			806	439
			807	439
			808	438
			809	438
			810	438
			811	437
			812	437
			813	436
			814	436
			815	435
			816	435
			817	435
			818	434
			819	434
			820	433
			821	433
			822	433
			823	432
			824	432
			825	431
			826	431
			827	431
			828	430
			829	430
			830	429
			831	429
			832	429
			833	428
			834	428
			835	428
			836	427
			837	427
			838	426
			839	426
			840	426
			841	426
			842	425
			843	425
			844	425
			845	424
			846	424
			847	424
			848	423
			849	423
			850	423
			851	422
			852	422
			853	422
			854	421
			855	421
			856	421
			857	421
			857	420
			858	420
			859	420
			860	419
			861	419
			862	419
			863	419
			864	418
			865	418
			866	418
			867	418
			868	417
			869	417
			870	417
			871	416
			872	416
			873	416
			874	416
			875	415
			876	415
			877	415
			878	415
			879	414
			880	414
			881	414
			882	414
			883	413
			884	413
			885	413
			886	413
			887	413
			888	412
			889	412
			890	412
			891	412
			892	411
			893	411
			894	411
			895	411
			896	411
			897	410
			898	410
			899	410
			900	410
			901	409
			902	409
			903	409
			904	409
			905	409
			906	408
			907	408
			908	408
			909	408
			910	408
			911	407
			912	407
			913	407
			914	407
			915	407
			916	406
			917	406
			918	406
			919	406
			920	406
			921	406
			922	405
			923	405
			924	405
			925	405
			926	405
			927	404
			928	404
			929	404
			930	404
			931	404
			932	404
			933	404
			933	403
			934	403
			935	403
			936	403
			937	403
			938	403
			939	403
			940	402
			941	402
			942	402
			943	402
			944	402
			945	402
			946	402
			947	401
			948	401
			949	401
			950	401
			951	401
			952	401
			953	401
			953	400
			954	400
			955	400
			956	400
			957	400
			958	400
			959	400
			960	400
			961	399
			962	399
			963	399
			964	399
			965	399
			966	399
			967	399
			968	399
			969	399
			970	398
			971	398
			972	398
			973	398
			974	398
			975	398
			976	398
			977	398
			978	398
			979	397
			980	397
			981	397
			982	397
			983	397
			984	397
			985	397
			986	397
			987	397
			988	396
			989	396
			990	396
			991	396
			992	396
			993	396
			994	396
			995	396
			996	396
			997	396
			998	396
			999	395
			1000	395
			1001	395
			1002	395
			1003	395
			1004	395
			1005	395
			1006	395
			1007	395
			1008	395
			1009	395
			1010	395
			1011	394
			1012	394
			1013	394
			1014	394
			1015	394
			1016	394
			1017	394
			1018	394
			1019	394
			1020	394
			1021	394
			1022	394
			1023	394
			1024	394
			1025	394
			1026	393
			1027	393
			1028	393
			1029	393
			1030	393
			1031	393
			1032	393
			1033	393
			1034	393
			1035	393
			1036	393
			1037	393
			1038	393
			1039	393
			1040	393
			1041	393
			1042	393
			1043	393
			1044	393
			1045	393
			1046	393
			1047	392
			1048	392
			1049	392
			1050	392
			1051	392
			1052	392
			1053	392
			1054	392
			1055	392
			1056	392
			1057	392
			1058	392
			1059	392
			1060	392
			1061	392
			1062	392
			1063	392
			1064	392
			1065	392
			1066	392
			1067	392
			1068	392
			1068	391
			1069	391
			1070	391
			1071	391
			1072	391
			1073	391
			1074	391
			1075	391
			1076	391
			1077	391
			1078	391
			1079	391
			1080	391
			1081	391
			1082	391
			1083	391
			1084	391
			1085	391
			1086	391
			1087	391
			1088	390
			1089	390
			1090	390
			1091	390
			1092	390
			1093	390
			1094	390
			1095	390
			1096	390
			1097	390
			1098	390
			1099	390
			1100	390
			1101	390
			1102	390
			1103	390
			1104	389
			1105	389
			1106	389
			1107	389
			1108	389
			1109	389
			1110	389
			1111	389
			1112	389
			1113	389
			1114	389
			1115	389
			1116	389
			1117	389
			1118	389
			1119	388
			1120	388
			1121	388
			1122	388
			1123	388
			1124	388
			1125	388
			1126	388
			1127	388
			1128	388
			1129	388
			1130	388
			1131	387
			1132	387
			1133	387
			1134	387
			1135	387
			1136	387
			1137	387
			1138	387
			1139	387
			1140	387
			1141	387
			1142	387
			1143	386
			1144	386
			1145	386
			1146	386
			1147	386
			1148	386
			1149	386
			1150	386
			1151	386
			1152	386
			1153	386
			1154	385
			1155	385
			1156	385
			1157	385
			1158	385
			1159	385
			1160	385
			1161	385
			1162	385
			1163	385
			1164	384
			1165	384
			1166	384
			1167	384
			1168	384
			1169	384
			1170	384
			1171	384
			1172	383
			1173	383
			1174	383
			1175	383
			1176	383
			1177	383
			1178	383
			1179	383
			1180	383
			1181	382
			1182	382
			1183	382
			1184	382
			1185	382
			1186	382
			1187	382
			1188	381
			1189	381
			1190	381
			1191	381
			1192	381
			1193	381
			1194	381
			1195	381
			1196	380
			1197	380
			1198	380
			1199	380
			1200	380
			1201	380
			1202	379
			1203	379
			1204	379
			1205	379
			1206	379
			1207	379
			1208	378
			1209	378
			1210	378
			1211	378
			1212	378
			1213	377
			1214	377
			1215	377
			1216	377
			1217	377
			1218	377
			1219	376
			1220	376
			1221	376
			1222	376
			1223	376
			1224	375
			1225	375
			1226	375
			1227	375
			1228	374
			1229	374
			1230	374
			1231	374
			1232	373
			1233	373
			1234	373
			1235	373
			1236	372
			1237	372
			1238	372
			1239	372
			1240	371
			1241	371
			1242	371
			1243	370
			1244	370
		</Snout_dorsal>
		<Dorsal_adipose type=matrix rownames=FALSE colnames=FALSE nrow=429 ncol=2 as.numeric=TRUE >
			1244	370
			1245	370
			1246	370
			1247	371
			1248	371
			1249	371
			1250	371
			1251	371
			1252	371
			1253	372
			1254	372
			1255	372
			1256	372
			1257	373
			1258	373
			1259	373
			1260	373
			1261	373
			1262	373
			1262	374
			1263	374
			1264	374
			1265	374
			1266	374
			1267	374
			1267	375
			1268	375
			1269	375
			1270	375
			1271	375
			1272	376
			1273	376
			1274	376
			1275	376
			1276	376
			1277	377
			1278	377
			1279	377
			1280	377
			1281	377
			1282	378
			1283	378
			1284	378
			1285	378
			1286	379
			1287	379
			1288	379
			1289	379
			1290	379
			1291	380
			1292	380
			1293	380
			1294	380
			1295	380
			1296	381
			1297	381
			1298	381
			1299	381
			1300	381
			1301	382
			1302	382
			1303	382
			1304	382
			1305	383
			1306	383
			1307	383
			1308	383
			1309	384
			1310	384
			1311	384
			1312	384
			1313	385
			1314	385
			1315	385
			1316	385
			1317	386
			1318	386
			1319	386
			1320	386
			1321	386
			1322	387
			1323	387
			1324	387
			1325	387
			1326	388
			1327	388
			1328	388
			1329	388
			1330	389
			1331	389
			1332	389
			1333	389
			1334	390
			1335	390
			1336	390
			1337	390
			1338	391
			1339	391
			1340	391
			1341	391
			1342	392
			1343	392
			1344	392
			1345	392
			1346	392
			1347	393
			1348	393
			1349	393
			1350	393
			1351	394
			1352	394
			1353	394
			1354	394
			1355	395
			1356	395
			1357	395
			1358	395
			1359	396
			1360	396
			1361	396
			1362	397
			1363	397
			1364	397
			1365	397
			1366	398
			1367	398
			1368	398
			1369	398
			1370	399
			1371	399
			1372	399
			1373	400
			1374	400
			1375	400
			1376	400
			1377	401
			1378	401
			1379	401
			1380	401
			1381	402
			1382	402
			1383	402
			1384	403
			1385	403
			1386	403
			1387	403
			1388	404
			1389	404
			1390	404
			1391	405
			1392	405
			1393	405
			1394	405
			1395	406
			1396	406
			1397	406
			1398	406
			1399	407
			1400	407
			1401	407
			1402	408
			1403	408
			1404	408
			1405	408
			1406	409
			1407	409
			1408	409
			1409	410
			1410	410
			1411	410
			1412	410
			1413	411
			1414	411
			1415	411
			1416	412
			1417	412
			1418	412
			1419	413
			1420	413
			1421	413
			1422	414
			1423	414
			1424	414
			1425	414
			1426	415
			1427	415
			1428	415
			1429	416
			1430	416
			1431	416
			1432	417
			1433	417
			1434	417
			1435	418
			1436	418
			1437	418
			1438	419
			1439	419
			1440	419
			1441	420
			1442	420
			1443	420
			1444	420
			1445	421
			1446	421
			1447	421
			1448	422
			1449	422
			1450	422
			1451	423
			1452	423
			1453	423
			1454	424
			1455	424
			1456	424
			1457	425
			1458	425
			1459	425
			1460	426
			1461	426
			1462	426
			1463	426
			1464	426
			1465	427
			1466	427
			1467	427
			1468	427
			1469	427
			1470	427
			1471	428
			1472	428
			1473	428
			1474	428
			1475	428
			1476	428
			1477	428
			1478	429
			1479	429
			1480	429
			1481	429
			1482	429
			1483	429
			1484	430
			1485	430
			1486	430
			1487	430
			1488	430
			1489	430
			1490	431
			1491	431
			1492	431
			1493	431
			1494	431
			1495	431
			1496	431
			1497	432
			1498	432
			1499	432
			1500	432
			1501	432
			1502	432
			1503	433
			1504	433
			1505	433
			1506	433
			1507	433
			1508	433
			1509	434
			1510	434
			1511	434
			1512	434
			1513	434
			1514	434
			1515	435
			1516	435
			1517	435
			1518	435
			1519	435
			1520	436
			1521	436
			1522	436
			1523	436
			1524	436
			1525	436
			1526	437
			1527	437
			1528	437
			1529	437
			1530	437
			1531	437
			1532	438
			1533	438
			1534	438
			1535	438
			1536	438
			1537	439
			1538	439
			1539	439
			1540	439
			1541	439
			1542	439
			1543	439
			1543	440
			1544	440
			1545	440
			1546	440
			1547	440
			1548	440
			1549	441
			1550	441
			1551	441
			1552	441
			1553	441
			1554	442
			1555	442
			1556	442
			1557	442
			1558	442
			1559	442
			1559	443
			1560	443
			1561	443
			1562	443
			1563	443
			1564	443
			1565	444
			1566	444
			1567	444
			1568	444
			1569	444
			1570	445
			1571	445
			1572	445
			1573	445
			1574	445
			1575	445
			1576	446
			1577	446
			1578	446
			1579	446
			1580	446
			1581	447
			1582	447
			1583	447
			1584	447
			1585	447
			1586	448
			1587	448
			1588	448
			1589	448
			1590	448
			1591	449
			1592	449
			1593	449
			1594	449
			1595	449
			1596	450
			1597	450
			1598	450
			1599	450
			1600	450
			1601	450
			1601	451
			1602	451
			1603	451
			1604	451
			1605	451
			1606	451
			1607	451
			1608	451
			1609	452
			1610	452
			1611	452
			1612	452
			1613	452
			1614	452
			1615	452
			1616	452
			1617	452
			1618	452
			1619	452
			1619	453
			1620	453
			1621	453
			1622	453
			1623	453
			1624	453
			1625	453
			1626	453
			1627	453
			1628	453
			1629	453
			1630	453
			1631	453
			1632	453
			1633	453
			1634	453
			1635	453
			1636	453
			1637	453
			1638	453
			1639	453
			1640	453
			1641	453
			1642	453
			1643	453
			1644	453
			1645	453
			1646	453
			1647	453
			1648	453
			1649	453
			1650	453
			1651	453
			1652	453
			1653	453
			1654	453
			1655	453
			1656	453
			1657	453
			1658	453
			1659	452
			1660	452
			1661	452
			1662	452
			1663	452
			1664	452
			1665	452
			1666	452
		</Dorsal_adipose>
		<Adipose_caudal type=matrix rownames=FALSE colnames=FALSE nrow=200 ncol=2 as.numeric=TRUE >
			1666	452
			1667	452
			1668	452
			1669	452
			1670	452
			1671	453
			1672	453
			1673	453
			1674	453
			1675	453
			1676	454
			1677	454
			1678	454
			1679	455
			1680	455
			1681	455
			1682	456
			1683	457
			1684	458
			1685	458
			1686	459
			1687	460
			1687	461
			1688	461
			1688	462
			1689	463
			1689	464
			1690	465
			1690	466
			1691	467
			1691	468
			1692	468
			1693	469
			1694	469
			1695	469
			1696	470
			1697	470
			1698	470
			1699	470
			1700	471
			1701	471
			1702	471
			1702	472
			1703	472
			1704	472
			1705	472
			1706	473
			1707	473
			1708	473
			1709	474
			1710	474
			1711	474
			1712	475
			1713	475
			1714	475
			1715	476
			1716	476
			1717	476
			1718	476
			1719	477
			1720	477
			1721	477
			1722	477
			1723	478
			1724	478
			1725	478
			1726	479
			1727	479
			1728	479
			1729	480
			1730	480
			1731	480
			1732	480
			1733	481
			1734	481
			1735	481
			1736	482
			1737	482
			1738	482
			1739	482
			1740	483
			1741	483
			1742	483
			1743	483
			1744	484
			1745	484
			1746	484
			1747	484
			1748	485
			1749	485
			1750	485
			1751	485
			1752	486
			1753	486
			1754	486
			1755	486
			1756	487
			1757	487
			1758	487
			1759	488
			1760	488
			1761	488
			1762	488
			1763	489
			1764	489
			1765	489
			1766	489
			1767	489
			1768	490
			1769	490
			1770	490
			1771	490
			1772	491
			1773	491
			1774	491
			1775	491
			1776	492
			1777	492
			1778	492
			1779	492
			1780	492
			1781	493
			1782	493
			1783	493
			1784	493
			1785	493
			1786	494
			1787	494
			1788	494
			1789	494
			1790	494
			1790	495
			1791	495
			1792	495
			1793	495
			1794	495
			1795	495
			1796	496
			1797	496
			1798	496
			1799	496
			1800	496
			1801	497
			1802	497
			1803	497
			1804	497
			1805	497
			1806	497
			1807	498
			1808	498
			1809	498
			1810	498
			1811	498
			1812	498
			1813	499
			1814	499
			1815	499
			1816	499
			1817	499
			1818	499
			1819	499
			1820	499
			1821	500
			1822	500
			1823	500
			1824	500
			1825	500
			1826	500
			1827	500
			1828	499
			1829	499
			1830	499
			1831	499
			1832	499
			1833	499
			1834	499
			1835	499
			1836	499
			1837	499
			1838	499
			1839	499
			1840	499
			1841	499
			1842	499
			1843	499
			1844	499
			1845	499
			1846	499
			1847	499
			1848	500
			1849	500
			1850	500
			1851	501
			1852	501
			1853	501
			1854	502
			1855	502
			1856	503
			1857	503
			1858	504
		</Adipose_caudal>
		<Caudal_anal type=matrix rownames=FALSE colnames=FALSE nrow=357 ncol=2 as.numeric=TRUE >
			1838	632
			1837	632
			1836	632
			1835	632
			1834	632
			1833	632
			1832	632
			1831	631
			1830	631
			1829	631
			1828	631
			1827	631
			1826	630
			1825	630
			1824	630
			1823	630
			1822	630
			1821	630
			1820	629
			1819	629
			1818	629
			1817	629
			1816	628
			1815	628
			1814	628
			1813	628
			1812	627
			1811	627
			1810	627
			1809	627
			1808	626
			1807	626
			1806	626
			1805	626
			1805	625
			1804	625
			1803	625
			1802	625
			1801	624
			1800	624
			1799	624
			1798	624
			1797	623
			1796	623
			1795	623
			1794	623
			1793	623
			1792	622
			1791	622
			1790	622
			1789	622
			1788	622
			1787	622
			1786	622
			1785	622
			1784	622
			1783	621
			1782	621
			1781	621
			1780	621
			1779	621
			1778	621
			1777	621
			1776	621
			1775	621
			1774	621
			1773	620
			1772	620
			1771	620
			1770	620
			1769	620
			1768	620
			1767	620
			1766	620
			1765	620
			1764	620
			1763	620
			1762	620
			1762	619
			1761	619
			1760	619
			1759	619
			1758	619
			1757	619
			1756	619
			1755	619
			1754	619
			1753	619
			1752	619
			1751	619
			1750	619
			1749	619
			1748	619
			1747	619
			1746	618
			1745	618
			1744	618
			1743	618
			1742	618
			1741	618
			1740	618
			1739	618
			1738	618
			1737	618
			1736	618
			1735	618
			1734	618
			1733	618
			1732	618
			1731	618
			1730	618
			1729	618
			1728	618
			1727	618
			1726	618
			1725	618
			1724	618
			1723	618
			1722	618
			1721	618
			1720	618
			1719	618
			1718	618
			1717	618
			1716	618
			1715	618
			1714	618
			1713	618
			1712	618
			1711	618
			1710	618
			1709	618
			1708	618
			1707	618
			1706	618
			1705	618
			1704	618
			1703	618
			1702	618
			1701	618
			1700	618
			1699	618
			1698	618
			1697	618
			1696	618
			1695	618
			1694	618
			1693	618
			1692	618
			1691	618
			1690	618
			1689	618
			1688	618
			1687	618
			1686	618
			1685	618
			1684	618
			1683	618
			1682	618
			1681	618
			1680	618
			1679	618
			1678	618
			1677	618
			1676	619
			1675	619
			1674	619
			1673	619
			1672	619
			1671	619
			1670	619
			1669	619
			1668	619
			1667	619
			1666	619
			1665	619
			1664	620
			1663	620
			1662	620
			1661	620
			1660	620
			1660	621
			1659	621
			1658	621
			1657	621
			1656	621
			1655	621
			1654	622
			1653	622
			1652	622
			1651	622
			1650	622
			1649	623
			1648	623
			1647	623
			1646	623
			1645	623
			1644	623
			1643	624
			1642	624
			1641	624
			1640	624
			1639	624
			1638	625
			1637	625
			1636	625
			1635	625
			1634	625
			1633	625
			1632	626
			1631	626
			1630	626
			1629	626
			1628	626
			1627	626
			1626	627
			1625	627
			1624	627
			1623	627
			1622	627
			1621	628
			1620	628
			1619	628
			1618	628
			1617	628
			1616	628
			1615	628
			1615	629
			1614	629
			1613	629
			1612	629
			1611	629
			1610	629
			1609	629
			1608	629
			1608	630
			1607	630
			1606	630
			1605	630
			1604	630
			1603	630
			1602	630
			1601	631
			1600	631
			1599	631
			1598	631
			1597	631
			1596	631
			1595	631
			1594	632
			1593	632
			1592	632
			1591	632
			1590	632
			1589	632
			1588	632
			1587	633
			1586	633
			1585	633
			1584	633
			1583	633
			1582	633
			1581	633
			1580	634
			1579	634
			1578	634
			1577	634
			1576	634
			1575	634
			1574	634
			1573	634
			1572	635
			1571	635
			1570	635
			1569	635
			1568	635
			1567	635
			1566	635
			1565	636
			1564	636
			1563	636
			1562	636
			1561	636
			1560	636
			1559	636
			1558	636
			1557	637
			1556	637
			1555	637
			1554	637
			1553	637
			1552	637
			1551	637
			1550	637
			1549	638
			1548	638
			1547	638
			1546	638
			1545	638
			1544	638
			1543	638
			1542	638
			1541	638
			1540	639
			1539	639
			1538	639
			1537	639
			1536	639
			1535	639
			1534	639
			1533	639
			1532	639
			1531	640
			1530	640
			1529	640
			1528	640
			1527	640
			1526	640
			1525	640
			1524	640
			1523	640
			1522	641
			1521	641
			1520	641
			1519	641
			1518	641
			1517	641
			1516	641
			1515	641
			1514	641
			1513	641
			1512	642
			1511	642
			1510	642
			1509	642
			1508	642
			1507	642
			1506	642
			1505	642
			1504	642
			1503	642
			1502	643
			1501	643
			1500	643
			1499	643
			1498	643
			1497	643
			1496	643
			1495	643
			1494	643
			1493	643
			1492	644
			1491	644
			1490	644
			1489	644
			1488	644
			1487	644
		</Caudal_anal>
	</curves.pixel>
	<curves.scaled type=list>
		<Snout_dorsal type=matrix rownames=FALSE colnames=FALSE nrow=642 ncol=2 as.numeric=TRUE >
			29.1215066837777	-25.2331236890688
			29.1215066837777	-25.1917579125293
			29.1215066837777	-25.1503921359899
			29.0801409072383	-25.1090263594504
			29.0801409072383	-25.067660582911
			29.0801409072383	-25.0262948063715
			29.0801409072383	-24.984929029832
			29.0801409072383	-24.9435632532926
			29.0801409072383	-24.9021974767531
			29.0801409072383	-24.8608317002137
			29.0387751306988	-24.8194659236742
			29.0387751306988	-24.7781001471348
			29.0387751306988	-24.7367343705953
			29.0387751306988	-24.6953685940558
			29.0387751306988	-24.6540028175164
			29.0387751306988	-24.6126370409769
			29.0387751306988	-24.5712712644375
			29.0387751306988	-24.529905487898
			29.0387751306988	-24.4885397113586
			29.0387751306988	-24.4471739348191
			28.9974093541594	-24.4058081582796
			28.9974093541594	-24.3644423817402
			28.9974093541594	-24.3230766052007
			28.9974093541594	-24.2817108286613
			28.9974093541594	-24.2403450521218
			28.9974093541594	-24.1989792755824
			28.9974093541594	-24.1576134990429
			28.9974093541594	-24.1162477225034
			28.9974093541594	-24.074881945964
			28.9974093541594	-24.0335161694245
			28.9974093541594	-23.9921503928851
			28.9974093541594	-23.9507846163456
			28.9974093541594	-23.9094188398062
			28.9974093541594	-23.8680530632667
			28.9974093541594	-23.8266872867272
			28.9974093541594	-23.7853215101878
			28.9974093541594	-23.7439557336483
			28.9974093541594	-23.7025899571089
			29.0387751306988	-23.6612241805694
			29.0387751306988	-23.61985840403
			29.0387751306988	-23.5784926274905
			29.0387751306988	-23.537126850951
			29.0387751306988	-23.4957610744116
			29.0387751306988	-23.4543952978721
			29.0387751306988	-23.4130295213327
			29.0387751306988	-23.3716637447932
			29.0387751306988	-23.3302979682538
			29.0387751306988	-23.2889321917143
			29.0801409072383	-23.2475664151748
			29.0801409072383	-23.2062006386354
			29.0801409072383	-23.1648348620959
			29.0801409072383	-23.1234690855565
			29.0801409072383	-23.082103309017
			29.0801409072383	-23.0407375324776
			29.1215066837777	-22.9993717559381
			29.1215066837777	-22.9580059793986
			29.1215066837777	-22.9166402028592
			29.1215066837777	-22.8752744263197
			29.1215066837777	-22.8339086497803
			29.1628724603172	-22.8339086497803
			29.1628724603172	-22.7925428732408
			29.1628724603172	-22.7511770967014
			29.1628724603172	-22.7098113201619
			29.1628724603172	-22.6684455436224
			29.2042382368567	-22.627079767083
			29.2042382368567	-22.5857139905435
			29.2042382368567	-22.5443482140041
			29.2456040133961	-22.5029824374646
			29.2456040133961	-22.4616166609252
			29.2456040133961	-22.4202508843857
			29.2869697899356	-22.3788851078462
			29.2869697899356	-22.3375193313068
			29.2869697899356	-22.2961535547673
			29.2869697899356	-22.2547877782279
			29.328335566475	-22.2547877782279
			29.328335566475	-22.2134220016884
			29.328335566475	-22.172056225149
			29.3697013430145	-22.1306904486095
			29.3697013430145	-22.08932467207
			29.3697013430145	-22.0479588955306
			29.4110671195539	-22.0065931189911
			29.4110671195539	-21.9652273424517
			29.4524328960934	-21.9238615659122
			29.4524328960934	-21.8824957893728
			29.4937986726329	-21.8411300128333
			29.4937986726329	-21.7997642362938
			29.4937986726329	-21.7583984597544
			29.5351644491723	-21.7170326832149
			29.5351644491723	-21.6756669066755
			29.5765302257118	-21.6756669066755
			29.5765302257118	-21.634301130136
			29.6178960022512	-21.5929353535966
			29.6178960022512	-21.5515695770571
			29.6592617787907	-21.5102038005177
			29.6592617787907	-21.4688380239782
			29.6592617787907	-21.4274722474387
			29.7006275553301	-21.3861064708993
			29.7419933318696	-21.3447406943598
			29.7833591084091	-21.3033749178204
			29.7833591084091	-21.2620091412809
			29.8247248849485	-21.2206433647415
			29.8247248849485	-21.179277588202
			29.866090661488	-21.1379118116625
			29.9074564380274	-21.0965460351231
			29.9074564380274	-21.0551802585836
			29.9488222145669	-21.0138144820442
			29.9488222145669	-20.9724487055047
			29.9901879911063	-20.9310829289653
			30.0315537676458	-20.8897171524258
			30.0729195441853	-20.8483513758863
			30.0729195441853	-20.8069855993469
			30.1142853207247	-20.7656198228074
			30.1556510972642	-20.724254046268
			30.1556510972642	-20.6828882697285
			30.1970168738036	-20.6828882697285
			30.2383826503431	-20.6415224931891
			30.2383826503431	-20.6001567166496
			30.2797484268825	-20.5587909401101
			30.321114203422	-20.5174251635707
			30.321114203422	-20.4760593870312
			30.3624799799615	-20.4346936104918
			30.4038457565009	-20.4346936104918
			30.4452115330404	-20.3933278339523
			30.4452115330404	-20.3519620574129
			30.4865773095798	-20.3105962808734
			30.5279430861193	-20.2692305043339
			30.5693088626587	-20.2278647277945
			30.6106746391982	-20.186498951255
			30.6520404157377	-20.1451331747156
			30.6934061922771	-20.1037673981761
			30.7347719688166	-20.0624016216367
			30.776137745356	-20.0210358450972
			30.8175035218955	-19.9796700685577
			30.8588692984349	-19.9383042920183
			30.9002350749744	-19.8969385154788
			30.9416008515139	-19.8555727389394
			30.9829666280533	-19.8142069623999
			31.0243324045928	-19.7728411858605
			31.0656981811322	-19.731475409321
			31.1070639576717	-19.6901096327815
			31.1484297342111	-19.6487438562421
			31.1897955107506	-19.6073780797026
			31.23116128729	-19.6073780797026
			31.23116128729	-19.5660123031632
			31.2725270638295	-19.5660123031632
			31.313892840369	-19.5246465266237
			31.3552586169084	-19.4832807500843
			31.3966243934479	-19.4419149735448
			31.4379901699873	-19.4005491970053
			31.4793559465268	-19.4005491970053
			31.5207217230662	-19.3591834204659
			31.5620874996057	-19.3178176439264
			31.6034532761452	-19.3178176439264
			31.6448190526846	-19.276451867387
			31.6448190526846	-19.2350860908475
			31.6861848292241	-19.2350860908475
			31.7275506057635	-19.1937203143081
			31.768916382303	-19.1523545377686
			31.8102821588424	-19.1523545377686
			31.8516479353819	-19.1109887612291
			31.8930137119214	-19.0696229846897
			31.9343794884608	-19.0696229846897
			31.9757452650003	-19.0282572081502
			32.0171110415397	-18.9868914316108
			32.0584768180792	-18.9868914316108
			32.0584768180792	-18.9455256550713
			32.0998425946187	-18.9041598785319
			32.1412083711581	-18.9041598785319
			32.1825741476976	-18.8627941019924
			32.223939924237	-18.8214283254529
			32.2653057007765	-18.8214283254529
			32.3066714773159	-18.7800625489135
			32.3480372538554	-18.738696772374
			32.3894030303948	-18.738696772374
			32.4307688069343	-18.6973309958346
			32.4721345834738	-18.6973309958346
			32.5135003600132	-18.6559652192951
			32.5548661365527	-18.6145994427557
			32.5962319130921	-18.6145994427557
			32.6375976896316	-18.5732336662162
			32.678963466171	-18.5318678896767
			32.7203292427105	-18.5318678896767
			32.76169501925	-18.4905021131373
			32.8030607957894	-18.4905021131373
			32.8444265723289	-18.4491363365978
			32.8857923488683	-18.4077705600584
			32.9271581254078	-18.4077705600584
			32.9685239019472	-18.4077705600584
			32.9685239019472	-18.3664047835189
			33.0098896784867	-18.3664047835189
			33.0512554550262	-18.3664047835189
			33.0512554550262	-18.3250390069795
			33.0926212315656	-18.3250390069795
			33.1339870081051	-18.28367323044
			33.1753527846445	-18.28367323044
			33.216718561184	-18.2423074539005
			33.2580843377234	-18.2423074539005
			33.2994501142629	-18.2009416773611
			33.3408158908024	-18.2009416773611
			33.3408158908024	-18.1595759008216
			33.3821816673418	-18.1595759008216
			33.4235474438813	-18.1182101242822
			33.4649132204207	-18.1182101242822
			33.5062789969602	-18.1182101242822
			33.5476447734996	-18.0768443477427
			33.5890105500391	-18.0768443477427
			33.6303763265786	-18.0354785712033
			33.671742103118	-18.0354785712033
			33.7131078796575	-17.9941127946638
			33.7544736561969	-17.9941127946638
			33.7958394327364	-17.9941127946638
			33.8372052092758	-17.9527470181243
			33.8785709858153	-17.9527470181243
			33.9199367623548	-17.9113812415849
			33.9613025388942	-17.9113812415849
			34.0026683154337	-17.9113812415849
			34.0440340919731	-17.8700154650454
			34.0853998685126	-17.8700154650454
			34.126765645052	-17.828649688506
			34.1681314215915	-17.828649688506
			34.209497198131	-17.828649688506
			34.2508629746704	-17.7872839119665
			34.2922287512099	-17.7872839119665
			34.3335945277493	-17.7459181354271
			34.3749603042888	-17.7459181354271
			34.4163260808282	-17.7459181354271
			34.4576918573677	-17.7045523588876
			34.4990576339072	-17.7045523588876
			34.5404234104466	-17.7045523588876
			34.5817891869861	-17.6631865823481
			34.6231549635255	-17.6631865823481
			34.664520740065	-17.6218208058087
			34.7058865166044	-17.6218208058087
			34.7472522931439	-17.6218208058087
			34.7886180696834	-17.6218208058087
			34.8299838462228	-17.5804550292692
			34.8713496227623	-17.5804550292692
			34.9127153993017	-17.5804550292692
			34.9540811758412	-17.5390892527298
			34.9954469523806	-17.5390892527298
			35.0368127289201	-17.5390892527298
			35.0781785054596	-17.4977234761903
			35.119544281999	-17.4977234761903
			35.1609100585385	-17.4977234761903
			35.2022758350779	-17.4563576996509
			35.2436416116174	-17.4563576996509
			35.2850073881568	-17.4563576996509
			35.3263731646963	-17.4149919231114
			35.3677389412357	-17.4149919231114
			35.4091047177752	-17.4149919231114
			35.4504704943147	-17.4149919231114
			35.4504704943147	-17.3736261465719
			35.4918362708541	-17.3736261465719
			35.5332020473936	-17.3736261465719
			35.574567823933	-17.3322603700325
			35.6159336004725	-17.3322603700325
			35.657299377012	-17.3322603700325
			35.6986651535514	-17.3322603700325
			35.7400309300909	-17.290894593493
			35.7813967066303	-17.290894593493
			35.8227624831698	-17.290894593493
			35.8641282597092	-17.290894593493
			35.9054940362487	-17.2495288169536
			35.9468598127881	-17.2495288169536
			35.9882255893276	-17.2495288169536
			36.0295913658671	-17.2081630404141
			36.0709571424065	-17.2081630404141
			36.112322918946	-17.2081630404141
			36.1536886954854	-17.2081630404141
			36.1950544720249	-17.1667972638747
			36.2364202485644	-17.1667972638747
			36.2777860251038	-17.1667972638747
			36.3191518016433	-17.1667972638747
			36.3605175781827	-17.1254314873352
			36.4018833547222	-17.1254314873352
			36.4432491312616	-17.1254314873352
			36.4846149078011	-17.1254314873352
			36.5259806843406	-17.0840657107957
			36.56734646088	-17.0840657107957
			36.6087122374195	-17.0840657107957
			36.6500780139589	-17.0840657107957
			36.6914437904984	-17.0840657107957
			36.7328095670378	-17.0426999342563
			36.7741753435773	-17.0426999342563
			36.8155411201167	-17.0426999342563
			36.8569068966562	-17.0426999342563
			36.8982726731957	-17.0013341577168
			36.9396384497351	-17.0013341577168
			36.9810042262746	-17.0013341577168
			37.022370002814	-17.0013341577168
			37.0637357793535	-17.0013341577168
			37.105101555893	-16.9599683811774
			37.1464673324324	-16.9599683811774
			37.1878331089719	-16.9599683811774
			37.2291988855113	-16.9599683811774
			37.2705646620508	-16.9186026046379
			37.3119304385902	-16.9186026046379
			37.3532962151297	-16.9186026046379
			37.3946619916691	-16.9186026046379
			37.4360277682086	-16.9186026046379
			37.4773935447481	-16.8772368280985
			37.5187593212875	-16.8772368280985
			37.560125097827	-16.8772368280985
			37.6014908743664	-16.8772368280985
			37.6428566509059	-16.8772368280985
			37.6842224274453	-16.835871051559
			37.7255882039848	-16.835871051559
			37.7669539805243	-16.835871051559
			37.8083197570637	-16.835871051559
			37.8496855336032	-16.835871051559
			37.8910513101426	-16.7945052750195
			37.9324170866821	-16.7945052750195
			37.9737828632215	-16.7945052750195
			38.015148639761	-16.7945052750195
			38.0565144163005	-16.7945052750195
			38.0978801928399	-16.7945052750195
			38.1392459693794	-16.7531394984801
			38.1806117459188	-16.7531394984801
			38.2219775224583	-16.7531394984801
			38.2633432989977	-16.7531394984801
			38.3047090755372	-16.7531394984801
			38.3460748520767	-16.7117737219406
			38.3874406286161	-16.7117737219406
			38.4288064051556	-16.7117737219406
			38.470172181695	-16.7117737219406
			38.5115379582345	-16.7117737219406
			38.5529037347739	-16.7117737219406
			38.5942695113134	-16.7117737219406
			38.5942695113134	-16.6704079454012
			38.6356352878529	-16.6704079454012
			38.6770010643923	-16.6704079454012
			38.7183668409318	-16.6704079454012
			38.7597326174712	-16.6704079454012
			38.8010983940107	-16.6704079454012
			38.8424641705501	-16.6704079454012
			38.8838299470896	-16.6290421688617
			38.9251957236291	-16.6290421688617
			38.9665615001685	-16.6290421688617
			39.007927276708	-16.6290421688617
			39.0492930532474	-16.6290421688617
			39.0906588297869	-16.6290421688617
			39.1320246063263	-16.6290421688617
			39.1733903828658	-16.5876763923223
			39.2147561594053	-16.5876763923223
			39.2561219359447	-16.5876763923223
			39.2974877124842	-16.5876763923223
			39.3388534890236	-16.5876763923223
			39.3802192655631	-16.5876763923223
			39.4215850421025	-16.5876763923223
			39.4215850421025	-16.5463106157828
			39.462950818642	-16.5463106157828
			39.5043165951815	-16.5463106157828
			39.5456823717209	-16.5463106157828
			39.5870481482604	-16.5463106157828
			39.6284139247998	-16.5463106157828
			39.6697797013393	-16.5463106157828
			39.7111454778787	-16.5463106157828
			39.7525112544182	-16.5049448392434
			39.7938770309577	-16.5049448392434
			39.8352428074971	-16.5049448392434
			39.8766085840366	-16.5049448392434
			39.917974360576	-16.5049448392434
			39.9593401371155	-16.5049448392434
			40.0007059136549	-16.5049448392434
			40.0420716901944	-16.5049448392434
			40.0834374667339	-16.5049448392434
			40.1248032432733	-16.4635790627039
			40.1661690198128	-16.4635790627039
			40.2075347963522	-16.4635790627039
			40.2489005728917	-16.4635790627039
			40.2902663494311	-16.4635790627039
			40.3316321259706	-16.4635790627039
			40.3729979025101	-16.4635790627039
			40.4143636790495	-16.4635790627039
			40.455729455589	-16.4635790627039
			40.4970952321284	-16.4222132861644
			40.5384610086679	-16.4222132861644
			40.5798267852073	-16.4222132861644
			40.6211925617468	-16.4222132861644
			40.6625583382863	-16.4222132861644
			40.7039241148257	-16.4222132861644
			40.7452898913652	-16.4222132861644
			40.7866556679046	-16.4222132861644
			40.8280214444441	-16.4222132861644
			40.8693872209835	-16.380847509625
			40.910752997523	-16.380847509625
			40.9521187740624	-16.380847509625
			40.9934845506019	-16.380847509625
			41.0348503271414	-16.380847509625
			41.0762161036808	-16.380847509625
			41.1175818802203	-16.380847509625
			41.1589476567597	-16.380847509625
			41.2003134332992	-16.380847509625
			41.2416792098387	-16.380847509625
			41.2830449863781	-16.380847509625
			41.3244107629176	-16.3394817330855
			41.365776539457	-16.3394817330855
			41.4071423159965	-16.3394817330855
			41.4485080925359	-16.3394817330855
			41.4898738690754	-16.3394817330855
			41.5312396456148	-16.3394817330855
			41.5726054221543	-16.3394817330855
			41.6139711986938	-16.3394817330855
			41.6553369752332	-16.3394817330855
			41.6967027517727	-16.3394817330855
			41.7380685283121	-16.3394817330855
			41.7794343048516	-16.3394817330855
			41.820800081391	-16.2981159565461
			41.8621658579305	-16.2981159565461
			41.90353163447	-16.2981159565461
			41.9448974110094	-16.2981159565461
			41.9862631875489	-16.2981159565461
			42.0276289640883	-16.2981159565461
			42.0689947406278	-16.2981159565461
			42.1103605171672	-16.2981159565461
			42.1517262937067	-16.2981159565461
			42.1930920702462	-16.2981159565461
			42.2344578467856	-16.2981159565461
			42.2758236233251	-16.2981159565461
			42.3171893998645	-16.2981159565461
			42.358555176404	-16.2981159565461
			42.3999209529434	-16.2981159565461
			42.4412867294829	-16.2567501800066
			42.4826525060224	-16.2567501800066
			42.5240182825618	-16.2567501800066
			42.5653840591013	-16.2567501800066
			42.6067498356407	-16.2567501800066
			42.6481156121802	-16.2567501800066
			42.6894813887196	-16.2567501800066
			42.7308471652591	-16.2567501800066
			42.7722129417986	-16.2567501800066
			42.813578718338	-16.2567501800066
			42.8549444948775	-16.2567501800066
			42.8963102714169	-16.2567501800066
			42.9376760479564	-16.2567501800066
			42.9790418244958	-16.2567501800066
			43.0204076010353	-16.2567501800066
			43.0617733775748	-16.2567501800066
			43.1031391541142	-16.2567501800066
			43.1445049306537	-16.2567501800066
			43.1858707071931	-16.2567501800066
			43.2272364837326	-16.2567501800066
			43.268602260272	-16.2567501800066
			43.3099680368115	-16.2153844034672
			43.351333813351	-16.2153844034672
			43.3926995898904	-16.2153844034672
			43.4340653664299	-16.2153844034672
			43.4754311429693	-16.2153844034672
			43.5167969195088	-16.2153844034672
			43.5581626960482	-16.2153844034672
			43.5995284725877	-16.2153844034672
			43.6408942491272	-16.2153844034672
			43.6822600256666	-16.2153844034672
			43.7236258022061	-16.2153844034672
			43.7649915787455	-16.2153844034672
			43.806357355285	-16.2153844034672
			43.8477231318244	-16.2153844034672
			43.8890889083639	-16.2153844034672
			43.9304546849034	-16.2153844034672
			43.9718204614428	-16.2153844034672
			44.0131862379823	-16.2153844034672
			44.0545520145217	-16.2153844034672
			44.0959177910612	-16.2153844034672
			44.1372835676006	-16.2153844034672
			44.1786493441401	-16.2153844034672
			44.1786493441401	-16.1740186269277
			44.2200151206796	-16.1740186269277
			44.261380897219	-16.1740186269277
			44.3027466737585	-16.1740186269277
			44.3441124502979	-16.1740186269277
			44.3854782268374	-16.1740186269277
			44.4268440033768	-16.1740186269277
			44.4682097799163	-16.1740186269277
			44.5095755564558	-16.1740186269277
			44.5509413329952	-16.1740186269277
			44.5923071095347	-16.1740186269277
			44.6336728860741	-16.1740186269277
			44.6750386626136	-16.1740186269277
			44.716404439153	-16.1740186269277
			44.7577702156925	-16.1740186269277
			44.799135992232	-16.1740186269277
			44.8405017687714	-16.1740186269277
			44.8818675453109	-16.1740186269277
			44.9232333218503	-16.1740186269277
			44.9645990983898	-16.1740186269277
			45.0059648749292	-16.1326528503882
			45.0473306514687	-16.1326528503882
			45.0886964280082	-16.1326528503882
			45.1300622045476	-16.1326528503882
			45.1714279810871	-16.1326528503882
			45.2127937576265	-16.1326528503882
			45.254159534166	-16.1326528503882
			45.2955253107054	-16.1326528503882
			45.3368910872449	-16.1326528503882
			45.3782568637844	-16.1326528503882
			45.4196226403238	-16.1326528503882
			45.4609884168633	-16.1326528503882
			45.5023541934027	-16.1326528503882
			45.5437199699422	-16.1326528503882
			45.5850857464816	-16.1326528503882
			45.6264515230211	-16.1326528503882
			45.6678172995606	-16.0912870738488
			45.7091830761	-16.0912870738488
			45.7505488526395	-16.0912870738488
			45.7919146291789	-16.0912870738488
			45.8332804057184	-16.0912870738488
			45.8746461822578	-16.0912870738488
			45.9160119587973	-16.0912870738488
			45.9573777353367	-16.0912870738488
			45.9987435118762	-16.0912870738488
			46.0401092884157	-16.0912870738488
			46.0814750649551	-16.0912870738488
			46.1228408414946	-16.0912870738488
			46.164206618034	-16.0912870738488
			46.2055723945735	-16.0912870738488
			46.246938171113	-16.0912870738488
			46.2883039476524	-16.0499212973093
			46.3296697241919	-16.0499212973093
			46.3710355007313	-16.0499212973093
			46.4124012772708	-16.0499212973093
			46.4537670538102	-16.0499212973093
			46.4951328303497	-16.0499212973093
			46.5364986068891	-16.0499212973093
			46.5778643834286	-16.0499212973093
			46.6192301599681	-16.0499212973093
			46.6605959365075	-16.0499212973093
			46.701961713047	-16.0499212973093
			46.7433274895864	-16.0499212973093
			46.7846932661259	-16.0085555207699
			46.8260590426653	-16.0085555207699
			46.8674248192048	-16.0085555207699
			46.9087905957443	-16.0085555207699
			46.9501563722837	-16.0085555207699
			46.9915221488232	-16.0085555207699
			47.0328879253626	-16.0085555207699
			47.0742537019021	-16.0085555207699
			47.1156194784415	-16.0085555207699
			47.156985254981	-16.0085555207699
			47.1983510315205	-16.0085555207699
			47.2397168080599	-16.0085555207699
			47.2810825845994	-15.9671897442304
			47.3224483611388	-15.9671897442304
			47.3638141376783	-15.9671897442304
			47.4051799142177	-15.9671897442304
			47.4465456907572	-15.9671897442304
			47.4879114672967	-15.9671897442304
			47.5292772438361	-15.9671897442304
			47.5706430203756	-15.9671897442304
			47.612008796915	-15.9671897442304
			47.6533745734545	-15.9671897442304
			47.6947403499939	-15.9671897442304
			47.7361061265334	-15.925823967691
			47.7774719030729	-15.925823967691
			47.8188376796123	-15.925823967691
			47.8602034561518	-15.925823967691
			47.9015692326912	-15.925823967691
			47.9429350092307	-15.925823967691
			47.9843007857701	-15.925823967691
			48.0256665623096	-15.925823967691
			48.0670323388491	-15.925823967691
			48.1083981153885	-15.925823967691
			48.149763891928	-15.8844581911515
			48.1911296684674	-15.8844581911515
			48.2324954450069	-15.8844581911515
			48.2738612215463	-15.8844581911515
			48.3152269980858	-15.8844581911515
			48.3565927746253	-15.8844581911515
			48.3979585511647	-15.8844581911515
			48.4393243277042	-15.8844581911515
			48.4806901042436	-15.843092414612
			48.5220558807831	-15.843092414612
			48.5634216573225	-15.843092414612
			48.604787433862	-15.843092414612
			48.6461532104015	-15.843092414612
			48.6875189869409	-15.843092414612
			48.7288847634804	-15.843092414612
			48.7702505400198	-15.843092414612
			48.8116163165593	-15.843092414612
			48.8529820930987	-15.8017266380726
			48.8943478696382	-15.8017266380726
			48.9357136461777	-15.8017266380726
			48.9770794227171	-15.8017266380726
			49.0184451992566	-15.8017266380726
			49.059810975796	-15.8017266380726
			49.1011767523355	-15.8017266380726
			49.1425425288749	-15.7603608615331
			49.1839083054144	-15.7603608615331
			49.2252740819539	-15.7603608615331
			49.2666398584933	-15.7603608615331
			49.3080056350328	-15.7603608615331
			49.3493714115722	-15.7603608615331
			49.3907371881117	-15.7603608615331
			49.4321029646511	-15.7603608615331
			49.4734687411906	-15.7189950849937
			49.5148345177301	-15.7189950849937
			49.5562002942695	-15.7189950849937
			49.597566070809	-15.7189950849937
			49.6389318473484	-15.7189950849937
			49.6802976238879	-15.7189950849937
			49.7216634004273	-15.6776293084542
			49.7630291769668	-15.6776293084542
			49.8043949535063	-15.6776293084542
			49.8457607300457	-15.6776293084542
			49.8871265065852	-15.6776293084542
			49.9284922831246	-15.6776293084542
			49.9698580596641	-15.6362635319148
			50.0112238362035	-15.6362635319148
			50.052589612743	-15.6362635319148
			50.0939553892824	-15.6362635319148
			50.1353211658219	-15.6362635319148
			50.1766869423614	-15.5948977553753
			50.2180527189008	-15.5948977553753
			50.2594184954403	-15.5948977553753
			50.3007842719797	-15.5948977553753
			50.3421500485192	-15.5948977553753
			50.3835158250587	-15.5948977553753
			50.4248816015981	-15.5535319788358
			50.4662473781376	-15.5535319788358
			50.507613154677	-15.5535319788358
			50.5489789312165	-15.5535319788358
			50.5903447077559	-15.5535319788358
			50.6317104842954	-15.5121662022964
			50.6730762608348	-15.5121662022964
			50.7144420373743	-15.5121662022964
			50.7558078139138	-15.5121662022964
			50.7971735904532	-15.4708004257569
			50.8385393669927	-15.4708004257569
			50.8799051435321	-15.4708004257569
			50.9212709200716	-15.4708004257569
			50.962636696611	-15.4294346492175
			51.0040024731505	-15.4294346492175
			51.04536824969	-15.4294346492175
			51.0867340262294	-15.4294346492175
			51.1280998027689	-15.388068872678
			51.1694655793083	-15.388068872678
			51.2108313558478	-15.388068872678
			51.2521971323873	-15.388068872678
			51.2935629089267	-15.3467030961386
			51.3349286854662	-15.3467030961386
			51.3762944620056	-15.3467030961386
			51.4176602385451	-15.3053373195991
			51.4590260150845	-15.3053373195991
		</Snout_dorsal>
		<Dorsal_adipose type=matrix rownames=FALSE colnames=FALSE nrow=429 ncol=2 as.numeric=TRUE >
			51.4590260150845	-15.3053373195991
			51.500391791624	-15.3053373195991
			51.5417575681634	-15.3053373195991
			51.5831233447029	-15.3467030961386
			51.6244891212424	-15.3467030961386
			51.6658548977818	-15.3467030961386
			51.7072206743213	-15.3467030961386
			51.7485864508607	-15.3467030961386
			51.7899522274002	-15.3467030961386
			51.8313180039396	-15.388068872678
			51.8726837804791	-15.388068872678
			51.9140495570186	-15.388068872678
			51.955415333558	-15.388068872678
			51.9967811100975	-15.4294346492175
			52.0381468866369	-15.4294346492175
			52.0795126631764	-15.4294346492175
			52.1208784397158	-15.4294346492175
			52.1622442162553	-15.4294346492175
			52.2036099927948	-15.4294346492175
			52.2036099927948	-15.4708004257569
			52.2449757693342	-15.4708004257569
			52.2863415458737	-15.4708004257569
			52.3277073224131	-15.4708004257569
			52.3690730989526	-15.4708004257569
			52.410438875492	-15.4708004257569
			52.410438875492	-15.5121662022964
			52.4518046520315	-15.5121662022964
			52.493170428571	-15.5121662022964
			52.5345362051104	-15.5121662022964
			52.5759019816499	-15.5121662022964
			52.6172677581893	-15.5535319788358
			52.6586335347288	-15.5535319788358
			52.6999993112682	-15.5535319788358
			52.7413650878077	-15.5535319788358
			52.7827308643472	-15.5535319788358
			52.8240966408866	-15.5948977553753
			52.8654624174261	-15.5948977553753
			52.9068281939655	-15.5948977553753
			52.948193970505	-15.5948977553753
			52.9895597470444	-15.5948977553753
			53.0309255235839	-15.6362635319148
			53.0722913001234	-15.6362635319148
			53.1136570766628	-15.6362635319148
			53.1550228532023	-15.6362635319148
			53.1963886297417	-15.6776293084542
			53.2377544062812	-15.6776293084542
			53.2791201828206	-15.6776293084542
			53.3204859593601	-15.6776293084542
			53.3618517358996	-15.6776293084542
			53.403217512439	-15.7189950849937
			53.4445832889785	-15.7189950849937
			53.4859490655179	-15.7189950849937
			53.5273148420574	-15.7189950849937
			53.5686806185968	-15.7189950849937
			53.6100463951363	-15.7603608615331
			53.6514121716758	-15.7603608615331
			53.6927779482152	-15.7603608615331
			53.7341437247547	-15.7603608615331
			53.7755095012941	-15.7603608615331
			53.8168752778336	-15.8017266380726
			53.858241054373	-15.8017266380726
			53.8996068309125	-15.8017266380726
			53.940972607452	-15.8017266380726
			53.9823383839914	-15.843092414612
			54.0237041605309	-15.843092414612
			54.0650699370703	-15.843092414612
			54.1064357136098	-15.843092414612
			54.1478014901492	-15.8844581911515
			54.1891672666887	-15.8844581911515
			54.2305330432282	-15.8844581911515
			54.2718988197676	-15.8844581911515
			54.3132645963071	-15.925823967691
			54.3546303728465	-15.925823967691
			54.395996149386	-15.925823967691
			54.4373619259254	-15.925823967691
			54.4787277024649	-15.9671897442304
			54.5200934790044	-15.9671897442304
			54.5614592555438	-15.9671897442304
			54.6028250320833	-15.9671897442304
			54.6441908086227	-15.9671897442304
			54.6855565851622	-16.0085555207699
			54.7269223617016	-16.0085555207699
			54.7682881382411	-16.0085555207699
			54.8096539147806	-16.0085555207699
			54.85101969132	-16.0499212973093
			54.8923854678595	-16.0499212973093
			54.9337512443989	-16.0499212973093
			54.9751170209384	-16.0499212973093
			55.0164827974778	-16.0912870738488
			55.0578485740173	-16.0912870738488
			55.0992143505567	-16.0912870738488
			55.1405801270962	-16.0912870738488
			55.1819459036357	-16.1326528503882
			55.2233116801751	-16.1326528503882
			55.2646774567146	-16.1326528503882
			55.306043233254	-16.1326528503882
			55.3474090097935	-16.1740186269277
			55.388774786333	-16.1740186269277
			55.4301405628724	-16.1740186269277
			55.4715063394119	-16.1740186269277
			55.5128721159513	-16.2153844034672
			55.5542378924908	-16.2153844034672
			55.5956036690302	-16.2153844034672
			55.6369694455697	-16.2153844034672
			55.6783352221091	-16.2153844034672
			55.7197009986486	-16.2567501800066
			55.7610667751881	-16.2567501800066
			55.8024325517275	-16.2567501800066
			55.843798328267	-16.2567501800066
			55.8851641048064	-16.2981159565461
			55.9265298813459	-16.2981159565461
			55.9678956578854	-16.2981159565461
			56.0092614344248	-16.2981159565461
			56.0506272109643	-16.3394817330855
			56.0919929875037	-16.3394817330855
			56.1333587640432	-16.3394817330855
			56.1747245405826	-16.3394817330855
			56.2160903171221	-16.380847509625
			56.2574560936615	-16.380847509625
			56.298821870201	-16.380847509625
			56.3401876467405	-16.4222132861644
			56.3815534232799	-16.4222132861644
			56.4229191998194	-16.4222132861644
			56.4642849763588	-16.4222132861644
			56.5056507528983	-16.4635790627039
			56.5470165294377	-16.4635790627039
			56.5883823059772	-16.4635790627039
			56.6297480825167	-16.4635790627039
			56.6711138590561	-16.5049448392434
			56.7124796355956	-16.5049448392434
			56.753845412135	-16.5049448392434
			56.7952111886745	-16.5463106157828
			56.8365769652139	-16.5463106157828
			56.8779427417534	-16.5463106157828
			56.9193085182929	-16.5463106157828
			56.9606742948323	-16.5876763923223
			57.0020400713718	-16.5876763923223
			57.0434058479112	-16.5876763923223
			57.0847716244507	-16.5876763923223
			57.1261374009901	-16.6290421688617
			57.1675031775296	-16.6290421688617
			57.2088689540691	-16.6290421688617
			57.2502347306085	-16.6704079454012
			57.291600507148	-16.6704079454012
			57.3329662836874	-16.6704079454012
			57.3743320602269	-16.6704079454012
			57.4156978367663	-16.7117737219406
			57.4570636133058	-16.7117737219406
			57.4984293898453	-16.7117737219406
			57.5397951663847	-16.7531394984801
			57.5811609429242	-16.7531394984801
			57.6225267194636	-16.7531394984801
			57.6638924960031	-16.7531394984801
			57.7052582725425	-16.7945052750195
			57.746624049082	-16.7945052750195
			57.7879898256215	-16.7945052750195
			57.8293556021609	-16.7945052750195
			57.8707213787004	-16.835871051559
			57.9120871552398	-16.835871051559
			57.9534529317793	-16.835871051559
			57.9948187083187	-16.8772368280985
			58.0361844848582	-16.8772368280985
			58.0775502613977	-16.8772368280985
			58.1189160379371	-16.8772368280985
			58.1602818144766	-16.9186026046379
			58.201647591016	-16.9186026046379
			58.2430133675555	-16.9186026046379
			58.2843791440949	-16.9599683811774
			58.3257449206344	-16.9599683811774
			58.3671106971739	-16.9599683811774
			58.4084764737133	-16.9599683811774
			58.4498422502528	-17.0013341577168
			58.4912080267922	-17.0013341577168
			58.5325738033317	-17.0013341577168
			58.5739395798711	-17.0426999342563
			58.6153053564106	-17.0426999342563
			58.6566711329501	-17.0426999342563
			58.6980369094895	-17.0840657107957
			58.739402686029	-17.0840657107957
			58.7807684625684	-17.0840657107957
			58.8221342391079	-17.1254314873352
			58.8635000156473	-17.1254314873352
			58.9048657921868	-17.1254314873352
			58.9462315687263	-17.1254314873352
			58.9875973452657	-17.1667972638747
			59.0289631218052	-17.1667972638747
			59.0703288983446	-17.1667972638747
			59.1116946748841	-17.2081630404141
			59.1530604514235	-17.2081630404141
			59.194426227963	-17.2081630404141
			59.2357920045025	-17.2495288169536
			59.2771577810419	-17.2495288169536
			59.3185235575814	-17.2495288169536
			59.3598893341208	-17.290894593493
			59.4012551106603	-17.290894593493
			59.4426208871997	-17.290894593493
			59.4839866637392	-17.3322603700325
			59.5253524402787	-17.3322603700325
			59.5667182168181	-17.3322603700325
			59.6080839933576	-17.3736261465719
			59.649449769897	-17.3736261465719
			59.6908155464365	-17.3736261465719
			59.7321813229759	-17.3736261465719
			59.7735470995154	-17.4149919231114
			59.8149128760549	-17.4149919231114
			59.8562786525943	-17.4149919231114
			59.8976444291338	-17.4563576996509
			59.9390102056732	-17.4563576996509
			59.9803759822127	-17.4563576996509
			60.0217417587521	-17.4977234761903
			60.0631075352916	-17.4977234761903
			60.1044733118311	-17.4977234761903
			60.1458390883705	-17.5390892527298
			60.18720486491	-17.5390892527298
			60.2285706414494	-17.5390892527298
			60.2699364179889	-17.5804550292692
			60.3113021945283	-17.5804550292692
			60.3526679710678	-17.5804550292692
			60.3940337476073	-17.6218208058087
			60.4353995241467	-17.6218208058087
			60.4767653006862	-17.6218208058087
			60.5181310772256	-17.6218208058087
			60.5594968537651	-17.6218208058087
			60.6008626303045	-17.6631865823481
			60.642228406844	-17.6631865823481
			60.6835941833834	-17.6631865823481
			60.7249599599229	-17.6631865823481
			60.7663257364624	-17.6631865823481
			60.8076915130018	-17.6631865823481
			60.8490572895413	-17.7045523588876
			60.8904230660807	-17.7045523588876
			60.9317888426202	-17.7045523588876
			60.9731546191597	-17.7045523588876
			61.0145203956991	-17.7045523588876
			61.0558861722386	-17.7045523588876
			61.097251948778	-17.7045523588876
			61.1386177253175	-17.7459181354271
			61.1799835018569	-17.7459181354271
			61.2213492783964	-17.7459181354271
			61.2627150549358	-17.7459181354271
			61.3040808314753	-17.7459181354271
			61.3454466080148	-17.7459181354271
			61.3868123845542	-17.7872839119665
			61.4281781610937	-17.7872839119665
			61.4695439376331	-17.7872839119665
			61.5109097141726	-17.7872839119665
			61.552275490712	-17.7872839119665
			61.5936412672515	-17.7872839119665
			61.635007043791	-17.828649688506
			61.6763728203304	-17.828649688506
			61.7177385968699	-17.828649688506
			61.7591043734093	-17.828649688506
			61.8004701499488	-17.828649688506
			61.8418359264882	-17.828649688506
			61.8832017030277	-17.828649688506
			61.9245674795672	-17.8700154650454
			61.9659332561066	-17.8700154650454
			62.0072990326461	-17.8700154650454
			62.0486648091855	-17.8700154650454
			62.090030585725	-17.8700154650454
			62.1313963622644	-17.8700154650454
			62.1727621388039	-17.9113812415849
			62.2141279153434	-17.9113812415849
			62.2554936918828	-17.9113812415849
			62.2968594684223	-17.9113812415849
			62.3382252449617	-17.9113812415849
			62.3795910215012	-17.9113812415849
			62.4209567980406	-17.9527470181243
			62.4623225745801	-17.9527470181243
			62.5036883511196	-17.9527470181243
			62.545054127659	-17.9527470181243
			62.5864199041985	-17.9527470181243
			62.6277856807379	-17.9527470181243
			62.6691514572774	-17.9941127946638
			62.7105172338168	-17.9941127946638
			62.7518830103563	-17.9941127946638
			62.7932487868958	-17.9941127946638
			62.8346145634352	-17.9941127946638
			62.8759803399747	-18.0354785712033
			62.9173461165141	-18.0354785712033
			62.9587118930536	-18.0354785712033
			63.000077669593	-18.0354785712033
			63.0414434461325	-18.0354785712033
			63.082809222672	-18.0354785712033
			63.1241749992114	-18.0768443477427
			63.1655407757509	-18.0768443477427
			63.2069065522903	-18.0768443477427
			63.2482723288298	-18.0768443477427
			63.2896381053692	-18.0768443477427
			63.3310038819087	-18.0768443477427
			63.3723696584482	-18.1182101242822
			63.4137354349876	-18.1182101242822
			63.4551012115271	-18.1182101242822
			63.4964669880665	-18.1182101242822
			63.537832764606	-18.1182101242822
			63.5791985411454	-18.1595759008216
			63.6205643176849	-18.1595759008216
			63.6619300942244	-18.1595759008216
			63.7032958707638	-18.1595759008216
			63.7446616473033	-18.1595759008216
			63.7860274238427	-18.1595759008216
			63.8273932003822	-18.1595759008216
			63.8273932003822	-18.2009416773611
			63.8687589769216	-18.2009416773611
			63.9101247534611	-18.2009416773611
			63.9514905300006	-18.2009416773611
			63.99285630654	-18.2009416773611
			64.0342220830795	-18.2009416773611
			64.0755878596189	-18.2423074539005
			64.1169536361584	-18.2423074539005
			64.1583194126978	-18.2423074539005
			64.1996851892373	-18.2423074539005
			64.2410509657768	-18.2423074539005
			64.2824167423162	-18.28367323044
			64.3237825188557	-18.28367323044
			64.3651482953951	-18.28367323044
			64.4065140719346	-18.28367323044
			64.447879848474	-18.28367323044
			64.4892456250135	-18.28367323044
			64.4892456250135	-18.3250390069795
			64.5306114015529	-18.3250390069795
			64.5719771780924	-18.3250390069795
			64.6133429546319	-18.3250390069795
			64.6547087311713	-18.3250390069795
			64.6960745077108	-18.3250390069795
			64.7374402842502	-18.3664047835189
			64.7788060607897	-18.3664047835189
			64.8201718373292	-18.3664047835189
			64.8615376138686	-18.3664047835189
			64.9029033904081	-18.3664047835189
			64.9442691669475	-18.4077705600584
			64.985634943487	-18.4077705600584
			65.0270007200264	-18.4077705600584
			65.0683664965659	-18.4077705600584
			65.1097322731054	-18.4077705600584
			65.1510980496448	-18.4077705600584
			65.1924638261843	-18.4491363365978
			65.2338296027237	-18.4491363365978
			65.2751953792632	-18.4491363365978
			65.3165611558026	-18.4491363365978
			65.3579269323421	-18.4491363365978
			65.3992927088815	-18.4905021131373
			65.440658485421	-18.4905021131373
			65.4820242619605	-18.4905021131373
			65.5233900384999	-18.4905021131373
			65.5647558150394	-18.4905021131373
			65.6061215915788	-18.5318678896767
			65.6474873681183	-18.5318678896767
			65.6888531446577	-18.5318678896767
			65.7302189211972	-18.5318678896767
			65.7715846977367	-18.5318678896767
			65.8129504742761	-18.5732336662162
			65.8543162508156	-18.5732336662162
			65.895682027355	-18.5732336662162
			65.9370478038945	-18.5732336662162
			65.978413580434	-18.5732336662162
			66.0197793569734	-18.6145994427557
			66.0611451335129	-18.6145994427557
			66.1025109100523	-18.6145994427557
			66.1438766865918	-18.6145994427557
			66.1852424631312	-18.6145994427557
			66.2266082396707	-18.6145994427557
			66.2266082396707	-18.6559652192951
			66.2679740162101	-18.6559652192951
			66.3093397927496	-18.6559652192951
			66.3507055692891	-18.6559652192951
			66.3920713458285	-18.6559652192951
			66.433437122368	-18.6559652192951
			66.4748028989074	-18.6559652192951
			66.5161686754469	-18.6559652192951
			66.5575344519863	-18.6973309958346
			66.5989002285258	-18.6973309958346
			66.6402660050653	-18.6973309958346
			66.6816317816047	-18.6973309958346
			66.7229975581442	-18.6973309958346
			66.7643633346836	-18.6973309958346
			66.8057291112231	-18.6973309958346
			66.8470948877626	-18.6973309958346
			66.888460664302	-18.6973309958346
			66.9298264408415	-18.6973309958346
			66.9711922173809	-18.6973309958346
			66.9711922173809	-18.738696772374
			67.0125579939204	-18.738696772374
			67.0539237704598	-18.738696772374
			67.0952895469993	-18.738696772374
			67.1366553235387	-18.738696772374
			67.1780211000782	-18.738696772374
			67.2193868766177	-18.738696772374
			67.2607526531571	-18.738696772374
			67.3021184296966	-18.738696772374
			67.343484206236	-18.738696772374
			67.3848499827755	-18.738696772374
			67.4262157593149	-18.738696772374
			67.4675815358544	-18.738696772374
			67.5089473123939	-18.738696772374
			67.5503130889333	-18.738696772374
			67.5916788654728	-18.738696772374
			67.6330446420122	-18.738696772374
			67.6744104185517	-18.738696772374
			67.7157761950911	-18.738696772374
			67.7571419716306	-18.738696772374
			67.7985077481701	-18.738696772374
			67.8398735247095	-18.738696772374
			67.881239301249	-18.738696772374
			67.9226050777884	-18.738696772374
			67.9639708543279	-18.738696772374
			68.0053366308673	-18.738696772374
			68.0467024074068	-18.738696772374
			68.0880681839463	-18.738696772374
			68.1294339604857	-18.738696772374
			68.1707997370252	-18.738696772374
			68.2121655135646	-18.738696772374
			68.2535312901041	-18.738696772374
			68.2948970666435	-18.738696772374
			68.336262843183	-18.738696772374
			68.3776286197225	-18.738696772374
			68.4189943962619	-18.738696772374
			68.4603601728014	-18.738696772374
			68.5017259493408	-18.738696772374
			68.5430917258803	-18.738696772374
			68.5844575024197	-18.738696772374
			68.6258232789592	-18.6973309958346
			68.6671890554987	-18.6973309958346
			68.7085548320381	-18.6973309958346
			68.7499206085776	-18.6973309958346
			68.791286385117	-18.6973309958346
			68.8326521616565	-18.6973309958346
			68.8740179381959	-18.6973309958346
			68.9153837147354	-18.6973309958346
		</Dorsal_adipose>
		<Adipose_caudal type=matrix rownames=FALSE colnames=FALSE nrow=200 ncol=2 as.numeric=TRUE >
			68.9153837147354	-18.6973309958346
			68.9567494912748	-18.6973309958346
			68.9981152678143	-18.6973309958346
			69.0394810443538	-18.6973309958346
			69.0808468208932	-18.6973309958346
			69.1222125974327	-18.738696772374
			69.1635783739721	-18.738696772374
			69.2049441505116	-18.738696772374
			69.2463099270511	-18.738696772374
			69.2876757035905	-18.738696772374
			69.32904148013	-18.7800625489135
			69.3704072566694	-18.7800625489135
			69.4117730332089	-18.7800625489135
			69.4531388097483	-18.8214283254529
			69.4945045862878	-18.8214283254529
			69.5358703628273	-18.8214283254529
			69.5772361393667	-18.8627941019924
			69.6186019159062	-18.9041598785319
			69.6599676924456	-18.9455256550713
			69.7013334689851	-18.9455256550713
			69.7426992455245	-18.9868914316108
			69.784065022064	-19.0282572081502
			69.784065022064	-19.0696229846897
			69.8254307986034	-19.0696229846897
			69.8254307986034	-19.1109887612291
			69.8667965751429	-19.1523545377686
			69.8667965751429	-19.1937203143081
			69.9081623516824	-19.2350860908475
			69.9081623516824	-19.276451867387
			69.9495281282218	-19.3178176439264
			69.9495281282218	-19.3591834204659
			69.9908939047613	-19.3591834204659
			70.0322596813007	-19.4005491970053
			70.0736254578402	-19.4005491970053
			70.1149912343796	-19.4005491970053
			70.1563570109191	-19.4419149735448
			70.1977227874586	-19.4419149735448
			70.239088563998	-19.4419149735448
			70.2804543405375	-19.4419149735448
			70.3218201170769	-19.4832807500843
			70.3631858936164	-19.4832807500843
			70.4045516701559	-19.4832807500843
			70.4045516701559	-19.5246465266237
			70.4459174466953	-19.5246465266237
			70.4872832232348	-19.5246465266237
			70.5286489997742	-19.5246465266237
			70.5700147763137	-19.5660123031632
			70.6113805528531	-19.5660123031632
			70.6527463293926	-19.5660123031632
			70.694112105932	-19.6073780797026
			70.7354778824715	-19.6073780797026
			70.776843659011	-19.6073780797026
			70.8182094355504	-19.6487438562421
			70.8595752120899	-19.6487438562421
			70.9009409886293	-19.6487438562421
			70.9423067651688	-19.6901096327815
			70.9836725417082	-19.6901096327815
			71.0250383182477	-19.6901096327815
			71.0664040947872	-19.6901096327815
			71.1077698713266	-19.731475409321
			71.1491356478661	-19.731475409321
			71.1905014244055	-19.731475409321
			71.231867200945	-19.731475409321
			71.2732329774844	-19.7728411858605
			71.3145987540239	-19.7728411858605
			71.3559645305634	-19.7728411858605
			71.3973303071028	-19.8142069623999
			71.4386960836423	-19.8142069623999
			71.4800618601817	-19.8142069623999
			71.5214276367212	-19.8555727389394
			71.5627934132606	-19.8555727389394
			71.6041591898001	-19.8555727389394
			71.6455249663396	-19.8555727389394
			71.686890742879	-19.8969385154788
			71.7282565194185	-19.8969385154788
			71.7696222959579	-19.8969385154788
			71.8109880724974	-19.9383042920183
			71.8523538490368	-19.9383042920183
			71.8937196255763	-19.9383042920183
			71.9350854021158	-19.9383042920183
			71.9764511786552	-19.9796700685577
			72.0178169551947	-19.9796700685577
			72.0591827317341	-19.9796700685577
			72.1005485082736	-19.9796700685577
			72.141914284813	-20.0210358450972
			72.1832800613525	-20.0210358450972
			72.224645837892	-20.0210358450972
			72.2660116144314	-20.0210358450972
			72.3073773909709	-20.0624016216367
			72.3487431675103	-20.0624016216367
			72.3901089440498	-20.0624016216367
			72.4314747205893	-20.0624016216367
			72.4728404971287	-20.1037673981761
			72.5142062736682	-20.1037673981761
			72.5555720502076	-20.1037673981761
			72.5969378267471	-20.1037673981761
			72.6383036032865	-20.1451331747156
			72.679669379826	-20.1451331747156
			72.7210351563654	-20.1451331747156
			72.7624009329049	-20.186498951255
			72.8037667094444	-20.186498951255
			72.8451324859838	-20.186498951255
			72.8864982625233	-20.186498951255
			72.9278640390627	-20.2278647277945
			72.9692298156022	-20.2278647277945
			73.0105955921416	-20.2278647277945
			73.0519613686811	-20.2278647277945
			73.0933271452206	-20.2278647277945
			73.13469292176	-20.2692305043339
			73.1760586982995	-20.2692305043339
			73.2174244748389	-20.2692305043339
			73.2587902513784	-20.2692305043339
			73.3001560279178	-20.3105962808734
			73.3415218044573	-20.3105962808734
			73.3828875809968	-20.3105962808734
			73.4242533575362	-20.3105962808734
			73.4656191340757	-20.3519620574129
			73.5069849106151	-20.3519620574129
			73.5483506871546	-20.3519620574129
			73.589716463694	-20.3519620574129
			73.6310822402335	-20.3519620574129
			73.6724480167729	-20.3933278339523
			73.7138137933124	-20.3933278339523
			73.7551795698519	-20.3933278339523
			73.7965453463913	-20.3933278339523
			73.8379111229308	-20.3933278339523
			73.8792768994702	-20.4346936104918
			73.9206426760097	-20.4346936104918
			73.9620084525492	-20.4346936104918
			74.0033742290886	-20.4346936104918
			74.0447400056281	-20.4346936104918
			74.0447400056281	-20.4760593870312
			74.0861057821675	-20.4760593870312
			74.127471558707	-20.4760593870312
			74.1688373352464	-20.4760593870312
			74.2102031117859	-20.4760593870312
			74.2515688883254	-20.4760593870312
			74.2929346648648	-20.5174251635707
			74.3343004414043	-20.5174251635707
			74.3756662179437	-20.5174251635707
			74.4170319944832	-20.5174251635707
			74.4583977710226	-20.5174251635707
			74.4997635475621	-20.5587909401101
			74.5411293241015	-20.5587909401101
			74.582495100641	-20.5587909401101
			74.6238608771805	-20.5587909401101
			74.6652266537199	-20.5587909401101
			74.7065924302594	-20.5587909401101
			74.7479582067988	-20.6001567166496
			74.7893239833383	-20.6001567166496
			74.8306897598778	-20.6001567166496
			74.8720555364172	-20.6001567166496
			74.9134213129567	-20.6001567166496
			74.9547870894961	-20.6001567166496
			74.9961528660356	-20.6415224931891
			75.037518642575	-20.6415224931891
			75.0788844191145	-20.6415224931891
			75.120250195654	-20.6415224931891
			75.1616159721934	-20.6415224931891
			75.2029817487329	-20.6415224931891
			75.2443475252723	-20.6415224931891
			75.2857133018118	-20.6415224931891
			75.3270790783512	-20.6828882697285
			75.3684448548907	-20.6828882697285
			75.4098106314301	-20.6828882697285
			75.4511764079696	-20.6828882697285
			75.4925421845091	-20.6828882697285
			75.5339079610485	-20.6828882697285
			75.575273737588	-20.6828882697285
			75.6166395141274	-20.6415224931891
			75.6580052906669	-20.6415224931891
			75.6993710672063	-20.6415224931891
			75.7407368437458	-20.6415224931891
			75.7821026202853	-20.6415224931891
			75.8234683968247	-20.6415224931891
			75.8648341733642	-20.6415224931891
			75.9061999499036	-20.6415224931891
			75.9475657264431	-20.6415224931891
			75.9889315029826	-20.6415224931891
			76.030297279522	-20.6415224931891
			76.0716630560615	-20.6415224931891
			76.1130288326009	-20.6415224931891
			76.1543946091404	-20.6415224931891
			76.1957603856798	-20.6415224931891
			76.2371261622193	-20.6415224931891
			76.2784919387587	-20.6415224931891
			76.3198577152982	-20.6415224931891
			76.3612234918377	-20.6415224931891
			76.4025892683771	-20.6415224931891
			76.4439550449166	-20.6828882697285
			76.485320821456	-20.6828882697285
			76.5266865979955	-20.6828882697285
			76.5680523745349	-20.724254046268
			76.6094181510744	-20.724254046268
			76.6507839276139	-20.724254046268
			76.6921497041533	-20.7656198228074
			76.7335154806928	-20.7656198228074
			76.7748812572322	-20.8069855993469
			76.8162470337717	-20.8069855993469
			76.8576128103111	-20.8483513758863
		</Adipose_caudal>
		<Caudal_anal type=matrix rownames=FALSE colnames=FALSE nrow=357 ncol=2 as.numeric=TRUE >
			76.030297279522	-26.1431707729368
			75.9889315029826	-26.1431707729368
			75.9475657264431	-26.1431707729368
			75.9061999499036	-26.1431707729368
			75.8648341733642	-26.1431707729368
			75.8234683968247	-26.1431707729368
			75.7821026202853	-26.1431707729368
			75.7407368437458	-26.1018049963974
			75.6993710672063	-26.1018049963974
			75.6580052906669	-26.1018049963974
			75.6166395141274	-26.1018049963974
			75.575273737588	-26.1018049963974
			75.5339079610485	-26.0604392198579
			75.4925421845091	-26.0604392198579
			75.4511764079696	-26.0604392198579
			75.4098106314301	-26.0604392198579
			75.3684448548907	-26.0604392198579
			75.3270790783512	-26.0604392198579
			75.2857133018118	-26.0190734433185
			75.2443475252723	-26.0190734433185
			75.2029817487329	-26.0190734433185
			75.1616159721934	-26.0190734433185
			75.120250195654	-25.977707666779
			75.0788844191145	-25.977707666779
			75.037518642575	-25.977707666779
			74.9961528660356	-25.977707666779
			74.9547870894961	-25.9363418902396
			74.9134213129567	-25.9363418902396
			74.8720555364172	-25.9363418902396
			74.8306897598778	-25.9363418902396
			74.7893239833383	-25.8949761137001
			74.7479582067988	-25.8949761137001
			74.7065924302594	-25.8949761137001
			74.6652266537199	-25.8949761137001
			74.6652266537199	-25.8536103371606
			74.6238608771805	-25.8536103371606
			74.582495100641	-25.8536103371606
			74.5411293241015	-25.8536103371606
			74.4997635475621	-25.8122445606212
			74.4583977710226	-25.8122445606212
			74.4170319944832	-25.8122445606212
			74.3756662179437	-25.8122445606212
			74.3343004414043	-25.7708787840817
			74.2929346648648	-25.7708787840817
			74.2515688883254	-25.7708787840817
			74.2102031117859	-25.7708787840817
			74.1688373352464	-25.7708787840817
			74.127471558707	-25.7295130075423
			74.0861057821675	-25.7295130075423
			74.0447400056281	-25.7295130075423
			74.0033742290886	-25.7295130075423
			73.9620084525492	-25.7295130075423
			73.9206426760097	-25.7295130075423
			73.8792768994702	-25.7295130075423
			73.8379111229308	-25.7295130075423
			73.7965453463913	-25.7295130075423
			73.7551795698519	-25.6881472310028
			73.7138137933124	-25.6881472310028
			73.6724480167729	-25.6881472310028
			73.6310822402335	-25.6881472310028
			73.589716463694	-25.6881472310028
			73.5483506871546	-25.6881472310028
			73.5069849106151	-25.6881472310028
			73.4656191340757	-25.6881472310028
			73.4242533575362	-25.6881472310028
			73.3828875809968	-25.6881472310028
			73.3415218044573	-25.6467814544634
			73.3001560279178	-25.6467814544634
			73.2587902513784	-25.6467814544634
			73.2174244748389	-25.6467814544634
			73.1760586982995	-25.6467814544634
			73.13469292176	-25.6467814544634
			73.0933271452206	-25.6467814544634
			73.0519613686811	-25.6467814544634
			73.0105955921416	-25.6467814544634
			72.9692298156022	-25.6467814544634
			72.9278640390627	-25.6467814544634
			72.8864982625233	-25.6467814544634
			72.8864982625233	-25.6054156779239
			72.8451324859838	-25.6054156779239
			72.8037667094444	-25.6054156779239
			72.7624009329049	-25.6054156779239
			72.7210351563654	-25.6054156779239
			72.679669379826	-25.6054156779239
			72.6383036032865	-25.6054156779239
			72.5969378267471	-25.6054156779239
			72.5555720502076	-25.6054156779239
			72.5142062736682	-25.6054156779239
			72.4728404971287	-25.6054156779239
			72.4314747205893	-25.6054156779239
			72.3901089440498	-25.6054156779239
			72.3487431675103	-25.6054156779239
			72.3073773909709	-25.6054156779239
			72.2660116144314	-25.6054156779239
			72.224645837892	-25.5640499013844
			72.1832800613525	-25.5640499013844
			72.141914284813	-25.5640499013844
			72.1005485082736	-25.5640499013844
			72.0591827317341	-25.5640499013844
			72.0178169551947	-25.5640499013844
			71.9764511786552	-25.5640499013844
			71.9350854021158	-25.5640499013844
			71.8937196255763	-25.5640499013844
			71.8523538490368	-25.5640499013844
			71.8109880724974	-25.5640499013844
			71.7696222959579	-25.5640499013844
			71.7282565194185	-25.5640499013844
			71.686890742879	-25.5640499013844
			71.6455249663396	-25.5640499013844
			71.6041591898001	-25.5640499013844
			71.5627934132606	-25.5640499013844
			71.5214276367212	-25.5640499013844
			71.4800618601817	-25.5640499013844
			71.4386960836423	-25.5640499013844
			71.3973303071028	-25.5640499013844
			71.3559645305634	-25.5640499013844
			71.3145987540239	-25.5640499013844
			71.2732329774844	-25.5640499013844
			71.231867200945	-25.5640499013844
			71.1905014244055	-25.5640499013844
			71.1491356478661	-25.5640499013844
			71.1077698713266	-25.5640499013844
			71.0664040947872	-25.5640499013844
			71.0250383182477	-25.5640499013844
			70.9836725417082	-25.5640499013844
			70.9423067651688	-25.5640499013844
			70.9009409886293	-25.5640499013844
			70.8595752120899	-25.5640499013844
			70.8182094355504	-25.5640499013844
			70.776843659011	-25.5640499013844
			70.7354778824715	-25.5640499013844
			70.694112105932	-25.5640499013844
			70.6527463293926	-25.5640499013844
			70.6113805528531	-25.5640499013844
			70.5700147763137	-25.5640499013844
			70.5286489997742	-25.5640499013844
			70.4872832232348	-25.5640499013844
			70.4459174466953	-25.5640499013844
			70.4045516701559	-25.5640499013844
			70.3631858936164	-25.5640499013844
			70.3218201170769	-25.5640499013844
			70.2804543405375	-25.5640499013844
			70.239088563998	-25.5640499013844
			70.1977227874586	-25.5640499013844
			70.1563570109191	-25.5640499013844
			70.1149912343796	-25.5640499013844
			70.0736254578402	-25.5640499013844
			70.0322596813007	-25.5640499013844
			69.9908939047613	-25.5640499013844
			69.9495281282218	-25.5640499013844
			69.9081623516824	-25.5640499013844
			69.8667965751429	-25.5640499013844
			69.8254307986034	-25.5640499013844
			69.784065022064	-25.5640499013844
			69.7426992455245	-25.5640499013844
			69.7013334689851	-25.5640499013844
			69.6599676924456	-25.5640499013844
			69.6186019159062	-25.5640499013844
			69.5772361393667	-25.5640499013844
			69.5358703628273	-25.5640499013844
			69.4945045862878	-25.5640499013844
			69.4531388097483	-25.5640499013844
			69.4117730332089	-25.5640499013844
			69.3704072566694	-25.5640499013844
			69.32904148013	-25.6054156779239
			69.2876757035905	-25.6054156779239
			69.2463099270511	-25.6054156779239
			69.2049441505116	-25.6054156779239
			69.1635783739721	-25.6054156779239
			69.1222125974327	-25.6054156779239
			69.0808468208932	-25.6054156779239
			69.0394810443538	-25.6054156779239
			68.9981152678143	-25.6054156779239
			68.9567494912748	-25.6054156779239
			68.9153837147354	-25.6054156779239
			68.8740179381959	-25.6054156779239
			68.8326521616565	-25.6467814544634
			68.791286385117	-25.6467814544634
			68.7499206085776	-25.6467814544634
			68.7085548320381	-25.6467814544634
			68.6671890554987	-25.6467814544634
			68.6671890554987	-25.6881472310028
			68.6258232789592	-25.6881472310028
			68.5844575024197	-25.6881472310028
			68.5430917258803	-25.6881472310028
			68.5017259493408	-25.6881472310028
			68.4603601728014	-25.6881472310028
			68.4189943962619	-25.7295130075423
			68.3776286197225	-25.7295130075423
			68.336262843183	-25.7295130075423
			68.2948970666435	-25.7295130075423
			68.2535312901041	-25.7295130075423
			68.2121655135646	-25.7708787840817
			68.1707997370252	-25.7708787840817
			68.1294339604857	-25.7708787840817
			68.0880681839463	-25.7708787840817
			68.0467024074068	-25.7708787840817
			68.0053366308673	-25.7708787840817
			67.9639708543279	-25.8122445606212
			67.9226050777884	-25.8122445606212
			67.881239301249	-25.8122445606212
			67.8398735247095	-25.8122445606212
			67.7985077481701	-25.8122445606212
			67.7571419716306	-25.8536103371606
			67.7157761950911	-25.8536103371606
			67.6744104185517	-25.8536103371606
			67.6330446420122	-25.8536103371606
			67.5916788654728	-25.8536103371606
			67.5503130889333	-25.8536103371606
			67.5089473123939	-25.8949761137001
			67.4675815358544	-25.8949761137001
			67.4262157593149	-25.8949761137001
			67.3848499827755	-25.8949761137001
			67.343484206236	-25.8949761137001
			67.3021184296966	-25.8949761137001
			67.2607526531571	-25.9363418902396
			67.2193868766177	-25.9363418902396
			67.1780211000782	-25.9363418902396
			67.1366553235387	-25.9363418902396
			67.0952895469993	-25.9363418902396
			67.0539237704598	-25.977707666779
			67.0125579939204	-25.977707666779
			66.9711922173809	-25.977707666779
			66.9298264408415	-25.977707666779
			66.888460664302	-25.977707666779
			66.8470948877626	-25.977707666779
			66.8057291112231	-25.977707666779
			66.8057291112231	-26.0190734433185
			66.7643633346836	-26.0190734433185
			66.7229975581442	-26.0190734433185
			66.6816317816047	-26.0190734433185
			66.6402660050653	-26.0190734433185
			66.5989002285258	-26.0190734433185
			66.5575344519863	-26.0190734433185
			66.5161686754469	-26.0190734433185
			66.5161686754469	-26.0604392198579
			66.4748028989074	-26.0604392198579
			66.433437122368	-26.0604392198579
			66.3920713458285	-26.0604392198579
			66.3507055692891	-26.0604392198579
			66.3093397927496	-26.0604392198579
			66.2679740162101	-26.0604392198579
			66.2266082396707	-26.1018049963974
			66.1852424631312	-26.1018049963974
			66.1438766865918	-26.1018049963974
			66.1025109100523	-26.1018049963974
			66.0611451335129	-26.1018049963974
			66.0197793569734	-26.1018049963974
			65.978413580434	-26.1018049963974
			65.9370478038945	-26.1431707729368
			65.895682027355	-26.1431707729368
			65.8543162508156	-26.1431707729368
			65.8129504742761	-26.1431707729368
			65.7715846977367	-26.1431707729368
			65.7302189211972	-26.1431707729368
			65.6888531446577	-26.1431707729368
			65.6474873681183	-26.1845365494763
			65.6061215915788	-26.1845365494763
			65.5647558150394	-26.1845365494763
			65.5233900384999	-26.1845365494763
			65.4820242619605	-26.1845365494763
			65.440658485421	-26.1845365494763
			65.3992927088815	-26.1845365494763
			65.3579269323421	-26.2259023260158
			65.3165611558026	-26.2259023260158
			65.2751953792632	-26.2259023260158
			65.2338296027237	-26.2259023260158
			65.1924638261843	-26.2259023260158
			65.1510980496448	-26.2259023260158
			65.1097322731054	-26.2259023260158
			65.0683664965659	-26.2259023260158
			65.0270007200264	-26.2672681025552
			64.985634943487	-26.2672681025552
			64.9442691669475	-26.2672681025552
			64.9029033904081	-26.2672681025552
			64.8615376138686	-26.2672681025552
			64.8201718373292	-26.2672681025552
			64.7788060607897	-26.2672681025552
			64.7374402842502	-26.3086338790947
			64.6960745077108	-26.3086338790947
			64.6547087311713	-26.3086338790947
			64.6133429546319	-26.3086338790947
			64.5719771780924	-26.3086338790947
			64.5306114015529	-26.3086338790947
			64.4892456250135	-26.3086338790947
			64.447879848474	-26.3086338790947
			64.4065140719346	-26.3499996556341
			64.3651482953951	-26.3499996556341
			64.3237825188557	-26.3499996556341
			64.2824167423162	-26.3499996556341
			64.2410509657768	-26.3499996556341
			64.1996851892373	-26.3499996556341
			64.1583194126978	-26.3499996556341
			64.1169536361584	-26.3499996556341
			64.0755878596189	-26.3913654321736
			64.0342220830795	-26.3913654321736
			63.99285630654	-26.3913654321736
			63.9514905300006	-26.3913654321736
			63.9101247534611	-26.3913654321736
			63.8687589769216	-26.3913654321736
			63.8273932003822	-26.3913654321736
			63.7860274238427	-26.3913654321736
			63.7446616473033	-26.3913654321736
			63.7032958707638	-26.432731208713
			63.6619300942244	-26.432731208713
			63.6205643176849	-26.432731208713
			63.5791985411454	-26.432731208713
			63.537832764606	-26.432731208713
			63.4964669880665	-26.432731208713
			63.4551012115271	-26.432731208713
			63.4137354349876	-26.432731208713
			63.3723696584482	-26.432731208713
			63.3310038819087	-26.4740969852525
			63.2896381053692	-26.4740969852525
			63.2482723288298	-26.4740969852525
			63.2069065522903	-26.4740969852525
			63.1655407757509	-26.4740969852525
			63.1241749992114	-26.4740969852525
			63.082809222672	-26.4740969852525
			63.0414434461325	-26.4740969852525
			63.000077669593	-26.4740969852525
			62.9587118930536	-26.515462761792
			62.9173461165141	-26.515462761792
			62.8759803399747	-26.515462761792
			62.8346145634352	-26.515462761792
			62.7932487868958	-26.515462761792
			62.7518830103563	-26.515462761792
			62.7105172338168	-26.515462761792
			62.6691514572774	-26.515462761792
			62.6277856807379	-26.515462761792
			62.5864199041985	-26.515462761792
			62.545054127659	-26.5568285383314
			62.5036883511196	-26.5568285383314
			62.4623225745801	-26.5568285383314
			62.4209567980406	-26.5568285383314
			62.3795910215012	-26.5568285383314
			62.3382252449617	-26.5568285383314
			62.2968594684223	-26.5568285383314
			62.2554936918828	-26.5568285383314
			62.2141279153434	-26.5568285383314
			62.1727621388039	-26.5568285383314
			62.1313963622644	-26.5981943148709
			62.090030585725	-26.5981943148709
			62.0486648091855	-26.5981943148709
			62.0072990326461	-26.5981943148709
			61.9659332561066	-26.5981943148709
			61.9245674795672	-26.5981943148709
			61.8832017030277	-26.5981943148709
			61.8418359264882	-26.5981943148709
			61.8004701499488	-26.5981943148709
			61.7591043734093	-26.5981943148709
			61.7177385968699	-26.6395600914103
			61.6763728203304	-26.6395600914103
			61.635007043791	-26.6395600914103
			61.5936412672515	-26.6395600914103
			61.552275490712	-26.6395600914103
			61.5109097141726	-26.6395600914103
		</Caudal_anal>
	</curves.scaled>
	<ruler.points type=matrix rownames=TRUE colnames=FALSE nrow=3 ncol=2 as.numeric=TRUE >
		Ruler point 1	759	1092
		Ruler point 2	889	1108
		Ruler point 3	999	1121
	</ruler.points>
</shapes>

