<shapes type=list>
	<ruler.pixel type=vector names=FALSE length=1 as.numeric=TRUE >129.18978287774</ruler.pixel>
	<ruler.interval type=vector names=FALSE length=1 as.numeric=TRUE >5</ruler.interval>
	<scaling.units type=vector names=FALSE length=1 as.numeric=FALSE >mm</scaling.units>
	<scaling type=vector names=FALSE length=1 as.numeric=TRUE >0.038702751011911</scaling>
	<landmarks.pixel type=matrix rownames=TRUE colnames=FALSE nrow=11 ncol=2 as.numeric=TRUE >
		Anterior_eye	561	656
		Posterior_eye	657	657
		Posterior_Maxilla	706	752
		Anterior_Maxilla	537	674
		Dorsal_fin_insertion	969	530
		Adipose_fin_insertion	1272	575
		Dorsal_caudal	1425	598
		Ventral_caudal	1421	728
		Anal_fin_insertion	1156	762
		Pelvic_fin_insertion	986	766
		Pectoral_fin_insertion	821	741
	</landmarks.pixel>
	<landmarks.scaled type=matrix rownames=TRUE colnames=FALSE nrow=11 ncol=2 as.numeric=TRUE >
		Anterior_eye	21.7122433176821	-25.3890046638136
		Posterior_eye	25.4277074148255	-25.4277074148255
		Posterior_Maxilla	27.3241422144092	-29.1044687609571
		Anterior_Maxilla	20.7833772933962	-26.085654182028
		Dorsal_fin_insertion	37.5029657305418	-20.5124580363128
		Adipose_fin_insertion	49.2298992871508	-22.2540818318488
		Dorsal_caudal	55.1514201919732	-23.1442451051228
		Ventral_caudal	54.9966091879255	-28.1756027366712
		Anal_fin_insertion	44.7403801697691	-29.4914962710762
		Pelvic_fin_insertion	38.1609124977443	-29.6463072751238
		Pectoral_fin_insertion	31.7749585807789	-28.6787384998261
	</landmarks.scaled>
	<curves.control type=list>
		<Snout_dorsal type=matrix rownames=FALSE colnames=FALSE nrow=7 ncol=2 as.numeric=TRUE >
			537	674
			547	585
			628	552
			685	529
			829	535
			918	538
			969	530
		</Snout_dorsal>
		<Dorsal_adipose type=matrix rownames=FALSE colnames=FALSE nrow=5 ncol=2 as.numeric=TRUE >
			969	530
			1036	549
			1150	562
			1210	572
			1272	575
		</Dorsal_adipose>
		<Adipose_caudal type=matrix rownames=FALSE colnames=FALSE nrow=9 ncol=2 as.numeric=TRUE >
			1272	575
			1292	579
			1293	592
			1333	597
			1359	600
			1373	603
			1394	600
			1410	597
			1425	598
		</Adipose_caudal>
		<Caudal_anal type=matrix rownames=FALSE colnames=FALSE nrow=7 ncol=2 as.numeric=TRUE >
			1421	728
			1405	733
			1370	727
			1318	728
			1294	736
			1227	753
			1156	762
		</Caudal_anal>
	</curves.control>
	<curves.pixel type=list>
		<Snout_dorsal type=matrix rownames=FALSE colnames=FALSE nrow=493 ncol=2 as.numeric=TRUE >
			537	674
			537	673
			537	672
			537	671
			538	670
			538	669
			538	668
			538	667
			538	666
			538	665
			538	664
			539	663
			539	662
			539	661
			539	660
			539	659
			540	658
			540	657
			540	656
			540	655
			540	654
			541	653
			541	652
			541	651
			541	650
			542	649
			542	648
			542	647
			542	646
			543	645
			543	644
			543	643
			543	642
			544	641
			544	640
			544	639
			545	638
			545	637
			546	636
			546	635
			546	634
			546	633
			547	632
			547	631
			548	630
			548	629
			548	628
			549	627
			549	626
			550	625
			550	624
			550	623
			551	623
			551	622
			552	621
			552	620
			552	619
			553	618
			553	617
			554	616
			555	615
			555	614
			556	613
			556	612
			557	611
			557	610
			558	609
			559	608
			559	607
			560	606
			561	605
			561	604
			562	603
			562	602
			563	601
			564	600
			564	599
			565	599
			566	598
			566	597
			567	596
			568	595
			569	594
			569	593
			570	592
			571	592
			571	591
			572	590
			573	589
			574	588
			575	587
			576	586
			577	585
			578	584
			579	583
			580	582
			581	581
			582	580
			583	579
			584	578
			585	577
			586	577
			587	576
			588	575
			589	574
			590	573
			591	573
			591	572
			592	572
			593	571
			594	570
			595	570
			596	569
			597	569
			598	568
			598	567
			599	567
			600	566
			601	566
			602	565
			603	565
			604	564
			605	563
			606	562
			607	562
			608	562
			608	561
			609	561
			610	561
			610	560
			611	560
			612	560
			612	559
			613	559
			614	558
			615	558
			616	557
			617	557
			618	556
			619	556
			620	556
			621	555
			622	555
			622	554
			623	554
			624	554
			625	553
			626	553
			627	552
			628	552
			629	552
			630	551
			631	551
			632	550
			633	550
			634	550
			635	549
			636	549
			637	549
			638	548
			639	548
			640	548
			641	547
			642	547
			643	547
			644	547
			645	546
			646	546
			647	546
			648	545
			649	545
			650	545
			651	545
			652	545
			652	544
			653	544
			654	544
			655	544
			656	544
			657	543
			658	543
			659	543
			660	543
			661	542
			662	542
			663	542
			664	542
			665	542
			666	541
			667	541
			668	541
			669	541
			670	541
			671	541
			672	540
			673	540
			674	540
			675	540
			676	540
			677	540
			678	539
			679	539
			680	539
			681	539
			682	539
			683	539
			684	539
			685	539
			686	538
			687	538
			688	538
			689	538
			690	538
			691	538
			692	538
			693	538
			694	537
			695	537
			696	537
			697	537
			698	537
			699	537
			700	537
			701	537
			702	537
			703	537
			704	536
			705	536
			706	536
			707	536
			708	536
			709	536
			710	536
			711	536
			712	536
			713	536
			714	536
			715	536
			716	536
			717	535
			718	535
			719	535
			720	535
			721	535
			722	535
			723	535
			724	535
			725	535
			726	535
			727	535
			728	535
			729	535
			730	535
			731	535
			732	535
			733	535
			734	535
			735	535
			736	534
			737	534
			738	534
			739	534
			740	534
			741	534
			742	534
			743	534
			744	534
			745	534
			746	534
			747	534
			748	534
			749	534
			750	534
			751	534
			752	534
			753	534
			754	534
			755	534
			756	534
			757	534
			758	534
			759	534
			760	534
			761	534
			762	534
			763	534
			764	534
			765	534
			766	534
			767	534
			768	534
			769	534
			770	534
			771	534
			772	534
			773	534
			774	534
			775	534
			776	534
			777	534
			778	534
			779	534
			780	534
			781	534
			782	534
			783	534
			784	534
			785	534
			786	534
			787	534
			788	534
			789	534
			790	534
			791	534
			792	534
			793	534
			794	534
			795	534
			796	534
			797	534
			798	534
			799	534
			800	534
			801	534
			802	534
			803	534
			804	534
			805	534
			806	534
			807	534
			808	534
			809	534
			810	534
			811	534
			812	534
			813	534
			814	534
			815	534
			816	535
			817	535
			818	535
			819	535
			820	535
			821	535
			822	535
			823	535
			824	535
			825	535
			826	535
			827	535
			828	535
			829	535
			830	535
			831	535
			832	535
			833	535
			834	535
			835	535
			836	535
			837	535
			838	535
			839	535
			840	535
			841	535
			842	535
			843	535
			844	535
			845	535
			846	535
			847	536
			848	536
			849	536
			850	536
			851	536
			852	536
			853	536
			854	536
			855	536
			856	536
			857	536
			858	536
			859	536
			860	536
			861	536
			862	536
			863	536
			864	536
			865	536
			866	536
			867	536
			868	536
			869	536
			870	536
			871	536
			872	536
			873	536
			874	536
			875	536
			876	536
			877	536
			878	536
			879	536
			880	536
			881	536
			882	536
			883	536
			884	536
			885	536
			886	536
			887	536
			888	536
			889	536
			890	536
			891	536
			892	536
			893	536
			894	536
			895	536
			896	536
			897	536
			898	536
			899	536
			900	535
			901	535
			902	535
			903	535
			904	535
			905	535
			906	535
			907	535
			908	535
			909	535
			910	535
			911	535
			912	535
			913	535
			914	535
			915	535
			916	535
			917	535
			918	535
			919	535
			920	535
			921	535
			922	535
			923	535
			924	535
			925	534
			926	534
			927	534
			928	534
			929	534
			930	534
			931	534
			932	534
			933	534
			934	534
			935	534
			936	534
			937	534
			938	534
			939	533
			940	533
			941	533
			942	533
			943	533
			944	533
			945	533
			946	533
			947	533
			948	533
			949	533
			950	532
			951	532
			952	532
			953	532
			954	532
			955	532
			956	532
			957	532
			958	532
			958	531
			959	531
			960	531
			961	531
			962	531
			963	531
			964	531
			965	531
			966	530
			967	530
			968	530
			969	530
		</Snout_dorsal>
		<Dorsal_adipose type=matrix rownames=FALSE colnames=FALSE nrow=305 ncol=2 as.numeric=TRUE >
			969	530
			970	530
			971	530
			972	531
			973	531
			974	531
			975	532
			976	532
			977	532
			978	532
			978	533
			979	533
			980	533
			981	533
			982	534
			983	534
			984	534
			985	534
			986	534
			987	535
			988	535
			989	535
			990	536
			991	536
			992	536
			993	536
			994	537
			995	537
			996	537
			997	537
			998	538
			999	538
			1000	538
			1001	538
			1002	538
			1003	539
			1004	539
			1005	539
			1006	539
			1007	539
			1008	540
			1009	540
			1010	540
			1011	540
			1012	541
			1013	541
			1014	541
			1015	541
			1016	541
			1017	542
			1018	542
			1019	542
			1020	542
			1021	542
			1022	543
			1023	543
			1024	543
			1025	543
			1026	543
			1027	544
			1028	544
			1029	544
			1030	544
			1031	544
			1032	545
			1033	545
			1034	545
			1035	545
			1036	545
			1037	545
			1038	546
			1039	546
			1040	546
			1041	546
			1042	546
			1043	547
			1044	547
			1045	547
			1046	547
			1047	547
			1048	548
			1049	548
			1050	548
			1051	548
			1052	548
			1053	548
			1054	549
			1055	549
			1056	549
			1057	549
			1058	549
			1059	549
			1060	550
			1061	550
			1062	550
			1063	550
			1064	550
			1065	550
			1066	551
			1067	551
			1068	551
			1069	551
			1070	551
			1071	551
			1072	552
			1073	552
			1074	552
			1075	552
			1076	552
			1077	552
			1078	552
			1079	553
			1080	553
			1081	553
			1082	553
			1083	553
			1084	553
			1085	553
			1086	554
			1087	554
			1088	554
			1089	554
			1090	554
			1091	554
			1092	555
			1093	555
			1094	555
			1095	555
			1096	555
			1097	555
			1098	555
			1099	556
			1100	556
			1101	556
			1102	556
			1103	556
			1104	556
			1105	556
			1106	557
			1107	557
			1108	557
			1109	557
			1110	557
			1111	557
			1112	557
			1113	557
			1114	558
			1115	558
			1116	558
			1117	558
			1118	558
			1119	558
			1120	558
			1121	558
			1122	559
			1123	559
			1124	559
			1125	559
			1126	559
			1127	559
			1128	559
			1129	560
			1130	560
			1131	560
			1132	560
			1133	560
			1134	560
			1135	560
			1136	560
			1137	560
			1138	561
			1139	561
			1140	561
			1141	561
			1142	561
			1143	561
			1144	561
			1145	561
			1146	562
			1147	562
			1148	562
			1149	562
			1150	562
			1151	562
			1152	562
			1153	563
			1154	563
			1155	563
			1156	563
			1157	563
			1158	563
			1159	563
			1160	564
			1161	564
			1162	564
			1163	564
			1164	564
			1165	564
			1166	564
			1167	565
			1168	565
			1169	565
			1170	565
			1171	565
			1172	565
			1173	566
			1174	566
			1175	566
			1176	566
			1177	566
			1178	566
			1179	566
			1180	567
			1181	567
			1182	567
			1183	567
			1184	567
			1185	567
			1186	567
			1187	567
			1188	568
			1189	568
			1190	568
			1191	568
			1192	568
			1193	568
			1194	568
			1195	568
			1196	569
			1197	569
			1198	569
			1199	569
			1200	569
			1201	569
			1202	569
			1203	569
			1204	570
			1205	570
			1206	570
			1207	570
			1208	570
			1209	570
			1210	570
			1211	570
			1212	570
			1213	570
			1214	571
			1215	571
			1216	571
			1217	571
			1218	571
			1219	571
			1220	571
			1221	571
			1222	571
			1223	571
			1224	572
			1225	572
			1226	572
			1227	572
			1228	572
			1229	572
			1230	572
			1231	572
			1232	572
			1233	572
			1234	573
			1235	573
			1236	573
			1237	573
			1238	573
			1239	573
			1240	573
			1241	573
			1242	573
			1243	573
			1244	573
			1245	573
			1246	573
			1247	574
			1248	574
			1249	574
			1250	574
			1251	574
			1252	574
			1253	574
			1254	574
			1255	574
			1256	574
			1257	574
			1258	574
			1259	574
			1260	574
			1261	574
			1262	574
			1263	575
			1264	575
			1265	575
			1266	575
			1267	575
			1268	575
			1269	575
			1270	575
			1271	575
			1272	575
		</Dorsal_adipose>
		<Adipose_caudal type=matrix rownames=FALSE colnames=FALSE nrow=163 ncol=2 as.numeric=TRUE >
			1272	575
			1273	575
			1274	575
			1275	576
			1276	576
			1277	576
			1278	576
			1278	577
			1279	577
			1280	577
			1281	578
			1282	578
			1283	579
			1284	579
			1285	579
			1285	580
			1286	580
			1287	581
			1288	582
			1289	583
			1290	584
			1291	585
			1291	586
			1292	587
			1292	588
			1293	589
			1293	590
			1293	591
			1294	592
			1295	592
			1296	592
			1297	592
			1297	593
			1298	593
			1299	593
			1300	593
			1301	593
			1302	593
			1303	593
			1304	593
			1305	594
			1306	594
			1307	594
			1308	594
			1309	594
			1310	594
			1311	594
			1312	594
			1313	594
			1314	595
			1315	595
			1316	595
			1317	595
			1318	595
			1319	595
			1320	595
			1321	595
			1322	596
			1323	596
			1324	596
			1325	596
			1326	596
			1327	596
			1328	596
			1329	596
			1330	597
			1331	597
			1332	597
			1333	597
			1334	597
			1335	597
			1336	597
			1337	597
			1338	598
			1339	598
			1340	598
			1341	598
			1342	598
			1343	598
			1344	598
			1345	598
			1346	599
			1347	599
			1348	599
			1349	599
			1350	599
			1351	599
			1352	599
			1353	599
			1354	599
			1355	599
			1355	600
			1356	600
			1357	600
			1358	600
			1359	600
			1360	600
			1361	600
			1362	601
			1363	601
			1364	601
			1365	601
			1366	601
			1367	601
			1368	601
			1369	601
			1370	601
			1371	601
			1372	601
			1373	601
			1374	601
			1375	601
			1376	601
			1377	601
			1378	601
			1379	601
			1380	601
			1381	601
			1382	601
			1383	601
			1384	601
			1385	601
			1386	601
			1387	601
			1388	601
			1389	601
			1390	601
			1391	600
			1392	600
			1393	600
			1394	600
			1395	600
			1396	600
			1397	600
			1397	599
			1398	599
			1399	599
			1400	599
			1401	599
			1402	599
			1403	599
			1404	599
			1405	598
			1406	598
			1407	598
			1408	598
			1409	598
			1410	598
			1411	598
			1412	598
			1413	598
			1414	598
			1415	598
			1416	598
			1417	598
			1418	598
			1419	598
			1420	598
			1421	598
			1422	598
			1423	598
			1424	598
			1425	598
		</Adipose_caudal>
		<Caudal_anal type=matrix rownames=FALSE colnames=FALSE nrow=268 ncol=2 as.numeric=TRUE >
			1421	728
			1420	728
			1419	729
			1418	729
			1417	729
			1416	729
			1415	729
			1414	730
			1413	730
			1412	730
			1411	730
			1410	730
			1409	730
			1408	730
			1407	730
			1406	730
			1405	730
			1404	730
			1403	730
			1402	730
			1401	730
			1400	730
			1399	730
			1398	730
			1397	730
			1396	730
			1395	730
			1394	730
			1393	730
			1392	730
			1391	730
			1390	730
			1389	730
			1388	730
			1387	729
			1386	729
			1385	729
			1384	729
			1383	729
			1382	729
			1381	729
			1380	729
			1379	728
			1378	728
			1377	728
			1376	728
			1375	728
			1374	728
			1373	728
			1372	727
			1371	727
			1370	727
			1369	727
			1368	727
			1367	727
			1366	727
			1365	727
			1364	727
			1363	727
			1362	727
			1361	727
			1360	727
			1359	727
			1358	727
			1357	727
			1356	727
			1355	727
			1354	728
			1353	728
			1352	728
			1351	728
			1350	728
			1349	728
			1348	728
			1347	728
			1346	728
			1345	728
			1344	728
			1343	728
			1342	728
			1341	728
			1340	728
			1339	728
			1338	729
			1337	729
			1336	729
			1335	729
			1334	729
			1333	729
			1332	729
			1331	729
			1330	729
			1329	729
			1328	729
			1327	730
			1326	730
			1325	730
			1324	730
			1323	730
			1322	730
			1321	730
			1320	730
			1319	731
			1318	731
			1317	731
			1316	731
			1315	731
			1314	731
			1313	732
			1312	732
			1311	732
			1310	732
			1309	732
			1308	732
			1307	733
			1306	733
			1305	733
			1304	733
			1303	733
			1302	734
			1301	734
			1300	734
			1299	735
			1298	735
			1297	735
			1296	735
			1295	736
			1294	736
			1293	736
			1292	736
			1291	737
			1290	737
			1289	737
			1288	738
			1287	738
			1286	738
			1285	738
			1284	738
			1284	739
			1283	739
			1282	739
			1281	739
			1280	740
			1279	740
			1278	740
			1277	740
			1276	740
			1275	741
			1274	741
			1273	741
			1272	741
			1271	742
			1270	742
			1269	742
			1268	742
			1267	742
			1266	743
			1265	743
			1264	743
			1263	743
			1262	744
			1261	744
			1260	744
			1259	744
			1258	744
			1258	745
			1257	745
			1256	745
			1255	745
			1254	745
			1253	746
			1252	746
			1251	746
			1250	746
			1249	746
			1248	747
			1247	747
			1246	747
			1245	747
			1244	747
			1243	748
			1242	748
			1241	748
			1240	748
			1239	748
			1238	749
			1237	749
			1236	749
			1235	749
			1234	749
			1233	750
			1232	750
			1231	750
			1230	750
			1229	750
			1228	751
			1227	751
			1226	751
			1225	751
			1224	751
			1223	752
			1222	752
			1221	752
			1220	752
			1219	752
			1218	752
			1217	753
			1216	753
			1215	753
			1214	753
			1213	753
			1212	754
			1211	754
			1210	754
			1209	754
			1208	754
			1207	754
			1206	755
			1205	755
			1204	755
			1203	755
			1202	755
			1201	755
			1200	756
			1199	756
			1198	756
			1197	756
			1196	756
			1195	756
			1194	757
			1193	757
			1192	757
			1191	757
			1190	757
			1189	757
			1188	757
			1187	758
			1186	758
			1185	758
			1184	758
			1183	758
			1182	758
			1181	759
			1180	759
			1179	759
			1178	759
			1177	759
			1176	759
			1175	759
			1174	760
			1173	760
			1172	760
			1171	760
			1170	760
			1169	760
			1168	760
			1167	761
			1166	761
			1165	761
			1164	761
			1163	761
			1162	761
			1161	761
			1160	762
			1159	762
			1158	762
			1157	762
			1156	762
		</Caudal_anal>
	</curves.pixel>
	<curves.scaled type=list>
		<Snout_dorsal type=matrix rownames=FALSE colnames=FALSE nrow=493 ncol=2 as.numeric=TRUE >
			20.7833772933962	-26.085654182028
			20.7833772933962	-26.0469514310161
			20.7833772933962	-26.0082486800042
			20.7833772933962	-25.9695459289923
			20.8220800444081	-25.9308431779804
			20.8220800444081	-25.8921404269685
			20.8220800444081	-25.8534376759566
			20.8220800444081	-25.8147349249446
			20.8220800444081	-25.7760321739327
			20.8220800444081	-25.7373294229208
			20.8220800444081	-25.6986266719089
			20.86078279542	-25.659923920897
			20.86078279542	-25.6212211698851
			20.86078279542	-25.5825184188732
			20.86078279542	-25.5438156678613
			20.86078279542	-25.5051129168494
			20.8994855464319	-25.4664101658374
			20.8994855464319	-25.4277074148255
			20.8994855464319	-25.3890046638136
			20.8994855464319	-25.3503019128017
			20.8994855464319	-25.3115991617898
			20.9381882974439	-25.2728964107779
			20.9381882974439	-25.234193659766
			20.9381882974439	-25.1954909087541
			20.9381882974439	-25.1567881577422
			20.9768910484558	-25.1180854067302
			20.9768910484558	-25.0793826557183
			20.9768910484558	-25.0406799047064
			20.9768910484558	-25.0019771536945
			21.0155937994677	-24.9632744026826
			21.0155937994677	-24.9245716516707
			21.0155937994677	-24.8858689006588
			21.0155937994677	-24.8471661496469
			21.0542965504796	-24.808463398635
			21.0542965504796	-24.769760647623
			21.0542965504796	-24.7310578966111
			21.0929993014915	-24.6923551455992
			21.0929993014915	-24.6536523945873
			21.1317020525034	-24.6149496435754
			21.1317020525034	-24.5762468925635
			21.1317020525034	-24.5375441415516
			21.1317020525034	-24.4988413905397
			21.1704048035153	-24.4601386395278
			21.1704048035153	-24.4214358885158
			21.2091075545272	-24.3827331375039
			21.2091075545272	-24.344030386492
			21.2091075545272	-24.3053276354801
			21.2478103055391	-24.2666248844682
			21.2478103055391	-24.2279221334563
			21.2865130565511	-24.1892193824444
			21.2865130565511	-24.1505166314325
			21.2865130565511	-24.1118138804206
			21.325215807563	-24.1118138804206
			21.325215807563	-24.0731111294086
			21.3639185585749	-24.0344083783967
			21.3639185585749	-23.9957056273848
			21.3639185585749	-23.9570028763729
			21.4026213095868	-23.918300125361
			21.4026213095868	-23.8795973743491
			21.4413240605987	-23.8408946233372
			21.4800268116106	-23.8021918723253
			21.4800268116106	-23.7634891213134
			21.5187295626225	-23.7247863703014
			21.5187295626225	-23.6860836192895
			21.5574323136344	-23.6473808682776
			21.5574323136344	-23.6086781172657
			21.5961350646463	-23.5699753662538
			21.6348378156583	-23.5312726152419
			21.6348378156583	-23.49256986423
			21.6735405666702	-23.4538671132181
			21.7122433176821	-23.4151643622062
			21.7122433176821	-23.3764616111942
			21.750946068694	-23.3377588601823
			21.750946068694	-23.2990561091704
			21.7896488197059	-23.2603533581585
			21.8283515707178	-23.2216506071466
			21.8283515707178	-23.1829478561347
			21.8670543217297	-23.1829478561347
			21.9057570727416	-23.1442451051228
			21.9057570727416	-23.1055423541109
			21.9444598237535	-23.066839603099
			21.9831625747655	-23.028136852087
			22.0218653257774	-22.9894341010751
			22.0218653257774	-22.9507313500632
			22.0605680767893	-22.9120285990513
			22.0992708278012	-22.9120285990513
			22.0992708278012	-22.8733258480394
			22.1379735788131	-22.8346230970275
			22.176676329825	-22.7959203460156
			22.2153790808369	-22.7572175950037
			22.2540818318488	-22.7185148439918
			22.2927845828607	-22.6798120929799
			22.3314873338727	-22.6411093419679
			22.3701900848846	-22.602406590956
			22.4088928358965	-22.5637038399441
			22.4475955869084	-22.5250010889322
			22.4862983379203	-22.4862983379203
			22.5250010889322	-22.4475955869084
			22.5637038399441	-22.4088928358965
			22.602406590956	-22.3701900848846
			22.6411093419679	-22.3314873338727
			22.6798120929799	-22.3314873338727
			22.7185148439918	-22.2927845828607
			22.7572175950037	-22.2540818318488
			22.7959203460156	-22.2153790808369
			22.8346230970275	-22.176676329825
			22.8733258480394	-22.176676329825
			22.8733258480394	-22.1379735788131
			22.9120285990513	-22.1379735788131
			22.9507313500632	-22.0992708278012
			22.9894341010751	-22.0605680767893
			23.028136852087	-22.0605680767893
			23.066839603099	-22.0218653257774
			23.1055423541109	-22.0218653257774
			23.1442451051228	-21.9831625747655
			23.1442451051228	-21.9444598237535
			23.1829478561347	-21.9444598237535
			23.2216506071466	-21.9057570727416
			23.2603533581585	-21.9057570727416
			23.2990561091704	-21.8670543217297
			23.3377588601823	-21.8670543217297
			23.3764616111942	-21.8283515707178
			23.4151643622062	-21.7896488197059
			23.4538671132181	-21.750946068694
			23.49256986423	-21.750946068694
			23.5312726152419	-21.750946068694
			23.5312726152419	-21.7122433176821
			23.5699753662538	-21.7122433176821
			23.6086781172657	-21.7122433176821
			23.6086781172657	-21.6735405666702
			23.6473808682776	-21.6735405666702
			23.6860836192895	-21.6735405666702
			23.6860836192895	-21.6348378156583
			23.7247863703014	-21.6348378156583
			23.7634891213134	-21.5961350646463
			23.8021918723253	-21.5961350646463
			23.8408946233372	-21.5574323136344
			23.8795973743491	-21.5574323136344
			23.918300125361	-21.5187295626225
			23.9570028763729	-21.5187295626225
			23.9957056273848	-21.5187295626225
			24.0344083783967	-21.4800268116106
			24.0731111294086	-21.4800268116106
			24.0731111294086	-21.4413240605987
			24.1118138804206	-21.4413240605987
			24.1505166314325	-21.4413240605987
			24.1892193824444	-21.4026213095868
			24.2279221334563	-21.4026213095868
			24.2666248844682	-21.3639185585749
			24.3053276354801	-21.3639185585749
			24.344030386492	-21.3639185585749
			24.3827331375039	-21.325215807563
			24.4214358885158	-21.325215807563
			24.4601386395278	-21.2865130565511
			24.4988413905397	-21.2865130565511
			24.5375441415516	-21.2865130565511
			24.5762468925635	-21.2478103055391
			24.6149496435754	-21.2478103055391
			24.6536523945873	-21.2478103055391
			24.6923551455992	-21.2091075545272
			24.7310578966111	-21.2091075545272
			24.769760647623	-21.2091075545272
			24.808463398635	-21.1704048035153
			24.8471661496469	-21.1704048035153
			24.8858689006588	-21.1704048035153
			24.9245716516707	-21.1704048035153
			24.9632744026826	-21.1317020525034
			25.0019771536945	-21.1317020525034
			25.0406799047064	-21.1317020525034
			25.0793826557183	-21.0929993014915
			25.1180854067302	-21.0929993014915
			25.1567881577422	-21.0929993014915
			25.1954909087541	-21.0929993014915
			25.234193659766	-21.0929993014915
			25.234193659766	-21.0542965504796
			25.2728964107779	-21.0542965504796
			25.3115991617898	-21.0542965504796
			25.3503019128017	-21.0542965504796
			25.3890046638136	-21.0542965504796
			25.4277074148255	-21.0155937994677
			25.4664101658374	-21.0155937994677
			25.5051129168494	-21.0155937994677
			25.5438156678613	-21.0155937994677
			25.5825184188732	-20.9768910484558
			25.6212211698851	-20.9768910484558
			25.659923920897	-20.9768910484558
			25.6986266719089	-20.9768910484558
			25.7373294229208	-20.9768910484558
			25.7760321739327	-20.9381882974439
			25.8147349249446	-20.9381882974439
			25.8534376759566	-20.9381882974439
			25.8921404269685	-20.9381882974439
			25.9308431779804	-20.9381882974439
			25.9695459289923	-20.9381882974439
			26.0082486800042	-20.8994855464319
			26.0469514310161	-20.8994855464319
			26.085654182028	-20.8994855464319
			26.1243569330399	-20.8994855464319
			26.1630596840518	-20.8994855464319
			26.2017624350638	-20.8994855464319
			26.2404651860757	-20.86078279542
			26.2791679370876	-20.86078279542
			26.3178706880995	-20.86078279542
			26.3565734391114	-20.86078279542
			26.3952761901233	-20.86078279542
			26.4339789411352	-20.86078279542
			26.4726816921471	-20.86078279542
			26.511384443159	-20.86078279542
			26.550087194171	-20.8220800444081
			26.5887899451829	-20.8220800444081
			26.6274926961948	-20.8220800444081
			26.6661954472067	-20.8220800444081
			26.7048981982186	-20.8220800444081
			26.7436009492305	-20.8220800444081
			26.7823037002424	-20.8220800444081
			26.8210064512543	-20.8220800444081
			26.8597092022662	-20.7833772933962
			26.8984119532781	-20.7833772933962
			26.9371147042901	-20.7833772933962
			26.975817455302	-20.7833772933962
			27.0145202063139	-20.7833772933962
			27.0532229573258	-20.7833772933962
			27.0919257083377	-20.7833772933962
			27.1306284593496	-20.7833772933962
			27.1693312103615	-20.7833772933962
			27.2080339613734	-20.7833772933962
			27.2467367123853	-20.7446745423843
			27.2854394633973	-20.7446745423843
			27.3241422144092	-20.7446745423843
			27.3628449654211	-20.7446745423843
			27.401547716433	-20.7446745423843
			27.4402504674449	-20.7446745423843
			27.4789532184568	-20.7446745423843
			27.5176559694687	-20.7446745423843
			27.5563587204806	-20.7446745423843
			27.5950614714925	-20.7446745423843
			27.6337642225045	-20.7446745423843
			27.6724669735164	-20.7446745423843
			27.7111697245283	-20.7446745423843
			27.7498724755402	-20.7059717913724
			27.7885752265521	-20.7059717913724
			27.827277977564	-20.7059717913724
			27.8659807285759	-20.7059717913724
			27.9046834795878	-20.7059717913724
			27.9433862305997	-20.7059717913724
			27.9820889816117	-20.7059717913724
			28.0207917326236	-20.7059717913724
			28.0594944836355	-20.7059717913724
			28.0981972346474	-20.7059717913724
			28.1368999856593	-20.7059717913724
			28.1756027366712	-20.7059717913724
			28.2143054876831	-20.7059717913724
			28.253008238695	-20.7059717913724
			28.2917109897069	-20.7059717913724
			28.3304137407189	-20.7059717913724
			28.3691164917308	-20.7059717913724
			28.4078192427427	-20.7059717913724
			28.4465219937546	-20.7059717913724
			28.4852247447665	-20.6672690403605
			28.5239274957784	-20.6672690403605
			28.5626302467903	-20.6672690403605
			28.6013329978022	-20.6672690403605
			28.6400357488141	-20.6672690403605
			28.6787384998261	-20.6672690403605
			28.717441250838	-20.6672690403605
			28.7561440018499	-20.6672690403605
			28.7948467528618	-20.6672690403605
			28.8335495038737	-20.6672690403605
			28.8722522548856	-20.6672690403605
			28.9109550058975	-20.6672690403605
			28.9496577569094	-20.6672690403605
			28.9883605079213	-20.6672690403605
			29.0270632589333	-20.6672690403605
			29.0657660099452	-20.6672690403605
			29.1044687609571	-20.6672690403605
			29.143171511969	-20.6672690403605
			29.1818742629809	-20.6672690403605
			29.2205770139928	-20.6672690403605
			29.2592797650047	-20.6672690403605
			29.2979825160166	-20.6672690403605
			29.3366852670285	-20.6672690403605
			29.3753880180405	-20.6672690403605
			29.4140907690524	-20.6672690403605
			29.4527935200643	-20.6672690403605
			29.4914962710762	-20.6672690403605
			29.5301990220881	-20.6672690403605
			29.5689017731	-20.6672690403605
			29.6076045241119	-20.6672690403605
			29.6463072751238	-20.6672690403605
			29.6850100261357	-20.6672690403605
			29.7237127771477	-20.6672690403605
			29.7624155281596	-20.6672690403605
			29.8011182791715	-20.6672690403605
			29.8398210301834	-20.6672690403605
			29.8785237811953	-20.6672690403605
			29.9172265322072	-20.6672690403605
			29.9559292832191	-20.6672690403605
			29.994632034231	-20.6672690403605
			30.0333347852429	-20.6672690403605
			30.0720375362549	-20.6672690403605
			30.1107402872668	-20.6672690403605
			30.1494430382787	-20.6672690403605
			30.1881457892906	-20.6672690403605
			30.2268485403025	-20.6672690403605
			30.2655512913144	-20.6672690403605
			30.3042540423263	-20.6672690403605
			30.3429567933382	-20.6672690403605
			30.3816595443501	-20.6672690403605
			30.4203622953621	-20.6672690403605
			30.459065046374	-20.6672690403605
			30.4977677973859	-20.6672690403605
			30.5364705483978	-20.6672690403605
			30.5751732994097	-20.6672690403605
			30.6138760504216	-20.6672690403605
			30.6525788014335	-20.6672690403605
			30.6912815524454	-20.6672690403605
			30.7299843034573	-20.6672690403605
			30.7686870544693	-20.6672690403605
			30.8073898054812	-20.6672690403605
			30.8460925564931	-20.6672690403605
			30.884795307505	-20.6672690403605
			30.9234980585169	-20.6672690403605
			30.9622008095288	-20.6672690403605
			31.0009035605407	-20.6672690403605
			31.0396063115526	-20.6672690403605
			31.0783090625645	-20.6672690403605
			31.1170118135765	-20.6672690403605
			31.1557145645884	-20.6672690403605
			31.1944173156003	-20.6672690403605
			31.2331200666122	-20.6672690403605
			31.2718228176241	-20.6672690403605
			31.310525568636	-20.6672690403605
			31.3492283196479	-20.6672690403605
			31.3879310706598	-20.6672690403605
			31.4266338216717	-20.6672690403605
			31.4653365726837	-20.6672690403605
			31.5040393236956	-20.6672690403605
			31.5427420747075	-20.6672690403605
			31.5814448257194	-20.7059717913724
			31.6201475767313	-20.7059717913724
			31.6588503277432	-20.7059717913724
			31.6975530787551	-20.7059717913724
			31.736255829767	-20.7059717913724
			31.7749585807789	-20.7059717913724
			31.8136613317908	-20.7059717913724
			31.8523640828028	-20.7059717913724
			31.8910668338147	-20.7059717913724
			31.9297695848266	-20.7059717913724
			31.9684723358385	-20.7059717913724
			32.0071750868504	-20.7059717913724
			32.0458778378623	-20.7059717913724
			32.0845805888742	-20.7059717913724
			32.1232833398861	-20.7059717913724
			32.161986090898	-20.7059717913724
			32.20068884191	-20.7059717913724
			32.2393915929219	-20.7059717913724
			32.2780943439338	-20.7059717913724
			32.3167970949457	-20.7059717913724
			32.3554998459576	-20.7059717913724
			32.3942025969695	-20.7059717913724
			32.4329053479814	-20.7059717913724
			32.4716080989933	-20.7059717913724
			32.5103108500052	-20.7059717913724
			32.5490136010172	-20.7059717913724
			32.5877163520291	-20.7059717913724
			32.626419103041	-20.7059717913724
			32.6651218540529	-20.7059717913724
			32.7038246050648	-20.7059717913724
			32.7425273560767	-20.7059717913724
			32.7812301070886	-20.7446745423843
			32.8199328581005	-20.7446745423843
			32.8586356091124	-20.7446745423843
			32.8973383601244	-20.7446745423843
			32.9360411111363	-20.7446745423843
			32.9747438621482	-20.7446745423843
			33.0134466131601	-20.7446745423843
			33.052149364172	-20.7446745423843
			33.0908521151839	-20.7446745423843
			33.1295548661958	-20.7446745423843
			33.1682576172077	-20.7446745423843
			33.2069603682196	-20.7446745423843
			33.2456631192316	-20.7446745423843
			33.2843658702435	-20.7446745423843
			33.3230686212554	-20.7446745423843
			33.3617713722673	-20.7446745423843
			33.4004741232792	-20.7446745423843
			33.4391768742911	-20.7446745423843
			33.477879625303	-20.7446745423843
			33.5165823763149	-20.7446745423843
			33.5552851273268	-20.7446745423843
			33.5939878783388	-20.7446745423843
			33.6326906293507	-20.7446745423843
			33.6713933803626	-20.7446745423843
			33.7100961313745	-20.7446745423843
			33.7487988823864	-20.7446745423843
			33.7875016333983	-20.7446745423843
			33.8262043844102	-20.7446745423843
			33.8649071354221	-20.7446745423843
			33.903609886434	-20.7446745423843
			33.942312637446	-20.7446745423843
			33.9810153884579	-20.7446745423843
			34.0197181394698	-20.7446745423843
			34.0584208904817	-20.7446745423843
			34.0971236414936	-20.7446745423843
			34.1358263925055	-20.7446745423843
			34.1745291435174	-20.7446745423843
			34.2132318945293	-20.7446745423843
			34.2519346455412	-20.7446745423843
			34.2906373965532	-20.7446745423843
			34.3293401475651	-20.7446745423843
			34.368042898577	-20.7446745423843
			34.4067456495889	-20.7446745423843
			34.4454484006008	-20.7446745423843
			34.4841511516127	-20.7446745423843
			34.5228539026246	-20.7446745423843
			34.5615566536365	-20.7446745423843
			34.6002594046484	-20.7446745423843
			34.6389621556604	-20.7446745423843
			34.6776649066723	-20.7446745423843
			34.7163676576842	-20.7446745423843
			34.7550704086961	-20.7446745423843
			34.793773159708	-20.7446745423843
			34.8324759107199	-20.7059717913724
			34.8711786617318	-20.7059717913724
			34.9098814127437	-20.7059717913724
			34.9485841637556	-20.7059717913724
			34.9872869147676	-20.7059717913724
			35.0259896657795	-20.7059717913724
			35.0646924167914	-20.7059717913724
			35.1033951678033	-20.7059717913724
			35.1420979188152	-20.7059717913724
			35.1808006698271	-20.7059717913724
			35.219503420839	-20.7059717913724
			35.2582061718509	-20.7059717913724
			35.2969089228628	-20.7059717913724
			35.3356116738748	-20.7059717913724
			35.3743144248867	-20.7059717913724
			35.4130171758986	-20.7059717913724
			35.4517199269105	-20.7059717913724
			35.4904226779224	-20.7059717913724
			35.5291254289343	-20.7059717913724
			35.5678281799462	-20.7059717913724
			35.6065309309581	-20.7059717913724
			35.64523368197	-20.7059717913724
			35.683936432982	-20.7059717913724
			35.7226391839939	-20.7059717913724
			35.7613419350058	-20.7059717913724
			35.8000446860177	-20.6672690403605
			35.8387474370296	-20.6672690403605
			35.8774501880415	-20.6672690403605
			35.9161529390534	-20.6672690403605
			35.9548556900653	-20.6672690403605
			35.9935584410772	-20.6672690403605
			36.0322611920891	-20.6672690403605
			36.0709639431011	-20.6672690403605
			36.109666694113	-20.6672690403605
			36.1483694451249	-20.6672690403605
			36.1870721961368	-20.6672690403605
			36.2257749471487	-20.6672690403605
			36.2644776981606	-20.6672690403605
			36.3031804491725	-20.6672690403605
			36.3418832001844	-20.6285662893486
			36.3805859511963	-20.6285662893486
			36.4192887022083	-20.6285662893486
			36.4579914532202	-20.6285662893486
			36.4966942042321	-20.6285662893486
			36.535396955244	-20.6285662893486
			36.5740997062559	-20.6285662893486
			36.6128024572678	-20.6285662893486
			36.6515052082797	-20.6285662893486
			36.6902079592916	-20.6285662893486
			36.7289107103035	-20.6285662893486
			36.7676134613155	-20.5898635383367
			36.8063162123274	-20.5898635383367
			36.8450189633393	-20.5898635383367
			36.8837217143512	-20.5898635383367
			36.9224244653631	-20.5898635383367
			36.961127216375	-20.5898635383367
			36.9998299673869	-20.5898635383367
			37.0385327183988	-20.5898635383367
			37.0772354694107	-20.5898635383367
			37.0772354694107	-20.5511607873247
			37.1159382204227	-20.5511607873247
			37.1546409714346	-20.5511607873247
			37.1933437224465	-20.5511607873247
			37.2320464734584	-20.5511607873247
			37.2707492244703	-20.5511607873247
			37.3094519754822	-20.5511607873247
			37.3481547264941	-20.5511607873247
			37.386857477506	-20.5124580363128
			37.4255602285179	-20.5124580363128
			37.4642629795299	-20.5124580363128
			37.5029657305418	-20.5124580363128
		</Snout_dorsal>
		<Dorsal_adipose type=matrix rownames=FALSE colnames=FALSE nrow=305 ncol=2 as.numeric=TRUE >
			37.5029657305418	-20.5124580363128
			37.5416684815537	-20.5124580363128
			37.5803712325656	-20.5124580363128
			37.6190739835775	-20.5511607873247
			37.6577767345894	-20.5511607873247
			37.6964794856013	-20.5511607873247
			37.7351822366132	-20.5898635383367
			37.7738849876251	-20.5898635383367
			37.8125877386371	-20.5898635383367
			37.851290489649	-20.5898635383367
			37.851290489649	-20.6285662893486
			37.8899932406609	-20.6285662893486
			37.9286959916728	-20.6285662893486
			37.9673987426847	-20.6285662893486
			38.0061014936966	-20.6672690403605
			38.0448042447085	-20.6672690403605
			38.0835069957204	-20.6672690403605
			38.1222097467323	-20.6672690403605
			38.1609124977443	-20.6672690403605
			38.1996152487562	-20.7059717913724
			38.2383179997681	-20.7059717913724
			38.27702075078	-20.7059717913724
			38.3157235017919	-20.7446745423843
			38.3544262528038	-20.7446745423843
			38.3931290038157	-20.7446745423843
			38.4318317548276	-20.7446745423843
			38.4705345058395	-20.7833772933962
			38.5092372568514	-20.7833772933962
			38.5479400078634	-20.7833772933962
			38.5866427588753	-20.7833772933962
			38.6253455098872	-20.8220800444081
			38.6640482608991	-20.8220800444081
			38.702751011911	-20.8220800444081
			38.7414537629229	-20.8220800444081
			38.7801565139348	-20.8220800444081
			38.8188592649467	-20.86078279542
			38.8575620159586	-20.86078279542
			38.8962647669706	-20.86078279542
			38.9349675179825	-20.86078279542
			38.9736702689944	-20.86078279542
			39.0123730200063	-20.8994855464319
			39.0510757710182	-20.8994855464319
			39.0897785220301	-20.8994855464319
			39.128481273042	-20.8994855464319
			39.1671840240539	-20.9381882974439
			39.2058867750658	-20.9381882974439
			39.2445895260778	-20.9381882974439
			39.2832922770897	-20.9381882974439
			39.3219950281016	-20.9381882974439
			39.3606977791135	-20.9768910484558
			39.3994005301254	-20.9768910484558
			39.4381032811373	-20.9768910484558
			39.4768060321492	-20.9768910484558
			39.5155087831611	-20.9768910484558
			39.554211534173	-21.0155937994677
			39.592914285185	-21.0155937994677
			39.6316170361969	-21.0155937994677
			39.6703197872088	-21.0155937994677
			39.7090225382207	-21.0155937994677
			39.7477252892326	-21.0542965504796
			39.7864280402445	-21.0542965504796
			39.8251307912564	-21.0542965504796
			39.8638335422683	-21.0542965504796
			39.9025362932802	-21.0542965504796
			39.9412390442922	-21.0929993014915
			39.9799417953041	-21.0929993014915
			40.018644546316	-21.0929993014915
			40.0573472973279	-21.0929993014915
			40.0960500483398	-21.0929993014915
			40.1347527993517	-21.0929993014915
			40.1734555503636	-21.1317020525034
			40.2121583013755	-21.1317020525034
			40.2508610523874	-21.1317020525034
			40.2895638033994	-21.1317020525034
			40.3282665544113	-21.1317020525034
			40.3669693054232	-21.1704048035153
			40.4056720564351	-21.1704048035153
			40.444374807447	-21.1704048035153
			40.4830775584589	-21.1704048035153
			40.5217803094708	-21.1704048035153
			40.5604830604827	-21.2091075545272
			40.5991858114946	-21.2091075545272
			40.6378885625066	-21.2091075545272
			40.6765913135185	-21.2091075545272
			40.7152940645304	-21.2091075545272
			40.7539968155423	-21.2091075545272
			40.7926995665542	-21.2478103055391
			40.8314023175661	-21.2478103055391
			40.870105068578	-21.2478103055391
			40.9088078195899	-21.2478103055391
			40.9475105706018	-21.2478103055391
			40.9862133216138	-21.2478103055391
			41.0249160726257	-21.2865130565511
			41.0636188236376	-21.2865130565511
			41.1023215746495	-21.2865130565511
			41.1410243256614	-21.2865130565511
			41.1797270766733	-21.2865130565511
			41.2184298276852	-21.2865130565511
			41.2571325786971	-21.325215807563
			41.295835329709	-21.325215807563
			41.334538080721	-21.325215807563
			41.3732408317329	-21.325215807563
			41.4119435827448	-21.325215807563
			41.4506463337567	-21.325215807563
			41.4893490847686	-21.3639185585749
			41.5280518357805	-21.3639185585749
			41.5667545867924	-21.3639185585749
			41.6054573378043	-21.3639185585749
			41.6441600888162	-21.3639185585749
			41.6828628398282	-21.3639185585749
			41.7215655908401	-21.3639185585749
			41.760268341852	-21.4026213095868
			41.7989710928639	-21.4026213095868
			41.8376738438758	-21.4026213095868
			41.8763765948877	-21.4026213095868
			41.9150793458996	-21.4026213095868
			41.9537820969115	-21.4026213095868
			41.9924848479234	-21.4026213095868
			42.0311875989354	-21.4413240605987
			42.0698903499473	-21.4413240605987
			42.1085931009592	-21.4413240605987
			42.1472958519711	-21.4413240605987
			42.185998602983	-21.4413240605987
			42.2247013539949	-21.4413240605987
			42.2634041050068	-21.4800268116106
			42.3021068560187	-21.4800268116106
			42.3408096070306	-21.4800268116106
			42.3795123580426	-21.4800268116106
			42.4182151090545	-21.4800268116106
			42.4569178600664	-21.4800268116106
			42.4956206110783	-21.4800268116106
			42.5343233620902	-21.5187295626225
			42.5730261131021	-21.5187295626225
			42.611728864114	-21.5187295626225
			42.6504316151259	-21.5187295626225
			42.6891343661378	-21.5187295626225
			42.7278371171498	-21.5187295626225
			42.7665398681617	-21.5187295626225
			42.8052426191736	-21.5574323136344
			42.8439453701855	-21.5574323136344
			42.8826481211974	-21.5574323136344
			42.9213508722093	-21.5574323136344
			42.9600536232212	-21.5574323136344
			42.9987563742331	-21.5574323136344
			43.037459125245	-21.5574323136344
			43.076161876257	-21.5574323136344
			43.1148646272689	-21.5961350646463
			43.1535673782808	-21.5961350646463
			43.1922701292927	-21.5961350646463
			43.2309728803046	-21.5961350646463
			43.2696756313165	-21.5961350646463
			43.3083783823284	-21.5961350646463
			43.3470811333403	-21.5961350646463
			43.3857838843522	-21.5961350646463
			43.4244866353641	-21.6348378156583
			43.4631893863761	-21.6348378156583
			43.501892137388	-21.6348378156583
			43.5405948883999	-21.6348378156583
			43.5792976394118	-21.6348378156583
			43.6180003904237	-21.6348378156583
			43.6567031414356	-21.6348378156583
			43.6954058924475	-21.6735405666702
			43.7341086434594	-21.6735405666702
			43.7728113944713	-21.6735405666702
			43.8115141454833	-21.6735405666702
			43.8502168964952	-21.6735405666702
			43.8889196475071	-21.6735405666702
			43.927622398519	-21.6735405666702
			43.9663251495309	-21.6735405666702
			44.0050279005428	-21.6735405666702
			44.0437306515547	-21.7122433176821
			44.0824334025666	-21.7122433176821
			44.1211361535785	-21.7122433176821
			44.1598389045905	-21.7122433176821
			44.1985416556024	-21.7122433176821
			44.2372444066143	-21.7122433176821
			44.2759471576262	-21.7122433176821
			44.3146499086381	-21.7122433176821
			44.35335265965	-21.750946068694
			44.3920554106619	-21.750946068694
			44.4307581616738	-21.750946068694
			44.4694609126857	-21.750946068694
			44.5081636636977	-21.750946068694
			44.5468664147096	-21.750946068694
			44.5855691657215	-21.750946068694
			44.6242719167334	-21.7896488197059
			44.6629746677453	-21.7896488197059
			44.7016774187572	-21.7896488197059
			44.7403801697691	-21.7896488197059
			44.779082920781	-21.7896488197059
			44.8177856717929	-21.7896488197059
			44.8564884228049	-21.7896488197059
			44.8951911738168	-21.8283515707178
			44.9338939248287	-21.8283515707178
			44.9725966758406	-21.8283515707178
			45.0112994268525	-21.8283515707178
			45.0500021778644	-21.8283515707178
			45.0887049288763	-21.8283515707178
			45.1274076798882	-21.8283515707178
			45.1661104309001	-21.8670543217297
			45.2048131819121	-21.8670543217297
			45.243515932924	-21.8670543217297
			45.2822186839359	-21.8670543217297
			45.3209214349478	-21.8670543217297
			45.3596241859597	-21.8670543217297
			45.3983269369716	-21.9057570727416
			45.4370296879835	-21.9057570727416
			45.4757324389954	-21.9057570727416
			45.5144351900073	-21.9057570727416
			45.5531379410193	-21.9057570727416
			45.5918406920312	-21.9057570727416
			45.6305434430431	-21.9057570727416
			45.669246194055	-21.9444598237535
			45.7079489450669	-21.9444598237535
			45.7466516960788	-21.9444598237535
			45.7853544470907	-21.9444598237535
			45.8240571981026	-21.9444598237535
			45.8627599491145	-21.9444598237535
			45.9014627001265	-21.9444598237535
			45.9401654511384	-21.9444598237535
			45.9788682021503	-21.9831625747655
			46.0175709531622	-21.9831625747655
			46.0562737041741	-21.9831625747655
			46.094976455186	-21.9831625747655
			46.1336792061979	-21.9831625747655
			46.1723819572098	-21.9831625747655
			46.2110847082217	-21.9831625747655
			46.2497874592337	-21.9831625747655
			46.2884902102456	-22.0218653257774
			46.3271929612575	-22.0218653257774
			46.3658957122694	-22.0218653257774
			46.4045984632813	-22.0218653257774
			46.4433012142932	-22.0218653257774
			46.4820039653051	-22.0218653257774
			46.520706716317	-22.0218653257774
			46.5594094673289	-22.0218653257774
			46.5981122183409	-22.0605680767893
			46.6368149693528	-22.0605680767893
			46.6755177203647	-22.0605680767893
			46.7142204713766	-22.0605680767893
			46.7529232223885	-22.0605680767893
			46.7916259734004	-22.0605680767893
			46.8303287244123	-22.0605680767893
			46.8690314754242	-22.0605680767893
			46.9077342264361	-22.0605680767893
			46.9464369774481	-22.0605680767893
			46.98513972846	-22.0992708278012
			47.0238424794719	-22.0992708278012
			47.0625452304838	-22.0992708278012
			47.1012479814957	-22.0992708278012
			47.1399507325076	-22.0992708278012
			47.1786534835195	-22.0992708278012
			47.2173562345314	-22.0992708278012
			47.2560589855433	-22.0992708278012
			47.2947617365553	-22.0992708278012
			47.3334644875672	-22.0992708278012
			47.3721672385791	-22.1379735788131
			47.410869989591	-22.1379735788131
			47.4495727406029	-22.1379735788131
			47.4882754916148	-22.1379735788131
			47.5269782426267	-22.1379735788131
			47.5656809936386	-22.1379735788131
			47.6043837446505	-22.1379735788131
			47.6430864956625	-22.1379735788131
			47.6817892466744	-22.1379735788131
			47.7204919976863	-22.1379735788131
			47.7591947486982	-22.176676329825
			47.7978974997101	-22.176676329825
			47.836600250722	-22.176676329825
			47.8753030017339	-22.176676329825
			47.9140057527458	-22.176676329825
			47.9527085037577	-22.176676329825
			47.9914112547697	-22.176676329825
			48.0301140057816	-22.176676329825
			48.0688167567935	-22.176676329825
			48.1075195078054	-22.176676329825
			48.1462222588173	-22.176676329825
			48.1849250098292	-22.176676329825
			48.2236277608411	-22.176676329825
			48.262330511853	-22.2153790808369
			48.3010332628649	-22.2153790808369
			48.3397360138768	-22.2153790808369
			48.3784387648888	-22.2153790808369
			48.4171415159007	-22.2153790808369
			48.4558442669126	-22.2153790808369
			48.4945470179245	-22.2153790808369
			48.5332497689364	-22.2153790808369
			48.5719525199483	-22.2153790808369
			48.6106552709602	-22.2153790808369
			48.6493580219721	-22.2153790808369
			48.688060772984	-22.2153790808369
			48.726763523996	-22.2153790808369
			48.7654662750079	-22.2153790808369
			48.8041690260198	-22.2153790808369
			48.8428717770317	-22.2153790808369
			48.8815745280436	-22.2540818318488
			48.9202772790555	-22.2540818318488
			48.9589800300674	-22.2540818318488
			48.9976827810793	-22.2540818318488
			49.0363855320912	-22.2540818318488
			49.0750882831032	-22.2540818318488
			49.1137910341151	-22.2540818318488
			49.152493785127	-22.2540818318488
			49.1911965361389	-22.2540818318488
			49.2298992871508	-22.2540818318488
		</Dorsal_adipose>
		<Adipose_caudal type=matrix rownames=FALSE colnames=FALSE nrow=163 ncol=2 as.numeric=TRUE >
			49.2298992871508	-22.2540818318488
			49.2686020381627	-22.2540818318488
			49.3073047891746	-22.2540818318488
			49.3460075401865	-22.2927845828607
			49.3847102911984	-22.2927845828607
			49.4234130422104	-22.2927845828607
			49.4621157932223	-22.2927845828607
			49.4621157932223	-22.3314873338727
			49.5008185442342	-22.3314873338727
			49.5395212952461	-22.3314873338727
			49.578224046258	-22.3701900848846
			49.6169267972699	-22.3701900848846
			49.6556295482818	-22.4088928358965
			49.6943322992937	-22.4088928358965
			49.7330350503056	-22.4088928358965
			49.7330350503056	-22.4475955869084
			49.7717378013176	-22.4475955869084
			49.8104405523295	-22.4862983379203
			49.8491433033414	-22.5250010889322
			49.8878460543533	-22.5637038399441
			49.9265488053652	-22.602406590956
			49.9652515563771	-22.6411093419679
			49.9652515563771	-22.6798120929799
			50.003954307389	-22.7185148439918
			50.003954307389	-22.7572175950037
			50.0426570584009	-22.7959203460156
			50.0426570584009	-22.8346230970275
			50.0426570584009	-22.8733258480394
			50.0813598094128	-22.9120285990513
			50.1200625604248	-22.9120285990513
			50.1587653114367	-22.9120285990513
			50.1974680624486	-22.9120285990513
			50.1974680624486	-22.9507313500632
			50.2361708134605	-22.9507313500632
			50.2748735644724	-22.9507313500632
			50.3135763154843	-22.9507313500632
			50.3522790664962	-22.9507313500632
			50.3909818175081	-22.9507313500632
			50.42968456852	-22.9507313500632
			50.468387319532	-22.9507313500632
			50.5070900705439	-22.9894341010751
			50.5457928215558	-22.9894341010751
			50.5844955725677	-22.9894341010751
			50.6231983235796	-22.9894341010751
			50.6619010745915	-22.9894341010751
			50.7006038256034	-22.9894341010751
			50.7393065766153	-22.9894341010751
			50.7780093276272	-22.9894341010751
			50.8167120786391	-22.9894341010751
			50.8554148296511	-23.028136852087
			50.894117580663	-23.028136852087
			50.9328203316749	-23.028136852087
			50.9715230826868	-23.028136852087
			51.0102258336987	-23.028136852087
			51.0489285847106	-23.028136852087
			51.0876313357225	-23.028136852087
			51.1263340867344	-23.028136852087
			51.1650368377463	-23.066839603099
			51.2037395887583	-23.066839603099
			51.2424423397702	-23.066839603099
			51.2811450907821	-23.066839603099
			51.319847841794	-23.066839603099
			51.3585505928059	-23.066839603099
			51.3972533438178	-23.066839603099
			51.4359560948297	-23.066839603099
			51.4746588458416	-23.1055423541109
			51.5133615968535	-23.1055423541109
			51.5520643478655	-23.1055423541109
			51.5907670988774	-23.1055423541109
			51.6294698498893	-23.1055423541109
			51.6681726009012	-23.1055423541109
			51.7068753519131	-23.1055423541109
			51.745578102925	-23.1055423541109
			51.7842808539369	-23.1442451051228
			51.8229836049488	-23.1442451051228
			51.8616863559607	-23.1442451051228
			51.9003891069727	-23.1442451051228
			51.9390918579846	-23.1442451051228
			51.9777946089965	-23.1442451051228
			52.0164973600084	-23.1442451051228
			52.0552001110203	-23.1442451051228
			52.0939028620322	-23.1829478561347
			52.1326056130441	-23.1829478561347
			52.171308364056	-23.1829478561347
			52.2100111150679	-23.1829478561347
			52.2487138660799	-23.1829478561347
			52.2874166170918	-23.1829478561347
			52.3261193681037	-23.1829478561347
			52.3648221191156	-23.1829478561347
			52.4035248701275	-23.1829478561347
			52.4422276211394	-23.1829478561347
			52.4422276211394	-23.2216506071466
			52.4809303721513	-23.2216506071466
			52.5196331231632	-23.2216506071466
			52.5583358741751	-23.2216506071466
			52.5970386251871	-23.2216506071466
			52.635741376199	-23.2216506071466
			52.6744441272109	-23.2216506071466
			52.7131468782228	-23.2603533581585
			52.7518496292347	-23.2603533581585
			52.7905523802466	-23.2603533581585
			52.8292551312585	-23.2603533581585
			52.8679578822704	-23.2603533581585
			52.9066606332823	-23.2603533581585
			52.9453633842943	-23.2603533581585
			52.9840661353062	-23.2603533581585
			53.0227688863181	-23.2603533581585
			53.06147163733	-23.2603533581585
			53.1001743883419	-23.2603533581585
			53.1388771393538	-23.2603533581585
			53.1775798903657	-23.2603533581585
			53.2162826413776	-23.2603533581585
			53.2549853923895	-23.2603533581585
			53.2936881434015	-23.2603533581585
			53.3323908944134	-23.2603533581585
			53.3710936454253	-23.2603533581585
			53.4097963964372	-23.2603533581585
			53.4484991474491	-23.2603533581585
			53.487201898461	-23.2603533581585
			53.5259046494729	-23.2603533581585
			53.5646074004848	-23.2603533581585
			53.6033101514967	-23.2603533581585
			53.6420129025087	-23.2603533581585
			53.6807156535206	-23.2603533581585
			53.7194184045325	-23.2603533581585
			53.7581211555444	-23.2603533581585
			53.7968239065563	-23.2603533581585
			53.8355266575682	-23.2216506071466
			53.8742294085801	-23.2216506071466
			53.912932159592	-23.2216506071466
			53.9516349106039	-23.2216506071466
			53.9903376616159	-23.2216506071466
			54.0290404126278	-23.2216506071466
			54.0677431636397	-23.2216506071466
			54.0677431636397	-23.1829478561347
			54.1064459146516	-23.1829478561347
			54.1451486656635	-23.1829478561347
			54.1838514166754	-23.1829478561347
			54.2225541676873	-23.1829478561347
			54.2612569186992	-23.1829478561347
			54.2999596697111	-23.1829478561347
			54.3386624207231	-23.1829478561347
			54.377365171735	-23.1442451051228
			54.4160679227469	-23.1442451051228
			54.4547706737588	-23.1442451051228
			54.4934734247707	-23.1442451051228
			54.5321761757826	-23.1442451051228
			54.5708789267945	-23.1442451051228
			54.6095816778064	-23.1442451051228
			54.6482844288183	-23.1442451051228
			54.6869871798303	-23.1442451051228
			54.7256899308422	-23.1442451051228
			54.7643926818541	-23.1442451051228
			54.803095432866	-23.1442451051228
			54.8417981838779	-23.1442451051228
			54.8805009348898	-23.1442451051228
			54.9192036859017	-23.1442451051228
			54.9579064369136	-23.1442451051228
			54.9966091879255	-23.1442451051228
			55.0353119389375	-23.1442451051228
			55.0740146899494	-23.1442451051228
			55.1127174409613	-23.1442451051228
			55.1514201919732	-23.1442451051228
		</Adipose_caudal>
		<Caudal_anal type=matrix rownames=FALSE colnames=FALSE nrow=268 ncol=2 as.numeric=TRUE >
			54.9966091879255	-28.1756027366712
			54.9579064369136	-28.1756027366712
			54.9192036859017	-28.2143054876831
			54.8805009348898	-28.2143054876831
			54.8417981838779	-28.2143054876831
			54.803095432866	-28.2143054876831
			54.7643926818541	-28.2143054876831
			54.7256899308422	-28.253008238695
			54.6869871798303	-28.253008238695
			54.6482844288183	-28.253008238695
			54.6095816778064	-28.253008238695
			54.5708789267945	-28.253008238695
			54.5321761757826	-28.253008238695
			54.4934734247707	-28.253008238695
			54.4547706737588	-28.253008238695
			54.4160679227469	-28.253008238695
			54.377365171735	-28.253008238695
			54.3386624207231	-28.253008238695
			54.2999596697111	-28.253008238695
			54.2612569186992	-28.253008238695
			54.2225541676873	-28.253008238695
			54.1838514166754	-28.253008238695
			54.1451486656635	-28.253008238695
			54.1064459146516	-28.253008238695
			54.0677431636397	-28.253008238695
			54.0290404126278	-28.253008238695
			53.9903376616159	-28.253008238695
			53.9516349106039	-28.253008238695
			53.912932159592	-28.253008238695
			53.8742294085801	-28.253008238695
			53.8355266575682	-28.253008238695
			53.7968239065563	-28.253008238695
			53.7581211555444	-28.253008238695
			53.7194184045325	-28.253008238695
			53.6807156535206	-28.2143054876831
			53.6420129025087	-28.2143054876831
			53.6033101514967	-28.2143054876831
			53.5646074004848	-28.2143054876831
			53.5259046494729	-28.2143054876831
			53.487201898461	-28.2143054876831
			53.4484991474491	-28.2143054876831
			53.4097963964372	-28.2143054876831
			53.3710936454253	-28.1756027366712
			53.3323908944134	-28.1756027366712
			53.2936881434015	-28.1756027366712
			53.2549853923895	-28.1756027366712
			53.2162826413776	-28.1756027366712
			53.1775798903657	-28.1756027366712
			53.1388771393538	-28.1756027366712
			53.1001743883419	-28.1368999856593
			53.06147163733	-28.1368999856593
			53.0227688863181	-28.1368999856593
			52.9840661353062	-28.1368999856593
			52.9453633842943	-28.1368999856593
			52.9066606332823	-28.1368999856593
			52.8679578822704	-28.1368999856593
			52.8292551312585	-28.1368999856593
			52.7905523802466	-28.1368999856593
			52.7518496292347	-28.1368999856593
			52.7131468782228	-28.1368999856593
			52.6744441272109	-28.1368999856593
			52.635741376199	-28.1368999856593
			52.5970386251871	-28.1368999856593
			52.5583358741751	-28.1368999856593
			52.5196331231632	-28.1368999856593
			52.4809303721513	-28.1368999856593
			52.4422276211394	-28.1368999856593
			52.4035248701275	-28.1756027366712
			52.3648221191156	-28.1756027366712
			52.3261193681037	-28.1756027366712
			52.2874166170918	-28.1756027366712
			52.2487138660799	-28.1756027366712
			52.2100111150679	-28.1756027366712
			52.171308364056	-28.1756027366712
			52.1326056130441	-28.1756027366712
			52.0939028620322	-28.1756027366712
			52.0552001110203	-28.1756027366712
			52.0164973600084	-28.1756027366712
			51.9777946089965	-28.1756027366712
			51.9390918579846	-28.1756027366712
			51.9003891069727	-28.1756027366712
			51.8616863559607	-28.1756027366712
			51.8229836049488	-28.1756027366712
			51.7842808539369	-28.2143054876831
			51.745578102925	-28.2143054876831
			51.7068753519131	-28.2143054876831
			51.6681726009012	-28.2143054876831
			51.6294698498893	-28.2143054876831
			51.5907670988774	-28.2143054876831
			51.5520643478655	-28.2143054876831
			51.5133615968535	-28.2143054876831
			51.4746588458416	-28.2143054876831
			51.4359560948297	-28.2143054876831
			51.3972533438178	-28.2143054876831
			51.3585505928059	-28.253008238695
			51.319847841794	-28.253008238695
			51.2811450907821	-28.253008238695
			51.2424423397702	-28.253008238695
			51.2037395887583	-28.253008238695
			51.1650368377463	-28.253008238695
			51.1263340867344	-28.253008238695
			51.0876313357225	-28.253008238695
			51.0489285847106	-28.2917109897069
			51.0102258336987	-28.2917109897069
			50.9715230826868	-28.2917109897069
			50.9328203316749	-28.2917109897069
			50.894117580663	-28.2917109897069
			50.8554148296511	-28.2917109897069
			50.8167120786391	-28.3304137407189
			50.7780093276272	-28.3304137407189
			50.7393065766153	-28.3304137407189
			50.7006038256034	-28.3304137407189
			50.6619010745915	-28.3304137407189
			50.6231983235796	-28.3304137407189
			50.5844955725677	-28.3691164917308
			50.5457928215558	-28.3691164917308
			50.5070900705439	-28.3691164917308
			50.468387319532	-28.3691164917308
			50.42968456852	-28.3691164917308
			50.3909818175081	-28.4078192427427
			50.3522790664962	-28.4078192427427
			50.3135763154843	-28.4078192427427
			50.2748735644724	-28.4465219937546
			50.2361708134605	-28.4465219937546
			50.1974680624486	-28.4465219937546
			50.1587653114367	-28.4465219937546
			50.1200625604248	-28.4852247447665
			50.0813598094128	-28.4852247447665
			50.0426570584009	-28.4852247447665
			50.003954307389	-28.4852247447665
			49.9652515563771	-28.5239274957784
			49.9265488053652	-28.5239274957784
			49.8878460543533	-28.5239274957784
			49.8491433033414	-28.5626302467903
			49.8104405523295	-28.5626302467903
			49.7717378013176	-28.5626302467903
			49.7330350503056	-28.5626302467903
			49.6943322992937	-28.5626302467903
			49.6943322992937	-28.6013329978022
			49.6556295482818	-28.6013329978022
			49.6169267972699	-28.6013329978022
			49.578224046258	-28.6013329978022
			49.5395212952461	-28.6400357488141
			49.5008185442342	-28.6400357488141
			49.4621157932223	-28.6400357488141
			49.4234130422104	-28.6400357488141
			49.3847102911984	-28.6400357488141
			49.3460075401865	-28.6787384998261
			49.3073047891746	-28.6787384998261
			49.2686020381627	-28.6787384998261
			49.2298992871508	-28.6787384998261
			49.1911965361389	-28.717441250838
			49.152493785127	-28.717441250838
			49.1137910341151	-28.717441250838
			49.0750882831032	-28.717441250838
			49.0363855320912	-28.717441250838
			48.9976827810793	-28.7561440018499
			48.9589800300674	-28.7561440018499
			48.9202772790555	-28.7561440018499
			48.8815745280436	-28.7561440018499
			48.8428717770317	-28.7948467528618
			48.8041690260198	-28.7948467528618
			48.7654662750079	-28.7948467528618
			48.726763523996	-28.7948467528618
			48.688060772984	-28.7948467528618
			48.688060772984	-28.8335495038737
			48.6493580219721	-28.8335495038737
			48.6106552709602	-28.8335495038737
			48.5719525199483	-28.8335495038737
			48.5332497689364	-28.8335495038737
			48.4945470179245	-28.8722522548856
			48.4558442669126	-28.8722522548856
			48.4171415159007	-28.8722522548856
			48.3784387648888	-28.8722522548856
			48.3397360138768	-28.8722522548856
			48.3010332628649	-28.9109550058975
			48.262330511853	-28.9109550058975
			48.2236277608411	-28.9109550058975
			48.1849250098292	-28.9109550058975
			48.1462222588173	-28.9109550058975
			48.1075195078054	-28.9496577569094
			48.0688167567935	-28.9496577569094
			48.0301140057816	-28.9496577569094
			47.9914112547697	-28.9496577569094
			47.9527085037577	-28.9496577569094
			47.9140057527458	-28.9883605079213
			47.8753030017339	-28.9883605079213
			47.836600250722	-28.9883605079213
			47.7978974997101	-28.9883605079213
			47.7591947486982	-28.9883605079213
			47.7204919976863	-29.0270632589333
			47.6817892466744	-29.0270632589333
			47.6430864956625	-29.0270632589333
			47.6043837446505	-29.0270632589333
			47.5656809936386	-29.0270632589333
			47.5269782426267	-29.0657660099452
			47.4882754916148	-29.0657660099452
			47.4495727406029	-29.0657660099452
			47.410869989591	-29.0657660099452
			47.3721672385791	-29.0657660099452
			47.3334644875672	-29.1044687609571
			47.2947617365553	-29.1044687609571
			47.2560589855433	-29.1044687609571
			47.2173562345314	-29.1044687609571
			47.1786534835195	-29.1044687609571
			47.1399507325076	-29.1044687609571
			47.1012479814957	-29.143171511969
			47.0625452304838	-29.143171511969
			47.0238424794719	-29.143171511969
			46.98513972846	-29.143171511969
			46.9464369774481	-29.143171511969
			46.9077342264361	-29.1818742629809
			46.8690314754242	-29.1818742629809
			46.8303287244123	-29.1818742629809
			46.7916259734004	-29.1818742629809
			46.7529232223885	-29.1818742629809
			46.7142204713766	-29.1818742629809
			46.6755177203647	-29.2205770139928
			46.6368149693528	-29.2205770139928
			46.5981122183409	-29.2205770139928
			46.5594094673289	-29.2205770139928
			46.520706716317	-29.2205770139928
			46.4820039653051	-29.2205770139928
			46.4433012142932	-29.2592797650047
			46.4045984632813	-29.2592797650047
			46.3658957122694	-29.2592797650047
			46.3271929612575	-29.2592797650047
			46.2884902102456	-29.2592797650047
			46.2497874592337	-29.2592797650047
			46.2110847082217	-29.2979825160166
			46.1723819572098	-29.2979825160166
			46.1336792061979	-29.2979825160166
			46.094976455186	-29.2979825160166
			46.0562737041741	-29.2979825160166
			46.0175709531622	-29.2979825160166
			45.9788682021503	-29.2979825160166
			45.9401654511384	-29.3366852670285
			45.9014627001265	-29.3366852670285
			45.8627599491145	-29.3366852670285
			45.8240571981026	-29.3366852670285
			45.7853544470907	-29.3366852670285
			45.7466516960788	-29.3366852670285
			45.7079489450669	-29.3753880180405
			45.669246194055	-29.3753880180405
			45.6305434430431	-29.3753880180405
			45.5918406920312	-29.3753880180405
			45.5531379410193	-29.3753880180405
			45.5144351900073	-29.3753880180405
			45.4757324389954	-29.3753880180405
			45.4370296879835	-29.4140907690524
			45.3983269369716	-29.4140907690524
			45.3596241859597	-29.4140907690524
			45.3209214349478	-29.4140907690524
			45.2822186839359	-29.4140907690524
			45.243515932924	-29.4140907690524
			45.2048131819121	-29.4140907690524
			45.1661104309001	-29.4527935200643
			45.1274076798882	-29.4527935200643
			45.0887049288763	-29.4527935200643
			45.0500021778644	-29.4527935200643
			45.0112994268525	-29.4527935200643
			44.9725966758406	-29.4527935200643
			44.9338939248287	-29.4527935200643
			44.8951911738168	-29.4914962710762
			44.8564884228049	-29.4914962710762
			44.8177856717929	-29.4914962710762
			44.779082920781	-29.4914962710762
			44.7403801697691	-29.4914962710762
		</Caudal_anal>
	</curves.scaled>
	<ruler.points type=matrix rownames=TRUE colnames=FALSE nrow=3 ncol=2 as.numeric=TRUE >
		Ruler point 1	830	888
		Ruler point 2	959	880
		Ruler point 3	1088	874
	</ruler.points>
</shapes>

