<shapes type=list>
	<ruler.pixel type=vector names=FALSE length=1 as.numeric=TRUE >135.886901414784</ruler.pixel>
	<ruler.interval type=vector names=FALSE length=1 as.numeric=TRUE >5</ruler.interval>
	<scaling.units type=vector names=FALSE length=1 as.numeric=FALSE >mm</scaling.units>
	<scaling type=vector names=FALSE length=1 as.numeric=TRUE >0.0367953051246485</scaling>
	<landmarks.pixel type=matrix rownames=TRUE colnames=FALSE nrow=11 ncol=2 as.numeric=TRUE >
		Anterior_eye	169	641
		Posterior_eye	266	641
		Posterior_Maxilla	346	765
		Anterior_Maxilla	139	691
		Dorsal_fin_insertion	658	514
		Adipose_fin_insertion	1141	569
		Dorsal_caudal	1397	612
		Ventral_caudal	1394	738
		Anal_fin_insertion	921	790
		Pelvic_fin_insertion	650	768
		Pectoral_fin_insertion	469	734
	</landmarks.pixel>
	<landmarks.scaled type=matrix rownames=TRUE colnames=FALSE nrow=11 ncol=2 as.numeric=TRUE >
		Anterior_eye	6.21840656606559	-23.5857905848997
		Posterior_eye	9.78755116315649	-23.5857905848997
		Posterior_Maxilla	12.7311755731284	-28.1484084203561
		Anterior_Maxilla	5.11454741232614	-25.4255558411321
		Dorsal_fin_insertion	24.2113107720187	-18.9127868340693
		Adipose_fin_insertion	41.9834431472239	-20.936528615925
		Dorsal_caudal	51.4030412591339	-22.5187267362849
		Ventral_caudal	51.29265534376	-27.1549351819906
		Anal_fin_insertion	33.8884760198012	-29.0682910484723
		Pelvic_fin_insertion	23.9169483310215	-28.25879433573
		Pectoral_fin_insertion	17.2569981034601	-27.007753961492
	</landmarks.scaled>
	<curves.control type=list>
		<Snout_dorsal type=matrix rownames=FALSE colnames=FALSE nrow=9 ncol=2 as.numeric=TRUE >
			139	691
			119	670
			155	613
			195	565
			317	537
			425	526
			517	526
			610	521
			658	514
		</Snout_dorsal>
		<Dorsal_adipose type=matrix rownames=FALSE colnames=FALSE nrow=7 ncol=2 as.numeric=TRUE >
			658	514
			757	525
			899	551
			1003	558
			1050	565
			1093	569
			1141	569
		</Dorsal_adipose>
		<Adipose_caudal type=matrix rownames=FALSE colnames=FALSE nrow=7 ncol=2 as.numeric=TRUE >
			1141	569
			1161	569
			1164	578
			1217	589
			1330	604
			1377	605
			1397	612
		</Adipose_caudal>
		<Caudal_anal type=matrix rownames=FALSE colnames=FALSE nrow=5 ncol=2 as.numeric=TRUE >
			1394	738
			1283	726
			1224	735
			1061	755
			921	790
		</Caudal_anal>
	</curves.control>
	<curves.pixel type=list>
		<Snout_dorsal type=matrix rownames=FALSE colnames=FALSE nrow=600 ncol=2 as.numeric=TRUE >
			139	691
			138	690
			138	689
			137	688
			136	687
			135	686
			135	685
			134	684
			134	683
			134	682
			133	681
			133	680
			133	679
			132	678
			132	677
			132	676
			132	675
			132	674
			132	673
			132	672
			132	671
			132	670
			132	669
			132	668
			132	667
			132	666
			132	665
			132	664
			133	663
			133	662
			133	661
			133	660
			133	659
			134	658
			134	657
			134	656
			135	655
			135	654
			135	653
			135	652
			136	651
			136	650
			137	649
			137	648
			137	647
			138	646
			138	645
			138	644
			139	643
			139	642
			140	641
			140	640
			140	639
			141	638
			141	637
			142	636
			142	635
			143	634
			143	633
			144	632
			144	631
			145	630
			146	629
			146	628
			147	627
			147	626
			148	625
			148	624
			149	623
			150	622
			150	621
			151	620
			151	619
			152	619
			152	618
			152	617
			153	617
			153	616
			154	615
			154	614
			155	614
			155	613
			155	612
			156	612
			156	611
			157	611
			157	610
			158	610
			159	609
			159	608
			160	608
			160	607
			161	607
			161	606
			162	606
			162	605
			163	604
			164	604
			164	603
			165	603
			165	602
			166	602
			167	601
			168	600
			169	599
			170	598
			171	597
			172	596
			173	596
			174	595
			175	594
			176	593
			177	592
			178	592
			179	591
			180	590
			181	589
			182	589
			183	588
			184	588
			185	587
			186	586
			187	586
			188	585
			189	585
			190	584
			190	583
			191	583
			192	582
			193	582
			194	581
			195	581
			196	580
			197	580
			197	579
			198	579
			199	578
			200	578
			201	577
			202	577
			203	576
			204	576
			205	575
			206	575
			207	574
			208	574
			209	573
			210	573
			211	572
			212	572
			213	571
			214	571
			215	570
			216	570
			217	569
			218	569
			219	568
			220	568
			221	568
			222	567
			223	567
			224	566
			225	566
			226	565
			227	565
			228	564
			229	564
			230	564
			231	563
			232	563
			233	562
			234	562
			235	562
			236	561
			237	561
			238	560
			239	560
			240	560
			241	559
			242	559
			243	558
			244	558
			245	558
			246	557
			247	557
			248	557
			249	556
			250	556
			251	556
			252	555
			253	555
			254	555
			255	554
			256	554
			257	554
			258	553
			259	553
			260	553
			261	552
			262	552
			263	552
			264	551
			265	551
			266	551
			267	550
			268	550
			269	550
			270	550
			271	549
			272	549
			273	549
			274	548
			275	548
			276	548
			277	547
			278	547
			279	547
			280	547
			281	546
			282	546
			283	546
			284	545
			285	545
			286	545
			287	544
			288	544
			289	544
			290	544
			291	543
			292	543
			293	543
			294	543
			295	542
			296	542
			297	542
			298	542
			298	541
			299	541
			300	541
			301	541
			302	541
			302	540
			303	540
			304	540
			305	540
			306	540
			307	539
			308	539
			309	539
			310	539
			311	538
			312	538
			313	538
			314	538
			315	537
			316	537
			317	537
			318	537
			319	537
			320	537
			321	537
			322	536
			323	536
			324	536
			325	536
			326	536
			327	536
			328	536
			329	536
			330	536
			331	536
			332	536
			332	535
			333	535
			334	535
			335	535
			336	535
			337	535
			338	535
			339	535
			340	535
			341	535
			342	535
			343	534
			344	534
			345	534
			346	534
			347	534
			348	534
			349	534
			350	534
			351	534
			352	534
			353	534
			354	534
			355	533
			356	533
			357	533
			358	533
			359	533
			360	533
			361	533
			362	533
			363	533
			364	533
			365	533
			366	532
			367	532
			368	532
			369	532
			370	532
			371	532
			372	532
			373	532
			374	532
			375	532
			376	532
			377	532
			378	532
			379	532
			380	531
			381	531
			382	531
			383	531
			384	531
			385	531
			386	531
			387	531
			388	531
			389	531
			390	531
			391	531
			392	531
			393	530
			394	530
			395	530
			396	530
			397	530
			398	530
			399	530
			400	530
			401	530
			402	530
			403	530
			404	530
			405	530
			406	530
			407	530
			408	529
			409	529
			410	529
			411	529
			412	529
			413	529
			414	529
			415	529
			416	529
			417	529
			418	529
			419	529
			420	529
			421	529
			422	529
			423	529
			424	529
			425	529
			426	528
			427	528
			428	528
			429	528
			430	528
			431	528
			432	528
			433	528
			434	528
			435	528
			436	528
			437	528
			438	528
			439	528
			440	528
			441	528
			442	528
			443	528
			444	528
			445	528
			446	528
			447	527
			448	527
			449	527
			450	527
			451	527
			452	527
			453	527
			454	527
			455	527
			456	527
			457	527
			458	527
			459	527
			460	527
			461	527
			462	527
			463	527
			464	527
			465	527
			466	527
			467	527
			468	527
			469	527
			470	527
			471	527
			472	527
			473	527
			474	527
			475	527
			476	527
			477	527
			478	526
			479	526
			480	526
			481	526
			482	526
			483	526
			484	526
			485	526
			486	526
			487	526
			488	526
			489	526
			490	526
			491	526
			492	526
			493	526
			494	526
			495	526
			496	526
			497	526
			498	526
			499	526
			500	526
			501	526
			502	526
			503	526
			504	526
			505	526
			506	526
			507	526
			508	526
			509	526
			510	526
			511	526
			512	526
			513	526
			514	526
			515	526
			516	526
			517	526
			518	526
			519	526
			520	526
			521	526
			522	526
			523	526
			524	526
			525	526
			526	526
			527	525
			528	525
			529	525
			530	525
			531	525
			532	525
			533	525
			534	525
			535	525
			536	525
			537	525
			538	525
			539	525
			540	525
			541	525
			542	525
			543	525
			544	524
			545	524
			546	524
			547	524
			548	524
			549	524
			550	524
			551	524
			552	524
			553	524
			554	524
			555	524
			556	524
			557	524
			558	524
			559	523
			560	523
			561	523
			562	523
			563	523
			564	523
			565	523
			566	523
			567	523
			568	523
			569	523
			570	523
			571	523
			572	523
			573	523
			573	522
			574	522
			575	522
			576	522
			577	522
			578	522
			579	522
			580	522
			581	522
			582	522
			583	522
			584	522
			585	522
			586	522
			587	521
			588	521
			589	521
			590	521
			591	521
			592	521
			593	521
			594	521
			595	521
			596	521
			597	521
			598	521
			599	520
			600	520
			601	520
			602	520
			603	520
			604	520
			605	520
			606	520
			607	520
			608	520
			609	520
			610	519
			611	519
			612	519
			613	519
			614	519
			615	519
			616	519
			617	519
			618	519
			619	519
			620	519
			621	518
			622	518
			623	518
			624	518
			625	518
			626	518
			627	518
			628	518
			629	518
			630	518
			631	517
			632	517
			633	517
			634	517
			635	517
			636	517
			637	517
			638	517
			639	516
			640	516
			641	516
			642	516
			643	516
			644	516
			645	516
			646	516
			647	515
			648	515
			649	515
			650	515
			651	515
			652	515
			653	515
			654	515
			655	514
			656	514
			657	514
			658	514
		</Snout_dorsal>
		<Dorsal_adipose type=matrix rownames=FALSE colnames=FALSE nrow=488 ncol=2 as.numeric=TRUE >
			658	514
			659	514
			660	514
			661	514
			662	514
			663	515
			664	515
			665	515
			666	515
			667	515
			668	515
			669	515
			670	515
			671	516
			672	516
			673	516
			674	516
			675	516
			676	516
			677	516
			678	516
			679	516
			680	517
			681	517
			682	517
			683	517
			684	517
			685	517
			686	517
			687	517
			688	518
			689	518
			690	518
			691	518
			692	518
			693	518
			694	518
			695	518
			696	519
			697	519
			698	519
			699	519
			700	519
			701	519
			702	519
			703	519
			704	520
			705	520
			706	520
			707	520
			708	520
			709	520
			710	520
			711	521
			712	521
			713	521
			714	521
			715	521
			716	521
			717	521
			718	521
			719	522
			720	522
			721	522
			722	522
			723	522
			724	522
			725	522
			726	523
			727	523
			728	523
			729	523
			730	523
			731	523
			732	524
			733	524
			734	524
			735	524
			736	524
			737	524
			738	524
			739	524
			740	525
			741	525
			742	525
			743	525
			744	525
			745	525
			746	525
			747	526
			748	526
			749	526
			750	526
			751	526
			752	526
			753	526
			753	527
			754	527
			755	527
			756	527
			757	527
			758	527
			759	527
			760	528
			761	528
			762	528
			763	528
			764	528
			765	528
			766	529
			767	529
			768	529
			769	529
			770	529
			771	529
			772	529
			773	530
			774	530
			775	530
			776	530
			777	530
			778	530
			779	531
			780	531
			781	531
			782	531
			783	531
			784	531
			785	531
			786	532
			787	532
			788	532
			789	532
			790	532
			791	532
			792	533
			793	533
			794	533
			795	533
			796	533
			797	533
			798	534
			799	534
			800	534
			801	534
			802	534
			803	534
			804	534
			805	535
			806	535
			807	535
			808	535
			809	535
			810	536
			811	536
			812	536
			813	536
			814	536
			815	536
			816	537
			817	537
			818	537
			819	537
			820	537
			821	537
			822	537
			823	538
			824	538
			825	538
			826	538
			827	538
			828	538
			829	539
			830	539
			831	539
			832	539
			833	539
			834	539
			835	540
			836	540
			837	540
			838	540
			839	540
			840	540
			841	541
			842	541
			843	541
			844	541
			845	541
			846	542
			847	542
			848	542
			849	542
			850	542
			851	542
			852	543
			853	543
			854	543
			855	543
			856	543
			857	544
			858	544
			859	544
			860	544
			861	544
			862	544
			863	545
			864	545
			865	545
			866	545
			867	545
			868	545
			869	546
			870	546
			871	546
			872	546
			873	546
			874	546
			875	547
			876	547
			877	547
			878	547
			879	547
			880	548
			881	548
			882	548
			883	548
			884	548
			885	548
			885	549
			886	549
			887	549
			888	549
			889	549
			890	549
			891	550
			892	550
			893	550
			894	550
			895	550
			896	550
			897	551
			898	551
			899	551
			900	551
			901	551
			902	551
			903	551
			904	551
			905	551
			906	551
			907	552
			908	552
			909	552
			910	552
			911	552
			912	552
			913	552
			914	552
			915	552
			916	552
			917	552
			918	552
			919	552
			920	552
			921	553
			922	553
			923	553
			924	553
			925	553
			926	553
			927	553
			928	553
			929	553
			930	553
			931	553
			932	553
			933	553
			934	553
			934	554
			935	554
			936	554
			937	554
			938	554
			939	554
			940	554
			941	554
			942	554
			943	554
			944	554
			945	554
			946	554
			947	554
			948	555
			949	555
			950	555
			951	555
			952	555
			953	555
			954	555
			955	555
			956	555
			957	555
			958	555
			959	555
			960	556
			961	556
			962	556
			963	556
			964	556
			965	556
			966	556
			967	556
			968	556
			969	556
			970	556
			971	556
			972	556
			972	557
			973	557
			974	557
			975	557
			976	557
			977	557
			978	557
			979	557
			980	557
			981	557
			982	557
			983	557
			984	558
			985	558
			986	558
			987	558
			988	558
			989	558
			990	558
			991	558
			992	558
			993	558
			994	559
			995	559
			996	559
			997	559
			998	559
			999	559
			1000	559
			1001	559
			1002	559
			1003	559
			1004	559
			1005	560
			1006	560
			1007	560
			1008	560
			1009	560
			1010	560
			1011	560
			1012	560
			1013	560
			1014	561
			1015	561
			1016	561
			1017	561
			1018	561
			1019	561
			1020	561
			1021	561
			1022	561
			1023	561
			1024	562
			1025	562
			1026	562
			1027	562
			1028	562
			1029	562
			1030	562
			1031	562
			1032	563
			1033	563
			1034	563
			1035	563
			1036	563
			1037	563
			1038	563
			1039	564
			1040	564
			1041	564
			1042	564
			1043	564
			1044	564
			1045	564
			1046	564
			1047	565
			1048	565
			1049	565
			1050	565
			1051	565
			1052	565
			1053	565
			1054	565
			1055	565
			1056	566
			1057	566
			1058	566
			1059	566
			1060	566
			1061	566
			1062	566
			1063	566
			1064	566
			1065	566
			1066	566
			1067	566
			1068	566
			1069	567
			1070	567
			1071	567
			1072	567
			1073	567
			1074	567
			1075	567
			1076	567
			1077	567
			1078	567
			1079	567
			1080	567
			1081	567
			1082	567
			1083	567
			1084	568
			1085	568
			1086	568
			1087	568
			1088	568
			1089	568
			1090	568
			1091	568
			1092	568
			1093	568
			1094	568
			1095	568
			1096	568
			1097	568
			1098	568
			1099	568
			1100	568
			1101	568
			1102	568
			1103	568
			1104	568
			1105	568
			1106	568
			1107	568
			1108	568
			1109	569
			1110	569
			1111	569
			1112	569
			1113	569
			1114	569
			1115	569
			1116	569
			1117	569
			1118	569
			1119	569
			1120	569
			1121	569
			1122	569
			1123	569
			1124	569
			1125	569
			1126	569
			1127	569
			1128	569
			1129	569
			1130	569
			1131	569
			1132	569
			1133	569
			1134	569
			1135	569
			1136	569
			1137	569
			1138	569
			1139	569
			1140	569
			1141	569
		</Dorsal_adipose>
		<Adipose_caudal type=matrix rownames=FALSE colnames=FALSE nrow=258 ncol=2 as.numeric=TRUE >
			1141	569
			1142	569
			1143	569
			1144	569
			1145	569
			1146	569
			1147	569
			1148	569
			1149	569
			1150	570
			1151	570
			1152	570
			1153	570
			1154	570
			1155	571
			1156	571
			1157	571
			1158	572
			1159	572
			1160	573
			1161	574
			1162	575
			1163	576
			1164	577
			1165	578
			1166	578
			1167	579
			1168	579
			1169	579
			1170	579
			1171	579
			1172	580
			1173	580
			1174	580
			1175	580
			1176	580
			1177	581
			1178	581
			1179	581
			1180	581
			1181	581
			1182	581
			1182	582
			1183	582
			1184	582
			1185	582
			1186	582
			1187	583
			1188	583
			1189	583
			1190	583
			1191	583
			1192	583
			1193	584
			1194	584
			1195	584
			1196	584
			1197	584
			1198	584
			1199	585
			1200	585
			1201	585
			1202	585
			1203	585
			1204	585
			1205	586
			1206	586
			1207	586
			1208	586
			1209	586
			1210	586
			1211	587
			1212	587
			1213	587
			1214	587
			1215	587
			1216	587
			1217	588
			1218	588
			1219	588
			1220	588
			1221	588
			1222	588
			1223	589
			1224	589
			1225	589
			1226	589
			1227	589
			1228	589
			1229	590
			1230	590
			1231	590
			1232	590
			1233	590
			1234	590
			1235	591
			1236	591
			1237	591
			1238	591
			1239	591
			1240	591
			1241	591
			1242	592
			1243	592
			1244	592
			1245	592
			1246	592
			1247	592
			1248	592
			1249	593
			1250	593
			1251	593
			1252	593
			1253	593
			1254	593
			1255	594
			1256	594
			1257	594
			1258	594
			1259	594
			1260	594
			1261	594
			1262	595
			1263	595
			1264	595
			1265	595
			1266	595
			1267	595
			1268	595
			1269	596
			1270	596
			1271	596
			1272	596
			1273	596
			1274	596
			1275	596
			1276	597
			1277	597
			1278	597
			1279	597
			1280	597
			1281	597
			1282	597
			1283	598
			1284	598
			1285	598
			1286	598
			1287	598
			1288	598
			1289	598
			1290	598
			1291	599
			1292	599
			1293	599
			1294	599
			1295	599
			1296	599
			1297	599
			1298	600
			1299	600
			1300	600
			1301	600
			1302	600
			1303	600
			1304	600
			1305	601
			1306	601
			1307	601
			1308	601
			1309	601
			1310	601
			1311	601
			1312	602
			1313	602
			1314	602
			1315	602
			1316	602
			1317	602
			1318	602
			1319	603
			1320	603
			1321	603
			1322	603
			1323	603
			1324	603
			1325	603
			1326	603
			1327	604
			1328	604
			1329	604
			1330	604
			1331	604
			1332	604
			1333	604
			1334	604
			1335	604
			1336	604
			1337	604
			1338	604
			1339	604
			1340	604
			1341	604
			1342	604
			1343	604
			1344	604
			1345	605
			1346	605
			1347	605
			1348	605
			1349	605
			1350	605
			1351	605
			1352	605
			1353	605
			1354	605
			1355	605
			1356	605
			1357	605
			1358	605
			1359	605
			1360	605
			1361	606
			1362	606
			1363	606
			1364	606
			1365	606
			1366	606
			1367	606
			1368	606
			1369	606
			1370	607
			1371	607
			1372	607
			1373	607
			1374	607
			1375	607
			1376	607
			1377	607
			1378	608
			1379	608
			1380	608
			1381	608
			1382	608
			1383	608
			1384	609
			1385	609
			1386	609
			1387	609
			1388	609
			1389	610
			1390	610
			1391	610
			1392	610
			1393	611
			1394	611
			1395	611
			1396	612
			1397	612
		</Adipose_caudal>
		<Caudal_anal type=matrix rownames=FALSE colnames=FALSE nrow=480 ncol=2 as.numeric=TRUE >
			1394	738
			1393	738
			1392	738
			1391	738
			1390	738
			1389	738
			1388	737
			1387	737
			1386	737
			1385	737
			1384	737
			1383	737
			1382	737
			1381	737
			1380	737
			1379	736
			1378	736
			1377	736
			1376	736
			1375	736
			1374	736
			1373	736
			1372	736
			1371	736
			1370	736
			1369	736
			1369	735
			1368	735
			1367	735
			1366	735
			1365	735
			1364	735
			1363	735
			1362	735
			1361	735
			1360	735
			1359	735
			1358	735
			1357	734
			1356	734
			1355	734
			1354	734
			1353	734
			1352	734
			1351	734
			1350	734
			1349	734
			1348	734
			1347	734
			1346	734
			1345	734
			1344	733
			1343	733
			1342	733
			1341	733
			1340	733
			1339	733
			1338	733
			1337	733
			1336	733
			1335	733
			1334	733
			1333	733
			1332	733
			1331	733
			1330	733
			1329	733
			1328	732
			1327	732
			1326	732
			1325	732
			1324	732
			1323	732
			1322	732
			1321	732
			1320	732
			1319	732
			1318	732
			1317	732
			1316	732
			1315	732
			1314	732
			1313	732
			1312	732
			1311	732
			1310	732
			1309	732
			1308	732
			1307	732
			1306	731
			1305	731
			1304	731
			1303	731
			1302	731
			1301	731
			1300	731
			1299	731
			1298	731
			1297	731
			1296	731
			1295	731
			1294	731
			1293	731
			1292	731
			1291	731
			1290	731
			1289	731
			1288	731
			1287	731
			1286	731
			1285	731
			1284	731
			1283	731
			1282	731
			1281	731
			1280	731
			1279	731
			1278	731
			1277	731
			1276	731
			1275	731
			1274	731
			1273	731
			1272	731
			1271	731
			1270	731
			1269	731
			1268	731
			1267	731
			1266	731
			1265	731
			1264	732
			1263	732
			1262	732
			1261	732
			1260	732
			1259	732
			1258	732
			1257	732
			1256	732
			1255	732
			1254	732
			1253	732
			1252	732
			1251	732
			1250	732
			1249	732
			1248	732
			1247	732
			1246	733
			1245	733
			1244	733
			1243	733
			1242	733
			1241	733
			1240	733
			1239	733
			1238	733
			1237	733
			1236	733
			1235	734
			1234	734
			1233	734
			1232	734
			1231	734
			1230	734
			1229	734
			1228	734
			1227	735
			1226	735
			1225	735
			1224	735
			1223	735
			1222	735
			1221	735
			1220	735
			1219	736
			1218	736
			1217	736
			1216	736
			1215	736
			1214	736
			1213	736
			1212	737
			1211	737
			1210	737
			1209	737
			1208	737
			1207	737
			1206	737
			1205	737
			1204	738
			1203	738
			1202	738
			1201	738
			1200	738
			1199	738
			1198	738
			1197	738
			1196	739
			1195	739
			1194	739
			1193	739
			1192	739
			1191	739
			1190	739
			1189	740
			1188	740
			1187	740
			1186	740
			1185	740
			1184	740
			1183	740
			1182	740
			1181	741
			1180	741
			1179	741
			1178	741
			1177	741
			1176	741
			1175	741
			1174	742
			1173	742
			1172	742
			1171	742
			1170	742
			1169	742
			1168	742
			1167	743
			1166	743
			1165	743
			1164	743
			1163	743
			1162	743
			1161	743
			1160	744
			1159	744
			1158	744
			1157	744
			1156	744
			1155	744
			1154	744
			1153	745
			1152	745
			1151	745
			1150	745
			1149	745
			1148	745
			1147	745
			1147	746
			1146	746
			1145	746
			1144	746
			1143	746
			1142	746
			1141	746
			1140	747
			1139	747
			1138	747
			1137	747
			1136	747
			1135	747
			1134	747
			1133	748
			1132	748
			1131	748
			1130	748
			1129	748
			1128	748
			1127	749
			1126	749
			1125	749
			1124	749
			1123	749
			1122	749
			1121	749
			1120	750
			1119	750
			1118	750
			1117	750
			1116	750
			1115	750
			1114	751
			1113	751
			1112	751
			1111	751
			1110	751
			1109	751
			1108	752
			1107	752
			1106	752
			1105	752
			1104	752
			1103	752
			1103	753
			1102	753
			1101	753
			1100	753
			1099	753
			1098	753
			1097	753
			1096	754
			1095	754
			1094	754
			1093	754
			1092	754
			1091	755
			1090	755
			1089	755
			1088	755
			1087	755
			1086	755
			1085	756
			1084	756
			1083	756
			1082	756
			1081	756
			1080	756
			1079	757
			1078	757
			1077	757
			1076	757
			1075	757
			1074	757
			1073	758
			1072	758
			1071	758
			1070	758
			1069	758
			1068	758
			1067	759
			1066	759
			1065	759
			1064	759
			1063	759
			1062	760
			1061	760
			1060	760
			1059	760
			1058	760
			1057	760
			1057	761
			1056	761
			1055	761
			1054	761
			1053	761
			1052	762
			1051	762
			1050	762
			1049	762
			1048	762
			1047	762
			1046	763
			1045	763
			1044	763
			1043	763
			1042	763
			1041	764
			1040	764
			1039	764
			1038	764
			1037	764
			1036	764
			1035	765
			1034	765
			1033	765
			1032	765
			1031	765
			1030	766
			1029	766
			1028	766
			1027	766
			1026	766
			1026	767
			1025	767
			1024	767
			1023	767
			1022	767
			1021	768
			1020	768
			1019	768
			1018	768
			1017	768
			1016	769
			1015	769
			1014	769
			1013	769
			1012	769
			1011	770
			1010	770
			1009	770
			1008	770
			1007	770
			1006	771
			1005	771
			1004	771
			1003	771
			1002	771
			1001	772
			1000	772
			999	772
			998	772
			997	772
			996	773
			995	773
			994	773
			993	773
			992	773
			991	774
			990	774
			989	774
			988	774
			987	775
			986	775
			985	775
			984	775
			983	775
			983	776
			982	776
			981	776
			980	776
			979	776
			978	777
			977	777
			976	777
			975	777
			974	778
			973	778
			972	778
			971	778
			970	778
			969	779
			968	779
			967	779
			966	779
			965	779
			964	780
			963	780
			962	780
			961	780
			960	781
			959	781
			958	781
			957	781
			956	782
			955	782
			954	782
			953	782
			952	782
			951	783
			950	783
			949	783
			948	784
			947	784
			946	784
			945	784
			944	784
			943	785
			942	785
			941	785
			940	785
			939	786
			938	786
			937	786
			936	786
			935	787
			934	787
			933	787
			932	787
			931	788
			930	788
			929	788
			928	788
			927	788
			926	789
			925	789
			924	789
			923	789
			922	790
			921	790
		</Caudal_anal>
	</curves.pixel>
	<curves.scaled type=list>
		<Snout_dorsal type=matrix rownames=FALSE colnames=FALSE nrow=600 ncol=2 as.numeric=TRUE >
			5.11454741232614	-25.4255558411321
			5.07775210720149	-25.3887605360074
			5.07775210720149	-25.3519652308828
			5.04095680207684	-25.3151699257581
			5.00416149695219	-25.2783746206335
			4.96736619182754	-25.2415793155088
			4.96736619182754	-25.2047840103842
			4.93057088670289	-25.1679887052595
			4.93057088670289	-25.1311934001349
			4.93057088670289	-25.0943980950102
			4.89377558157824	-25.0576027898856
			4.89377558157824	-25.020807484761
			4.89377558157824	-24.9840121796363
			4.8569802764536	-24.9472168745117
			4.8569802764536	-24.910421569387
			4.8569802764536	-24.8736262642624
			4.8569802764536	-24.8368309591377
			4.8569802764536	-24.8000356540131
			4.8569802764536	-24.7632403488884
			4.8569802764536	-24.7264450437638
			4.8569802764536	-24.6896497386391
			4.8569802764536	-24.6528544335145
			4.8569802764536	-24.6160591283898
			4.8569802764536	-24.5792638232652
			4.8569802764536	-24.5424685181405
			4.8569802764536	-24.5056732130159
			4.8569802764536	-24.4688779078912
			4.8569802764536	-24.4320826027666
			4.89377558157824	-24.3952872976419
			4.89377558157824	-24.3584919925173
			4.89377558157824	-24.3216966873926
			4.89377558157824	-24.284901382268
			4.89377558157824	-24.2481060771433
			4.93057088670289	-24.2113107720187
			4.93057088670289	-24.174515466894
			4.93057088670289	-24.1377201617694
			4.96736619182754	-24.1009248566447
			4.96736619182754	-24.0641295515201
			4.96736619182754	-24.0273342463954
			4.96736619182754	-23.9905389412708
			5.00416149695219	-23.9537436361461
			5.00416149695219	-23.9169483310215
			5.04095680207684	-23.8801530258968
			5.04095680207684	-23.8433577207722
			5.04095680207684	-23.8065624156476
			5.07775210720149	-23.7697671105229
			5.07775210720149	-23.7329718053983
			5.07775210720149	-23.6961765002736
			5.11454741232614	-23.659381195149
			5.11454741232614	-23.6225858900243
			5.15134271745078	-23.5857905848997
			5.15134271745078	-23.548995279775
			5.15134271745078	-23.5121999746504
			5.18813802257543	-23.4754046695257
			5.18813802257543	-23.4386093644011
			5.22493332770008	-23.4018140592764
			5.22493332770008	-23.3650187541518
			5.26172863282473	-23.3282234490271
			5.26172863282473	-23.2914281439025
			5.29852393794938	-23.2546328387778
			5.29852393794938	-23.2178375336532
			5.33531924307403	-23.1810422285285
			5.37211454819867	-23.1442469234039
			5.37211454819867	-23.1074516182792
			5.40890985332332	-23.0706563131546
			5.40890985332332	-23.0338610080299
			5.44570515844797	-22.9970657029053
			5.44570515844797	-22.9602703977806
			5.48250046357262	-22.923475092656
			5.51929576869727	-22.8866797875313
			5.51929576869727	-22.8498844824067
			5.55609107382192	-22.813089177282
			5.55609107382192	-22.7762938721574
			5.59288637894657	-22.7762938721574
			5.59288637894657	-22.7394985670327
			5.59288637894657	-22.7027032619081
			5.62968168407121	-22.7027032619081
			5.62968168407121	-22.6659079567834
			5.66647698919586	-22.6291126516588
			5.66647698919586	-22.5923173465342
			5.70327229432051	-22.5923173465342
			5.70327229432051	-22.5555220414095
			5.70327229432051	-22.5187267362849
			5.74006759944516	-22.5187267362849
			5.74006759944516	-22.4819314311602
			5.77686290456981	-22.4819314311602
			5.77686290456981	-22.4451361260356
			5.81365820969446	-22.4451361260356
			5.8504535148191	-22.4083408209109
			5.8504535148191	-22.3715455157863
			5.88724881994375	-22.3715455157863
			5.88724881994375	-22.3347502106616
			5.9240441250684	-22.3347502106616
			5.9240441250684	-22.297954905537
			5.96083943019305	-22.297954905537
			5.96083943019305	-22.2611596004123
			5.9976347353177	-22.2243642952877
			6.03443004044235	-22.2243642952877
			6.03443004044235	-22.187568990163
			6.071225345567	-22.187568990163
			6.071225345567	-22.1507736850384
			6.10802065069164	-22.1507736850384
			6.14481595581629	-22.1139783799137
			6.18161126094094	-22.0771830747891
			6.21840656606559	-22.0403877696644
			6.25520187119024	-22.0035924645398
			6.29199717631489	-21.9667971594151
			6.32879248143954	-21.9300018542905
			6.36558778656418	-21.9300018542905
			6.40238309168883	-21.8932065491658
			6.43917839681348	-21.8564112440412
			6.47597370193813	-21.8196159389165
			6.51276900706278	-21.7828206337919
			6.54956431218743	-21.7828206337919
			6.58635961731207	-21.7460253286672
			6.62315492243672	-21.7092300235426
			6.65995022756137	-21.6724347184179
			6.69674553268602	-21.6724347184179
			6.73354083781067	-21.6356394132933
			6.77033614293532	-21.6356394132933
			6.80713144805997	-21.5988441081686
			6.84392675318461	-21.562048803044
			6.88072205830926	-21.562048803044
			6.91751736343391	-21.5252534979193
			6.95431266855856	-21.5252534979193
			6.99110797368321	-21.4884581927947
			6.99110797368321	-21.4516628876701
			7.02790327880786	-21.4516628876701
			7.0646985839325	-21.4148675825454
			7.10149388905715	-21.4148675825454
			7.1382891941818	-21.3780722774208
			7.17508449930645	-21.3780722774208
			7.2118798044311	-21.3412769722961
			7.24867510955575	-21.3412769722961
			7.24867510955575	-21.3044816671715
			7.2854704146804	-21.3044816671715
			7.32226571980504	-21.2676863620468
			7.35906102492969	-21.2676863620468
			7.39585633005434	-21.2308910569222
			7.43265163517899	-21.2308910569222
			7.46944694030364	-21.1940957517975
			7.50624224542829	-21.1940957517975
			7.54303755055293	-21.1573004466729
			7.57983285567758	-21.1573004466729
			7.61662816080223	-21.1205051415482
			7.65342346592688	-21.1205051415482
			7.69021877105153	-21.0837098364236
			7.72701407617618	-21.0837098364236
			7.76380938130082	-21.0469145312989
			7.80060468642547	-21.0469145312989
			7.83739999155012	-21.0101192261743
			7.87419529667477	-21.0101192261743
			7.91099060179942	-20.9733239210496
			7.94778590692407	-20.9733239210496
			7.98458121204872	-20.936528615925
			8.02137651717336	-20.936528615925
			8.05817182229801	-20.8997333108003
			8.09496712742266	-20.8997333108003
			8.13176243254731	-20.8997333108003
			8.16855773767196	-20.8629380056757
			8.20535304279661	-20.8629380056757
			8.24214834792125	-20.826142700551
			8.2789436530459	-20.826142700551
			8.31573895817055	-20.7893473954264
			8.3525342632952	-20.7893473954264
			8.38932956841985	-20.7525520903017
			8.4261248735445	-20.7525520903017
			8.46292017866915	-20.7525520903017
			8.49971548379379	-20.7157567851771
			8.53651078891844	-20.7157567851771
			8.57330609404309	-20.6789614800524
			8.61010139916774	-20.6789614800524
			8.64689670429239	-20.6789614800524
			8.68369200941704	-20.6421661749278
			8.72048731454169	-20.6421661749278
			8.75728261966633	-20.6053708698031
			8.79407792479098	-20.6053708698031
			8.83087322991563	-20.6053708698031
			8.86766853504028	-20.5685755646785
			8.90446384016493	-20.5685755646785
			8.94125914528957	-20.5317802595538
			8.97805445041422	-20.5317802595538
			9.01484975553887	-20.5317802595538
			9.05164506066352	-20.4949849544292
			9.08844036578817	-20.4949849544292
			9.12523567091282	-20.4949849544292
			9.16203097603747	-20.4581896493045
			9.19882628116211	-20.4581896493045
			9.23562158628676	-20.4581896493045
			9.27241689141141	-20.4213943441799
			9.30921219653606	-20.4213943441799
			9.34600750166071	-20.4213943441799
			9.38280280678536	-20.3845990390552
			9.41959811191001	-20.3845990390552
			9.45639341703465	-20.3845990390552
			9.4931887221593	-20.3478037339306
			9.52998402728395	-20.3478037339306
			9.5667793324086	-20.3478037339306
			9.60357463753325	-20.3110084288059
			9.6403699426579	-20.3110084288059
			9.67716524778255	-20.3110084288059
			9.71396055290719	-20.2742131236813
			9.75075585803184	-20.2742131236813
			9.78755116315649	-20.2742131236813
			9.82434646828114	-20.2374178185567
			9.86114177340579	-20.2374178185567
			9.89793707853044	-20.2374178185567
			9.93473238365508	-20.2374178185567
			9.97152768877973	-20.200622513432
			10.0083229939044	-20.200622513432
			10.045118299029	-20.200622513432
			10.0819136041537	-20.1638272083074
			10.1187089092783	-20.1638272083074
			10.155504214403	-20.1638272083074
			10.1922995195276	-20.1270319031827
			10.2290948246523	-20.1270319031827
			10.2658901297769	-20.1270319031827
			10.3026854349016	-20.1270319031827
			10.3394807400262	-20.0902365980581
			10.3762760451509	-20.0902365980581
			10.4130713502755	-20.0902365980581
			10.4498666554002	-20.0534412929334
			10.4866619605248	-20.0534412929334
			10.5234572656495	-20.0534412929334
			10.5602525707741	-20.0166459878088
			10.5970478758988	-20.0166459878088
			10.6338431810234	-20.0166459878088
			10.6706384861481	-20.0166459878088
			10.7074337912727	-19.9798506826841
			10.7442290963973	-19.9798506826841
			10.781024401522	-19.9798506826841
			10.8178197066466	-19.9798506826841
			10.8546150117713	-19.9430553775595
			10.8914103168959	-19.9430553775595
			10.9282056220206	-19.9430553775595
			10.9650009271452	-19.9430553775595
			10.9650009271452	-19.9062600724348
			11.0017962322699	-19.9062600724348
			11.0385915373945	-19.9062600724348
			11.0753868425192	-19.9062600724348
			11.1121821476438	-19.9062600724348
			11.1121821476438	-19.8694647673102
			11.1489774527685	-19.8694647673102
			11.1857727578931	-19.8694647673102
			11.2225680630178	-19.8694647673102
			11.2593633681424	-19.8694647673102
			11.2961586732671	-19.8326694621855
			11.3329539783917	-19.8326694621855
			11.3697492835164	-19.8326694621855
			11.406544588641	-19.8326694621855
			11.4433398937657	-19.7958741570609
			11.4801351988903	-19.7958741570609
			11.516930504015	-19.7958741570609
			11.5537258091396	-19.7958741570609
			11.5905211142643	-19.7590788519362
			11.6273164193889	-19.7590788519362
			11.6641117245136	-19.7590788519362
			11.7009070296382	-19.7590788519362
			11.7377023347629	-19.7590788519362
			11.7744976398875	-19.7590788519362
			11.8112929450122	-19.7590788519362
			11.8480882501368	-19.7222835468116
			11.8848835552615	-19.7222835468116
			11.9216788603861	-19.7222835468116
			11.9584741655107	-19.7222835468116
			11.9952694706354	-19.7222835468116
			12.03206477576	-19.7222835468116
			12.0688600808847	-19.7222835468116
			12.1056553860093	-19.7222835468116
			12.142450691134	-19.7222835468116
			12.1792459962586	-19.7222835468116
			12.2160413013833	-19.7222835468116
			12.2160413013833	-19.6854882416869
			12.2528366065079	-19.6854882416869
			12.2896319116326	-19.6854882416869
			12.3264272167572	-19.6854882416869
			12.3632225218819	-19.6854882416869
			12.4000178270065	-19.6854882416869
			12.4368131321312	-19.6854882416869
			12.4736084372558	-19.6854882416869
			12.5104037423805	-19.6854882416869
			12.5471990475051	-19.6854882416869
			12.5839943526298	-19.6854882416869
			12.6207896577544	-19.6486929365623
			12.6575849628791	-19.6486929365623
			12.6943802680037	-19.6486929365623
			12.7311755731284	-19.6486929365623
			12.767970878253	-19.6486929365623
			12.8047661833777	-19.6486929365623
			12.8415614885023	-19.6486929365623
			12.878356793627	-19.6486929365623
			12.9151520987516	-19.6486929365623
			12.9519474038763	-19.6486929365623
			12.9887427090009	-19.6486929365623
			13.0255380141256	-19.6486929365623
			13.0623333192502	-19.6118976314376
			13.0991286243749	-19.6118976314376
			13.1359239294995	-19.6118976314376
			13.1727192346241	-19.6118976314376
			13.2095145397488	-19.6118976314376
			13.2463098448734	-19.6118976314376
			13.2831051499981	-19.6118976314376
			13.3199004551227	-19.6118976314376
			13.3566957602474	-19.6118976314376
			13.393491065372	-19.6118976314376
			13.4302863704967	-19.6118976314376
			13.4670816756213	-19.575102326313
			13.503876980746	-19.575102326313
			13.5406722858706	-19.575102326313
			13.5774675909953	-19.575102326313
			13.6142628961199	-19.575102326313
			13.6510582012446	-19.575102326313
			13.6878535063692	-19.575102326313
			13.7246488114939	-19.575102326313
			13.7614441166185	-19.575102326313
			13.7982394217432	-19.575102326313
			13.8350347268678	-19.575102326313
			13.8718300319925	-19.575102326313
			13.9086253371171	-19.575102326313
			13.9454206422418	-19.575102326313
			13.9822159473664	-19.5383070211883
			14.0190112524911	-19.5383070211883
			14.0558065576157	-19.5383070211883
			14.0926018627404	-19.5383070211883
			14.129397167865	-19.5383070211883
			14.1661924729897	-19.5383070211883
			14.2029877781143	-19.5383070211883
			14.239783083239	-19.5383070211883
			14.2765783883636	-19.5383070211883
			14.3133736934883	-19.5383070211883
			14.3501689986129	-19.5383070211883
			14.3869643037375	-19.5383070211883
			14.4237596088622	-19.5383070211883
			14.4605549139868	-19.5015117160637
			14.4973502191115	-19.5015117160637
			14.5341455242361	-19.5015117160637
			14.5709408293608	-19.5015117160637
			14.6077361344854	-19.5015117160637
			14.6445314396101	-19.5015117160637
			14.6813267447347	-19.5015117160637
			14.7181220498594	-19.5015117160637
			14.754917354984	-19.5015117160637
			14.7917126601087	-19.5015117160637
			14.8285079652333	-19.5015117160637
			14.865303270358	-19.5015117160637
			14.9020985754826	-19.5015117160637
			14.9388938806073	-19.5015117160637
			14.9756891857319	-19.5015117160637
			15.0124844908566	-19.464716410939
			15.0492797959812	-19.464716410939
			15.0860751011059	-19.464716410939
			15.1228704062305	-19.464716410939
			15.1596657113552	-19.464716410939
			15.1964610164798	-19.464716410939
			15.2332563216045	-19.464716410939
			15.2700516267291	-19.464716410939
			15.3068469318538	-19.464716410939
			15.3436422369784	-19.464716410939
			15.3804375421031	-19.464716410939
			15.4172328472277	-19.464716410939
			15.4540281523524	-19.464716410939
			15.490823457477	-19.464716410939
			15.5276187626016	-19.464716410939
			15.5644140677263	-19.464716410939
			15.6012093728509	-19.464716410939
			15.6380046779756	-19.464716410939
			15.6747999831002	-19.4279211058144
			15.7115952882249	-19.4279211058144
			15.7483905933495	-19.4279211058144
			15.7851858984742	-19.4279211058144
			15.8219812035988	-19.4279211058144
			15.8587765087235	-19.4279211058144
			15.8955718138481	-19.4279211058144
			15.9323671189728	-19.4279211058144
			15.9691624240974	-19.4279211058144
			16.0059577292221	-19.4279211058144
			16.0427530343467	-19.4279211058144
			16.0795483394714	-19.4279211058144
			16.116343644596	-19.4279211058144
			16.1531389497207	-19.4279211058144
			16.1899342548453	-19.4279211058144
			16.22672955997	-19.4279211058144
			16.2635248650946	-19.4279211058144
			16.3003201702193	-19.4279211058144
			16.3371154753439	-19.4279211058144
			16.3739107804686	-19.4279211058144
			16.4107060855932	-19.4279211058144
			16.4475013907179	-19.3911258006897
			16.4842966958425	-19.3911258006897
			16.5210920009672	-19.3911258006897
			16.5578873060918	-19.3911258006897
			16.5946826112165	-19.3911258006897
			16.6314779163411	-19.3911258006897
			16.6682732214658	-19.3911258006897
			16.7050685265904	-19.3911258006897
			16.741863831715	-19.3911258006897
			16.7786591368397	-19.3911258006897
			16.8154544419643	-19.3911258006897
			16.852249747089	-19.3911258006897
			16.8890450522136	-19.3911258006897
			16.9258403573383	-19.3911258006897
			16.9626356624629	-19.3911258006897
			16.9994309675876	-19.3911258006897
			17.0362262727122	-19.3911258006897
			17.0730215778369	-19.3911258006897
			17.1098168829615	-19.3911258006897
			17.1466121880862	-19.3911258006897
			17.1834074932108	-19.3911258006897
			17.2202027983355	-19.3911258006897
			17.2569981034601	-19.3911258006897
			17.2937934085848	-19.3911258006897
			17.3305887137094	-19.3911258006897
			17.3673840188341	-19.3911258006897
			17.4041793239587	-19.3911258006897
			17.4409746290834	-19.3911258006897
			17.477769934208	-19.3911258006897
			17.5145652393327	-19.3911258006897
			17.5513605444573	-19.3911258006897
			17.588155849582	-19.3543304955651
			17.6249511547066	-19.3543304955651
			17.6617464598313	-19.3543304955651
			17.6985417649559	-19.3543304955651
			17.7353370700806	-19.3543304955651
			17.7721323752052	-19.3543304955651
			17.8089276803299	-19.3543304955651
			17.8457229854545	-19.3543304955651
			17.8825182905791	-19.3543304955651
			17.9193135957038	-19.3543304955651
			17.9561089008284	-19.3543304955651
			17.9929042059531	-19.3543304955651
			18.0296995110777	-19.3543304955651
			18.0664948162024	-19.3543304955651
			18.103290121327	-19.3543304955651
			18.1400854264517	-19.3543304955651
			18.1768807315763	-19.3543304955651
			18.213676036701	-19.3543304955651
			18.2504713418256	-19.3543304955651
			18.2872666469503	-19.3543304955651
			18.3240619520749	-19.3543304955651
			18.3608572571996	-19.3543304955651
			18.3976525623242	-19.3543304955651
			18.4344478674489	-19.3543304955651
			18.4712431725735	-19.3543304955651
			18.5080384776982	-19.3543304955651
			18.5448337828228	-19.3543304955651
			18.5816290879475	-19.3543304955651
			18.6184243930721	-19.3543304955651
			18.6552196981968	-19.3543304955651
			18.6920150033214	-19.3543304955651
			18.7288103084461	-19.3543304955651
			18.7656056135707	-19.3543304955651
			18.8024009186954	-19.3543304955651
			18.83919622382	-19.3543304955651
			18.8759915289447	-19.3543304955651
			18.9127868340693	-19.3543304955651
			18.949582139194	-19.3543304955651
			18.9863774443186	-19.3543304955651
			19.0231727494433	-19.3543304955651
			19.0599680545679	-19.3543304955651
			19.0967633596925	-19.3543304955651
			19.1335586648172	-19.3543304955651
			19.1703539699418	-19.3543304955651
			19.2071492750665	-19.3543304955651
			19.2439445801911	-19.3543304955651
			19.2807398853158	-19.3543304955651
			19.3175351904404	-19.3543304955651
			19.3543304955651	-19.3543304955651
			19.3911258006897	-19.3175351904404
			19.4279211058144	-19.3175351904404
			19.464716410939	-19.3175351904404
			19.5015117160637	-19.3175351904404
			19.5383070211883	-19.3175351904404
			19.575102326313	-19.3175351904404
			19.6118976314376	-19.3175351904404
			19.6486929365623	-19.3175351904404
			19.6854882416869	-19.3175351904404
			19.7222835468116	-19.3175351904404
			19.7590788519362	-19.3175351904404
			19.7958741570609	-19.3175351904404
			19.8326694621855	-19.3175351904404
			19.8694647673102	-19.3175351904404
			19.9062600724348	-19.3175351904404
			19.9430553775595	-19.3175351904404
			19.9798506826841	-19.3175351904404
			20.0166459878088	-19.2807398853158
			20.0534412929334	-19.2807398853158
			20.0902365980581	-19.2807398853158
			20.1270319031827	-19.2807398853158
			20.1638272083074	-19.2807398853158
			20.200622513432	-19.2807398853158
			20.2374178185567	-19.2807398853158
			20.2742131236813	-19.2807398853158
			20.3110084288059	-19.2807398853158
			20.3478037339306	-19.2807398853158
			20.3845990390552	-19.2807398853158
			20.4213943441799	-19.2807398853158
			20.4581896493045	-19.2807398853158
			20.4949849544292	-19.2807398853158
			20.5317802595538	-19.2807398853158
			20.5685755646785	-19.2439445801911
			20.6053708698031	-19.2439445801911
			20.6421661749278	-19.2439445801911
			20.6789614800524	-19.2439445801911
			20.7157567851771	-19.2439445801911
			20.7525520903017	-19.2439445801911
			20.7893473954264	-19.2439445801911
			20.826142700551	-19.2439445801911
			20.8629380056757	-19.2439445801911
			20.8997333108003	-19.2439445801911
			20.936528615925	-19.2439445801911
			20.9733239210496	-19.2439445801911
			21.0101192261743	-19.2439445801911
			21.0469145312989	-19.2439445801911
			21.0837098364236	-19.2439445801911
			21.0837098364236	-19.2071492750665
			21.1205051415482	-19.2071492750665
			21.1573004466729	-19.2071492750665
			21.1940957517975	-19.2071492750665
			21.2308910569222	-19.2071492750665
			21.2676863620468	-19.2071492750665
			21.3044816671715	-19.2071492750665
			21.3412769722961	-19.2071492750665
			21.3780722774208	-19.2071492750665
			21.4148675825454	-19.2071492750665
			21.4516628876701	-19.2071492750665
			21.4884581927947	-19.2071492750665
			21.5252534979193	-19.2071492750665
			21.562048803044	-19.2071492750665
			21.5988441081686	-19.1703539699418
			21.6356394132933	-19.1703539699418
			21.6724347184179	-19.1703539699418
			21.7092300235426	-19.1703539699418
			21.7460253286672	-19.1703539699418
			21.7828206337919	-19.1703539699418
			21.8196159389165	-19.1703539699418
			21.8564112440412	-19.1703539699418
			21.8932065491658	-19.1703539699418
			21.9300018542905	-19.1703539699418
			21.9667971594151	-19.1703539699418
			22.0035924645398	-19.1703539699418
			22.0403877696644	-19.1335586648172
			22.0771830747891	-19.1335586648172
			22.1139783799137	-19.1335586648172
			22.1507736850384	-19.1335586648172
			22.187568990163	-19.1335586648172
			22.2243642952877	-19.1335586648172
			22.2611596004123	-19.1335586648172
			22.297954905537	-19.1335586648172
			22.3347502106616	-19.1335586648172
			22.3715455157863	-19.1335586648172
			22.4083408209109	-19.1335586648172
			22.4451361260356	-19.0967633596925
			22.4819314311602	-19.0967633596925
			22.5187267362849	-19.0967633596925
			22.5555220414095	-19.0967633596925
			22.5923173465342	-19.0967633596925
			22.6291126516588	-19.0967633596925
			22.6659079567834	-19.0967633596925
			22.7027032619081	-19.0967633596925
			22.7394985670327	-19.0967633596925
			22.7762938721574	-19.0967633596925
			22.813089177282	-19.0967633596925
			22.8498844824067	-19.0599680545679
			22.8866797875313	-19.0599680545679
			22.923475092656	-19.0599680545679
			22.9602703977806	-19.0599680545679
			22.9970657029053	-19.0599680545679
			23.0338610080299	-19.0599680545679
			23.0706563131546	-19.0599680545679
			23.1074516182792	-19.0599680545679
			23.1442469234039	-19.0599680545679
			23.1810422285285	-19.0599680545679
			23.2178375336532	-19.0231727494433
			23.2546328387778	-19.0231727494433
			23.2914281439025	-19.0231727494433
			23.3282234490271	-19.0231727494433
			23.3650187541518	-19.0231727494433
			23.4018140592764	-19.0231727494433
			23.4386093644011	-19.0231727494433
			23.4754046695257	-19.0231727494433
			23.5121999746504	-18.9863774443186
			23.548995279775	-18.9863774443186
			23.5857905848997	-18.9863774443186
			23.6225858900243	-18.9863774443186
			23.659381195149	-18.9863774443186
			23.6961765002736	-18.9863774443186
			23.7329718053983	-18.9863774443186
			23.7697671105229	-18.9863774443186
			23.8065624156476	-18.949582139194
			23.8433577207722	-18.949582139194
			23.8801530258968	-18.949582139194
			23.9169483310215	-18.949582139194
			23.9537436361461	-18.949582139194
			23.9905389412708	-18.949582139194
			24.0273342463954	-18.949582139194
			24.0641295515201	-18.949582139194
			24.1009248566447	-18.9127868340693
			24.1377201617694	-18.9127868340693
			24.174515466894	-18.9127868340693
			24.2113107720187	-18.9127868340693
		</Snout_dorsal>
		<Dorsal_adipose type=matrix rownames=FALSE colnames=FALSE nrow=488 ncol=2 as.numeric=TRUE >
			24.2113107720187	-18.9127868340693
			24.2481060771433	-18.9127868340693
			24.284901382268	-18.9127868340693
			24.3216966873926	-18.9127868340693
			24.3584919925173	-18.9127868340693
			24.3952872976419	-18.949582139194
			24.4320826027666	-18.949582139194
			24.4688779078912	-18.949582139194
			24.5056732130159	-18.949582139194
			24.5424685181405	-18.949582139194
			24.5792638232652	-18.949582139194
			24.6160591283898	-18.949582139194
			24.6528544335145	-18.949582139194
			24.6896497386391	-18.9863774443186
			24.7264450437638	-18.9863774443186
			24.7632403488884	-18.9863774443186
			24.8000356540131	-18.9863774443186
			24.8368309591377	-18.9863774443186
			24.8736262642624	-18.9863774443186
			24.910421569387	-18.9863774443186
			24.9472168745117	-18.9863774443186
			24.9840121796363	-18.9863774443186
			25.020807484761	-19.0231727494433
			25.0576027898856	-19.0231727494433
			25.0943980950102	-19.0231727494433
			25.1311934001349	-19.0231727494433
			25.1679887052595	-19.0231727494433
			25.2047840103842	-19.0231727494433
			25.2415793155088	-19.0231727494433
			25.2783746206335	-19.0231727494433
			25.3151699257581	-19.0599680545679
			25.3519652308828	-19.0599680545679
			25.3887605360074	-19.0599680545679
			25.4255558411321	-19.0599680545679
			25.4623511462567	-19.0599680545679
			25.4991464513814	-19.0599680545679
			25.535941756506	-19.0599680545679
			25.5727370616307	-19.0599680545679
			25.6095323667553	-19.0967633596925
			25.64632767188	-19.0967633596925
			25.6831229770046	-19.0967633596925
			25.7199182821293	-19.0967633596925
			25.7567135872539	-19.0967633596925
			25.7935088923786	-19.0967633596925
			25.8303041975032	-19.0967633596925
			25.8670995026279	-19.0967633596925
			25.9038948077525	-19.1335586648172
			25.9406901128772	-19.1335586648172
			25.9774854180018	-19.1335586648172
			26.0142807231265	-19.1335586648172
			26.0510760282511	-19.1335586648172
			26.0878713333758	-19.1335586648172
			26.1246666385004	-19.1335586648172
			26.1614619436251	-19.1703539699418
			26.1982572487497	-19.1703539699418
			26.2350525538744	-19.1703539699418
			26.271847858999	-19.1703539699418
			26.3086431641236	-19.1703539699418
			26.3454384692483	-19.1703539699418
			26.3822337743729	-19.1703539699418
			26.4190290794976	-19.1703539699418
			26.4558243846222	-19.2071492750665
			26.4926196897469	-19.2071492750665
			26.5294149948715	-19.2071492750665
			26.5662102999962	-19.2071492750665
			26.6030056051208	-19.2071492750665
			26.6398009102455	-19.2071492750665
			26.6765962153701	-19.2071492750665
			26.7133915204948	-19.2439445801911
			26.7501868256194	-19.2439445801911
			26.7869821307441	-19.2439445801911
			26.8237774358687	-19.2439445801911
			26.8605727409934	-19.2439445801911
			26.897368046118	-19.2439445801911
			26.9341633512427	-19.2807398853158
			26.9709586563673	-19.2807398853158
			27.007753961492	-19.2807398853158
			27.0445492666166	-19.2807398853158
			27.0813445717413	-19.2807398853158
			27.1181398768659	-19.2807398853158
			27.1549351819906	-19.2807398853158
			27.1917304871152	-19.2807398853158
			27.2285257922399	-19.3175351904404
			27.2653210973645	-19.3175351904404
			27.3021164024892	-19.3175351904404
			27.3389117076138	-19.3175351904404
			27.3757070127385	-19.3175351904404
			27.4125023178631	-19.3175351904404
			27.4492976229877	-19.3175351904404
			27.4860929281124	-19.3543304955651
			27.522888233237	-19.3543304955651
			27.5596835383617	-19.3543304955651
			27.5964788434863	-19.3543304955651
			27.633274148611	-19.3543304955651
			27.6700694537356	-19.3543304955651
			27.7068647588603	-19.3543304955651
			27.7068647588603	-19.3911258006897
			27.7436600639849	-19.3911258006897
			27.7804553691096	-19.3911258006897
			27.8172506742342	-19.3911258006897
			27.8540459793589	-19.3911258006897
			27.8908412844835	-19.3911258006897
			27.9276365896082	-19.3911258006897
			27.9644318947328	-19.4279211058144
			28.0012271998575	-19.4279211058144
			28.0380225049821	-19.4279211058144
			28.0748178101068	-19.4279211058144
			28.1116131152314	-19.4279211058144
			28.1484084203561	-19.4279211058144
			28.1852037254807	-19.464716410939
			28.2219990306054	-19.464716410939
			28.25879433573	-19.464716410939
			28.2955896408547	-19.464716410939
			28.3323849459793	-19.464716410939
			28.369180251104	-19.464716410939
			28.4059755562286	-19.464716410939
			28.4427708613533	-19.5015117160637
			28.4795661664779	-19.5015117160637
			28.5163614716026	-19.5015117160637
			28.5531567767272	-19.5015117160637
			28.5899520818519	-19.5015117160637
			28.6267473869765	-19.5015117160637
			28.6635426921011	-19.5383070211883
			28.7003379972258	-19.5383070211883
			28.7371333023504	-19.5383070211883
			28.7739286074751	-19.5383070211883
			28.8107239125997	-19.5383070211883
			28.8475192177244	-19.5383070211883
			28.884314522849	-19.5383070211883
			28.9211098279737	-19.575102326313
			28.9579051330983	-19.575102326313
			28.994700438223	-19.575102326313
			29.0314957433476	-19.575102326313
			29.0682910484723	-19.575102326313
			29.1050863535969	-19.575102326313
			29.1418816587216	-19.6118976314376
			29.1786769638462	-19.6118976314376
			29.2154722689709	-19.6118976314376
			29.2522675740955	-19.6118976314376
			29.2890628792202	-19.6118976314376
			29.3258581843448	-19.6118976314376
			29.3626534894695	-19.6486929365623
			29.3994487945941	-19.6486929365623
			29.4362440997188	-19.6486929365623
			29.4730394048434	-19.6486929365623
			29.5098347099681	-19.6486929365623
			29.5466300150927	-19.6486929365623
			29.5834253202174	-19.6486929365623
			29.620220625342	-19.6854882416869
			29.6570159304667	-19.6854882416869
			29.6938112355913	-19.6854882416869
			29.730606540716	-19.6854882416869
			29.7674018458406	-19.6854882416869
			29.8041971509653	-19.7222835468116
			29.8409924560899	-19.7222835468116
			29.8777877612145	-19.7222835468116
			29.9145830663392	-19.7222835468116
			29.9513783714638	-19.7222835468116
			29.9881736765885	-19.7222835468116
			30.0249689817131	-19.7590788519362
			30.0617642868378	-19.7590788519362
			30.0985595919624	-19.7590788519362
			30.1353548970871	-19.7590788519362
			30.1721502022117	-19.7590788519362
			30.2089455073364	-19.7590788519362
			30.245740812461	-19.7590788519362
			30.2825361175857	-19.7958741570609
			30.3193314227103	-19.7958741570609
			30.356126727835	-19.7958741570609
			30.3929220329596	-19.7958741570609
			30.4297173380843	-19.7958741570609
			30.4665126432089	-19.7958741570609
			30.5033079483336	-19.8326694621855
			30.5401032534582	-19.8326694621855
			30.5768985585829	-19.8326694621855
			30.6136938637075	-19.8326694621855
			30.6504891688322	-19.8326694621855
			30.6872844739568	-19.8326694621855
			30.7240797790815	-19.8694647673102
			30.7608750842061	-19.8694647673102
			30.7976703893308	-19.8694647673102
			30.8344656944554	-19.8694647673102
			30.8712609995801	-19.8694647673102
			30.9080563047047	-19.8694647673102
			30.9448516098294	-19.9062600724348
			30.981646914954	-19.9062600724348
			31.0184422200787	-19.9062600724348
			31.0552375252033	-19.9062600724348
			31.0920328303279	-19.9062600724348
			31.1288281354526	-19.9430553775595
			31.1656234405772	-19.9430553775595
			31.2024187457019	-19.9430553775595
			31.2392140508265	-19.9430553775595
			31.2760093559512	-19.9430553775595
			31.3128046610758	-19.9430553775595
			31.3495999662005	-19.9798506826841
			31.3863952713251	-19.9798506826841
			31.4231905764498	-19.9798506826841
			31.4599858815744	-19.9798506826841
			31.4967811866991	-19.9798506826841
			31.5335764918237	-20.0166459878088
			31.5703717969484	-20.0166459878088
			31.607167102073	-20.0166459878088
			31.6439624071977	-20.0166459878088
			31.6807577123223	-20.0166459878088
			31.717553017447	-20.0166459878088
			31.7543483225716	-20.0534412929334
			31.7911436276963	-20.0534412929334
			31.8279389328209	-20.0534412929334
			31.8647342379456	-20.0534412929334
			31.9015295430702	-20.0534412929334
			31.9383248481949	-20.0534412929334
			31.9751201533195	-20.0902365980581
			32.0119154584442	-20.0902365980581
			32.0487107635688	-20.0902365980581
			32.0855060686935	-20.0902365980581
			32.1223013738181	-20.0902365980581
			32.1590966789428	-20.0902365980581
			32.1958919840674	-20.1270319031827
			32.2326872891921	-20.1270319031827
			32.2694825943167	-20.1270319031827
			32.3062778994413	-20.1270319031827
			32.343073204566	-20.1270319031827
			32.3798685096906	-20.1638272083074
			32.4166638148153	-20.1638272083074
			32.4534591199399	-20.1638272083074
			32.4902544250646	-20.1638272083074
			32.5270497301892	-20.1638272083074
			32.5638450353139	-20.1638272083074
			32.5638450353139	-20.200622513432
			32.6006403404385	-20.200622513432
			32.6374356455632	-20.200622513432
			32.6742309506878	-20.200622513432
			32.7110262558125	-20.200622513432
			32.7478215609371	-20.200622513432
			32.7846168660618	-20.2374178185567
			32.8214121711864	-20.2374178185567
			32.8582074763111	-20.2374178185567
			32.8950027814357	-20.2374178185567
			32.9317980865604	-20.2374178185567
			32.968593391685	-20.2374178185567
			33.0053886968097	-20.2742131236813
			33.0421840019343	-20.2742131236813
			33.078979307059	-20.2742131236813
			33.1157746121836	-20.2742131236813
			33.1525699173083	-20.2742131236813
			33.1893652224329	-20.2742131236813
			33.2261605275576	-20.2742131236813
			33.2629558326822	-20.2742131236813
			33.2997511378069	-20.2742131236813
			33.3365464429315	-20.2742131236813
			33.3733417480561	-20.3110084288059
			33.4101370531808	-20.3110084288059
			33.4469323583054	-20.3110084288059
			33.4837276634301	-20.3110084288059
			33.5205229685547	-20.3110084288059
			33.5573182736794	-20.3110084288059
			33.594113578804	-20.3110084288059
			33.6309088839287	-20.3110084288059
			33.6677041890533	-20.3110084288059
			33.704499494178	-20.3110084288059
			33.7412947993026	-20.3110084288059
			33.7780901044273	-20.3110084288059
			33.8148854095519	-20.3110084288059
			33.8516807146766	-20.3110084288059
			33.8884760198012	-20.3478037339306
			33.9252713249259	-20.3478037339306
			33.9620666300505	-20.3478037339306
			33.9988619351752	-20.3478037339306
			34.0356572402998	-20.3478037339306
			34.0724525454245	-20.3478037339306
			34.1092478505491	-20.3478037339306
			34.1460431556738	-20.3478037339306
			34.1828384607984	-20.3478037339306
			34.2196337659231	-20.3478037339306
			34.2564290710477	-20.3478037339306
			34.2932243761724	-20.3478037339306
			34.330019681297	-20.3478037339306
			34.3668149864217	-20.3478037339306
			34.3668149864217	-20.3845990390552
			34.4036102915463	-20.3845990390552
			34.440405596671	-20.3845990390552
			34.4772009017956	-20.3845990390552
			34.5139962069203	-20.3845990390552
			34.5507915120449	-20.3845990390552
			34.5875868171696	-20.3845990390552
			34.6243821222942	-20.3845990390552
			34.6611774274188	-20.3845990390552
			34.6979727325435	-20.3845990390552
			34.7347680376681	-20.3845990390552
			34.7715633427928	-20.3845990390552
			34.8083586479174	-20.3845990390552
			34.8451539530421	-20.3845990390552
			34.8819492581667	-20.4213943441799
			34.9187445632914	-20.4213943441799
			34.955539868416	-20.4213943441799
			34.9923351735407	-20.4213943441799
			35.0291304786653	-20.4213943441799
			35.06592578379	-20.4213943441799
			35.1027210889146	-20.4213943441799
			35.1395163940393	-20.4213943441799
			35.1763116991639	-20.4213943441799
			35.2131070042886	-20.4213943441799
			35.2499023094132	-20.4213943441799
			35.2866976145379	-20.4213943441799
			35.3234929196625	-20.4581896493045
			35.3602882247872	-20.4581896493045
			35.3970835299118	-20.4581896493045
			35.4338788350365	-20.4581896493045
			35.4706741401611	-20.4581896493045
			35.5074694452858	-20.4581896493045
			35.5442647504104	-20.4581896493045
			35.5810600555351	-20.4581896493045
			35.6178553606597	-20.4581896493045
			35.6546506657844	-20.4581896493045
			35.691445970909	-20.4581896493045
			35.7282412760336	-20.4581896493045
			35.7650365811583	-20.4581896493045
			35.7650365811583	-20.4949849544292
			35.8018318862829	-20.4949849544292
			35.8386271914076	-20.4949849544292
			35.8754224965322	-20.4949849544292
			35.9122178016569	-20.4949849544292
			35.9490131067815	-20.4949849544292
			35.9858084119062	-20.4949849544292
			36.0226037170308	-20.4949849544292
			36.0593990221555	-20.4949849544292
			36.0961943272801	-20.4949849544292
			36.1329896324048	-20.4949849544292
			36.1697849375294	-20.4949849544292
			36.2065802426541	-20.5317802595538
			36.2433755477787	-20.5317802595538
			36.2801708529034	-20.5317802595538
			36.316966158028	-20.5317802595538
			36.3537614631527	-20.5317802595538
			36.3905567682773	-20.5317802595538
			36.427352073402	-20.5317802595538
			36.4641473785266	-20.5317802595538
			36.5009426836513	-20.5317802595538
			36.5377379887759	-20.5317802595538
			36.5745332939006	-20.5685755646785
			36.6113285990252	-20.5685755646785
			36.6481239041499	-20.5685755646785
			36.6849192092745	-20.5685755646785
			36.7217145143992	-20.5685755646785
			36.7585098195238	-20.5685755646785
			36.7953051246485	-20.5685755646785
			36.8321004297731	-20.5685755646785
			36.8688957348978	-20.5685755646785
			36.9056910400224	-20.5685755646785
			36.9424863451471	-20.5685755646785
			36.9792816502717	-20.6053708698031
			37.0160769553964	-20.6053708698031
			37.052872260521	-20.6053708698031
			37.0896675656456	-20.6053708698031
			37.1264628707703	-20.6053708698031
			37.1632581758949	-20.6053708698031
			37.2000534810196	-20.6053708698031
			37.2368487861442	-20.6053708698031
			37.2736440912689	-20.6053708698031
			37.3104393963935	-20.6421661749278
			37.3472347015182	-20.6421661749278
			37.3840300066428	-20.6421661749278
			37.4208253117675	-20.6421661749278
			37.4576206168921	-20.6421661749278
			37.4944159220168	-20.6421661749278
			37.5312112271414	-20.6421661749278
			37.5680065322661	-20.6421661749278
			37.6048018373907	-20.6421661749278
			37.6415971425154	-20.6421661749278
			37.67839244764	-20.6789614800524
			37.7151877527647	-20.6789614800524
			37.7519830578893	-20.6789614800524
			37.788778363014	-20.6789614800524
			37.8255736681386	-20.6789614800524
			37.8623689732633	-20.6789614800524
			37.8991642783879	-20.6789614800524
			37.9359595835126	-20.6789614800524
			37.9727548886372	-20.7157567851771
			38.0095501937619	-20.7157567851771
			38.0463454988865	-20.7157567851771
			38.0831408040112	-20.7157567851771
			38.1199361091358	-20.7157567851771
			38.1567314142604	-20.7157567851771
			38.1935267193851	-20.7157567851771
			38.2303220245097	-20.7525520903017
			38.2671173296344	-20.7525520903017
			38.303912634759	-20.7525520903017
			38.3407079398837	-20.7525520903017
			38.3775032450083	-20.7525520903017
			38.414298550133	-20.7525520903017
			38.4510938552576	-20.7525520903017
			38.4878891603823	-20.7525520903017
			38.5246844655069	-20.7893473954264
			38.5614797706316	-20.7893473954264
			38.5982750757562	-20.7893473954264
			38.6350703808809	-20.7893473954264
			38.6718656860055	-20.7893473954264
			38.7086609911302	-20.7893473954264
			38.7454562962548	-20.7893473954264
			38.7822516013795	-20.7893473954264
			38.8190469065041	-20.7893473954264
			38.8558422116288	-20.826142700551
			38.8926375167534	-20.826142700551
			38.9294328218781	-20.826142700551
			38.9662281270027	-20.826142700551
			39.0030234321274	-20.826142700551
			39.039818737252	-20.826142700551
			39.0766140423767	-20.826142700551
			39.1134093475013	-20.826142700551
			39.150204652626	-20.826142700551
			39.1869999577506	-20.826142700551
			39.2237952628753	-20.826142700551
			39.2605905679999	-20.826142700551
			39.2973858731246	-20.826142700551
			39.3341811782492	-20.8629380056757
			39.3709764833739	-20.8629380056757
			39.4077717884985	-20.8629380056757
			39.4445670936231	-20.8629380056757
			39.4813623987478	-20.8629380056757
			39.5181577038724	-20.8629380056757
			39.5549530089971	-20.8629380056757
			39.5917483141217	-20.8629380056757
			39.6285436192464	-20.8629380056757
			39.665338924371	-20.8629380056757
			39.7021342294957	-20.8629380056757
			39.7389295346203	-20.8629380056757
			39.775724839745	-20.8629380056757
			39.8125201448696	-20.8629380056757
			39.8493154499943	-20.8629380056757
			39.8861107551189	-20.8997333108003
			39.9229060602436	-20.8997333108003
			39.9597013653682	-20.8997333108003
			39.9964966704929	-20.8997333108003
			40.0332919756175	-20.8997333108003
			40.0700872807422	-20.8997333108003
			40.1068825858668	-20.8997333108003
			40.1436778909915	-20.8997333108003
			40.1804731961161	-20.8997333108003
			40.2172685012408	-20.8997333108003
			40.2540638063654	-20.8997333108003
			40.2908591114901	-20.8997333108003
			40.3276544166147	-20.8997333108003
			40.3644497217394	-20.8997333108003
			40.401245026864	-20.8997333108003
			40.4380403319887	-20.8997333108003
			40.4748356371133	-20.8997333108003
			40.511630942238	-20.8997333108003
			40.5484262473626	-20.8997333108003
			40.5852215524872	-20.8997333108003
			40.6220168576119	-20.8997333108003
			40.6588121627365	-20.8997333108003
			40.6956074678612	-20.8997333108003
			40.7324027729858	-20.8997333108003
			40.7691980781105	-20.8997333108003
			40.8059933832351	-20.936528615925
			40.8427886883598	-20.936528615925
			40.8795839934844	-20.936528615925
			40.9163792986091	-20.936528615925
			40.9531746037337	-20.936528615925
			40.9899699088584	-20.936528615925
			41.026765213983	-20.936528615925
			41.0635605191077	-20.936528615925
			41.1003558242323	-20.936528615925
			41.137151129357	-20.936528615925
			41.1739464344816	-20.936528615925
			41.2107417396063	-20.936528615925
			41.2475370447309	-20.936528615925
			41.2843323498556	-20.936528615925
			41.3211276549802	-20.936528615925
			41.3579229601049	-20.936528615925
			41.3947182652295	-20.936528615925
			41.4315135703542	-20.936528615925
			41.4683088754788	-20.936528615925
			41.5051041806035	-20.936528615925
			41.5418994857281	-20.936528615925
			41.5786947908528	-20.936528615925
			41.6154900959774	-20.936528615925
			41.6522854011021	-20.936528615925
			41.6890807062267	-20.936528615925
			41.7258760113514	-20.936528615925
			41.762671316476	-20.936528615925
			41.7994666216007	-20.936528615925
			41.8362619267253	-20.936528615925
			41.8730572318499	-20.936528615925
			41.9098525369746	-20.936528615925
			41.9466478420992	-20.936528615925
			41.9834431472239	-20.936528615925
		</Dorsal_adipose>
		<Adipose_caudal type=matrix rownames=FALSE colnames=FALSE nrow=258 ncol=2 as.numeric=TRUE >
			41.9834431472239	-20.936528615925
			42.0202384523485	-20.936528615925
			42.0570337574732	-20.936528615925
			42.0938290625978	-20.936528615925
			42.1306243677225	-20.936528615925
			42.1674196728471	-20.936528615925
			42.2042149779718	-20.936528615925
			42.2410102830964	-20.936528615925
			42.2778055882211	-20.936528615925
			42.3146008933457	-20.9733239210496
			42.3513961984704	-20.9733239210496
			42.388191503595	-20.9733239210496
			42.4249868087197	-20.9733239210496
			42.4617821138443	-20.9733239210496
			42.498577418969	-21.0101192261743
			42.5353727240936	-21.0101192261743
			42.5721680292183	-21.0101192261743
			42.6089633343429	-21.0469145312989
			42.6457586394676	-21.0469145312989
			42.6825539445922	-21.0837098364236
			42.7193492497169	-21.1205051415482
			42.7561445548415	-21.1573004466729
			42.7929398599662	-21.1940957517975
			42.8297351650908	-21.2308910569222
			42.8665304702155	-21.2676863620468
			42.9033257753401	-21.2676863620468
			42.9401210804647	-21.3044816671715
			42.9769163855894	-21.3044816671715
			43.013711690714	-21.3044816671715
			43.0505069958387	-21.3044816671715
			43.0873023009633	-21.3044816671715
			43.124097606088	-21.3412769722961
			43.1608929112126	-21.3412769722961
			43.1976882163373	-21.3412769722961
			43.2344835214619	-21.3412769722961
			43.2712788265866	-21.3412769722961
			43.3080741317112	-21.3780722774208
			43.3448694368359	-21.3780722774208
			43.3816647419605	-21.3780722774208
			43.4184600470852	-21.3780722774208
			43.4552553522098	-21.3780722774208
			43.4920506573345	-21.3780722774208
			43.4920506573345	-21.4148675825454
			43.5288459624591	-21.4148675825454
			43.5656412675838	-21.4148675825454
			43.6024365727084	-21.4148675825454
			43.6392318778331	-21.4148675825454
			43.6760271829577	-21.4516628876701
			43.7128224880824	-21.4516628876701
			43.749617793207	-21.4516628876701
			43.7864130983317	-21.4516628876701
			43.8232084034563	-21.4516628876701
			43.860003708581	-21.4516628876701
			43.8967990137056	-21.4884581927947
			43.9335943188303	-21.4884581927947
			43.9703896239549	-21.4884581927947
			44.0071849290796	-21.4884581927947
			44.0439802342042	-21.4884581927947
			44.0807755393289	-21.4884581927947
			44.1175708444535	-21.5252534979193
			44.1543661495782	-21.5252534979193
			44.1911614547028	-21.5252534979193
			44.2279567598274	-21.5252534979193
			44.2647520649521	-21.5252534979193
			44.3015473700767	-21.5252534979193
			44.3383426752014	-21.562048803044
			44.375137980326	-21.562048803044
			44.4119332854507	-21.562048803044
			44.4487285905753	-21.562048803044
			44.4855238957	-21.562048803044
			44.5223192008246	-21.562048803044
			44.5591145059493	-21.5988441081686
			44.5959098110739	-21.5988441081686
			44.6327051161986	-21.5988441081686
			44.6695004213232	-21.5988441081686
			44.7062957264479	-21.5988441081686
			44.7430910315725	-21.5988441081686
			44.7798863366972	-21.6356394132933
			44.8166816418218	-21.6356394132933
			44.8534769469465	-21.6356394132933
			44.8902722520711	-21.6356394132933
			44.9270675571958	-21.6356394132933
			44.9638628623204	-21.6356394132933
			45.0006581674451	-21.6724347184179
			45.0374534725697	-21.6724347184179
			45.0742487776944	-21.6724347184179
			45.111044082819	-21.6724347184179
			45.1478393879437	-21.6724347184179
			45.1846346930683	-21.6724347184179
			45.221429998193	-21.7092300235426
			45.2582253033176	-21.7092300235426
			45.2950206084423	-21.7092300235426
			45.3318159135669	-21.7092300235426
			45.3686112186915	-21.7092300235426
			45.4054065238162	-21.7092300235426
			45.4422018289408	-21.7460253286672
			45.4789971340655	-21.7460253286672
			45.5157924391901	-21.7460253286672
			45.5525877443148	-21.7460253286672
			45.5893830494394	-21.7460253286672
			45.6261783545641	-21.7460253286672
			45.6629736596887	-21.7460253286672
			45.6997689648134	-21.7828206337919
			45.736564269938	-21.7828206337919
			45.7733595750627	-21.7828206337919
			45.8101548801873	-21.7828206337919
			45.846950185312	-21.7828206337919
			45.8837454904366	-21.7828206337919
			45.9205407955613	-21.7828206337919
			45.9573361006859	-21.8196159389165
			45.9941314058106	-21.8196159389165
			46.0309267109352	-21.8196159389165
			46.0677220160599	-21.8196159389165
			46.1045173211845	-21.8196159389165
			46.1413126263092	-21.8196159389165
			46.1781079314338	-21.8564112440412
			46.2149032365585	-21.8564112440412
			46.2516985416831	-21.8564112440412
			46.2884938468078	-21.8564112440412
			46.3252891519324	-21.8564112440412
			46.3620844570571	-21.8564112440412
			46.3988797621817	-21.8564112440412
			46.4356750673064	-21.8932065491658
			46.472470372431	-21.8932065491658
			46.5092656775557	-21.8932065491658
			46.5460609826803	-21.8932065491658
			46.582856287805	-21.8932065491658
			46.6196515929296	-21.8932065491658
			46.6564468980542	-21.8932065491658
			46.6932422031789	-21.9300018542905
			46.7300375083035	-21.9300018542905
			46.7668328134282	-21.9300018542905
			46.8036281185528	-21.9300018542905
			46.8404234236775	-21.9300018542905
			46.8772187288021	-21.9300018542905
			46.9140140339268	-21.9300018542905
			46.9508093390514	-21.9667971594151
			46.9876046441761	-21.9667971594151
			47.0243999493007	-21.9667971594151
			47.0611952544254	-21.9667971594151
			47.09799055955	-21.9667971594151
			47.1347858646747	-21.9667971594151
			47.1715811697993	-21.9667971594151
			47.208376474924	-22.0035924645398
			47.2451717800486	-22.0035924645398
			47.2819670851733	-22.0035924645398
			47.3187623902979	-22.0035924645398
			47.3555576954226	-22.0035924645398
			47.3923530005472	-22.0035924645398
			47.4291483056719	-22.0035924645398
			47.4659436107965	-22.0035924645398
			47.5027389159212	-22.0403877696644
			47.5395342210458	-22.0403877696644
			47.5763295261705	-22.0403877696644
			47.6131248312951	-22.0403877696644
			47.6499201364198	-22.0403877696644
			47.6867154415444	-22.0403877696644
			47.723510746669	-22.0403877696644
			47.7603060517937	-22.0771830747891
			47.7971013569183	-22.0771830747891
			47.833896662043	-22.0771830747891
			47.8706919671676	-22.0771830747891
			47.9074872722923	-22.0771830747891
			47.9442825774169	-22.0771830747891
			47.9810778825416	-22.0771830747891
			48.0178731876662	-22.1139783799137
			48.0546684927909	-22.1139783799137
			48.0914637979155	-22.1139783799137
			48.1282591030402	-22.1139783799137
			48.1650544081648	-22.1139783799137
			48.2018497132895	-22.1139783799137
			48.2386450184141	-22.1139783799137
			48.2754403235388	-22.1507736850384
			48.3122356286634	-22.1507736850384
			48.3490309337881	-22.1507736850384
			48.3858262389127	-22.1507736850384
			48.4226215440374	-22.1507736850384
			48.459416849162	-22.1507736850384
			48.4962121542867	-22.1507736850384
			48.5330074594113	-22.187568990163
			48.569802764536	-22.187568990163
			48.6065980696606	-22.187568990163
			48.6433933747853	-22.187568990163
			48.6801886799099	-22.187568990163
			48.7169839850346	-22.187568990163
			48.7537792901592	-22.187568990163
			48.7905745952839	-22.187568990163
			48.8273699004085	-22.2243642952877
			48.8641652055332	-22.2243642952877
			48.9009605106578	-22.2243642952877
			48.9377558157825	-22.2243642952877
			48.9745511209071	-22.2243642952877
			49.0113464260317	-22.2243642952877
			49.0481417311564	-22.2243642952877
			49.084937036281	-22.2243642952877
			49.1217323414057	-22.2243642952877
			49.1585276465303	-22.2243642952877
			49.195322951655	-22.2243642952877
			49.2321182567796	-22.2243642952877
			49.2689135619043	-22.2243642952877
			49.3057088670289	-22.2243642952877
			49.3425041721536	-22.2243642952877
			49.3792994772782	-22.2243642952877
			49.4160947824029	-22.2243642952877
			49.4528900875275	-22.2243642952877
			49.4896853926522	-22.2611596004123
			49.5264806977768	-22.2611596004123
			49.5632760029015	-22.2611596004123
			49.6000713080261	-22.2611596004123
			49.6368666131508	-22.2611596004123
			49.6736619182754	-22.2611596004123
			49.7104572234001	-22.2611596004123
			49.7472525285247	-22.2611596004123
			49.7840478336494	-22.2611596004123
			49.820843138774	-22.2611596004123
			49.8576384438987	-22.2611596004123
			49.8944337490233	-22.2611596004123
			49.931229054148	-22.2611596004123
			49.9680243592726	-22.2611596004123
			50.0048196643973	-22.2611596004123
			50.0416149695219	-22.2611596004123
			50.0784102746466	-22.297954905537
			50.1152055797712	-22.297954905537
			50.1520008848958	-22.297954905537
			50.1887961900205	-22.297954905537
			50.2255914951451	-22.297954905537
			50.2623868002698	-22.297954905537
			50.2991821053944	-22.297954905537
			50.3359774105191	-22.297954905537
			50.3727727156437	-22.297954905537
			50.4095680207684	-22.3347502106616
			50.446363325893	-22.3347502106616
			50.4831586310177	-22.3347502106616
			50.5199539361423	-22.3347502106616
			50.556749241267	-22.3347502106616
			50.5935445463916	-22.3347502106616
			50.6303398515163	-22.3347502106616
			50.6671351566409	-22.3347502106616
			50.7039304617656	-22.3715455157863
			50.7407257668902	-22.3715455157863
			50.7775210720149	-22.3715455157863
			50.8143163771395	-22.3715455157863
			50.8511116822642	-22.3715455157863
			50.8879069873888	-22.3715455157863
			50.9247022925135	-22.4083408209109
			50.9614975976381	-22.4083408209109
			50.9982929027628	-22.4083408209109
			51.0350882078874	-22.4083408209109
			51.0718835130121	-22.4083408209109
			51.1086788181367	-22.4451361260356
			51.1454741232614	-22.4451361260356
			51.182269428386	-22.4451361260356
			51.2190647335107	-22.4451361260356
			51.2558600386353	-22.4819314311602
			51.29265534376	-22.4819314311602
			51.3294506488846	-22.4819314311602
			51.3662459540093	-22.5187267362849
			51.4030412591339	-22.5187267362849
		</Adipose_caudal>
		<Caudal_anal type=matrix rownames=FALSE colnames=FALSE nrow=480 ncol=2 as.numeric=TRUE >
			51.29265534376	-27.1549351819906
			51.2558600386353	-27.1549351819906
			51.2190647335107	-27.1549351819906
			51.182269428386	-27.1549351819906
			51.1454741232614	-27.1549351819906
			51.1086788181367	-27.1549351819906
			51.0718835130121	-27.1181398768659
			51.0350882078874	-27.1181398768659
			50.9982929027628	-27.1181398768659
			50.9614975976381	-27.1181398768659
			50.9247022925135	-27.1181398768659
			50.8879069873888	-27.1181398768659
			50.8511116822642	-27.1181398768659
			50.8143163771395	-27.1181398768659
			50.7775210720149	-27.1181398768659
			50.7407257668902	-27.0813445717413
			50.7039304617656	-27.0813445717413
			50.6671351566409	-27.0813445717413
			50.6303398515163	-27.0813445717413
			50.5935445463916	-27.0813445717413
			50.556749241267	-27.0813445717413
			50.5199539361423	-27.0813445717413
			50.4831586310177	-27.0813445717413
			50.446363325893	-27.0813445717413
			50.4095680207684	-27.0813445717413
			50.3727727156437	-27.0813445717413
			50.3727727156437	-27.0445492666166
			50.3359774105191	-27.0445492666166
			50.2991821053944	-27.0445492666166
			50.2623868002698	-27.0445492666166
			50.2255914951451	-27.0445492666166
			50.1887961900205	-27.0445492666166
			50.1520008848958	-27.0445492666166
			50.1152055797712	-27.0445492666166
			50.0784102746466	-27.0445492666166
			50.0416149695219	-27.0445492666166
			50.0048196643973	-27.0445492666166
			49.9680243592726	-27.0445492666166
			49.931229054148	-27.007753961492
			49.8944337490233	-27.007753961492
			49.8576384438987	-27.007753961492
			49.820843138774	-27.007753961492
			49.7840478336494	-27.007753961492
			49.7472525285247	-27.007753961492
			49.7104572234001	-27.007753961492
			49.6736619182754	-27.007753961492
			49.6368666131508	-27.007753961492
			49.6000713080261	-27.007753961492
			49.5632760029015	-27.007753961492
			49.5264806977768	-27.007753961492
			49.4896853926522	-27.007753961492
			49.4528900875275	-26.9709586563673
			49.4160947824029	-26.9709586563673
			49.3792994772782	-26.9709586563673
			49.3425041721536	-26.9709586563673
			49.3057088670289	-26.9709586563673
			49.2689135619043	-26.9709586563673
			49.2321182567796	-26.9709586563673
			49.195322951655	-26.9709586563673
			49.1585276465303	-26.9709586563673
			49.1217323414057	-26.9709586563673
			49.084937036281	-26.9709586563673
			49.0481417311564	-26.9709586563673
			49.0113464260317	-26.9709586563673
			48.9745511209071	-26.9709586563673
			48.9377558157825	-26.9709586563673
			48.9009605106578	-26.9709586563673
			48.8641652055332	-26.9341633512427
			48.8273699004085	-26.9341633512427
			48.7905745952839	-26.9341633512427
			48.7537792901592	-26.9341633512427
			48.7169839850346	-26.9341633512427
			48.6801886799099	-26.9341633512427
			48.6433933747853	-26.9341633512427
			48.6065980696606	-26.9341633512427
			48.569802764536	-26.9341633512427
			48.5330074594113	-26.9341633512427
			48.4962121542867	-26.9341633512427
			48.459416849162	-26.9341633512427
			48.4226215440374	-26.9341633512427
			48.3858262389127	-26.9341633512427
			48.3490309337881	-26.9341633512427
			48.3122356286634	-26.9341633512427
			48.2754403235388	-26.9341633512427
			48.2386450184141	-26.9341633512427
			48.2018497132895	-26.9341633512427
			48.1650544081648	-26.9341633512427
			48.1282591030402	-26.9341633512427
			48.0914637979155	-26.9341633512427
			48.0546684927909	-26.897368046118
			48.0178731876662	-26.897368046118
			47.9810778825416	-26.897368046118
			47.9442825774169	-26.897368046118
			47.9074872722923	-26.897368046118
			47.8706919671676	-26.897368046118
			47.833896662043	-26.897368046118
			47.7971013569183	-26.897368046118
			47.7603060517937	-26.897368046118
			47.723510746669	-26.897368046118
			47.6867154415444	-26.897368046118
			47.6499201364198	-26.897368046118
			47.6131248312951	-26.897368046118
			47.5763295261705	-26.897368046118
			47.5395342210458	-26.897368046118
			47.5027389159212	-26.897368046118
			47.4659436107965	-26.897368046118
			47.4291483056719	-26.897368046118
			47.3923530005472	-26.897368046118
			47.3555576954226	-26.897368046118
			47.3187623902979	-26.897368046118
			47.2819670851733	-26.897368046118
			47.2451717800486	-26.897368046118
			47.208376474924	-26.897368046118
			47.1715811697993	-26.897368046118
			47.1347858646747	-26.897368046118
			47.09799055955	-26.897368046118
			47.0611952544254	-26.897368046118
			47.0243999493007	-26.897368046118
			46.9876046441761	-26.897368046118
			46.9508093390514	-26.897368046118
			46.9140140339268	-26.897368046118
			46.8772187288021	-26.897368046118
			46.8404234236775	-26.897368046118
			46.8036281185528	-26.897368046118
			46.7668328134282	-26.897368046118
			46.7300375083035	-26.897368046118
			46.6932422031789	-26.897368046118
			46.6564468980542	-26.897368046118
			46.6196515929296	-26.897368046118
			46.582856287805	-26.897368046118
			46.5460609826803	-26.897368046118
			46.5092656775557	-26.9341633512427
			46.472470372431	-26.9341633512427
			46.4356750673064	-26.9341633512427
			46.3988797621817	-26.9341633512427
			46.3620844570571	-26.9341633512427
			46.3252891519324	-26.9341633512427
			46.2884938468078	-26.9341633512427
			46.2516985416831	-26.9341633512427
			46.2149032365585	-26.9341633512427
			46.1781079314338	-26.9341633512427
			46.1413126263092	-26.9341633512427
			46.1045173211845	-26.9341633512427
			46.0677220160599	-26.9341633512427
			46.0309267109352	-26.9341633512427
			45.9941314058106	-26.9341633512427
			45.9573361006859	-26.9341633512427
			45.9205407955613	-26.9341633512427
			45.8837454904366	-26.9341633512427
			45.846950185312	-26.9709586563673
			45.8101548801873	-26.9709586563673
			45.7733595750627	-26.9709586563673
			45.736564269938	-26.9709586563673
			45.6997689648134	-26.9709586563673
			45.6629736596887	-26.9709586563673
			45.6261783545641	-26.9709586563673
			45.5893830494394	-26.9709586563673
			45.5525877443148	-26.9709586563673
			45.5157924391901	-26.9709586563673
			45.4789971340655	-26.9709586563673
			45.4422018289408	-27.007753961492
			45.4054065238162	-27.007753961492
			45.3686112186915	-27.007753961492
			45.3318159135669	-27.007753961492
			45.2950206084423	-27.007753961492
			45.2582253033176	-27.007753961492
			45.221429998193	-27.007753961492
			45.1846346930683	-27.007753961492
			45.1478393879437	-27.0445492666166
			45.111044082819	-27.0445492666166
			45.0742487776944	-27.0445492666166
			45.0374534725697	-27.0445492666166
			45.0006581674451	-27.0445492666166
			44.9638628623204	-27.0445492666166
			44.9270675571958	-27.0445492666166
			44.8902722520711	-27.0445492666166
			44.8534769469465	-27.0813445717413
			44.8166816418218	-27.0813445717413
			44.7798863366972	-27.0813445717413
			44.7430910315725	-27.0813445717413
			44.7062957264479	-27.0813445717413
			44.6695004213232	-27.0813445717413
			44.6327051161986	-27.0813445717413
			44.5959098110739	-27.1181398768659
			44.5591145059493	-27.1181398768659
			44.5223192008246	-27.1181398768659
			44.4855238957	-27.1181398768659
			44.4487285905753	-27.1181398768659
			44.4119332854507	-27.1181398768659
			44.375137980326	-27.1181398768659
			44.3383426752014	-27.1181398768659
			44.3015473700767	-27.1549351819906
			44.2647520649521	-27.1549351819906
			44.2279567598274	-27.1549351819906
			44.1911614547028	-27.1549351819906
			44.1543661495782	-27.1549351819906
			44.1175708444535	-27.1549351819906
			44.0807755393289	-27.1549351819906
			44.0439802342042	-27.1549351819906
			44.0071849290796	-27.1917304871152
			43.9703896239549	-27.1917304871152
			43.9335943188303	-27.1917304871152
			43.8967990137056	-27.1917304871152
			43.860003708581	-27.1917304871152
			43.8232084034563	-27.1917304871152
			43.7864130983317	-27.1917304871152
			43.749617793207	-27.2285257922399
			43.7128224880824	-27.2285257922399
			43.6760271829577	-27.2285257922399
			43.6392318778331	-27.2285257922399
			43.6024365727084	-27.2285257922399
			43.5656412675838	-27.2285257922399
			43.5288459624591	-27.2285257922399
			43.4920506573345	-27.2285257922399
			43.4552553522098	-27.2653210973645
			43.4184600470852	-27.2653210973645
			43.3816647419605	-27.2653210973645
			43.3448694368359	-27.2653210973645
			43.3080741317112	-27.2653210973645
			43.2712788265866	-27.2653210973645
			43.2344835214619	-27.2653210973645
			43.1976882163373	-27.3021164024892
			43.1608929112126	-27.3021164024892
			43.124097606088	-27.3021164024892
			43.0873023009633	-27.3021164024892
			43.0505069958387	-27.3021164024892
			43.013711690714	-27.3021164024892
			42.9769163855894	-27.3021164024892
			42.9401210804647	-27.3389117076138
			42.9033257753401	-27.3389117076138
			42.8665304702155	-27.3389117076138
			42.8297351650908	-27.3389117076138
			42.7929398599662	-27.3389117076138
			42.7561445548415	-27.3389117076138
			42.7193492497169	-27.3389117076138
			42.6825539445922	-27.3757070127385
			42.6457586394676	-27.3757070127385
			42.6089633343429	-27.3757070127385
			42.5721680292183	-27.3757070127385
			42.5353727240936	-27.3757070127385
			42.498577418969	-27.3757070127385
			42.4617821138443	-27.3757070127385
			42.4249868087197	-27.4125023178631
			42.388191503595	-27.4125023178631
			42.3513961984704	-27.4125023178631
			42.3146008933457	-27.4125023178631
			42.2778055882211	-27.4125023178631
			42.2410102830964	-27.4125023178631
			42.2042149779718	-27.4125023178631
			42.2042149779718	-27.4492976229877
			42.1674196728471	-27.4492976229877
			42.1306243677225	-27.4492976229877
			42.0938290625978	-27.4492976229877
			42.0570337574732	-27.4492976229877
			42.0202384523485	-27.4492976229877
			41.9834431472239	-27.4492976229877
			41.9466478420992	-27.4860929281124
			41.9098525369746	-27.4860929281124
			41.8730572318499	-27.4860929281124
			41.8362619267253	-27.4860929281124
			41.7994666216007	-27.4860929281124
			41.762671316476	-27.4860929281124
			41.7258760113514	-27.4860929281124
			41.6890807062267	-27.522888233237
			41.6522854011021	-27.522888233237
			41.6154900959774	-27.522888233237
			41.5786947908528	-27.522888233237
			41.5418994857281	-27.522888233237
			41.5051041806035	-27.522888233237
			41.4683088754788	-27.5596835383617
			41.4315135703542	-27.5596835383617
			41.3947182652295	-27.5596835383617
			41.3579229601049	-27.5596835383617
			41.3211276549802	-27.5596835383617
			41.2843323498556	-27.5596835383617
			41.2475370447309	-27.5596835383617
			41.2107417396063	-27.5964788434863
			41.1739464344816	-27.5964788434863
			41.137151129357	-27.5964788434863
			41.1003558242323	-27.5964788434863
			41.0635605191077	-27.5964788434863
			41.026765213983	-27.5964788434863
			40.9899699088584	-27.633274148611
			40.9531746037337	-27.633274148611
			40.9163792986091	-27.633274148611
			40.8795839934844	-27.633274148611
			40.8427886883598	-27.633274148611
			40.8059933832351	-27.633274148611
			40.7691980781105	-27.6700694537356
			40.7324027729858	-27.6700694537356
			40.6956074678612	-27.6700694537356
			40.6588121627365	-27.6700694537356
			40.6220168576119	-27.6700694537356
			40.5852215524872	-27.6700694537356
			40.5852215524872	-27.7068647588603
			40.5484262473626	-27.7068647588603
			40.511630942238	-27.7068647588603
			40.4748356371133	-27.7068647588603
			40.4380403319887	-27.7068647588603
			40.401245026864	-27.7068647588603
			40.3644497217394	-27.7068647588603
			40.3276544166147	-27.7436600639849
			40.2908591114901	-27.7436600639849
			40.2540638063654	-27.7436600639849
			40.2172685012408	-27.7436600639849
			40.1804731961161	-27.7436600639849
			40.1436778909915	-27.7804553691096
			40.1068825858668	-27.7804553691096
			40.0700872807422	-27.7804553691096
			40.0332919756175	-27.7804553691096
			39.9964966704929	-27.7804553691096
			39.9597013653682	-27.7804553691096
			39.9229060602436	-27.8172506742342
			39.8861107551189	-27.8172506742342
			39.8493154499943	-27.8172506742342
			39.8125201448696	-27.8172506742342
			39.775724839745	-27.8172506742342
			39.7389295346203	-27.8172506742342
			39.7021342294957	-27.8540459793589
			39.665338924371	-27.8540459793589
			39.6285436192464	-27.8540459793589
			39.5917483141217	-27.8540459793589
			39.5549530089971	-27.8540459793589
			39.5181577038724	-27.8540459793589
			39.4813623987478	-27.8908412844835
			39.4445670936231	-27.8908412844835
			39.4077717884985	-27.8908412844835
			39.3709764833739	-27.8908412844835
			39.3341811782492	-27.8908412844835
			39.2973858731246	-27.8908412844835
			39.2605905679999	-27.9276365896082
			39.2237952628753	-27.9276365896082
			39.1869999577506	-27.9276365896082
			39.150204652626	-27.9276365896082
			39.1134093475013	-27.9276365896082
			39.0766140423767	-27.9644318947328
			39.039818737252	-27.9644318947328
			39.0030234321274	-27.9644318947328
			38.9662281270027	-27.9644318947328
			38.9294328218781	-27.9644318947328
			38.8926375167534	-27.9644318947328
			38.8926375167534	-28.0012271998575
			38.8558422116288	-28.0012271998575
			38.8190469065041	-28.0012271998575
			38.7822516013795	-28.0012271998575
			38.7454562962548	-28.0012271998575
			38.7086609911302	-28.0380225049821
			38.6718656860055	-28.0380225049821
			38.6350703808809	-28.0380225049821
			38.5982750757562	-28.0380225049821
			38.5614797706316	-28.0380225049821
			38.5246844655069	-28.0380225049821
			38.4878891603823	-28.0748178101068
			38.4510938552576	-28.0748178101068
			38.414298550133	-28.0748178101068
			38.3775032450083	-28.0748178101068
			38.3407079398837	-28.0748178101068
			38.303912634759	-28.1116131152314
			38.2671173296344	-28.1116131152314
			38.2303220245097	-28.1116131152314
			38.1935267193851	-28.1116131152314
			38.1567314142604	-28.1116131152314
			38.1199361091358	-28.1116131152314
			38.0831408040112	-28.1484084203561
			38.0463454988865	-28.1484084203561
			38.0095501937619	-28.1484084203561
			37.9727548886372	-28.1484084203561
			37.9359595835126	-28.1484084203561
			37.8991642783879	-28.1852037254807
			37.8623689732633	-28.1852037254807
			37.8255736681386	-28.1852037254807
			37.788778363014	-28.1852037254807
			37.7519830578893	-28.1852037254807
			37.7519830578893	-28.2219990306054
			37.7151877527647	-28.2219990306054
			37.67839244764	-28.2219990306054
			37.6415971425154	-28.2219990306054
			37.6048018373907	-28.2219990306054
			37.5680065322661	-28.25879433573
			37.5312112271414	-28.25879433573
			37.4944159220168	-28.25879433573
			37.4576206168921	-28.25879433573
			37.4208253117675	-28.25879433573
			37.3840300066428	-28.2955896408547
			37.3472347015182	-28.2955896408547
			37.3104393963935	-28.2955896408547
			37.2736440912689	-28.2955896408547
			37.2368487861442	-28.2955896408547
			37.2000534810196	-28.3323849459793
			37.1632581758949	-28.3323849459793
			37.1264628707703	-28.3323849459793
			37.0896675656456	-28.3323849459793
			37.052872260521	-28.3323849459793
			37.0160769553964	-28.369180251104
			36.9792816502717	-28.369180251104
			36.9424863451471	-28.369180251104
			36.9056910400224	-28.369180251104
			36.8688957348978	-28.369180251104
			36.8321004297731	-28.4059755562286
			36.7953051246485	-28.4059755562286
			36.7585098195238	-28.4059755562286
			36.7217145143992	-28.4059755562286
			36.6849192092745	-28.4059755562286
			36.6481239041499	-28.4427708613533
			36.6113285990252	-28.4427708613533
			36.5745332939006	-28.4427708613533
			36.5377379887759	-28.4427708613533
			36.5009426836513	-28.4427708613533
			36.4641473785266	-28.4795661664779
			36.427352073402	-28.4795661664779
			36.3905567682773	-28.4795661664779
			36.3537614631527	-28.4795661664779
			36.316966158028	-28.5163614716026
			36.2801708529034	-28.5163614716026
			36.2433755477787	-28.5163614716026
			36.2065802426541	-28.5163614716026
			36.1697849375294	-28.5163614716026
			36.1697849375294	-28.5531567767272
			36.1329896324048	-28.5531567767272
			36.0961943272801	-28.5531567767272
			36.0593990221555	-28.5531567767272
			36.0226037170308	-28.5531567767272
			35.9858084119062	-28.5899520818519
			35.9490131067815	-28.5899520818519
			35.9122178016569	-28.5899520818519
			35.8754224965322	-28.5899520818519
			35.8386271914076	-28.6267473869765
			35.8018318862829	-28.6267473869765
			35.7650365811583	-28.6267473869765
			35.7282412760336	-28.6267473869765
			35.691445970909	-28.6267473869765
			35.6546506657844	-28.6635426921011
			35.6178553606597	-28.6635426921011
			35.5810600555351	-28.6635426921011
			35.5442647504104	-28.6635426921011
			35.5074694452858	-28.6635426921011
			35.4706741401611	-28.7003379972258
			35.4338788350365	-28.7003379972258
			35.3970835299118	-28.7003379972258
			35.3602882247872	-28.7003379972258
			35.3234929196625	-28.7371333023504
			35.2866976145379	-28.7371333023504
			35.2499023094132	-28.7371333023504
			35.2131070042886	-28.7371333023504
			35.1763116991639	-28.7739286074751
			35.1395163940393	-28.7739286074751
			35.1027210889146	-28.7739286074751
			35.06592578379	-28.7739286074751
			35.0291304786653	-28.7739286074751
			34.9923351735407	-28.8107239125997
			34.955539868416	-28.8107239125997
			34.9187445632914	-28.8107239125997
			34.8819492581667	-28.8475192177244
			34.8451539530421	-28.8475192177244
			34.8083586479174	-28.8475192177244
			34.7715633427928	-28.8475192177244
			34.7347680376681	-28.8475192177244
			34.6979727325435	-28.884314522849
			34.6611774274188	-28.884314522849
			34.6243821222942	-28.884314522849
			34.5875868171696	-28.884314522849
			34.5507915120449	-28.9211098279737
			34.5139962069203	-28.9211098279737
			34.4772009017956	-28.9211098279737
			34.440405596671	-28.9211098279737
			34.4036102915463	-28.9579051330983
			34.3668149864217	-28.9579051330983
			34.330019681297	-28.9579051330983
			34.2932243761724	-28.9579051330983
			34.2564290710477	-28.994700438223
			34.2196337659231	-28.994700438223
			34.1828384607984	-28.994700438223
			34.1460431556738	-28.994700438223
			34.1092478505491	-28.994700438223
			34.0724525454245	-29.0314957433476
			34.0356572402998	-29.0314957433476
			33.9988619351752	-29.0314957433476
			33.9620666300505	-29.0314957433476
			33.9252713249259	-29.0682910484723
			33.8884760198012	-29.0682910484723
		</Caudal_anal>
	</curves.scaled>
	<ruler.points type=matrix rownames=TRUE colnames=FALSE nrow=3 ncol=2 as.numeric=TRUE >
		Ruler point 1	492	999
		Ruler point 2	627	983
		Ruler point 3	762	968
	</ruler.points>
</shapes>

