<shapes type=list>
	<ruler.pixel type=vector names=FALSE length=1 as.numeric=TRUE >211.713249455975</ruler.pixel>
	<ruler.interval type=vector names=FALSE length=1 as.numeric=TRUE >5</ruler.interval>
	<scaling.units type=vector names=FALSE length=1 as.numeric=FALSE >mm</scaling.units>
	<scaling type=vector names=FALSE length=1 as.numeric=TRUE >0.0236168497382576</scaling>
	<landmarks.pixel type=matrix rownames=TRUE colnames=FALSE nrow=11 ncol=2 as.numeric=TRUE >
		Anterior_eye	2588	3052
		Posterior_eye	2717	3072
		Posterior_Maxilla	2772	3204
		Anterior_Maxilla	2557	3090
		Dorsal_fin_insertion	3074	2965
		Adipose_fin_insertion	3491	3081
		Dorsal_caudal	3743	3130
		Ventral_caudal	3728	3265
		Anal_fin_insertion	3283	3291
		Pelvic_fin_insertion	3038	3267
		Pectoral_fin_insertion	2900	3190
	</landmarks.pixel>
	<landmarks.scaled type=matrix rownames=TRUE colnames=FALSE nrow=11 ncol=2 as.numeric=TRUE >
		Anterior_eye	61.1204071226106	-72.0786254011622
		Posterior_eye	64.1669807388459	-72.5509623959273
		Posterior_Maxilla	65.46590747445	-75.6683865613773
		Anterior_Maxilla	60.3882847807246	-72.9760656912159
		Dorsal_fin_insertion	72.5981960954038	-70.0239594739337
		Adipose_fin_insertion	82.4464224362572	-72.7635140435716
		Dorsal_caudal	88.3978685702981	-73.9207396807462
		Ventral_caudal	88.0436158242243	-77.109014395411
		Anal_fin_insertion	77.5341176906997	-77.7230524886057
		Pelvic_fin_insertion	71.7479895048265	-77.1562480948875
		Pectoral_fin_insertion	68.488864240947	-75.3377506650417
	</landmarks.scaled>
	<curves.control type=list>
		<Snout_dorsal type=matrix rownames=FALSE colnames=FALSE nrow=7 ncol=2 as.numeric=TRUE >
			2557	3090
			2523	2948
			2747	2923
			2871	2928
			2955	2947
			3047	2970
			3074	2965
		</Snout_dorsal>
		<Dorsal_adipose type=matrix rownames=FALSE colnames=FALSE nrow=5 ncol=2 as.numeric=TRUE >
			3074	2965
			3190	3014
			3339	3060
			3457	3083
			3491	3081
		</Dorsal_adipose>
		<Adipose_caudal type=matrix rownames=FALSE colnames=FALSE nrow=7 ncol=2 as.numeric=TRUE >
			3491	3081
			3514	3083
			3521	3092
			3584	3118
			3691	3123
			3719	3120
			3743	3130
		</Adipose_caudal>
		<Caudal_anal type=matrix rownames=FALSE colnames=FALSE nrow=7 ncol=2 as.numeric=TRUE >
			3728	3265
			3711	3269
			3685	3262
			3602	3237
			3537	3247
			3381	3271
			3283	3291
		</Caudal_anal>
	</curves.control>
	<curves.pixel type=list>
		<Snout_dorsal type=matrix rownames=FALSE colnames=FALSE nrow=615 ncol=2 as.numeric=TRUE >
			2557	3090
			2557	3089
			2556	3088
			2556	3087
			2556	3086
			2556	3085
			2556	3084
			2555	3083
			2555	3082
			2555	3081
			2555	3080
			2555	3079
			2555	3078
			2554	3077
			2554	3076
			2554	3075
			2554	3074
			2554	3073
			2554	3072
			2554	3071
			2553	3071
			2553	3070
			2553	3069
			2553	3068
			2553	3067
			2553	3066
			2553	3065
			2553	3064
			2553	3063
			2553	3062
			2553	3061
			2553	3060
			2553	3059
			2553	3058
			2553	3057
			2553	3056
			2553	3055
			2553	3054
			2553	3053
			2553	3052
			2553	3051
			2553	3050
			2553	3049
			2553	3048
			2553	3047
			2553	3046
			2553	3045
			2553	3044
			2553	3043
			2553	3042
			2553	3041
			2553	3040
			2554	3039
			2554	3038
			2554	3037
			2554	3036
			2554	3035
			2554	3034
			2555	3033
			2555	3032
			2555	3031
			2555	3030
			2556	3029
			2556	3028
			2556	3027
			2556	3026
			2557	3025
			2557	3024
			2557	3023
			2557	3022
			2558	3021
			2558	3020
			2558	3019
			2559	3018
			2559	3017
			2559	3016
			2560	3015
			2560	3014
			2561	3013
			2561	3012
			2562	3011
			2562	3010
			2563	3009
			2563	3008
			2564	3007
			2564	3006
			2565	3005
			2565	3004
			2566	3003
			2566	3002
			2567	3001
			2568	3000
			2568	2999
			2569	2999
			2569	2998
			2570	2997
			2570	2996
			2571	2995
			2572	2994
			2572	2993
			2573	2993
			2574	2992
			2574	2991
			2575	2990
			2576	2989
			2576	2988
			2577	2988
			2578	2987
			2578	2986
			2579	2985
			2580	2984
			2581	2984
			2581	2983
			2582	2982
			2583	2981
			2584	2981
			2585	2980
			2585	2979
			2586	2978
			2587	2978
			2588	2977
			2589	2976
			2590	2975
			2591	2975
			2591	2974
			2592	2973
			2593	2972
			2594	2972
			2595	2971
			2596	2970
			2597	2970
			2598	2969
			2599	2968
			2600	2968
			2601	2967
			2602	2966
			2603	2966
			2604	2965
			2605	2964
			2606	2964
			2607	2963
			2608	2962
			2609	2962
			2610	2961
			2611	2960
			2612	2960
			2613	2960
			2613	2959
			2614	2959
			2615	2958
			2616	2958
			2617	2957
			2618	2957
			2619	2956
			2620	2956
			2621	2955
			2622	2955
			2623	2954
			2624	2954
			2625	2953
			2626	2953
			2627	2952
			2628	2952
			2629	2952
			2629	2951
			2630	2951
			2631	2951
			2631	2950
			2632	2950
			2633	2950
			2634	2949
			2635	2949
			2636	2948
			2637	2948
			2638	2948
			2639	2947
			2640	2947
			2641	2946
			2642	2946
			2643	2946
			2644	2945
			2645	2945
			2646	2945
			2647	2944
			2648	2944
			2649	2943
			2650	2943
			2651	2943
			2652	2943
			2652	2942
			2653	2942
			2654	2942
			2655	2942
			2656	2941
			2657	2941
			2658	2941
			2659	2940
			2660	2940
			2661	2940
			2662	2939
			2663	2939
			2664	2939
			2665	2938
			2666	2938
			2667	2938
			2668	2938
			2669	2937
			2670	2937
			2671	2937
			2672	2936
			2673	2936
			2674	2936
			2675	2936
			2676	2935
			2677	2935
			2678	2935
			2679	2935
			2680	2934
			2681	2934
			2682	2934
			2683	2934
			2684	2933
			2685	2933
			2686	2933
			2687	2933
			2688	2933
			2689	2932
			2690	2932
			2691	2932
			2692	2932
			2693	2931
			2694	2931
			2695	2931
			2696	2931
			2697	2931
			2698	2930
			2699	2930
			2700	2930
			2701	2930
			2702	2930
			2703	2930
			2704	2929
			2705	2929
			2706	2929
			2707	2929
			2708	2929
			2709	2928
			2710	2928
			2711	2928
			2712	2928
			2713	2928
			2714	2928
			2715	2927
			2716	2927
			2717	2927
			2718	2927
			2719	2927
			2720	2927
			2721	2926
			2722	2926
			2723	2926
			2724	2926
			2725	2926
			2726	2926
			2727	2926
			2728	2925
			2729	2925
			2730	2925
			2731	2925
			2732	2925
			2733	2925
			2734	2925
			2735	2924
			2736	2924
			2737	2924
			2738	2924
			2739	2924
			2740	2924
			2741	2924
			2742	2924
			2743	2923
			2744	2923
			2745	2923
			2746	2923
			2747	2923
			2748	2923
			2749	2923
			2750	2923
			2751	2923
			2752	2923
			2753	2923
			2754	2923
			2755	2923
			2756	2923
			2757	2923
			2758	2923
			2759	2924
			2760	2924
			2761	2924
			2762	2924
			2763	2924
			2764	2924
			2765	2924
			2766	2924
			2767	2924
			2768	2924
			2769	2924
			2770	2924
			2771	2924
			2772	2924
			2773	2924
			2774	2924
			2775	2924
			2776	2924
			2777	2924
			2778	2925
			2779	2925
			2780	2925
			2781	2925
			2782	2925
			2783	2925
			2784	2925
			2785	2925
			2786	2925
			2787	2925
			2788	2925
			2789	2925
			2790	2925
			2791	2925
			2792	2925
			2793	2925
			2794	2925
			2795	2926
			2796	2926
			2797	2926
			2798	2926
			2799	2926
			2800	2926
			2801	2926
			2802	2926
			2803	2926
			2804	2926
			2805	2926
			2806	2926
			2807	2926
			2808	2927
			2809	2927
			2810	2927
			2811	2927
			2812	2927
			2813	2927
			2814	2927
			2815	2927
			2816	2927
			2817	2927
			2818	2927
			2819	2927
			2820	2927
			2821	2928
			2822	2928
			2823	2928
			2824	2928
			2825	2928
			2826	2928
			2827	2928
			2828	2928
			2829	2928
			2830	2928
			2831	2928
			2832	2929
			2833	2929
			2834	2929
			2835	2929
			2836	2929
			2837	2929
			2838	2929
			2839	2929
			2840	2929
			2841	2929
			2842	2929
			2843	2930
			2844	2930
			2845	2930
			2846	2930
			2847	2930
			2848	2930
			2849	2930
			2850	2930
			2851	2930
			2852	2930
			2853	2931
			2854	2931
			2855	2931
			2856	2931
			2857	2931
			2858	2931
			2859	2931
			2860	2931
			2861	2931
			2862	2932
			2863	2932
			2864	2932
			2865	2932
			2866	2932
			2867	2932
			2868	2932
			2869	2932
			2870	2933
			2871	2933
			2872	2933
			2873	2933
			2874	2933
			2875	2933
			2876	2933
			2877	2933
			2878	2934
			2879	2934
			2880	2934
			2881	2934
			2882	2934
			2883	2934
			2884	2934
			2885	2935
			2886	2935
			2887	2935
			2888	2935
			2889	2935
			2890	2935
			2891	2935
			2892	2935
			2892	2936
			2893	2936
			2894	2936
			2895	2936
			2896	2936
			2897	2936
			2898	2936
			2899	2937
			2900	2937
			2901	2937
			2902	2937
			2903	2937
			2904	2937
			2905	2938
			2906	2938
			2907	2938
			2908	2938
			2909	2938
			2910	2938
			2911	2938
			2912	2939
			2913	2939
			2914	2939
			2915	2939
			2916	2939
			2917	2939
			2918	2940
			2919	2940
			2920	2940
			2921	2940
			2922	2940
			2923	2941
			2924	2941
			2925	2941
			2926	2941
			2927	2941
			2928	2942
			2929	2942
			2930	2942
			2931	2942
			2932	2942
			2933	2942
			2934	2943
			2935	2943
			2936	2943
			2937	2943
			2938	2943
			2939	2943
			2939	2944
			2940	2944
			2941	2944
			2942	2944
			2943	2944
			2944	2945
			2945	2945
			2946	2945
			2947	2945
			2948	2946
			2949	2946
			2950	2946
			2951	2946
			2952	2946
			2953	2946
			2953	2947
			2954	2947
			2955	2947
			2956	2947
			2957	2948
			2958	2948
			2959	2948
			2960	2948
			2961	2949
			2962	2949
			2963	2949
			2964	2949
			2965	2949
			2966	2950
			2967	2950
			2968	2950
			2969	2950
			2970	2951
			2971	2951
			2972	2951
			2973	2951
			2974	2952
			2975	2952
			2976	2952
			2977	2952
			2978	2953
			2979	2953
			2980	2953
			2981	2953
			2982	2954
			2983	2954
			2984	2954
			2985	2954
			2986	2954
			2987	2955
			2988	2955
			2989	2955
			2990	2955
			2991	2956
			2992	2956
			2993	2956
			2994	2956
			2995	2956
			2996	2957
			2997	2957
			2998	2957
			2999	2957
			3000	2957
			3001	2958
			3002	2958
			3003	2958
			3004	2958
			3005	2958
			3006	2959
			3007	2959
			3008	2959
			3009	2959
			3010	2959
			3011	2960
			3012	2960
			3013	2960
			3014	2960
			3015	2960
			3016	2961
			3017	2961
			3018	2961
			3019	2961
			3020	2961
			3021	2961
			3022	2962
			3023	2962
			3024	2962
			3025	2962
			3026	2962
			3027	2962
			3028	2963
			3029	2963
			3030	2963
			3031	2963
			3032	2963
			3033	2963
			3034	2964
			3035	2964
			3036	2964
			3037	2964
			3038	2964
			3039	2964
			3040	2964
			3041	2964
			3042	2965
			3043	2965
			3044	2965
			3045	2965
			3046	2965
			3047	2965
			3048	2965
			3049	2965
			3050	2965
			3051	2965
			3052	2965
			3053	2966
			3054	2966
			3055	2966
			3056	2966
			3057	2966
			3058	2966
			3059	2966
			3060	2966
			3061	2966
			3062	2966
			3063	2966
			3064	2966
			3065	2966
			3066	2966
			3067	2966
			3068	2966
			3069	2966
			3070	2966
			3071	2965
			3072	2965
			3073	2965
			3074	2965
		</Snout_dorsal>
		<Dorsal_adipose type=matrix rownames=FALSE colnames=FALSE nrow=422 ncol=2 as.numeric=TRUE >
			3074	2965
			3075	2965
			3076	2966
			3077	2966
			3078	2967
			3079	2967
			3080	2968
			3081	2968
			3082	2968
			3083	2969
			3084	2969
			3085	2970
			3086	2970
			3087	2970
			3088	2971
			3089	2971
			3090	2972
			3091	2972
			3092	2973
			3093	2973
			3094	2973
			3095	2974
			3096	2974
			3097	2974
			3098	2975
			3099	2975
			3100	2976
			3101	2976
			3102	2976
			3103	2977
			3104	2978
			3105	2978
			3106	2978
			3107	2979
			3108	2979
			3109	2979
			3110	2980
			3111	2980
			3112	2981
			3113	2981
			3114	2982
			3115	2982
			3116	2982
			3117	2983
			3118	2983
			3119	2984
			3120	2984
			3121	2984
			3122	2985
			3123	2985
			3124	2986
			3125	2986
			3126	2986
			3127	2987
			3128	2987
			3129	2988
			3130	2988
			3131	2988
			3132	2989
			3133	2989
			3134	2989
			3135	2990
			3136	2990
			3137	2991
			3138	2991
			3139	2991
			3140	2992
			3141	2992
			3142	2992
			3143	2993
			3144	2993
			3145	2993
			3145	2994
			3146	2994
			3147	2994
			3148	2995
			3149	2995
			3150	2995
			3151	2996
			3152	2996
			3153	2996
			3154	2997
			3155	2997
			3156	2998
			3157	2998
			3158	2998
			3158	2999
			3159	2999
			3160	2999
			3161	3000
			3162	3000
			3163	3000
			3164	3001
			3165	3001
			3166	3002
			3167	3002
			3168	3002
			3169	3003
			3170	3003
			3171	3003
			3172	3004
			3173	3004
			3174	3004
			3175	3005
			3176	3005
			3177	3005
			3178	3006
			3179	3006
			3180	3006
			3181	3007
			3182	3007
			3182	3008
			3183	3008
			3184	3008
			3185	3009
			3186	3009
			3187	3009
			3188	3010
			3189	3010
			3190	3010
			3191	3011
			3192	3011
			3193	3011
			3194	3012
			3195	3012
			3196	3012
			3197	3013
			3198	3013
			3199	3014
			3200	3014
			3201	3014
			3202	3015
			3203	3015
			3204	3015
			3205	3016
			3206	3016
			3207	3016
			3208	3017
			3209	3017
			3210	3017
			3211	3018
			3212	3018
			3213	3018
			3214	3019
			3215	3019
			3216	3019
			3217	3020
			3218	3020
			3219	3020
			3220	3021
			3221	3021
			3222	3022
			3223	3022
			3224	3022
			3225	3023
			3226	3023
			3227	3023
			3228	3024
			3229	3024
			3230	3024
			3231	3025
			3232	3025
			3233	3025
			3234	3026
			3235	3026
			3236	3026
			3237	3027
			3238	3027
			3239	3027
			3240	3028
			3241	3028
			3242	3028
			3243	3029
			3244	3029
			3245	3030
			3246	3030
			3247	3030
			3248	3031
			3249	3031
			3250	3031
			3251	3032
			3252	3032
			3253	3032
			3254	3033
			3255	3033
			3256	3033
			3257	3034
			3258	3034
			3259	3034
			3260	3035
			3261	3035
			3262	3035
			3263	3036
			3264	3036
			3265	3036
			3266	3037
			3267	3037
			3268	3037
			3269	3038
			3270	3038
			3271	3038
			3272	3039
			3273	3039
			3274	3039
			3275	3040
			3276	3040
			3277	3040
			3278	3041
			3279	3041
			3280	3041
			3281	3041
			3282	3042
			3283	3042
			3284	3043
			3285	3043
			3286	3043
			3287	3044
			3288	3044
			3289	3044
			3290	3044
			3291	3045
			3292	3045
			3293	3046
			3294	3046
			3295	3046
			3296	3046
			3297	3047
			3298	3047
			3299	3047
			3300	3048
			3301	3048
			3302	3048
			3303	3049
			3304	3049
			3305	3049
			3306	3050
			3307	3050
			3308	3050
			3309	3051
			3310	3051
			3311	3051
			3312	3052
			3313	3052
			3314	3052
			3315	3052
			3316	3053
			3317	3053
			3318	3054
			3319	3054
			3320	3054
			3321	3054
			3322	3055
			3323	3055
			3324	3055
			3325	3056
			3326	3056
			3327	3056
			3328	3057
			3329	3057
			3330	3057
			3331	3058
			3332	3058
			3333	3058
			3334	3059
			3335	3059
			3336	3059
			3337	3059
			3338	3060
			3339	3060
			3340	3060
			3341	3060
			3342	3061
			3343	3061
			3344	3061
			3345	3061
			3346	3061
			3347	3062
			3348	3062
			3349	3062
			3350	3062
			3351	3062
			3352	3062
			3353	3063
			3354	3063
			3355	3063
			3356	3063
			3357	3063
			3358	3064
			3359	3064
			3360	3064
			3361	3064
			3362	3064
			3363	3065
			3364	3065
			3365	3065
			3366	3065
			3367	3065
			3368	3065
			3369	3066
			3370	3066
			3371	3066
			3372	3066
			3373	3067
			3374	3067
			3375	3067
			3376	3067
			3377	3067
			3378	3067
			3379	3068
			3380	3068
			3381	3068
			3382	3068
			3383	3068
			3384	3068
			3385	3069
			3386	3069
			3387	3069
			3388	3069
			3389	3069
			3390	3070
			3391	3070
			3392	3070
			3393	3070
			3394	3070
			3395	3070
			3396	3071
			3397	3071
			3398	3071
			3399	3071
			3400	3071
			3401	3071
			3402	3071
			3402	3072
			3403	3072
			3404	3072
			3405	3072
			3406	3072
			3407	3072
			3408	3073
			3409	3073
			3410	3073
			3411	3073
			3412	3073
			3413	3073
			3414	3073
			3415	3074
			3416	3074
			3417	3074
			3418	3074
			3419	3074
			3420	3074
			3421	3075
			3422	3075
			3423	3075
			3424	3075
			3425	3075
			3426	3075
			3427	3076
			3428	3076
			3429	3076
			3430	3076
			3431	3076
			3432	3076
			3433	3076
			3434	3076
			3435	3077
			3436	3077
			3437	3077
			3438	3077
			3439	3077
			3440	3077
			3441	3077
			3442	3078
			3443	3078
			3444	3078
			3445	3078
			3446	3078
			3447	3078
			3448	3078
			3449	3078
			3450	3079
			3451	3079
			3452	3079
			3453	3079
			3454	3079
			3455	3079
			3456	3079
			3457	3079
			3458	3079
			3459	3080
			3460	3080
			3461	3080
			3462	3080
			3463	3080
			3464	3080
			3465	3080
			3466	3080
			3467	3080
			3468	3080
			3469	3080
			3470	3081
			3471	3081
			3472	3081
			3473	3081
			3474	3081
			3475	3081
			3476	3081
			3477	3081
			3478	3081
			3479	3081
			3480	3081
			3481	3081
			3482	3081
			3483	3081
			3484	3081
			3485	3081
			3486	3081
			3487	3081
			3488	3081
			3489	3081
			3490	3081
			3491	3081
		</Dorsal_adipose>
		<Adipose_caudal type=matrix rownames=FALSE colnames=FALSE nrow=260 ncol=2 as.numeric=TRUE >
			3491	3081
			3492	3081
			3493	3081
			3494	3081
			3495	3081
			3496	3081
			3497	3082
			3498	3082
			3499	3082
			3500	3082
			3501	3082
			3502	3083
			3503	3083
			3504	3083
			3505	3083
			3506	3083
			3506	3084
			3507	3084
			3508	3084
			3509	3084
			3510	3085
			3511	3085
			3512	3086
			3513	3086
			3514	3086
			3515	3087
			3516	3088
			3517	3089
			3518	3089
			3519	3090
			3520	3091
			3521	3092
			3522	3093
			3523	3093
			3524	3093
			3525	3093
			3525	3094
			3526	3094
			3527	3094
			3528	3095
			3529	3095
			3530	3095
			3530	3096
			3531	3096
			3532	3096
			3533	3097
			3534	3097
			3535	3097
			3536	3098
			3537	3098
			3538	3098
			3539	3099
			3540	3099
			3541	3100
			3542	3100
			3543	3100
			3544	3100
			3545	3101
			3546	3101
			3547	3101
			3548	3101
			3548	3102
			3549	3102
			3550	3102
			3551	3102
			3551	3103
			3552	3103
			3553	3103
			3554	3103
			3555	3104
			3556	3104
			3557	3104
			3558	3104
			3559	3105
			3560	3105
			3561	3105
			3562	3106
			3563	3106
			3564	3106
			3565	3106
			3566	3107
			3567	3107
			3568	3107
			3569	3107
			3570	3107
			3571	3108
			3572	3108
			3573	3108
			3574	3108
			3575	3109
			3576	3109
			3577	3109
			3578	3109
			3579	3110
			3580	3110
			3581	3110
			3582	3110
			3583	3110
			3584	3111
			3585	3111
			3586	3111
			3587	3111
			3588	3111
			3589	3112
			3590	3112
			3591	3112
			3592	3112
			3593	3112
			3594	3113
			3595	3113
			3596	3113
			3597	3113
			3598	3113
			3599	3113
			3600	3114
			3601	3114
			3602	3114
			3603	3114
			3604	3114
			3605	3114
			3606	3115
			3607	3115
			3608	3115
			3609	3115
			3610	3115
			3611	3115
			3612	3116
			3613	3116
			3614	3116
			3615	3116
			3616	3116
			3617	3116
			3618	3116
			3619	3117
			3620	3117
			3621	3117
			3622	3117
			3623	3117
			3624	3117
			3625	3117
			3626	3117
			3627	3118
			3628	3118
			3629	3118
			3630	3118
			3631	3118
			3632	3118
			3633	3118
			3634	3119
			3635	3119
			3636	3119
			3637	3119
			3638	3119
			3639	3119
			3640	3119
			3641	3119
			3642	3119
			3643	3120
			3644	3120
			3645	3120
			3646	3120
			3647	3120
			3648	3120
			3649	3120
			3650	3120
			3651	3120
			3652	3120
			3653	3120
			3654	3121
			3655	3121
			3656	3121
			3657	3121
			3658	3121
			3659	3121
			3660	3121
			3661	3121
			3662	3121
			3663	3121
			3664	3121
			3665	3121
			3666	3121
			3666	3122
			3667	3122
			3668	3122
			3669	3122
			3670	3122
			3671	3122
			3672	3122
			3673	3122
			3674	3122
			3675	3122
			3676	3122
			3677	3122
			3678	3122
			3679	3122
			3680	3122
			3681	3122
			3682	3123
			3683	3123
			3684	3123
			3685	3123
			3686	3123
			3687	3123
			3688	3123
			3689	3123
			3690	3123
			3691	3123
			3692	3123
			3693	3123
			3694	3123
			3695	3123
			3696	3123
			3697	3123
			3698	3122
			3699	3122
			3700	3122
			3701	3122
			3702	3122
			3703	3122
			3704	3122
			3705	3122
			3706	3122
			3707	3122
			3708	3122
			3709	3122
			3710	3123
			3711	3123
			3712	3123
			3713	3123
			3714	3123
			3715	3123
			3716	3123
			3717	3123
			3718	3123
			3719	3123
			3720	3123
			3721	3124
			3722	3124
			3723	3124
			3724	3124
			3725	3124
			3725	3125
			3726	3125
			3727	3125
			3728	3125
			3729	3125
			3730	3126
			3731	3126
			3732	3126
			3733	3127
			3734	3127
			3735	3127
			3736	3127
			3737	3128
			3738	3128
			3739	3128
			3740	3129
			3741	3129
			3742	3130
			3743	3130
		</Adipose_caudal>
		<Caudal_anal type=matrix rownames=FALSE colnames=FALSE nrow=454 ncol=2 as.numeric=TRUE >
			3728	3265
			3727	3265
			3726	3265
			3725	3266
			3724	3266
			3723	3266
			3722	3266
			3721	3266
			3720	3266
			3719	3266
			3718	3266
			3717	3266
			3716	3266
			3715	3266
			3714	3266
			3713	3266
			3712	3266
			3711	3266
			3710	3266
			3709	3266
			3708	3266
			3707	3266
			3706	3266
			3705	3266
			3704	3266
			3703	3266
			3702	3266
			3701	3265
			3700	3265
			3699	3265
			3698	3265
			3697	3265
			3696	3265
			3696	3264
			3695	3264
			3694	3264
			3693	3264
			3692	3264
			3691	3263
			3690	3263
			3689	3263
			3688	3263
			3687	3263
			3686	3262
			3685	3262
			3684	3262
			3683	3261
			3682	3261
			3681	3261
			3680	3261
			3680	3260
			3679	3260
			3678	3260
			3677	3260
			3676	3259
			3675	3259
			3674	3259
			3673	3258
			3672	3258
			3671	3258
			3670	3258
			3669	3257
			3668	3257
			3667	3257
			3666	3257
			3665	3256
			3664	3256
			3663	3256
			3662	3256
			3661	3255
			3660	3255
			3659	3255
			3658	3255
			3657	3255
			3656	3254
			3655	3254
			3654	3254
			3653	3253
			3652	3253
			3651	3253
			3650	3253
			3649	3253
			3648	3252
			3647	3252
			3646	3252
			3645	3252
			3644	3252
			3643	3251
			3642	3251
			3641	3251
			3640	3251
			3639	3251
			3638	3250
			3637	3250
			3636	3250
			3635	3250
			3634	3250
			3633	3250
			3632	3249
			3631	3249
			3630	3249
			3629	3249
			3628	3249
			3627	3248
			3626	3248
			3625	3248
			3624	3248
			3623	3248
			3622	3248
			3621	3248
			3620	3247
			3619	3247
			3618	3247
			3617	3247
			3616	3247
			3615	3247
			3614	3247
			3613	3246
			3612	3246
			3611	3246
			3610	3246
			3609	3246
			3608	3246
			3607	3246
			3606	3246
			3605	3246
			3604	3246
			3604	3245
			3603	3245
			3602	3245
			3601	3245
			3600	3245
			3599	3245
			3598	3245
			3597	3245
			3596	3245
			3595	3245
			3594	3245
			3593	3245
			3592	3245
			3591	3245
			3590	3245
			3590	3244
			3589	3244
			3588	3244
			3587	3244
			3586	3244
			3585	3244
			3584	3244
			3583	3244
			3582	3244
			3581	3244
			3580	3244
			3579	3244
			3578	3244
			3577	3244
			3576	3244
			3575	3244
			3574	3244
			3573	3244
			3572	3244
			3571	3244
			3570	3244
			3569	3244
			3568	3244
			3567	3244
			3566	3244
			3565	3244
			3564	3244
			3563	3244
			3562	3245
			3561	3245
			3560	3245
			3559	3245
			3558	3245
			3557	3245
			3556	3245
			3555	3245
			3554	3245
			3553	3245
			3552	3245
			3551	3245
			3550	3245
			3549	3245
			3548	3246
			3547	3246
			3546	3246
			3545	3246
			3544	3246
			3543	3246
			3542	3246
			3541	3246
			3540	3247
			3539	3247
			3538	3247
			3537	3247
			3536	3247
			3535	3247
			3534	3247
			3534	3248
			3533	3248
			3532	3248
			3531	3248
			3530	3248
			3529	3248
			3528	3248
			3527	3249
			3526	3249
			3525	3249
			3524	3249
			3523	3249
			3522	3249
			3521	3249
			3520	3250
			3519	3250
			3518	3250
			3517	3250
			3516	3250
			3515	3250
			3514	3250
			3514	3251
			3513	3251
			3512	3251
			3511	3251
			3510	3251
			3509	3251
			3508	3252
			3507	3252
			3506	3252
			3505	3252
			3504	3252
			3503	3252
			3502	3252
			3501	3253
			3500	3253
			3499	3253
			3498	3253
			3497	3253
			3496	3253
			3495	3254
			3494	3254
			3493	3254
			3492	3254
			3491	3254
			3490	3254
			3489	3255
			3488	3255
			3487	3255
			3486	3255
			3485	3255
			3484	3255
			3483	3255
			3482	3256
			3481	3256
			3480	3256
			3479	3256
			3478	3256
			3477	3256
			3476	3257
			3475	3257
			3474	3257
			3473	3257
			3472	3257
			3471	3257
			3470	3258
			3469	3258
			3468	3258
			3467	3258
			3466	3258
			3465	3258
			3464	3258
			3463	3259
			3462	3259
			3461	3259
			3460	3259
			3459	3259
			3458	3260
			3457	3260
			3456	3260
			3455	3260
			3454	3260
			3453	3260
			3452	3260
			3451	3261
			3450	3261
			3449	3261
			3448	3261
			3447	3261
			3446	3261
			3445	3262
			3444	3262
			3443	3262
			3442	3262
			3441	3262
			3440	3262
			3439	3263
			3438	3263
			3437	3263
			3436	3263
			3435	3263
			3434	3263
			3433	3264
			3432	3264
			3431	3264
			3430	3264
			3429	3264
			3428	3265
			3427	3265
			3426	3265
			3425	3265
			3424	3265
			3423	3265
			3422	3265
			3421	3266
			3420	3266
			3419	3266
			3418	3266
			3417	3266
			3416	3266
			3415	3267
			3414	3267
			3413	3267
			3412	3267
			3411	3267
			3410	3268
			3409	3268
			3408	3268
			3407	3268
			3406	3268
			3405	3268
			3404	3269
			3403	3269
			3402	3269
			3401	3269
			3400	3269
			3399	3269
			3398	3270
			3397	3270
			3396	3270
			3395	3270
			3394	3270
			3393	3270
			3393	3271
			3392	3271
			3391	3271
			3390	3271
			3389	3271
			3388	3271
			3387	3271
			3386	3272
			3385	3272
			3384	3272
			3383	3272
			3382	3272
			3381	3272
			3381	3273
			3380	3273
			3379	3273
			3378	3273
			3377	3273
			3376	3273
			3375	3274
			3374	3274
			3373	3274
			3372	3274
			3371	3274
			3370	3275
			3369	3275
			3368	3275
			3367	3275
			3366	3275
			3365	3275
			3364	3276
			3363	3276
			3362	3276
			3361	3276
			3360	3276
			3359	3276
			3358	3277
			3357	3277
			3356	3277
			3355	3277
			3354	3277
			3353	3278
			3352	3278
			3351	3278
			3350	3278
			3349	3278
			3348	3278
			3347	3279
			3346	3279
			3345	3279
			3344	3279
			3343	3279
			3342	3280
			3341	3280
			3340	3280
			3339	3280
			3338	3280
			3337	3281
			3336	3281
			3335	3281
			3334	3281
			3333	3281
			3332	3281
			3331	3282
			3330	3282
			3329	3282
			3328	3282
			3327	3282
			3326	3283
			3325	3283
			3324	3283
			3323	3283
			3322	3283
			3321	3284
			3320	3284
			3319	3284
			3318	3284
			3317	3284
			3316	3284
			3315	3285
			3314	3285
			3313	3285
			3312	3285
			3311	3285
			3310	3286
			3309	3286
			3308	3286
			3307	3286
			3306	3286
			3305	3287
			3304	3287
			3303	3287
			3302	3287
			3301	3287
			3300	3288
			3299	3288
			3298	3288
			3297	3288
			3296	3288
			3295	3289
			3294	3289
			3293	3289
			3292	3289
			3291	3289
			3290	3290
			3289	3290
			3288	3290
			3287	3290
			3286	3290
			3285	3291
			3284	3291
			3283	3291
		</Caudal_anal>
	</curves.pixel>
	<curves.scaled type=list>
		<Snout_dorsal type=matrix rownames=FALSE colnames=FALSE nrow=615 ncol=2 as.numeric=TRUE >
			60.3882847807246	-72.9760656912159
			60.3882847807246	-72.9524488414777
			60.3646679309864	-72.9288319917394
			60.3646679309864	-72.9052151420012
			60.3646679309864	-72.8815982922629
			60.3646679309864	-72.8579814425246
			60.3646679309864	-72.8343645927864
			60.3410510812481	-72.8107477430481
			60.3410510812481	-72.7871308933099
			60.3410510812481	-72.7635140435716
			60.3410510812481	-72.7398971938334
			60.3410510812481	-72.7162803440951
			60.3410510812481	-72.6926634943569
			60.3174342315099	-72.6690466446186
			60.3174342315099	-72.6454297948803
			60.3174342315099	-72.6218129451421
			60.3174342315099	-72.5981960954038
			60.3174342315099	-72.5745792456656
			60.3174342315099	-72.5509623959273
			60.3174342315099	-72.527345546189
			60.2938173817716	-72.527345546189
			60.2938173817716	-72.5037286964508
			60.2938173817716	-72.4801118467125
			60.2938173817716	-72.4564949969743
			60.2938173817716	-72.432878147236
			60.2938173817716	-72.4092612974978
			60.2938173817716	-72.3856444477595
			60.2938173817716	-72.3620275980212
			60.2938173817716	-72.338410748283
			60.2938173817716	-72.3147938985447
			60.2938173817716	-72.2911770488065
			60.2938173817716	-72.2675601990682
			60.2938173817716	-72.24394334933
			60.2938173817716	-72.2203264995917
			60.2938173817716	-72.1967096498534
			60.2938173817716	-72.1730928001152
			60.2938173817716	-72.1494759503769
			60.2938173817716	-72.1258591006387
			60.2938173817716	-72.1022422509004
			60.2938173817716	-72.0786254011622
			60.2938173817716	-72.0550085514239
			60.2938173817716	-72.0313917016856
			60.2938173817716	-72.0077748519474
			60.2938173817716	-71.9841580022091
			60.2938173817716	-71.9605411524709
			60.2938173817716	-71.9369243027326
			60.2938173817716	-71.9133074529943
			60.2938173817716	-71.8896906032561
			60.2938173817716	-71.8660737535178
			60.2938173817716	-71.8424569037796
			60.2938173817716	-71.8188400540413
			60.2938173817716	-71.7952232043031
			60.3174342315099	-71.7716063545648
			60.3174342315099	-71.7479895048265
			60.3174342315099	-71.7243726550883
			60.3174342315099	-71.70075580535
			60.3174342315099	-71.6771389556118
			60.3174342315099	-71.6535221058735
			60.3410510812481	-71.6299052561353
			60.3410510812481	-71.606288406397
			60.3410510812481	-71.5826715566587
			60.3410510812481	-71.5590547069205
			60.3646679309864	-71.5354378571822
			60.3646679309864	-71.511821007444
			60.3646679309864	-71.4882041577057
			60.3646679309864	-71.4645873079674
			60.3882847807246	-71.4409704582292
			60.3882847807246	-71.4173536084909
			60.3882847807246	-71.3937367587527
			60.3882847807246	-71.3701199090144
			60.4119016304629	-71.3465030592762
			60.4119016304629	-71.3228862095379
			60.4119016304629	-71.2992693597997
			60.4355184802012	-71.2756525100614
			60.4355184802012	-71.2520356603231
			60.4355184802012	-71.2284188105849
			60.4591353299394	-71.2048019608466
			60.4591353299394	-71.1811851111084
			60.4827521796777	-71.1575682613701
			60.4827521796777	-71.1339514116319
			60.5063690294159	-71.1103345618936
			60.5063690294159	-71.0867177121553
			60.5299858791542	-71.0631008624171
			60.5299858791542	-71.0394840126788
			60.5536027288925	-71.0158671629406
			60.5536027288925	-70.9922503132023
			60.5772195786307	-70.968633463464
			60.5772195786307	-70.9450166137258
			60.600836428369	-70.9213997639875
			60.600836428369	-70.8977829142493
			60.6244532781072	-70.874166064511
			60.6480701278455	-70.8505492147728
			60.6480701278455	-70.8269323650345
			60.6716869775837	-70.8269323650345
			60.6716869775837	-70.8033155152962
			60.695303827322	-70.779698665558
			60.695303827322	-70.7560818158197
			60.7189206770603	-70.7324649660815
			60.7425375267985	-70.7088481163432
			60.7425375267985	-70.685231266605
			60.7661543765368	-70.685231266605
			60.789771226275	-70.6616144168667
			60.789771226275	-70.6379975671284
			60.8133880760133	-70.6143807173902
			60.8370049257515	-70.5907638676519
			60.8370049257515	-70.5671470179137
			60.8606217754898	-70.5671470179137
			60.8842386252281	-70.5435301681754
			60.8842386252281	-70.5199133184371
			60.9078554749663	-70.4962964686989
			60.9314723247046	-70.4726796189606
			60.9550891744428	-70.4726796189606
			60.9550891744428	-70.4490627692224
			60.9787060241811	-70.4254459194841
			61.0023228739193	-70.4018290697459
			61.0259397236576	-70.4018290697459
			61.0495565733959	-70.3782122200076
			61.0495565733959	-70.3545953702694
			61.0731734231341	-70.3309785205311
			61.0967902728724	-70.3309785205311
			61.1204071226106	-70.3073616707928
			61.1440239723489	-70.2837448210546
			61.1676408220871	-70.2601279713163
			61.1912576718254	-70.2601279713163
			61.1912576718254	-70.2365111215781
			61.2148745215637	-70.2128942718398
			61.2384913713019	-70.1892774221015
			61.2621082210402	-70.1892774221015
			61.2857250707784	-70.1656605723633
			61.3093419205167	-70.142043722625
			61.3329587702549	-70.142043722625
			61.3565756199932	-70.1184268728868
			61.3801924697315	-70.0948100231485
			61.4038093194697	-70.0948100231485
			61.427426169208	-70.0711931734103
			61.4510430189462	-70.047576323672
			61.4746598686845	-70.047576323672
			61.4982767184228	-70.0239594739337
			61.521893568161	-70.0003426241955
			61.5455104178993	-70.0003426241955
			61.5691272676375	-69.9767257744572
			61.5927441173758	-69.953108924719
			61.616360967114	-69.953108924719
			61.6399778168523	-69.9294920749807
			61.6635946665906	-69.9058752252425
			61.6872115163288	-69.9058752252425
			61.7108283660671	-69.9058752252425
			61.7108283660671	-69.8822583755042
			61.7344452158053	-69.8822583755042
			61.7580620655436	-69.8586415257659
			61.7816789152818	-69.8586415257659
			61.8052957650201	-69.8350246760277
			61.8289126147584	-69.8350246760277
			61.8525294644966	-69.8114078262894
			61.8761463142349	-69.8114078262894
			61.8997631639731	-69.7877909765512
			61.9233800137114	-69.7877909765512
			61.9469968634496	-69.7641741268129
			61.9706137131879	-69.7641741268129
			61.9942305629262	-69.7405572770747
			62.0178474126644	-69.7405572770747
			62.0414642624027	-69.7169404273364
			62.0650811121409	-69.7169404273364
			62.0886979618792	-69.7169404273364
			62.0886979618792	-69.6933235775981
			62.1123148116175	-69.6933235775981
			62.1359316613557	-69.6933235775981
			62.1359316613557	-69.6697067278599
			62.159548511094	-69.6697067278599
			62.1831653608322	-69.6697067278599
			62.2067822105705	-69.6460898781216
			62.2303990603087	-69.6460898781216
			62.254015910047	-69.6224730283834
			62.2776327597853	-69.6224730283834
			62.3012496095235	-69.6224730283834
			62.3248664592618	-69.5988561786451
			62.348483309	-69.5988561786451
			62.3721001587383	-69.5752393289068
			62.3957170084765	-69.5752393289068
			62.4193338582148	-69.5752393289068
			62.4429507079531	-69.5516224791686
			62.4665675576913	-69.5516224791686
			62.4901844074296	-69.5516224791686
			62.5138012571678	-69.5280056294303
			62.5374181069061	-69.5280056294303
			62.5610349566443	-69.5043887796921
			62.5846518063826	-69.5043887796921
			62.6082686561209	-69.5043887796921
			62.6318855058591	-69.5043887796921
			62.6318855058591	-69.4807719299538
			62.6555023555974	-69.4807719299538
			62.6791192053356	-69.4807719299538
			62.7027360550739	-69.4807719299538
			62.7263529048121	-69.4571550802156
			62.7499697545504	-69.4571550802156
			62.7735866042887	-69.4571550802156
			62.7972034540269	-69.4335382304773
			62.8208203037652	-69.4335382304773
			62.8444371535034	-69.4335382304773
			62.8680540032417	-69.409921380739
			62.8916708529799	-69.409921380739
			62.9152877027182	-69.409921380739
			62.9389045524565	-69.3863045310008
			62.9625214021947	-69.3863045310008
			62.986138251933	-69.3863045310008
			63.0097551016712	-69.3863045310008
			63.0333719514095	-69.3626876812625
			63.0569888011478	-69.3626876812625
			63.080605650886	-69.3626876812625
			63.1042225006243	-69.3390708315243
			63.1278393503625	-69.3390708315243
			63.1514562001008	-69.3390708315243
			63.175073049839	-69.3390708315243
			63.1986898995773	-69.315453981786
			63.2223067493156	-69.315453981786
			63.2459235990538	-69.315453981786
			63.2695404487921	-69.315453981786
			63.2931572985303	-69.2918371320478
			63.3167741482686	-69.2918371320478
			63.3403909980068	-69.2918371320478
			63.3640078477451	-69.2918371320478
			63.3876246974834	-69.2682202823095
			63.4112415472216	-69.2682202823095
			63.4348583969599	-69.2682202823095
			63.4584752466981	-69.2682202823095
			63.4820920964364	-69.2682202823095
			63.5057089461747	-69.2446034325712
			63.5293257959129	-69.2446034325712
			63.5529426456512	-69.2446034325712
			63.5765594953894	-69.2446034325712
			63.6001763451277	-69.220986582833
			63.6237931948659	-69.220986582833
			63.6474100446042	-69.220986582833
			63.6710268943425	-69.220986582833
			63.6946437440807	-69.220986582833
			63.718260593819	-69.1973697330947
			63.7418774435572	-69.1973697330947
			63.7654942932955	-69.1973697330947
			63.7891111430337	-69.1973697330947
			63.812727992772	-69.1973697330947
			63.8363448425103	-69.1973697330947
			63.8599616922485	-69.1737528833565
			63.8835785419868	-69.1737528833565
			63.907195391725	-69.1737528833565
			63.9308122414633	-69.1737528833565
			63.9544290912015	-69.1737528833565
			63.9780459409398	-69.1501360336182
			64.0016627906781	-69.1501360336182
			64.0252796404163	-69.1501360336182
			64.0488964901546	-69.1501360336182
			64.0725133398928	-69.1501360336182
			64.0961301896311	-69.1501360336182
			64.1197470393693	-69.1265191838799
			64.1433638891076	-69.1265191838799
			64.1669807388459	-69.1265191838799
			64.1905975885841	-69.1265191838799
			64.2142144383224	-69.1265191838799
			64.2378312880606	-69.1265191838799
			64.2614481377989	-69.1029023341417
			64.2850649875372	-69.1029023341417
			64.3086818372754	-69.1029023341417
			64.3322986870137	-69.1029023341417
			64.3559155367519	-69.1029023341417
			64.3795323864902	-69.1029023341417
			64.4031492362284	-69.1029023341417
			64.4267660859667	-69.0792854844034
			64.450382935705	-69.0792854844034
			64.4739997854432	-69.0792854844034
			64.4976166351815	-69.0792854844034
			64.5212334849197	-69.0792854844034
			64.544850334658	-69.0792854844034
			64.5684671843962	-69.0792854844034
			64.5920840341345	-69.0556686346652
			64.6157008838727	-69.0556686346652
			64.639317733611	-69.0556686346652
			64.6629345833493	-69.0556686346652
			64.6865514330875	-69.0556686346652
			64.7101682828258	-69.0556686346652
			64.733785132564	-69.0556686346652
			64.7574019823023	-69.0556686346652
			64.7810188320406	-69.0320517849269
			64.8046356817788	-69.0320517849269
			64.8282525315171	-69.0320517849269
			64.8518693812553	-69.0320517849269
			64.8754862309936	-69.0320517849269
			64.8991030807318	-69.0320517849269
			64.9227199304701	-69.0320517849269
			64.9463367802084	-69.0320517849269
			64.9699536299466	-69.0320517849269
			64.9935704796849	-69.0320517849269
			65.0171873294231	-69.0320517849269
			65.0408041791614	-69.0320517849269
			65.0644210288996	-69.0320517849269
			65.0880378786379	-69.0320517849269
			65.1116547283762	-69.0320517849269
			65.1352715781144	-69.0320517849269
			65.1588884278527	-69.0556686346652
			65.1825052775909	-69.0556686346652
			65.2061221273292	-69.0556686346652
			65.2297389770675	-69.0556686346652
			65.2533558268057	-69.0556686346652
			65.276972676544	-69.0556686346652
			65.3005895262822	-69.0556686346652
			65.3242063760205	-69.0556686346652
			65.3478232257587	-69.0556686346652
			65.371440075497	-69.0556686346652
			65.3950569252353	-69.0556686346652
			65.4186737749735	-69.0556686346652
			65.4422906247118	-69.0556686346652
			65.46590747445	-69.0556686346652
			65.4895243241883	-69.0556686346652
			65.5131411739265	-69.0556686346652
			65.5367580236648	-69.0556686346652
			65.5603748734031	-69.0556686346652
			65.5839917231413	-69.0556686346652
			65.6076085728796	-69.0792854844034
			65.6312254226178	-69.0792854844034
			65.6548422723561	-69.0792854844034
			65.6784591220944	-69.0792854844034
			65.7020759718326	-69.0792854844034
			65.7256928215709	-69.0792854844034
			65.7493096713091	-69.0792854844034
			65.7729265210474	-69.0792854844034
			65.7965433707856	-69.0792854844034
			65.8201602205239	-69.0792854844034
			65.8437770702621	-69.0792854844034
			65.8673939200004	-69.0792854844034
			65.8910107697387	-69.0792854844034
			65.9146276194769	-69.0792854844034
			65.9382444692152	-69.0792854844034
			65.9618613189534	-69.0792854844034
			65.9854781686917	-69.0792854844034
			66.0090950184299	-69.1029023341417
			66.0327118681682	-69.1029023341417
			66.0563287179065	-69.1029023341417
			66.0799455676447	-69.1029023341417
			66.103562417383	-69.1029023341417
			66.1271792671212	-69.1029023341417
			66.1507961168595	-69.1029023341417
			66.1744129665978	-69.1029023341417
			66.198029816336	-69.1029023341417
			66.2216466660743	-69.1029023341417
			66.2452635158125	-69.1029023341417
			66.2688803655508	-69.1029023341417
			66.292497215289	-69.1029023341417
			66.3161140650273	-69.1265191838799
			66.3397309147656	-69.1265191838799
			66.3633477645038	-69.1265191838799
			66.3869646142421	-69.1265191838799
			66.4105814639803	-69.1265191838799
			66.4341983137186	-69.1265191838799
			66.4578151634568	-69.1265191838799
			66.4814320131951	-69.1265191838799
			66.5050488629334	-69.1265191838799
			66.5286657126716	-69.1265191838799
			66.5522825624099	-69.1265191838799
			66.5758994121481	-69.1265191838799
			66.5995162618864	-69.1265191838799
			66.6231331116247	-69.1501360336182
			66.6467499613629	-69.1501360336182
			66.6703668111012	-69.1501360336182
			66.6939836608394	-69.1501360336182
			66.7176005105777	-69.1501360336182
			66.7412173603159	-69.1501360336182
			66.7648342100542	-69.1501360336182
			66.7884510597925	-69.1501360336182
			66.8120679095307	-69.1501360336182
			66.835684759269	-69.1501360336182
			66.8593016090072	-69.1501360336182
			66.8829184587455	-69.1737528833565
			66.9065353084837	-69.1737528833565
			66.930152158222	-69.1737528833565
			66.9537690079603	-69.1737528833565
			66.9773858576985	-69.1737528833565
			67.0010027074368	-69.1737528833565
			67.024619557175	-69.1737528833565
			67.0482364069133	-69.1737528833565
			67.0718532566516	-69.1737528833565
			67.0954701063898	-69.1737528833565
			67.1190869561281	-69.1737528833565
			67.1427038058663	-69.1973697330947
			67.1663206556046	-69.1973697330947
			67.1899375053428	-69.1973697330947
			67.2135543550811	-69.1973697330947
			67.2371712048193	-69.1973697330947
			67.2607880545576	-69.1973697330947
			67.2844049042959	-69.1973697330947
			67.3080217540341	-69.1973697330947
			67.3316386037724	-69.1973697330947
			67.3552554535106	-69.1973697330947
			67.3788723032489	-69.220986582833
			67.4024891529871	-69.220986582833
			67.4261060027254	-69.220986582833
			67.4497228524637	-69.220986582833
			67.4733397022019	-69.220986582833
			67.4969565519402	-69.220986582833
			67.5205734016784	-69.220986582833
			67.5441902514167	-69.220986582833
			67.567807101155	-69.220986582833
			67.5914239508932	-69.2446034325712
			67.6150408006315	-69.2446034325712
			67.6386576503697	-69.2446034325712
			67.662274500108	-69.2446034325712
			67.6858913498462	-69.2446034325712
			67.7095081995845	-69.2446034325712
			67.7331250493228	-69.2446034325712
			67.756741899061	-69.2446034325712
			67.7803587487993	-69.2682202823095
			67.8039755985375	-69.2682202823095
			67.8275924482758	-69.2682202823095
			67.851209298014	-69.2682202823095
			67.8748261477523	-69.2682202823095
			67.8984429974906	-69.2682202823095
			67.9220598472288	-69.2682202823095
			67.9456766969671	-69.2682202823095
			67.9692935467053	-69.2918371320478
			67.9929103964436	-69.2918371320478
			68.0165272461819	-69.2918371320478
			68.0401440959201	-69.2918371320478
			68.0637609456584	-69.2918371320478
			68.0873777953966	-69.2918371320478
			68.1109946451349	-69.2918371320478
			68.1346114948731	-69.315453981786
			68.1582283446114	-69.315453981786
			68.1818451943496	-69.315453981786
			68.2054620440879	-69.315453981786
			68.2290788938262	-69.315453981786
			68.2526957435644	-69.315453981786
			68.2763125933027	-69.315453981786
			68.2999294430409	-69.315453981786
			68.2999294430409	-69.3390708315243
			68.3235462927792	-69.3390708315243
			68.3471631425175	-69.3390708315243
			68.3707799922557	-69.3390708315243
			68.394396841994	-69.3390708315243
			68.4180136917322	-69.3390708315243
			68.4416305414705	-69.3390708315243
			68.4652473912087	-69.3626876812625
			68.488864240947	-69.3626876812625
			68.5124810906853	-69.3626876812625
			68.5360979404235	-69.3626876812625
			68.5597147901618	-69.3626876812625
			68.5833316399	-69.3626876812625
			68.6069484896383	-69.3863045310008
			68.6305653393765	-69.3863045310008
			68.6541821891148	-69.3863045310008
			68.6777990388531	-69.3863045310008
			68.7014158885913	-69.3863045310008
			68.7250327383296	-69.3863045310008
			68.7486495880678	-69.3863045310008
			68.7722664378061	-69.409921380739
			68.7958832875443	-69.409921380739
			68.8195001372826	-69.409921380739
			68.8431169870209	-69.409921380739
			68.8667338367591	-69.409921380739
			68.8903506864974	-69.409921380739
			68.9139675362356	-69.4335382304773
			68.9375843859739	-69.4335382304773
			68.9612012357122	-69.4335382304773
			68.9848180854504	-69.4335382304773
			69.0084349351887	-69.4335382304773
			69.0320517849269	-69.4571550802156
			69.0556686346652	-69.4571550802156
			69.0792854844034	-69.4571550802156
			69.1029023341417	-69.4571550802156
			69.1265191838799	-69.4571550802156
			69.1501360336182	-69.4807719299538
			69.1737528833565	-69.4807719299538
			69.1973697330947	-69.4807719299538
			69.220986582833	-69.4807719299538
			69.2446034325712	-69.4807719299538
			69.2682202823095	-69.4807719299538
			69.2918371320478	-69.5043887796921
			69.315453981786	-69.5043887796921
			69.3390708315243	-69.5043887796921
			69.3626876812625	-69.5043887796921
			69.3863045310008	-69.5043887796921
			69.409921380739	-69.5043887796921
			69.409921380739	-69.5280056294303
			69.4335382304773	-69.5280056294303
			69.4571550802156	-69.5280056294303
			69.4807719299538	-69.5280056294303
			69.5043887796921	-69.5280056294303
			69.5280056294303	-69.5516224791686
			69.5516224791686	-69.5516224791686
			69.5752393289068	-69.5516224791686
			69.5988561786451	-69.5516224791686
			69.6224730283834	-69.5752393289068
			69.6460898781216	-69.5752393289068
			69.6697067278599	-69.5752393289068
			69.6933235775981	-69.5752393289068
			69.7169404273364	-69.5752393289068
			69.7405572770747	-69.5752393289068
			69.7405572770747	-69.5988561786451
			69.7641741268129	-69.5988561786451
			69.7877909765512	-69.5988561786451
			69.8114078262894	-69.5988561786451
			69.8350246760277	-69.6224730283834
			69.8586415257659	-69.6224730283834
			69.8822583755042	-69.6224730283834
			69.9058752252425	-69.6224730283834
			69.9294920749807	-69.6460898781216
			69.953108924719	-69.6460898781216
			69.9767257744572	-69.6460898781216
			70.0003426241955	-69.6460898781216
			70.0239594739337	-69.6460898781216
			70.047576323672	-69.6697067278599
			70.0711931734103	-69.6697067278599
			70.0948100231485	-69.6697067278599
			70.1184268728868	-69.6697067278599
			70.142043722625	-69.6933235775981
			70.1656605723633	-69.6933235775981
			70.1892774221015	-69.6933235775981
			70.2128942718398	-69.6933235775981
			70.2365111215781	-69.7169404273364
			70.2601279713163	-69.7169404273364
			70.2837448210546	-69.7169404273364
			70.3073616707928	-69.7169404273364
			70.3309785205311	-69.7405572770747
			70.3545953702694	-69.7405572770747
			70.3782122200076	-69.7405572770747
			70.4018290697459	-69.7405572770747
			70.4254459194841	-69.7641741268129
			70.4490627692224	-69.7641741268129
			70.4726796189606	-69.7641741268129
			70.4962964686989	-69.7641741268129
			70.5199133184371	-69.7641741268129
			70.5435301681754	-69.7877909765512
			70.5671470179137	-69.7877909765512
			70.5907638676519	-69.7877909765512
			70.6143807173902	-69.7877909765512
			70.6379975671284	-69.8114078262894
			70.6616144168667	-69.8114078262894
			70.685231266605	-69.8114078262894
			70.7088481163432	-69.8114078262894
			70.7324649660815	-69.8114078262894
			70.7560818158197	-69.8350246760277
			70.779698665558	-69.8350246760277
			70.8033155152962	-69.8350246760277
			70.8269323650345	-69.8350246760277
			70.8505492147728	-69.8350246760277
			70.874166064511	-69.8586415257659
			70.8977829142493	-69.8586415257659
			70.9213997639875	-69.8586415257659
			70.9450166137258	-69.8586415257659
			70.968633463464	-69.8586415257659
			70.9922503132023	-69.8822583755042
			71.0158671629406	-69.8822583755042
			71.0394840126788	-69.8822583755042
			71.0631008624171	-69.8822583755042
			71.0867177121553	-69.8822583755042
			71.1103345618936	-69.9058752252425
			71.1339514116319	-69.9058752252425
			71.1575682613701	-69.9058752252425
			71.1811851111084	-69.9058752252425
			71.2048019608466	-69.9058752252425
			71.2284188105849	-69.9294920749807
			71.2520356603231	-69.9294920749807
			71.2756525100614	-69.9294920749807
			71.2992693597997	-69.9294920749807
			71.3228862095379	-69.9294920749807
			71.3465030592762	-69.9294920749807
			71.3701199090144	-69.953108924719
			71.3937367587527	-69.953108924719
			71.4173536084909	-69.953108924719
			71.4409704582292	-69.953108924719
			71.4645873079674	-69.953108924719
			71.4882041577057	-69.953108924719
			71.511821007444	-69.9767257744572
			71.5354378571822	-69.9767257744572
			71.5590547069205	-69.9767257744572
			71.5826715566587	-69.9767257744572
			71.606288406397	-69.9767257744572
			71.6299052561353	-69.9767257744572
			71.6535221058735	-70.0003426241955
			71.6771389556118	-70.0003426241955
			71.70075580535	-70.0003426241955
			71.7243726550883	-70.0003426241955
			71.7479895048265	-70.0003426241955
			71.7716063545648	-70.0003426241955
			71.7952232043031	-70.0003426241955
			71.8188400540413	-70.0003426241955
			71.8424569037796	-70.0239594739337
			71.8660737535178	-70.0239594739337
			71.8896906032561	-70.0239594739337
			71.9133074529943	-70.0239594739337
			71.9369243027326	-70.0239594739337
			71.9605411524709	-70.0239594739337
			71.9841580022091	-70.0239594739337
			72.0077748519474	-70.0239594739337
			72.0313917016856	-70.0239594739337
			72.0550085514239	-70.0239594739337
			72.0786254011622	-70.0239594739337
			72.1022422509004	-70.047576323672
			72.1258591006387	-70.047576323672
			72.1494759503769	-70.047576323672
			72.1730928001152	-70.047576323672
			72.1967096498534	-70.047576323672
			72.2203264995917	-70.047576323672
			72.24394334933	-70.047576323672
			72.2675601990682	-70.047576323672
			72.2911770488065	-70.047576323672
			72.3147938985447	-70.047576323672
			72.338410748283	-70.047576323672
			72.3620275980212	-70.047576323672
			72.3856444477595	-70.047576323672
			72.4092612974978	-70.047576323672
			72.432878147236	-70.047576323672
			72.4564949969743	-70.047576323672
			72.4801118467125	-70.047576323672
			72.5037286964508	-70.047576323672
			72.527345546189	-70.0239594739337
			72.5509623959273	-70.0239594739337
			72.5745792456656	-70.0239594739337
			72.5981960954038	-70.0239594739337
		</Snout_dorsal>
		<Dorsal_adipose type=matrix rownames=FALSE colnames=FALSE nrow=422 ncol=2 as.numeric=TRUE >
			72.5981960954038	-70.0239594739337
			72.6218129451421	-70.0239594739337
			72.6454297948803	-70.047576323672
			72.6690466446186	-70.047576323672
			72.6926634943569	-70.0711931734103
			72.7162803440951	-70.0711931734103
			72.7398971938334	-70.0948100231485
			72.7635140435716	-70.0948100231485
			72.7871308933099	-70.0948100231485
			72.8107477430481	-70.1184268728868
			72.8343645927864	-70.1184268728868
			72.8579814425246	-70.142043722625
			72.8815982922629	-70.142043722625
			72.9052151420012	-70.142043722625
			72.9288319917394	-70.1656605723633
			72.9524488414777	-70.1656605723633
			72.9760656912159	-70.1892774221015
			72.9996825409542	-70.1892774221015
			73.0232993906925	-70.2128942718398
			73.0469162404307	-70.2128942718398
			73.070533090169	-70.2128942718398
			73.0941499399072	-70.2365111215781
			73.1177667896455	-70.2365111215781
			73.1413836393837	-70.2365111215781
			73.165000489122	-70.2601279713163
			73.1886173388603	-70.2601279713163
			73.2122341885985	-70.2837448210546
			73.2358510383368	-70.2837448210546
			73.259467888075	-70.2837448210546
			73.2830847378133	-70.3073616707928
			73.3067015875515	-70.3309785205311
			73.3303184372898	-70.3309785205311
			73.3539352870281	-70.3309785205311
			73.3775521367663	-70.3545953702694
			73.4011689865046	-70.3545953702694
			73.4247858362428	-70.3545953702694
			73.4484026859811	-70.3782122200076
			73.4720195357194	-70.3782122200076
			73.4956363854576	-70.4018290697459
			73.5192532351959	-70.4018290697459
			73.5428700849341	-70.4254459194841
			73.5664869346724	-70.4254459194841
			73.5901037844106	-70.4254459194841
			73.6137206341489	-70.4490627692224
			73.6373374838872	-70.4490627692224
			73.6609543336254	-70.4726796189606
			73.6845711833637	-70.4726796189606
			73.7081880331019	-70.4726796189606
			73.7318048828402	-70.4962964686989
			73.7554217325784	-70.4962964686989
			73.7790385823167	-70.5199133184371
			73.802655432055	-70.5199133184371
			73.8262722817932	-70.5199133184371
			73.8498891315315	-70.5435301681754
			73.8735059812697	-70.5435301681754
			73.897122831008	-70.5671470179137
			73.9207396807462	-70.5671470179137
			73.9443565304845	-70.5671470179137
			73.9679733802228	-70.5907638676519
			73.991590229961	-70.5907638676519
			74.0152070796993	-70.5907638676519
			74.0388239294375	-70.6143807173902
			74.0624407791758	-70.6143807173902
			74.086057628914	-70.6379975671284
			74.1096744786523	-70.6379975671284
			74.1332913283906	-70.6379975671284
			74.1569081781288	-70.6616144168667
			74.1805250278671	-70.6616144168667
			74.2041418776053	-70.6616144168667
			74.2277587273436	-70.685231266605
			74.2513755770818	-70.685231266605
			74.2749924268201	-70.685231266605
			74.2749924268201	-70.7088481163432
			74.2986092765584	-70.7088481163432
			74.3222261262966	-70.7088481163432
			74.3458429760349	-70.7324649660815
			74.3694598257731	-70.7324649660815
			74.3930766755114	-70.7324649660815
			74.4166935252497	-70.7560818158197
			74.4403103749879	-70.7560818158197
			74.4639272247262	-70.7560818158197
			74.4875440744644	-70.779698665558
			74.5111609242027	-70.779698665558
			74.5347777739409	-70.8033155152962
			74.5583946236792	-70.8033155152962
			74.5820114734175	-70.8033155152962
			74.5820114734175	-70.8269323650345
			74.6056283231557	-70.8269323650345
			74.629245172894	-70.8269323650345
			74.6528620226322	-70.8505492147728
			74.6764788723705	-70.8505492147728
			74.7000957221087	-70.8505492147728
			74.723712571847	-70.874166064511
			74.7473294215853	-70.874166064511
			74.7709462713235	-70.8977829142493
			74.7945631210618	-70.8977829142493
			74.8181799708	-70.8977829142493
			74.8417968205383	-70.9213997639875
			74.8654136702766	-70.9213997639875
			74.8890305200148	-70.9213997639875
			74.9126473697531	-70.9450166137258
			74.9362642194913	-70.9450166137258
			74.9598810692296	-70.9450166137258
			74.9834979189678	-70.968633463464
			75.0071147687061	-70.968633463464
			75.0307316184443	-70.968633463464
			75.0543484681826	-70.9922503132023
			75.0779653179209	-70.9922503132023
			75.1015821676591	-70.9922503132023
			75.1251990173974	-71.0158671629406
			75.1488158671356	-71.0158671629406
			75.1488158671356	-71.0394840126788
			75.1724327168739	-71.0394840126788
			75.1960495666122	-71.0394840126788
			75.2196664163504	-71.0631008624171
			75.2432832660887	-71.0631008624171
			75.2669001158269	-71.0631008624171
			75.2905169655652	-71.0867177121553
			75.3141338153034	-71.0867177121553
			75.3377506650417	-71.0867177121553
			75.36136751478	-71.1103345618936
			75.3849843645182	-71.1103345618936
			75.4086012142565	-71.1103345618936
			75.4322180639947	-71.1339514116319
			75.455834913733	-71.1339514116319
			75.4794517634712	-71.1339514116319
			75.5030686132095	-71.1575682613701
			75.5266854629478	-71.1575682613701
			75.550302312686	-71.1811851111084
			75.5739191624243	-71.1811851111084
			75.5975360121625	-71.1811851111084
			75.6211528619008	-71.2048019608466
			75.644769711639	-71.2048019608466
			75.6683865613773	-71.2048019608466
			75.6920034111156	-71.2284188105849
			75.7156202608538	-71.2284188105849
			75.7392371105921	-71.2284188105849
			75.7628539603303	-71.2520356603231
			75.7864708100686	-71.2520356603231
			75.8100876598069	-71.2520356603231
			75.8337045095451	-71.2756525100614
			75.8573213592834	-71.2756525100614
			75.8809382090216	-71.2756525100614
			75.9045550587599	-71.2992693597997
			75.9281719084981	-71.2992693597997
			75.9517887582364	-71.2992693597997
			75.9754056079747	-71.3228862095379
			75.9990224577129	-71.3228862095379
			76.0226393074512	-71.3228862095379
			76.0462561571894	-71.3465030592762
			76.0698730069277	-71.3465030592762
			76.0934898566659	-71.3701199090144
			76.1171067064042	-71.3701199090144
			76.1407235561425	-71.3701199090144
			76.1643404058807	-71.3937367587527
			76.187957255619	-71.3937367587527
			76.2115741053572	-71.3937367587527
			76.2351909550955	-71.4173536084909
			76.2588078048338	-71.4173536084909
			76.282424654572	-71.4173536084909
			76.3060415043103	-71.4409704582292
			76.3296583540485	-71.4409704582292
			76.3532752037868	-71.4409704582292
			76.376892053525	-71.4645873079674
			76.4005089032633	-71.4645873079674
			76.4241257530015	-71.4645873079674
			76.4477426027398	-71.4882041577057
			76.4713594524781	-71.4882041577057
			76.4949763022163	-71.4882041577057
			76.5185931519546	-71.511821007444
			76.5422100016928	-71.511821007444
			76.5658268514311	-71.511821007444
			76.5894437011693	-71.5354378571822
			76.6130605509076	-71.5354378571822
			76.6366774006459	-71.5590547069205
			76.6602942503841	-71.5590547069205
			76.6839111001224	-71.5590547069205
			76.7075279498606	-71.5826715566587
			76.7311447995989	-71.5826715566587
			76.7547616493372	-71.5826715566587
			76.7783784990754	-71.606288406397
			76.8019953488137	-71.606288406397
			76.8256121985519	-71.606288406397
			76.8492290482902	-71.6299052561353
			76.8728458980284	-71.6299052561353
			76.8964627477667	-71.6299052561353
			76.920079597505	-71.6535221058735
			76.9436964472432	-71.6535221058735
			76.9673132969815	-71.6535221058735
			76.9909301467197	-71.6771389556118
			77.014546996458	-71.6771389556118
			77.0381638461962	-71.6771389556118
			77.0617806959345	-71.70075580535
			77.0853975456728	-71.70075580535
			77.109014395411	-71.70075580535
			77.1326312451493	-71.7243726550883
			77.1562480948875	-71.7243726550883
			77.1798649446258	-71.7243726550883
			77.2034817943641	-71.7479895048265
			77.2270986441023	-71.7479895048265
			77.2507154938406	-71.7479895048265
			77.2743323435788	-71.7716063545648
			77.2979491933171	-71.7716063545648
			77.3215660430553	-71.7716063545648
			77.3451828927936	-71.7952232043031
			77.3687997425318	-71.7952232043031
			77.3924165922701	-71.7952232043031
			77.4160334420084	-71.8188400540413
			77.4396502917466	-71.8188400540413
			77.4632671414849	-71.8188400540413
			77.4868839912231	-71.8188400540413
			77.5105008409614	-71.8424569037796
			77.5341176906997	-71.8424569037796
			77.5577345404379	-71.8660737535178
			77.5813513901762	-71.8660737535178
			77.6049682399144	-71.8660737535178
			77.6285850896527	-71.8896906032561
			77.6522019393909	-71.8896906032561
			77.6758187891292	-71.8896906032561
			77.6994356388675	-71.8896906032561
			77.7230524886057	-71.9133074529943
			77.746669338344	-71.9133074529943
			77.7702861880822	-71.9369243027326
			77.7939030378205	-71.9369243027326
			77.8175198875587	-71.9369243027326
			77.841136737297	-71.9369243027326
			77.8647535870353	-71.9605411524709
			77.8883704367735	-71.9605411524709
			77.9119872865118	-71.9605411524709
			77.93560413625	-71.9841580022091
			77.9592209859883	-71.9841580022091
			77.9828378357265	-71.9841580022091
			78.0064546854648	-72.0077748519474
			78.0300715352031	-72.0077748519474
			78.0536883849413	-72.0077748519474
			78.0773052346796	-72.0313917016856
			78.1009220844178	-72.0313917016856
			78.1245389341561	-72.0313917016856
			78.1481557838944	-72.0550085514239
			78.1717726336326	-72.0550085514239
			78.1953894833709	-72.0550085514239
			78.2190063331091	-72.0786254011622
			78.2426231828474	-72.0786254011622
			78.2662400325856	-72.0786254011622
			78.2898568823239	-72.0786254011622
			78.3134737320621	-72.1022422509004
			78.3370905818004	-72.1022422509004
			78.3607074315387	-72.1258591006387
			78.3843242812769	-72.1258591006387
			78.4079411310152	-72.1258591006387
			78.4315579807534	-72.1258591006387
			78.4551748304917	-72.1494759503769
			78.47879168023	-72.1494759503769
			78.5024085299682	-72.1494759503769
			78.5260253797065	-72.1730928001152
			78.5496422294447	-72.1730928001152
			78.573259079183	-72.1730928001152
			78.5968759289212	-72.1967096498534
			78.6204927786595	-72.1967096498534
			78.6441096283978	-72.1967096498534
			78.667726478136	-72.2203264995917
			78.6913433278743	-72.2203264995917
			78.7149601776125	-72.2203264995917
			78.7385770273508	-72.24394334933
			78.762193877089	-72.24394334933
			78.7858107268273	-72.24394334933
			78.8094275765656	-72.24394334933
			78.8330444263038	-72.2675601990682
			78.8566612760421	-72.2675601990682
			78.8802781257803	-72.2675601990682
			78.9038949755186	-72.2675601990682
			78.9275118252569	-72.2911770488065
			78.9511286749951	-72.2911770488065
			78.9747455247334	-72.2911770488065
			78.9983623744716	-72.2911770488065
			79.0219792242099	-72.2911770488065
			79.0455960739481	-72.3147938985447
			79.0692129236864	-72.3147938985447
			79.0928297734247	-72.3147938985447
			79.1164466231629	-72.3147938985447
			79.1400634729012	-72.3147938985447
			79.1636803226394	-72.3147938985447
			79.1872971723777	-72.338410748283
			79.2109140221159	-72.338410748283
			79.2345308718542	-72.338410748283
			79.2581477215925	-72.338410748283
			79.2817645713307	-72.338410748283
			79.305381421069	-72.3620275980212
			79.3289982708072	-72.3620275980212
			79.3526151205455	-72.3620275980212
			79.3762319702837	-72.3620275980212
			79.399848820022	-72.3620275980212
			79.4234656697603	-72.3856444477595
			79.4470825194985	-72.3856444477595
			79.4706993692368	-72.3856444477595
			79.494316218975	-72.3856444477595
			79.5179330687133	-72.3856444477595
			79.5415499184516	-72.3856444477595
			79.5651667681898	-72.4092612974978
			79.5887836179281	-72.4092612974978
			79.6124004676663	-72.4092612974978
			79.6360173174046	-72.4092612974978
			79.6596341671428	-72.432878147236
			79.6832510168811	-72.432878147236
			79.7068678666193	-72.432878147236
			79.7304847163576	-72.432878147236
			79.7541015660959	-72.432878147236
			79.7777184158341	-72.432878147236
			79.8013352655724	-72.4564949969743
			79.8249521153106	-72.4564949969743
			79.8485689650489	-72.4564949969743
			79.8721858147872	-72.4564949969743
			79.8958026645254	-72.4564949969743
			79.9194195142637	-72.4564949969743
			79.9430363640019	-72.4801118467125
			79.9666532137402	-72.4801118467125
			79.9902700634784	-72.4801118467125
			80.0138869132167	-72.4801118467125
			80.037503762955	-72.4801118467125
			80.0611206126932	-72.5037286964508
			80.0847374624315	-72.5037286964508
			80.1083543121697	-72.5037286964508
			80.131971161908	-72.5037286964508
			80.1555880116462	-72.5037286964508
			80.1792048613845	-72.5037286964508
			80.2028217111228	-72.527345546189
			80.226438560861	-72.527345546189
			80.2500554105993	-72.527345546189
			80.2736722603375	-72.527345546189
			80.2972891100758	-72.527345546189
			80.3209059598141	-72.527345546189
			80.3445228095523	-72.527345546189
			80.3445228095523	-72.5509623959273
			80.3681396592906	-72.5509623959273
			80.3917565090288	-72.5509623959273
			80.4153733587671	-72.5509623959273
			80.4389902085053	-72.5509623959273
			80.4626070582436	-72.5509623959273
			80.4862239079819	-72.5745792456656
			80.5098407577201	-72.5745792456656
			80.5334576074584	-72.5745792456656
			80.5570744571966	-72.5745792456656
			80.5806913069349	-72.5745792456656
			80.6043081566731	-72.5745792456656
			80.6279250064114	-72.5745792456656
			80.6515418561496	-72.5981960954038
			80.6751587058879	-72.5981960954038
			80.6987755556262	-72.5981960954038
			80.7223924053644	-72.5981960954038
			80.7460092551027	-72.5981960954038
			80.7696261048409	-72.5981960954038
			80.7932429545792	-72.6218129451421
			80.8168598043175	-72.6218129451421
			80.8404766540557	-72.6218129451421
			80.864093503794	-72.6218129451421
			80.8877103535322	-72.6218129451421
			80.9113272032705	-72.6218129451421
			80.9349440530087	-72.6454297948803
			80.958560902747	-72.6454297948803
			80.9821777524853	-72.6454297948803
			81.0057946022235	-72.6454297948803
			81.0294114519618	-72.6454297948803
			81.0530283017	-72.6454297948803
			81.0766451514383	-72.6454297948803
			81.1002620011765	-72.6454297948803
			81.1238788509148	-72.6690466446186
			81.1474957006531	-72.6690466446186
			81.1711125503913	-72.6690466446186
			81.1947294001296	-72.6690466446186
			81.2183462498678	-72.6690466446186
			81.2419630996061	-72.6690466446186
			81.2655799493444	-72.6690466446186
			81.2891967990826	-72.6926634943569
			81.3128136488209	-72.6926634943569
			81.3364304985591	-72.6926634943569
			81.3600473482974	-72.6926634943569
			81.3836641980356	-72.6926634943569
			81.4072810477739	-72.6926634943569
			81.4308978975122	-72.6926634943569
			81.4545147472504	-72.6926634943569
			81.4781315969887	-72.7162803440951
			81.5017484467269	-72.7162803440951
			81.5253652964652	-72.7162803440951
			81.5489821462034	-72.7162803440951
			81.5725989959417	-72.7162803440951
			81.59621584568	-72.7162803440951
			81.6198326954182	-72.7162803440951
			81.6434495451565	-72.7162803440951
			81.6670663948947	-72.7162803440951
			81.690683244633	-72.7398971938334
			81.7143000943713	-72.7398971938334
			81.7379169441095	-72.7398971938334
			81.7615337938478	-72.7398971938334
			81.785150643586	-72.7398971938334
			81.8087674933243	-72.7398971938334
			81.8323843430625	-72.7398971938334
			81.8560011928008	-72.7398971938334
			81.8796180425391	-72.7398971938334
			81.9032348922773	-72.7398971938334
			81.9268517420156	-72.7398971938334
			81.9504685917538	-72.7635140435716
			81.9740854414921	-72.7635140435716
			81.9977022912303	-72.7635140435716
			82.0213191409686	-72.7635140435716
			82.0449359907068	-72.7635140435716
			82.0685528404451	-72.7635140435716
			82.0921696901834	-72.7635140435716
			82.1157865399216	-72.7635140435716
			82.1394033896599	-72.7635140435716
			82.1630202393981	-72.7635140435716
			82.1866370891364	-72.7635140435716
			82.2102539388747	-72.7635140435716
			82.2338707886129	-72.7635140435716
			82.2574876383512	-72.7635140435716
			82.2811044880894	-72.7635140435716
			82.3047213378277	-72.7635140435716
			82.3283381875659	-72.7635140435716
			82.3519550373042	-72.7635140435716
			82.3755718870425	-72.7635140435716
			82.3991887367807	-72.7635140435716
			82.422805586519	-72.7635140435716
			82.4464224362572	-72.7635140435716
		</Dorsal_adipose>
		<Adipose_caudal type=matrix rownames=FALSE colnames=FALSE nrow=260 ncol=2 as.numeric=TRUE >
			82.4464224362572	-72.7635140435716
			82.4700392859955	-72.7635140435716
			82.4936561357337	-72.7635140435716
			82.517272985472	-72.7635140435716
			82.5408898352103	-72.7635140435716
			82.5645066849485	-72.7635140435716
			82.5881235346868	-72.7871308933099
			82.611740384425	-72.7871308933099
			82.6353572341633	-72.7871308933099
			82.6589740839016	-72.7871308933099
			82.6825909336398	-72.7871308933099
			82.7062077833781	-72.8107477430481
			82.7298246331163	-72.8107477430481
			82.7534414828546	-72.8107477430481
			82.7770583325928	-72.8107477430481
			82.8006751823311	-72.8107477430481
			82.8006751823311	-72.8343645927864
			82.8242920320694	-72.8343645927864
			82.8479088818076	-72.8343645927864
			82.8715257315459	-72.8343645927864
			82.8951425812841	-72.8579814425246
			82.9187594310224	-72.8579814425246
			82.9423762807606	-72.8815982922629
			82.9659931304989	-72.8815982922629
			82.9896099802372	-72.8815982922629
			83.0132268299754	-72.9052151420012
			83.0368436797137	-72.9288319917394
			83.0604605294519	-72.9524488414777
			83.0840773791902	-72.9524488414777
			83.1076942289284	-72.9760656912159
			83.1313110786667	-72.9996825409542
			83.154927928405	-73.0232993906925
			83.1785447781432	-73.0469162404307
			83.2021616278815	-73.0469162404307
			83.2257784776197	-73.0469162404307
			83.249395327358	-73.0469162404307
			83.249395327358	-73.070533090169
			83.2730121770962	-73.070533090169
			83.2966290268345	-73.070533090169
			83.3202458765728	-73.0941499399072
			83.343862726311	-73.0941499399072
			83.3674795760493	-73.0941499399072
			83.3674795760493	-73.1177667896455
			83.3910964257875	-73.1177667896455
			83.4147132755258	-73.1177667896455
			83.438330125264	-73.1413836393837
			83.4619469750023	-73.1413836393837
			83.4855638247406	-73.1413836393837
			83.5091806744788	-73.165000489122
			83.5327975242171	-73.165000489122
			83.5564143739553	-73.165000489122
			83.5800312236936	-73.1886173388603
			83.6036480734319	-73.1886173388603
			83.6272649231701	-73.2122341885985
			83.6508817729084	-73.2122341885985
			83.6744986226466	-73.2122341885985
			83.6981154723849	-73.2122341885985
			83.7217323221231	-73.2358510383368
			83.7453491718614	-73.2358510383368
			83.7689660215997	-73.2358510383368
			83.7925828713379	-73.2358510383368
			83.7925828713379	-73.259467888075
			83.8161997210762	-73.259467888075
			83.8398165708144	-73.259467888075
			83.8634334205527	-73.259467888075
			83.8634334205527	-73.2830847378133
			83.8870502702909	-73.2830847378133
			83.9106671200292	-73.2830847378133
			83.9342839697675	-73.2830847378133
			83.9579008195057	-73.3067015875515
			83.981517669244	-73.3067015875515
			84.0051345189822	-73.3067015875515
			84.0287513687205	-73.3067015875515
			84.0523682184588	-73.3303184372898
			84.075985068197	-73.3303184372898
			84.0996019179353	-73.3303184372898
			84.1232187676735	-73.3539352870281
			84.1468356174118	-73.3539352870281
			84.17045246715	-73.3539352870281
			84.1940693168883	-73.3539352870281
			84.2176861666265	-73.3775521367663
			84.2413030163648	-73.3775521367663
			84.2649198661031	-73.3775521367663
			84.2885367158413	-73.3775521367663
			84.3121535655796	-73.3775521367663
			84.3357704153178	-73.4011689865046
			84.3593872650561	-73.4011689865046
			84.3830041147944	-73.4011689865046
			84.4066209645326	-73.4011689865046
			84.4302378142709	-73.4247858362428
			84.4538546640091	-73.4247858362428
			84.4774715137474	-73.4247858362428
			84.5010883634856	-73.4247858362428
			84.5247052132239	-73.4484026859811
			84.5483220629622	-73.4484026859811
			84.5719389127004	-73.4484026859811
			84.5955557624387	-73.4484026859811
			84.6191726121769	-73.4484026859811
			84.6427894619152	-73.4720195357194
			84.6664063116534	-73.4720195357194
			84.6900231613917	-73.4720195357194
			84.71364001113	-73.4720195357194
			84.7372568608682	-73.4720195357194
			84.7608737106065	-73.4956363854576
			84.7844905603447	-73.4956363854576
			84.808107410083	-73.4956363854576
			84.8317242598212	-73.4956363854576
			84.8553411095595	-73.4956363854576
			84.8789579592978	-73.5192532351959
			84.902574809036	-73.5192532351959
			84.9261916587743	-73.5192532351959
			84.9498085085125	-73.5192532351959
			84.9734253582508	-73.5192532351959
			84.9970422079891	-73.5192532351959
			85.0206590577273	-73.5428700849341
			85.0442759074656	-73.5428700849341
			85.0678927572038	-73.5428700849341
			85.0915096069421	-73.5428700849341
			85.1151264566803	-73.5428700849341
			85.1387433064186	-73.5428700849341
			85.1623601561569	-73.5664869346724
			85.1859770058951	-73.5664869346724
			85.2095938556334	-73.5664869346724
			85.2332107053716	-73.5664869346724
			85.2568275551099	-73.5664869346724
			85.2804444048481	-73.5664869346724
			85.3040612545864	-73.5901037844106
			85.3276781043247	-73.5901037844106
			85.3512949540629	-73.5901037844106
			85.3749118038012	-73.5901037844106
			85.3985286535394	-73.5901037844106
			85.4221455032777	-73.5901037844106
			85.445762353016	-73.5901037844106
			85.4693792027542	-73.6137206341489
			85.4929960524925	-73.6137206341489
			85.5166129022307	-73.6137206341489
			85.540229751969	-73.6137206341489
			85.5638466017072	-73.6137206341489
			85.5874634514455	-73.6137206341489
			85.6110803011837	-73.6137206341489
			85.634697150922	-73.6137206341489
			85.6583140006603	-73.6373374838872
			85.6819308503985	-73.6373374838872
			85.7055477001368	-73.6373374838872
			85.729164549875	-73.6373374838872
			85.7527813996133	-73.6373374838872
			85.7763982493516	-73.6373374838872
			85.8000150990898	-73.6373374838872
			85.8236319488281	-73.6609543336254
			85.8472487985663	-73.6609543336254
			85.8708656483046	-73.6609543336254
			85.8944824980428	-73.6609543336254
			85.9180993477811	-73.6609543336254
			85.9417161975194	-73.6609543336254
			85.9653330472576	-73.6609543336254
			85.9889498969959	-73.6609543336254
			86.0125667467341	-73.6609543336254
			86.0361835964724	-73.6845711833637
			86.0598004462106	-73.6845711833637
			86.0834172959489	-73.6845711833637
			86.1070341456872	-73.6845711833637
			86.1306509954254	-73.6845711833637
			86.1542678451637	-73.6845711833637
			86.1778846949019	-73.6845711833637
			86.2015015446402	-73.6845711833637
			86.2251183943784	-73.6845711833637
			86.2487352441167	-73.6845711833637
			86.272352093855	-73.6845711833637
			86.2959689435932	-73.7081880331019
			86.3195857933315	-73.7081880331019
			86.3432026430697	-73.7081880331019
			86.366819492808	-73.7081880331019
			86.3904363425463	-73.7081880331019
			86.4140531922845	-73.7081880331019
			86.4376700420228	-73.7081880331019
			86.461286891761	-73.7081880331019
			86.4849037414993	-73.7081880331019
			86.5085205912375	-73.7081880331019
			86.5321374409758	-73.7081880331019
			86.555754290714	-73.7081880331019
			86.5793711404523	-73.7081880331019
			86.5793711404523	-73.7318048828402
			86.6029879901906	-73.7318048828402
			86.6266048399288	-73.7318048828402
			86.6502216896671	-73.7318048828402
			86.6738385394053	-73.7318048828402
			86.6974553891436	-73.7318048828402
			86.7210722388819	-73.7318048828402
			86.7446890886201	-73.7318048828402
			86.7683059383584	-73.7318048828402
			86.7919227880966	-73.7318048828402
			86.8155396378349	-73.7318048828402
			86.8391564875731	-73.7318048828402
			86.8627733373114	-73.7318048828402
			86.8863901870497	-73.7318048828402
			86.9100070367879	-73.7318048828402
			86.9336238865262	-73.7318048828402
			86.9572407362644	-73.7554217325784
			86.9808575860027	-73.7554217325784
			87.0044744357409	-73.7554217325784
			87.0280912854792	-73.7554217325784
			87.0517081352175	-73.7554217325784
			87.0753249849557	-73.7554217325784
			87.098941834694	-73.7554217325784
			87.1225586844322	-73.7554217325784
			87.1461755341705	-73.7554217325784
			87.1697923839087	-73.7554217325784
			87.193409233647	-73.7554217325784
			87.2170260833853	-73.7554217325784
			87.2406429331235	-73.7554217325784
			87.2642597828618	-73.7554217325784
			87.2878766326	-73.7554217325784
			87.3114934823383	-73.7554217325784
			87.3351103320766	-73.7318048828402
			87.3587271818148	-73.7318048828402
			87.3823440315531	-73.7318048828402
			87.4059608812913	-73.7318048828402
			87.4295777310296	-73.7318048828402
			87.4531945807678	-73.7318048828402
			87.4768114305061	-73.7318048828402
			87.5004282802443	-73.7318048828402
			87.5240451299826	-73.7318048828402
			87.5476619797209	-73.7318048828402
			87.5712788294591	-73.7318048828402
			87.5948956791974	-73.7318048828402
			87.6185125289356	-73.7554217325784
			87.6421293786739	-73.7554217325784
			87.6657462284122	-73.7554217325784
			87.6893630781504	-73.7554217325784
			87.7129799278887	-73.7554217325784
			87.7365967776269	-73.7554217325784
			87.7602136273652	-73.7554217325784
			87.7838304771035	-73.7554217325784
			87.8074473268417	-73.7554217325784
			87.83106417658	-73.7554217325784
			87.8546810263182	-73.7554217325784
			87.8782978760565	-73.7790385823167
			87.9019147257947	-73.7790385823167
			87.925531575533	-73.7790385823167
			87.9491484252712	-73.7790385823167
			87.9727652750095	-73.7790385823167
			87.9727652750095	-73.802655432055
			87.9963821247478	-73.802655432055
			88.019998974486	-73.802655432055
			88.0436158242243	-73.802655432055
			88.0672326739625	-73.802655432055
			88.0908495237008	-73.8262722817932
			88.1144663734391	-73.8262722817932
			88.1380832231773	-73.8262722817932
			88.1617000729156	-73.8498891315315
			88.1853169226538	-73.8498891315315
			88.2089337723921	-73.8498891315315
			88.2325506221303	-73.8498891315315
			88.2561674718686	-73.8735059812697
			88.2797843216069	-73.8735059812697
			88.3034011713451	-73.8735059812697
			88.3270180210834	-73.897122831008
			88.3506348708216	-73.897122831008
			88.3742517205599	-73.9207396807462
			88.3978685702981	-73.9207396807462
		</Adipose_caudal>
		<Caudal_anal type=matrix rownames=FALSE colnames=FALSE nrow=454 ncol=2 as.numeric=TRUE >
			88.0436158242243	-77.109014395411
			88.019998974486	-77.109014395411
			87.9963821247478	-77.109014395411
			87.9727652750095	-77.1326312451493
			87.9491484252712	-77.1326312451493
			87.925531575533	-77.1326312451493
			87.9019147257947	-77.1326312451493
			87.8782978760565	-77.1326312451493
			87.8546810263182	-77.1326312451493
			87.83106417658	-77.1326312451493
			87.8074473268417	-77.1326312451493
			87.7838304771035	-77.1326312451493
			87.7602136273652	-77.1326312451493
			87.7365967776269	-77.1326312451493
			87.7129799278887	-77.1326312451493
			87.6893630781504	-77.1326312451493
			87.6657462284122	-77.1326312451493
			87.6421293786739	-77.1326312451493
			87.6185125289356	-77.1326312451493
			87.5948956791974	-77.1326312451493
			87.5712788294591	-77.1326312451493
			87.5476619797209	-77.1326312451493
			87.5240451299826	-77.1326312451493
			87.5004282802443	-77.1326312451493
			87.4768114305061	-77.1326312451493
			87.4531945807678	-77.1326312451493
			87.4295777310296	-77.1326312451493
			87.4059608812913	-77.109014395411
			87.3823440315531	-77.109014395411
			87.3587271818148	-77.109014395411
			87.3351103320766	-77.109014395411
			87.3114934823383	-77.109014395411
			87.2878766326	-77.109014395411
			87.2878766326	-77.0853975456728
			87.2642597828618	-77.0853975456728
			87.2406429331235	-77.0853975456728
			87.2170260833853	-77.0853975456728
			87.193409233647	-77.0853975456728
			87.1697923839087	-77.0617806959345
			87.1461755341705	-77.0617806959345
			87.1225586844322	-77.0617806959345
			87.098941834694	-77.0617806959345
			87.0753249849557	-77.0617806959345
			87.0517081352175	-77.0381638461962
			87.0280912854792	-77.0381638461962
			87.0044744357409	-77.0381638461962
			86.9808575860027	-77.014546996458
			86.9572407362644	-77.014546996458
			86.9336238865262	-77.014546996458
			86.9100070367879	-77.014546996458
			86.9100070367879	-76.9909301467197
			86.8863901870497	-76.9909301467197
			86.8627733373114	-76.9909301467197
			86.8391564875731	-76.9909301467197
			86.8155396378349	-76.9673132969815
			86.7919227880966	-76.9673132969815
			86.7683059383584	-76.9673132969815
			86.7446890886201	-76.9436964472432
			86.7210722388819	-76.9436964472432
			86.6974553891436	-76.9436964472432
			86.6738385394053	-76.9436964472432
			86.6502216896671	-76.920079597505
			86.6266048399288	-76.920079597505
			86.6029879901906	-76.920079597505
			86.5793711404523	-76.920079597505
			86.555754290714	-76.8964627477667
			86.5321374409758	-76.8964627477667
			86.5085205912375	-76.8964627477667
			86.4849037414993	-76.8964627477667
			86.461286891761	-76.8728458980284
			86.4376700420228	-76.8728458980284
			86.4140531922845	-76.8728458980284
			86.3904363425463	-76.8728458980284
			86.366819492808	-76.8728458980284
			86.3432026430697	-76.8492290482902
			86.3195857933315	-76.8492290482902
			86.2959689435932	-76.8492290482902
			86.272352093855	-76.8256121985519
			86.2487352441167	-76.8256121985519
			86.2251183943784	-76.8256121985519
			86.2015015446402	-76.8256121985519
			86.1778846949019	-76.8256121985519
			86.1542678451637	-76.8019953488137
			86.1306509954254	-76.8019953488137
			86.1070341456872	-76.8019953488137
			86.0834172959489	-76.8019953488137
			86.0598004462106	-76.8019953488137
			86.0361835964724	-76.7783784990754
			86.0125667467341	-76.7783784990754
			85.9889498969959	-76.7783784990754
			85.9653330472576	-76.7783784990754
			85.9417161975194	-76.7783784990754
			85.9180993477811	-76.7547616493372
			85.8944824980428	-76.7547616493372
			85.8708656483046	-76.7547616493372
			85.8472487985663	-76.7547616493372
			85.8236319488281	-76.7547616493372
			85.8000150990898	-76.7547616493372
			85.7763982493516	-76.7311447995989
			85.7527813996133	-76.7311447995989
			85.729164549875	-76.7311447995989
			85.7055477001368	-76.7311447995989
			85.6819308503985	-76.7311447995989
			85.6583140006603	-76.7075279498606
			85.634697150922	-76.7075279498606
			85.6110803011837	-76.7075279498606
			85.5874634514455	-76.7075279498606
			85.5638466017072	-76.7075279498606
			85.540229751969	-76.7075279498606
			85.5166129022307	-76.7075279498606
			85.4929960524925	-76.6839111001224
			85.4693792027542	-76.6839111001224
			85.445762353016	-76.6839111001224
			85.4221455032777	-76.6839111001224
			85.3985286535394	-76.6839111001224
			85.3749118038012	-76.6839111001224
			85.3512949540629	-76.6839111001224
			85.3276781043247	-76.6602942503841
			85.3040612545864	-76.6602942503841
			85.2804444048481	-76.6602942503841
			85.2568275551099	-76.6602942503841
			85.2332107053716	-76.6602942503841
			85.2095938556334	-76.6602942503841
			85.1859770058951	-76.6602942503841
			85.1623601561569	-76.6602942503841
			85.1387433064186	-76.6602942503841
			85.1151264566803	-76.6602942503841
			85.1151264566803	-76.6366774006459
			85.0915096069421	-76.6366774006459
			85.0678927572038	-76.6366774006459
			85.0442759074656	-76.6366774006459
			85.0206590577273	-76.6366774006459
			84.9970422079891	-76.6366774006459
			84.9734253582508	-76.6366774006459
			84.9498085085125	-76.6366774006459
			84.9261916587743	-76.6366774006459
			84.902574809036	-76.6366774006459
			84.8789579592978	-76.6366774006459
			84.8553411095595	-76.6366774006459
			84.8317242598212	-76.6366774006459
			84.808107410083	-76.6366774006459
			84.7844905603447	-76.6366774006459
			84.7844905603447	-76.6130605509076
			84.7608737106065	-76.6130605509076
			84.7372568608682	-76.6130605509076
			84.71364001113	-76.6130605509076
			84.6900231613917	-76.6130605509076
			84.6664063116534	-76.6130605509076
			84.6427894619152	-76.6130605509076
			84.6191726121769	-76.6130605509076
			84.5955557624387	-76.6130605509076
			84.5719389127004	-76.6130605509076
			84.5483220629622	-76.6130605509076
			84.5247052132239	-76.6130605509076
			84.5010883634856	-76.6130605509076
			84.4774715137474	-76.6130605509076
			84.4538546640091	-76.6130605509076
			84.4302378142709	-76.6130605509076
			84.4066209645326	-76.6130605509076
			84.3830041147944	-76.6130605509076
			84.3593872650561	-76.6130605509076
			84.3357704153178	-76.6130605509076
			84.3121535655796	-76.6130605509076
			84.2885367158413	-76.6130605509076
			84.2649198661031	-76.6130605509076
			84.2413030163648	-76.6130605509076
			84.2176861666265	-76.6130605509076
			84.1940693168883	-76.6130605509076
			84.17045246715	-76.6130605509076
			84.1468356174118	-76.6130605509076
			84.1232187676735	-76.6366774006459
			84.0996019179353	-76.6366774006459
			84.075985068197	-76.6366774006459
			84.0523682184588	-76.6366774006459
			84.0287513687205	-76.6366774006459
			84.0051345189822	-76.6366774006459
			83.981517669244	-76.6366774006459
			83.9579008195057	-76.6366774006459
			83.9342839697675	-76.6366774006459
			83.9106671200292	-76.6366774006459
			83.8870502702909	-76.6366774006459
			83.8634334205527	-76.6366774006459
			83.8398165708144	-76.6366774006459
			83.8161997210762	-76.6366774006459
			83.7925828713379	-76.6602942503841
			83.7689660215997	-76.6602942503841
			83.7453491718614	-76.6602942503841
			83.7217323221231	-76.6602942503841
			83.6981154723849	-76.6602942503841
			83.6744986226466	-76.6602942503841
			83.6508817729084	-76.6602942503841
			83.6272649231701	-76.6602942503841
			83.6036480734319	-76.6839111001224
			83.5800312236936	-76.6839111001224
			83.5564143739553	-76.6839111001224
			83.5327975242171	-76.6839111001224
			83.5091806744788	-76.6839111001224
			83.4855638247406	-76.6839111001224
			83.4619469750023	-76.6839111001224
			83.4619469750023	-76.7075279498606
			83.438330125264	-76.7075279498606
			83.4147132755258	-76.7075279498606
			83.3910964257875	-76.7075279498606
			83.3674795760493	-76.7075279498606
			83.343862726311	-76.7075279498606
			83.3202458765728	-76.7075279498606
			83.2966290268345	-76.7311447995989
			83.2730121770962	-76.7311447995989
			83.249395327358	-76.7311447995989
			83.2257784776197	-76.7311447995989
			83.2021616278815	-76.7311447995989
			83.1785447781432	-76.7311447995989
			83.154927928405	-76.7311447995989
			83.1313110786667	-76.7547616493372
			83.1076942289284	-76.7547616493372
			83.0840773791902	-76.7547616493372
			83.0604605294519	-76.7547616493372
			83.0368436797137	-76.7547616493372
			83.0132268299754	-76.7547616493372
			82.9896099802372	-76.7547616493372
			82.9896099802372	-76.7783784990754
			82.9659931304989	-76.7783784990754
			82.9423762807606	-76.7783784990754
			82.9187594310224	-76.7783784990754
			82.8951425812841	-76.7783784990754
			82.8715257315459	-76.7783784990754
			82.8479088818076	-76.8019953488137
			82.8242920320694	-76.8019953488137
			82.8006751823311	-76.8019953488137
			82.7770583325928	-76.8019953488137
			82.7534414828546	-76.8019953488137
			82.7298246331163	-76.8019953488137
			82.7062077833781	-76.8019953488137
			82.6825909336398	-76.8256121985519
			82.6589740839016	-76.8256121985519
			82.6353572341633	-76.8256121985519
			82.611740384425	-76.8256121985519
			82.5881235346868	-76.8256121985519
			82.5645066849485	-76.8256121985519
			82.5408898352103	-76.8492290482902
			82.517272985472	-76.8492290482902
			82.4936561357337	-76.8492290482902
			82.4700392859955	-76.8492290482902
			82.4464224362572	-76.8492290482902
			82.422805586519	-76.8492290482902
			82.3991887367807	-76.8728458980284
			82.3755718870425	-76.8728458980284
			82.3519550373042	-76.8728458980284
			82.3283381875659	-76.8728458980284
			82.3047213378277	-76.8728458980284
			82.2811044880894	-76.8728458980284
			82.2574876383512	-76.8728458980284
			82.2338707886129	-76.8964627477667
			82.2102539388747	-76.8964627477667
			82.1866370891364	-76.8964627477667
			82.1630202393981	-76.8964627477667
			82.1394033896599	-76.8964627477667
			82.1157865399216	-76.8964627477667
			82.0921696901834	-76.920079597505
			82.0685528404451	-76.920079597505
			82.0449359907068	-76.920079597505
			82.0213191409686	-76.920079597505
			81.9977022912303	-76.920079597505
			81.9740854414921	-76.920079597505
			81.9504685917538	-76.9436964472432
			81.9268517420156	-76.9436964472432
			81.9032348922773	-76.9436964472432
			81.8796180425391	-76.9436964472432
			81.8560011928008	-76.9436964472432
			81.8323843430625	-76.9436964472432
			81.8087674933243	-76.9436964472432
			81.785150643586	-76.9673132969815
			81.7615337938478	-76.9673132969815
			81.7379169441095	-76.9673132969815
			81.7143000943713	-76.9673132969815
			81.690683244633	-76.9673132969815
			81.6670663948947	-76.9909301467197
			81.6434495451565	-76.9909301467197
			81.6198326954182	-76.9909301467197
			81.59621584568	-76.9909301467197
			81.5725989959417	-76.9909301467197
			81.5489821462034	-76.9909301467197
			81.5253652964652	-76.9909301467197
			81.5017484467269	-77.014546996458
			81.4781315969887	-77.014546996458
			81.4545147472504	-77.014546996458
			81.4308978975122	-77.014546996458
			81.4072810477739	-77.014546996458
			81.3836641980356	-77.014546996458
			81.3600473482974	-77.0381638461962
			81.3364304985591	-77.0381638461962
			81.3128136488209	-77.0381638461962
			81.2891967990826	-77.0381638461962
			81.2655799493444	-77.0381638461962
			81.2419630996061	-77.0381638461962
			81.2183462498678	-77.0617806959345
			81.1947294001296	-77.0617806959345
			81.1711125503913	-77.0617806959345
			81.1474957006531	-77.0617806959345
			81.1238788509148	-77.0617806959345
			81.1002620011765	-77.0617806959345
			81.0766451514383	-77.0853975456728
			81.0530283017	-77.0853975456728
			81.0294114519618	-77.0853975456728
			81.0057946022235	-77.0853975456728
			80.9821777524853	-77.0853975456728
			80.958560902747	-77.109014395411
			80.9349440530087	-77.109014395411
			80.9113272032705	-77.109014395411
			80.8877103535322	-77.109014395411
			80.864093503794	-77.109014395411
			80.8404766540557	-77.109014395411
			80.8168598043175	-77.109014395411
			80.7932429545792	-77.1326312451493
			80.7696261048409	-77.1326312451493
			80.7460092551027	-77.1326312451493
			80.7223924053644	-77.1326312451493
			80.6987755556262	-77.1326312451493
			80.6751587058879	-77.1326312451493
			80.6515418561496	-77.1562480948875
			80.6279250064114	-77.1562480948875
			80.6043081566731	-77.1562480948875
			80.5806913069349	-77.1562480948875
			80.5570744571966	-77.1562480948875
			80.5334576074584	-77.1798649446258
			80.5098407577201	-77.1798649446258
			80.4862239079819	-77.1798649446258
			80.4626070582436	-77.1798649446258
			80.4389902085053	-77.1798649446258
			80.4153733587671	-77.1798649446258
			80.3917565090288	-77.2034817943641
			80.3681396592906	-77.2034817943641
			80.3445228095523	-77.2034817943641
			80.3209059598141	-77.2034817943641
			80.2972891100758	-77.2034817943641
			80.2736722603375	-77.2034817943641
			80.2500554105993	-77.2270986441023
			80.226438560861	-77.2270986441023
			80.2028217111228	-77.2270986441023
			80.1792048613845	-77.2270986441023
			80.1555880116462	-77.2270986441023
			80.131971161908	-77.2270986441023
			80.131971161908	-77.2507154938406
			80.1083543121697	-77.2507154938406
			80.0847374624315	-77.2507154938406
			80.0611206126932	-77.2507154938406
			80.037503762955	-77.2507154938406
			80.0138869132167	-77.2507154938406
			79.9902700634784	-77.2507154938406
			79.9666532137402	-77.2743323435788
			79.9430363640019	-77.2743323435788
			79.9194195142637	-77.2743323435788
			79.8958026645254	-77.2743323435788
			79.8721858147872	-77.2743323435788
			79.8485689650489	-77.2743323435788
			79.8485689650489	-77.2979491933171
			79.8249521153106	-77.2979491933171
			79.8013352655724	-77.2979491933171
			79.7777184158341	-77.2979491933171
			79.7541015660959	-77.2979491933171
			79.7304847163576	-77.2979491933171
			79.7068678666193	-77.3215660430553
			79.6832510168811	-77.3215660430553
			79.6596341671428	-77.3215660430553
			79.6360173174046	-77.3215660430553
			79.6124004676663	-77.3215660430553
			79.5887836179281	-77.3451828927936
			79.5651667681898	-77.3451828927936
			79.5415499184516	-77.3451828927936
			79.5179330687133	-77.3451828927936
			79.494316218975	-77.3451828927936
			79.4706993692368	-77.3451828927936
			79.4470825194985	-77.3687997425318
			79.4234656697603	-77.3687997425318
			79.399848820022	-77.3687997425318
			79.3762319702837	-77.3687997425318
			79.3526151205455	-77.3687997425318
			79.3289982708072	-77.3687997425318
			79.305381421069	-77.3924165922701
			79.2817645713307	-77.3924165922701
			79.2581477215925	-77.3924165922701
			79.2345308718542	-77.3924165922701
			79.2109140221159	-77.3924165922701
			79.1872971723777	-77.4160334420084
			79.1636803226394	-77.4160334420084
			79.1400634729012	-77.4160334420084
			79.1164466231629	-77.4160334420084
			79.0928297734247	-77.4160334420084
			79.0692129236864	-77.4160334420084
			79.0455960739481	-77.4396502917466
			79.0219792242099	-77.4396502917466
			78.9983623744716	-77.4396502917466
			78.9747455247334	-77.4396502917466
			78.9511286749951	-77.4396502917466
			78.9275118252569	-77.4632671414849
			78.9038949755186	-77.4632671414849
			78.8802781257803	-77.4632671414849
			78.8566612760421	-77.4632671414849
			78.8330444263038	-77.4632671414849
			78.8094275765656	-77.4868839912231
			78.7858107268273	-77.4868839912231
			78.762193877089	-77.4868839912231
			78.7385770273508	-77.4868839912231
			78.7149601776125	-77.4868839912231
			78.6913433278743	-77.4868839912231
			78.667726478136	-77.5105008409614
			78.6441096283978	-77.5105008409614
			78.6204927786595	-77.5105008409614
			78.5968759289212	-77.5105008409614
			78.573259079183	-77.5105008409614
			78.5496422294447	-77.5341176906997
			78.5260253797065	-77.5341176906997
			78.5024085299682	-77.5341176906997
			78.47879168023	-77.5341176906997
			78.4551748304917	-77.5341176906997
			78.4315579807534	-77.5577345404379
			78.4079411310152	-77.5577345404379
			78.3843242812769	-77.5577345404379
			78.3607074315387	-77.5577345404379
			78.3370905818004	-77.5577345404379
			78.3134737320621	-77.5577345404379
			78.2898568823239	-77.5813513901762
			78.2662400325856	-77.5813513901762
			78.2426231828474	-77.5813513901762
			78.2190063331091	-77.5813513901762
			78.1953894833709	-77.5813513901762
			78.1717726336326	-77.6049682399144
			78.1481557838944	-77.6049682399144
			78.1245389341561	-77.6049682399144
			78.1009220844178	-77.6049682399144
			78.0773052346796	-77.6049682399144
			78.0536883849413	-77.6285850896527
			78.0300715352031	-77.6285850896527
			78.0064546854648	-77.6285850896527
			77.9828378357265	-77.6285850896527
			77.9592209859883	-77.6285850896527
			77.93560413625	-77.6522019393909
			77.9119872865118	-77.6522019393909
			77.8883704367735	-77.6522019393909
			77.8647535870353	-77.6522019393909
			77.841136737297	-77.6522019393909
			77.8175198875587	-77.6758187891292
			77.7939030378205	-77.6758187891292
			77.7702861880822	-77.6758187891292
			77.746669338344	-77.6758187891292
			77.7230524886057	-77.6758187891292
			77.6994356388675	-77.6994356388675
			77.6758187891292	-77.6994356388675
			77.6522019393909	-77.6994356388675
			77.6285850896527	-77.6994356388675
			77.6049682399144	-77.6994356388675
			77.5813513901762	-77.7230524886057
			77.5577345404379	-77.7230524886057
			77.5341176906997	-77.7230524886057
		</Caudal_anal>
	</curves.scaled>
	<ruler.points type=matrix rownames=TRUE colnames=FALSE nrow=3 ncol=2 as.numeric=TRUE >
		Ruler point 1	2856	2728
		Ruler point 2	2692	2594
		Ruler point 3	2529	2459
	</ruler.points>
</shapes>

