<shapes type=list>
	<ruler.pixel type=vector names=FALSE length=1 as.numeric=TRUE >133.710508246569</ruler.pixel>
	<ruler.interval type=vector names=FALSE length=1 as.numeric=TRUE >5</ruler.interval>
	<scaling.units type=vector names=FALSE length=1 as.numeric=FALSE >mm</scaling.units>
	<scaling type=vector names=FALSE length=1 as.numeric=TRUE >0.0373942187907906</scaling>
	<landmarks.pixel type=matrix rownames=TRUE colnames=FALSE nrow=11 ncol=2 as.numeric=TRUE >
		Anterior_eye	558	594
		Posterior_eye	663	591
		Posterior_Maxilla	709	683
		Anterior_Maxilla	541	623
		Dorsal_fin_insertion	970	468
		Adipose_fin_insertion	1225	540
		Dorsal_caudal	1361	560
		Ventral_caudal	1370	671
		Anal_fin_insertion	1119	687
		Pelvic_fin_insertion	954	697
		Pectoral_fin_insertion	842	649
	</landmarks.pixel>
	<landmarks.scaled type=matrix rownames=TRUE colnames=FALSE nrow=11 ncol=2 as.numeric=TRUE >
		Anterior_eye	20.8659740852611	-22.2121659617296
		Posterior_eye	24.7923670582942	-22.0999833053572
		Posterior_Maxilla	26.5125011226705	-25.54025143411
		Anterior_Maxilla	20.2302723658177	-23.2965983066625
		Dorsal_fin_insertion	36.2723922270669	-17.50049439409
		Adipose_fin_insertion	45.8079180187185	-20.1928781470269
		Dorsal_caudal	50.893531774266	-20.9407625228427
		Ventral_caudal	51.2300797433831	-25.0915208086205
		Anal_fin_insertion	41.8441308268947	-25.6898283092731
		Pelvic_fin_insertion	35.6740847264142	-26.063770497181
		Pectoral_fin_insertion	31.4859322218457	-24.2688479952231
	</landmarks.scaled>
	<curves.control type=list>
		<Snout_dorsal type=matrix rownames=FALSE colnames=FALSE nrow=7 ncol=2 as.numeric=TRUE >
			541	623
			538	547
			617	519
			700	473
			838	477
			946	482
			970	468
		</Snout_dorsal>
		<Dorsal_adipose type=matrix rownames=FALSE colnames=FALSE nrow=3 ncol=2 as.numeric=TRUE >
			970	468
			1085	500
			1225	540
		</Dorsal_adipose>
		<Adipose_caudal type=matrix rownames=FALSE colnames=FALSE nrow=5 ncol=2 as.numeric=TRUE >
			1225	540
			1247	543
			1266	553
			1333	565
			1361	560
		</Adipose_caudal>
		<Caudal_anal type=matrix rownames=FALSE colnames=FALSE nrow=7 ncol=2 as.numeric=TRUE >
			1370	671
			1351	677
			1326	672
			1294	675
			1256	675
			1240	687
			1119	687
		</Caudal_anal>
	</curves.control>
	<curves.pixel type=list>
		<Snout_dorsal type=matrix rownames=FALSE colnames=FALSE nrow=485 ncol=2 as.numeric=TRUE >
			541	623
			541	622
			541	621
			541	620
			541	619
			541	618
			541	617
			541	616
			541	615
			541	614
			541	613
			541	612
			541	611
			541	610
			541	609
			541	608
			541	607
			541	606
			542	605
			542	604
			542	603
			542	602
			542	601
			542	600
			542	599
			542	598
			543	597
			543	596
			543	595
			543	594
			543	593
			544	592
			544	591
			544	590
			544	589
			545	588
			545	587
			545	586
			545	585
			546	584
			546	583
			546	582
			547	581
			547	580
			548	579
			548	578
			548	577
			549	576
			549	575
			550	574
			550	573
			551	572
			551	571
			552	570
			552	569
			553	568
			553	567
			554	566
			554	565
			555	564
			555	563
			556	563
			557	562
			557	561
			558	560
			558	559
			559	559
			559	558
			560	557
			561	556
			561	555
			562	555
			563	554
			563	553
			564	552
			565	552
			565	551
			566	550
			567	549
			568	548
			569	547
			570	546
			571	545
			572	544
			573	544
			574	543
			575	542
			576	541
			577	540
			578	540
			579	539
			580	538
			581	537
			582	537
			583	536
			584	535
			585	534
			586	534
			587	533
			588	532
			589	532
			590	531
			591	531
			592	530
			593	529
			594	529
			595	528
			596	528
			597	528
			598	527
			599	527
			600	526
			601	526
			602	525
			603	525
			604	524
			605	524
			606	523
			607	523
			608	523
			609	522
			610	522
			611	521
			612	521
			613	520
			614	520
			615	520
			616	519
			617	519
			618	519
			619	518
			620	518
			621	517
			622	516
			623	516
			624	515
			625	515
			626	514
			627	514
			628	513
			629	513
			630	512
			631	512
			632	511
			633	511
			634	511
			635	510
			636	510
			637	509
			638	509
			639	508
			640	508
			641	507
			642	507
			643	506
			644	506
			645	506
			646	505
			647	505
			648	504
			649	504
			650	503
			651	503
			652	503
			653	502
			654	502
			655	502
			656	501
			657	501
			658	501
			658	500
			659	500
			660	500
			661	500
			662	499
			663	499
			664	498
			665	498
			666	498
			667	497
			668	497
			669	497
			670	496
			671	496
			672	496
			673	496
			674	495
			675	495
			676	495
			677	494
			678	494
			679	494
			680	493
			681	493
			682	493
			683	493
			684	492
			685	492
			686	492
			687	491
			688	491
			689	491
			690	491
			691	490
			692	490
			693	490
			694	490
			695	489
			696	489
			697	489
			698	489
			699	489
			700	488
			701	488
			702	488
			703	488
			704	487
			705	487
			706	487
			707	487
			708	487
			709	487
			710	486
			711	486
			712	486
			713	486
			714	485
			715	485
			716	485
			717	485
			718	485
			719	484
			720	484
			721	484
			722	484
			723	484
			724	484
			725	483
			726	483
			727	483
			728	483
			729	483
			730	483
			731	483
			732	482
			733	482
			734	482
			735	482
			736	482
			737	482
			738	482
			739	481
			740	481
			741	481
			742	481
			743	481
			744	481
			745	481
			746	481
			747	480
			748	480
			749	480
			750	480
			751	480
			752	480
			753	480
			754	480
			755	480
			756	479
			757	479
			758	479
			759	479
			760	479
			761	479
			762	479
			763	479
			764	479
			765	479
			766	479
			767	479
			768	478
			769	478
			770	478
			771	478
			772	478
			773	478
			774	478
			775	478
			776	478
			777	478
			778	478
			779	478
			780	478
			781	478
			782	478
			783	477
			784	477
			785	477
			786	477
			787	477
			788	477
			789	477
			790	477
			791	477
			792	477
			793	477
			794	477
			795	477
			796	477
			797	477
			798	477
			799	477
			800	477
			801	477
			802	477
			803	477
			804	477
			805	477
			806	477
			807	477
			808	477
			809	477
			810	477
			811	477
			812	477
			813	477
			814	477
			815	477
			816	477
			817	477
			818	477
			819	477
			820	477
			821	477
			822	477
			823	477
			824	477
			825	477
			826	477
			827	477
			828	477
			829	477
			830	477
			831	477
			832	477
			833	477
			834	477
			835	477
			836	477
			837	477
			838	477
			839	477
			840	477
			841	477
			842	477
			843	477
			844	477
			845	477
			846	477
			847	477
			848	477
			849	477
			850	478
			851	478
			852	478
			853	478
			854	478
			855	478
			856	478
			857	478
			858	478
			859	478
			860	478
			861	478
			862	478
			863	478
			864	478
			865	478
			866	478
			867	478
			868	478
			869	478
			870	478
			871	478
			872	478
			873	478
			874	478
			875	478
			876	478
			877	478
			878	478
			879	478
			880	478
			881	478
			882	478
			883	478
			884	478
			885	478
			886	478
			887	478
			888	478
			889	478
			890	478
			891	478
			892	478
			893	478
			894	478
			895	478
			896	478
			897	478
			898	478
			899	478
			900	478
			901	478
			902	478
			903	478
			904	478
			905	478
			906	478
			907	478
			908	478
			909	478
			910	478
			911	478
			912	478
			913	478
			914	478
			915	478
			916	478
			917	478
			918	478
			919	478
			920	478
			921	478
			922	477
			923	477
			924	477
			925	477
			926	477
			927	477
			928	477
			929	477
			930	477
			931	477
			932	477
			933	477
			934	476
			935	476
			936	476
			937	476
			938	476
			939	476
			940	476
			941	476
			942	476
			943	475
			944	475
			945	475
			946	475
			947	475
			948	475
			949	474
			950	474
			951	474
			952	474
			953	474
			954	474
			954	473
			955	473
			956	473
			957	473
			958	473
			958	472
			959	472
			960	472
			961	472
			962	471
			963	471
			964	471
			965	470
			966	470
			967	470
			968	469
			969	468
			970	468
		</Snout_dorsal>
		<Dorsal_adipose type=matrix rownames=FALSE colnames=FALSE nrow=263 ncol=2 as.numeric=TRUE >
			970	468
			971	468
			972	468
			973	469
			974	469
			975	470
			976	470
			977	470
			978	470
			979	470
			979	471
			980	471
			981	471
			982	471
			983	472
			984	472
			985	472
			986	472
			987	473
			988	473
			989	473
			990	474
			991	474
			992	474
			993	474
			994	475
			995	475
			996	475
			997	475
			997	476
			998	476
			999	476
			1000	476
			1001	477
			1002	477
			1003	477
			1004	477
			1005	478
			1006	478
			1007	478
			1008	478
			1009	479
			1010	479
			1011	479
			1012	480
			1013	480
			1014	480
			1015	481
			1016	481
			1017	481
			1018	481
			1019	482
			1020	482
			1021	482
			1022	483
			1023	483
			1024	483
			1025	483
			1026	484
			1027	484
			1028	484
			1029	484
			1030	485
			1031	485
			1032	485
			1033	486
			1034	486
			1035	486
			1036	486
			1037	487
			1038	487
			1039	487
			1040	488
			1041	488
			1042	488
			1043	488
			1044	489
			1045	489
			1046	489
			1047	489
			1048	490
			1049	490
			1050	490
			1051	491
			1052	491
			1053	491
			1054	491
			1055	492
			1056	492
			1057	492
			1058	493
			1059	493
			1060	493
			1061	493
			1062	494
			1063	494
			1064	494
			1065	495
			1066	495
			1067	495
			1068	495
			1069	496
			1070	496
			1071	496
			1072	497
			1073	497
			1074	497
			1075	497
			1076	498
			1077	498
			1078	498
			1079	499
			1080	499
			1081	499
			1082	499
			1083	500
			1084	500
			1085	500
			1086	501
			1087	501
			1088	501
			1089	502
			1090	502
			1091	502
			1092	502
			1093	503
			1094	503
			1095	503
			1096	503
			1097	504
			1098	504
			1099	504
			1100	504
			1101	505
			1102	505
			1103	505
			1104	505
			1104	506
			1105	506
			1106	506
			1107	507
			1108	507
			1109	507
			1110	507
			1111	508
			1112	508
			1113	508
			1114	508
			1114	509
			1115	509
			1116	509
			1117	509
			1118	510
			1119	510
			1120	510
			1121	510
			1122	511
			1123	511
			1124	511
			1125	511
			1125	512
			1126	512
			1127	512
			1128	512
			1129	513
			1130	513
			1131	513
			1132	513
			1133	514
			1134	514
			1135	514
			1136	515
			1137	515
			1138	515
			1139	515
			1139	516
			1140	516
			1141	516
			1142	516
			1143	517
			1144	517
			1145	517
			1146	517
			1147	518
			1148	518
			1149	518
			1150	519
			1151	519
			1152	519
			1153	520
			1154	520
			1155	520
			1156	520
			1157	521
			1158	521
			1159	521
			1160	521
			1161	522
			1162	522
			1163	522
			1164	523
			1165	523
			1166	523
			1167	523
			1168	524
			1169	524
			1170	524
			1171	524
			1172	525
			1173	525
			1174	525
			1175	526
			1176	526
			1177	526
			1178	526
			1179	527
			1180	527
			1181	528
			1182	528
			1183	528
			1184	528
			1185	529
			1186	529
			1187	529
			1188	529
			1189	530
			1190	530
			1191	530
			1192	531
			1193	531
			1194	531
			1195	532
			1196	532
			1197	532
			1198	532
			1199	533
			1200	533
			1201	533
			1202	533
			1203	534
			1204	534
			1205	534
			1206	535
			1207	535
			1208	535
			1209	535
			1210	536
			1211	536
			1212	536
			1213	537
			1214	537
			1215	537
			1216	537
			1217	538
			1218	538
			1219	538
			1220	539
			1221	539
			1222	539
			1223	539
			1223	540
			1224	540
			1225	540
		</Dorsal_adipose>
		<Adipose_caudal type=matrix rownames=FALSE colnames=FALSE nrow=139 ncol=2 as.numeric=TRUE >
			1225	540
			1226	540
			1227	540
			1228	540
			1229	541
			1230	541
			1231	541
			1232	541
			1233	541
			1234	542
			1235	542
			1236	542
			1237	542
			1238	542
			1238	543
			1239	543
			1240	543
			1241	543
			1242	543
			1243	544
			1244	544
			1245	544
			1246	545
			1247	545
			1248	545
			1249	546
			1250	546
			1251	547
			1252	547
			1253	547
			1254	548
			1255	548
			1256	548
			1257	549
			1258	549
			1259	550
			1260	550
			1261	551
			1262	551
			1263	552
			1264	552
			1265	553
			1266	553
			1267	553
			1268	553
			1269	554
			1270	554
			1271	554
			1272	554
			1273	554
			1274	554
			1275	555
			1276	555
			1277	555
			1278	555
			1279	555
			1280	555
			1281	556
			1282	556
			1283	556
			1284	556
			1285	556
			1286	556
			1287	556
			1288	557
			1289	557
			1290	557
			1291	557
			1292	557
			1293	557
			1294	558
			1295	558
			1296	558
			1297	558
			1298	558
			1299	558
			1300	558
			1301	558
			1302	559
			1303	559
			1304	559
			1305	559
			1306	559
			1307	559
			1308	559
			1309	559
			1310	560
			1311	560
			1312	560
			1313	560
			1314	560
			1315	560
			1316	560
			1317	560
			1318	560
			1319	560
			1320	561
			1321	561
			1322	561
			1323	561
			1324	561
			1325	561
			1326	561
			1327	561
			1328	561
			1329	561
			1330	561
			1331	561
			1332	561
			1333	561
			1334	561
			1335	561
			1336	561
			1337	561
			1338	561
			1339	561
			1340	561
			1341	561
			1342	561
			1343	561
			1344	561
			1345	561
			1346	561
			1347	561
			1348	561
			1349	561
			1350	561
			1351	561
			1352	561
			1353	561
			1354	561
			1355	561
			1356	561
			1357	561
			1358	561
			1358	560
			1359	560
			1360	560
			1361	560
		</Adipose_caudal>
		<Caudal_anal type=matrix rownames=FALSE colnames=FALSE nrow=256 ncol=2 as.numeric=TRUE >
			1370	671
			1369	671
			1368	672
			1367	672
			1366	672
			1365	672
			1364	672
			1364	673
			1363	673
			1362	673
			1361	673
			1360	673
			1359	674
			1358	674
			1357	674
			1356	674
			1355	674
			1354	674
			1353	674
			1352	674
			1351	674
			1350	674
			1349	674
			1348	674
			1347	674
			1346	674
			1345	674
			1344	674
			1343	674
			1342	674
			1341	674
			1340	674
			1339	674
			1338	674
			1337	674
			1336	674
			1335	673
			1334	673
			1333	673
			1332	673
			1331	673
			1330	673
			1329	673
			1328	672
			1327	672
			1326	672
			1325	672
			1324	672
			1323	672
			1322	672
			1321	672
			1320	673
			1319	673
			1318	673
			1317	673
			1316	673
			1315	673
			1314	673
			1313	673
			1312	673
			1311	673
			1310	673
			1309	673
			1308	673
			1307	673
			1306	674
			1305	674
			1304	674
			1303	674
			1302	674
			1301	674
			1300	674
			1299	674
			1298	674
			1297	674
			1296	674
			1295	674
			1294	674
			1293	674
			1292	674
			1291	674
			1290	674
			1289	674
			1288	674
			1287	674
			1286	675
			1285	675
			1284	675
			1283	675
			1282	675
			1281	675
			1280	675
			1279	675
			1278	675
			1277	675
			1276	675
			1275	675
			1274	675
			1273	675
			1272	675
			1271	675
			1270	675
			1269	675
			1268	675
			1267	675
			1266	675
			1265	675
			1264	675
			1263	675
			1262	675
			1261	675
			1260	675
			1259	675
			1258	675
			1257	675
			1256	675
			1255	675
			1255	676
			1254	676
			1253	677
			1252	677
			1251	678
			1250	678
			1249	678
			1248	679
			1247	679
			1246	679
			1245	679
			1245	680
			1244	680
			1243	680
			1242	680
			1241	680
			1240	681
			1239	681
			1238	681
			1237	681
			1236	681
			1235	681
			1234	682
			1233	682
			1232	682
			1231	682
			1230	682
			1229	682
			1228	682
			1227	683
			1226	683
			1225	683
			1224	683
			1223	683
			1222	683
			1221	683
			1220	683
			1219	683
			1218	684
			1217	684
			1216	684
			1215	684
			1214	684
			1213	684
			1212	684
			1211	684
			1210	684
			1209	684
			1208	684
			1207	685
			1206	685
			1205	685
			1204	685
			1203	685
			1202	685
			1201	685
			1200	685
			1199	685
			1198	685
			1197	685
			1196	685
			1195	685
			1194	685
			1193	685
			1192	685
			1191	685
			1191	686
			1190	686
			1189	686
			1188	686
			1187	686
			1186	686
			1185	686
			1184	686
			1183	686
			1182	686
			1181	686
			1180	686
			1179	686
			1178	686
			1177	686
			1176	686
			1175	686
			1174	686
			1173	686
			1172	686
			1171	686
			1170	686
			1169	686
			1168	686
			1167	686
			1166	686
			1165	686
			1164	687
			1163	687
			1162	687
			1161	687
			1160	687
			1159	687
			1158	687
			1157	687
			1156	687
			1155	687
			1154	687
			1153	687
			1152	687
			1151	687
			1150	687
			1149	687
			1148	687
			1147	687
			1146	687
			1145	687
			1144	687
			1143	687
			1142	687
			1141	687
			1140	687
			1139	687
			1138	687
			1137	687
			1136	687
			1135	687
			1134	687
			1133	687
			1132	687
			1131	687
			1130	687
			1129	687
			1128	687
			1127	687
			1126	687
			1125	687
			1124	687
			1123	687
			1122	687
			1121	687
			1120	687
			1119	687
		</Caudal_anal>
	</curves.pixel>
	<curves.scaled type=list>
		<Snout_dorsal type=matrix rownames=FALSE colnames=FALSE nrow=485 ncol=2 as.numeric=TRUE >
			20.2302723658177	-23.2965983066625
			20.2302723658177	-23.2592040878717
			20.2302723658177	-23.2218098690809
			20.2302723658177	-23.1844156502902
			20.2302723658177	-23.1470214314994
			20.2302723658177	-23.1096272127086
			20.2302723658177	-23.0722329939178
			20.2302723658177	-23.034838775127
			20.2302723658177	-22.9974445563362
			20.2302723658177	-22.9600503375454
			20.2302723658177	-22.9226561187546
			20.2302723658177	-22.8852618999638
			20.2302723658177	-22.847867681173
			20.2302723658177	-22.8104734623823
			20.2302723658177	-22.7730792435915
			20.2302723658177	-22.7356850248007
			20.2302723658177	-22.6982908060099
			20.2302723658177	-22.6608965872191
			20.2676665846085	-22.6235023684283
			20.2676665846085	-22.5861081496375
			20.2676665846085	-22.5487139308467
			20.2676665846085	-22.5113197120559
			20.2676665846085	-22.4739254932651
			20.2676665846085	-22.4365312744743
			20.2676665846085	-22.3991370556836
			20.2676665846085	-22.3617428368928
			20.3050608033993	-22.324348618102
			20.3050608033993	-22.2869543993112
			20.3050608033993	-22.2495601805204
			20.3050608033993	-22.2121659617296
			20.3050608033993	-22.1747717429388
			20.3424550221901	-22.137377524148
			20.3424550221901	-22.0999833053572
			20.3424550221901	-22.0625890865664
			20.3424550221901	-22.0251948677756
			20.3798492409809	-21.9878006489849
			20.3798492409809	-21.9504064301941
			20.3798492409809	-21.9130122114033
			20.3798492409809	-21.8756179926125
			20.4172434597717	-21.8382237738217
			20.4172434597717	-21.8008295550309
			20.4172434597717	-21.7634353362401
			20.4546376785624	-21.7260411174493
			20.4546376785624	-21.6886468986585
			20.4920318973532	-21.6512526798677
			20.4920318973532	-21.613858461077
			20.4920318973532	-21.5764642422862
			20.529426116144	-21.5390700234954
			20.529426116144	-21.5016758047046
			20.5668203349348	-21.4642815859138
			20.5668203349348	-21.426887367123
			20.6042145537256	-21.3894931483322
			20.6042145537256	-21.3520989295414
			20.6416087725164	-21.3147047107506
			20.6416087725164	-21.2773104919598
			20.6790029913072	-21.239916273169
			20.6790029913072	-21.2025220543783
			20.716397210098	-21.1651278355875
			20.716397210098	-21.1277336167967
			20.7537914288888	-21.0903393980059
			20.7537914288888	-21.0529451792151
			20.7911856476796	-21.0529451792151
			20.8285798664704	-21.0155509604243
			20.8285798664704	-20.9781567416335
			20.8659740852611	-20.9407625228427
			20.8659740852611	-20.9033683040519
			20.9033683040519	-20.9033683040519
			20.9033683040519	-20.8659740852611
			20.9407625228427	-20.8285798664704
			20.9781567416335	-20.7911856476796
			20.9781567416335	-20.7537914288888
			21.0155509604243	-20.7537914288888
			21.0529451792151	-20.716397210098
			21.0529451792151	-20.6790029913072
			21.0903393980059	-20.6416087725164
			21.1277336167967	-20.6416087725164
			21.1277336167967	-20.6042145537256
			21.1651278355875	-20.5668203349348
			21.2025220543783	-20.529426116144
			21.239916273169	-20.4920318973532
			21.2773104919598	-20.4546376785624
			21.3147047107506	-20.4172434597717
			21.3520989295414	-20.3798492409809
			21.3894931483322	-20.3424550221901
			21.426887367123	-20.3424550221901
			21.4642815859138	-20.3050608033993
			21.5016758047046	-20.2676665846085
			21.5390700234954	-20.2302723658177
			21.5764642422862	-20.1928781470269
			21.613858461077	-20.1928781470269
			21.6512526798677	-20.1554839282361
			21.6886468986585	-20.1180897094453
			21.7260411174493	-20.0806954906545
			21.7634353362401	-20.0806954906545
			21.8008295550309	-20.0433012718638
			21.8382237738217	-20.005907053073
			21.8756179926125	-19.9685128342822
			21.9130122114033	-19.9685128342822
			21.9504064301941	-19.9311186154914
			21.9878006489849	-19.8937243967006
			22.0251948677756	-19.8937243967006
			22.0625890865664	-19.8563301779098
			22.0999833053572	-19.8563301779098
			22.137377524148	-19.818935959119
			22.1747717429388	-19.7815417403282
			22.2121659617296	-19.7815417403282
			22.2495601805204	-19.7441475215374
			22.2869543993112	-19.7441475215374
			22.324348618102	-19.7441475215374
			22.3617428368928	-19.7067533027466
			22.3991370556836	-19.7067533027466
			22.4365312744743	-19.6693590839558
			22.4739254932651	-19.6693590839558
			22.5113197120559	-19.6319648651651
			22.5487139308467	-19.6319648651651
			22.5861081496375	-19.5945706463743
			22.6235023684283	-19.5945706463743
			22.6608965872191	-19.5571764275835
			22.6982908060099	-19.5571764275835
			22.7356850248007	-19.5571764275835
			22.7730792435915	-19.5197822087927
			22.8104734623823	-19.5197822087927
			22.847867681173	-19.4823879900019
			22.8852618999638	-19.4823879900019
			22.9226561187546	-19.4449937712111
			22.9600503375454	-19.4449937712111
			22.9974445563362	-19.4449937712111
			23.034838775127	-19.4075995524203
			23.0722329939178	-19.4075995524203
			23.1096272127086	-19.4075995524203
			23.1470214314994	-19.3702053336295
			23.1844156502902	-19.3702053336295
			23.2218098690809	-19.3328111148387
			23.2592040878717	-19.2954168960479
			23.2965983066625	-19.2954168960479
			23.3339925254533	-19.2580226772571
			23.3713867442441	-19.2580226772571
			23.4087809630349	-19.2206284584664
			23.4461751818257	-19.2206284584664
			23.4835694006165	-19.1832342396756
			23.5209636194073	-19.1832342396756
			23.5583578381981	-19.1458400208848
			23.5957520569889	-19.1458400208848
			23.6331462757796	-19.108445802094
			23.6705404945704	-19.108445802094
			23.7079347133612	-19.108445802094
			23.745328932152	-19.0710515833032
			23.7827231509428	-19.0710515833032
			23.8201173697336	-19.0336573645124
			23.8575115885244	-19.0336573645124
			23.8949058073152	-18.9962631457216
			23.932300026106	-18.9962631457216
			23.9696942448968	-18.9588689269308
			24.0070884636876	-18.9588689269308
			24.0444826824783	-18.92147470814
			24.0818769012691	-18.92147470814
			24.1192711200599	-18.92147470814
			24.1566653388507	-18.8840804893492
			24.1940595576415	-18.8840804893492
			24.2314537764323	-18.8466862705585
			24.2688479952231	-18.8466862705585
			24.3062422140139	-18.8092920517677
			24.3436364328047	-18.8092920517677
			24.3810306515955	-18.8092920517677
			24.4184248703862	-18.7718978329769
			24.455819089177	-18.7718978329769
			24.4932133079678	-18.7718978329769
			24.5306075267586	-18.7345036141861
			24.5680017455494	-18.7345036141861
			24.6053959643402	-18.7345036141861
			24.6053959643402	-18.6971093953953
			24.642790183131	-18.6971093953953
			24.6801844019218	-18.6971093953953
			24.7175786207126	-18.6971093953953
			24.7549728395034	-18.6597151766045
			24.7923670582942	-18.6597151766045
			24.8297612770849	-18.6223209578137
			24.8671554958757	-18.6223209578137
			24.9045497146665	-18.6223209578137
			24.9419439334573	-18.5849267390229
			24.9793381522481	-18.5849267390229
			25.0167323710389	-18.5849267390229
			25.0541265898297	-18.5475325202321
			25.0915208086205	-18.5475325202321
			25.1289150274113	-18.5475325202321
			25.1663092462021	-18.5475325202321
			25.2037034649928	-18.5101383014413
			25.2410976837836	-18.5101383014413
			25.2784919025744	-18.5101383014413
			25.3158861213652	-18.4727440826505
			25.353280340156	-18.4727440826505
			25.3906745589468	-18.4727440826505
			25.4280687777376	-18.4353498638598
			25.4654629965284	-18.4353498638598
			25.5028572153192	-18.4353498638598
			25.54025143411	-18.4353498638598
			25.5776456529008	-18.397955645069
			25.6150398716915	-18.397955645069
			25.6524340904823	-18.397955645069
			25.6898283092731	-18.3605614262782
			25.7272225280639	-18.3605614262782
			25.7646167468547	-18.3605614262782
			25.8020109656455	-18.3605614262782
			25.8394051844363	-18.3231672074874
			25.8767994032271	-18.3231672074874
			25.9141936220179	-18.3231672074874
			25.9515878408087	-18.3231672074874
			25.9889820595995	-18.2857729886966
			26.0263762783902	-18.2857729886966
			26.063770497181	-18.2857729886966
			26.1011647159718	-18.2857729886966
			26.1385589347626	-18.2857729886966
			26.1759531535534	-18.2483787699058
			26.2133473723442	-18.2483787699058
			26.250741591135	-18.2483787699058
			26.2881358099258	-18.2483787699058
			26.3255300287166	-18.210984551115
			26.3629242475074	-18.210984551115
			26.4003184662981	-18.210984551115
			26.4377126850889	-18.210984551115
			26.4751069038797	-18.210984551115
			26.5125011226705	-18.210984551115
			26.5498953414613	-18.1735903323242
			26.5872895602521	-18.1735903323242
			26.6246837790429	-18.1735903323242
			26.6620779978337	-18.1735903323242
			26.6994722166245	-18.1361961135334
			26.7368664354153	-18.1361961135334
			26.7742606542061	-18.1361961135334
			26.8116548729968	-18.1361961135334
			26.8490490917876	-18.1361961135334
			26.8864433105784	-18.0988018947426
			26.9238375293692	-18.0988018947426
			26.96123174816	-18.0988018947426
			26.9986259669508	-18.0988018947426
			27.0360201857416	-18.0988018947426
			27.0734144045324	-18.0988018947426
			27.1108086233232	-18.0614076759518
			27.148202842114	-18.0614076759518
			27.1855970609048	-18.0614076759518
			27.2229912796955	-18.0614076759518
			27.2603854984863	-18.0614076759518
			27.2977797172771	-18.0614076759518
			27.3351739360679	-18.0614076759518
			27.3725681548587	-18.0240134571611
			27.4099623736495	-18.0240134571611
			27.4473565924403	-18.0240134571611
			27.4847508112311	-18.0240134571611
			27.5221450300219	-18.0240134571611
			27.5595392488127	-18.0240134571611
			27.5969334676034	-18.0240134571611
			27.6343276863942	-17.9866192383703
			27.671721905185	-17.9866192383703
			27.7091161239758	-17.9866192383703
			27.7465103427666	-17.9866192383703
			27.7839045615574	-17.9866192383703
			27.8212987803482	-17.9866192383703
			27.858692999139	-17.9866192383703
			27.8960872179298	-17.9866192383703
			27.9334814367206	-17.9492250195795
			27.9708756555114	-17.9492250195795
			28.0082698743021	-17.9492250195795
			28.0456640930929	-17.9492250195795
			28.0830583118837	-17.9492250195795
			28.1204525306745	-17.9492250195795
			28.1578467494653	-17.9492250195795
			28.1952409682561	-17.9492250195795
			28.2326351870469	-17.9492250195795
			28.2700294058377	-17.9118308007887
			28.3074236246285	-17.9118308007887
			28.3448178434193	-17.9118308007887
			28.38221206221	-17.9118308007887
			28.4196062810008	-17.9118308007887
			28.4570004997916	-17.9118308007887
			28.4943947185824	-17.9118308007887
			28.5317889373732	-17.9118308007887
			28.569183156164	-17.9118308007887
			28.6065773749548	-17.9118308007887
			28.6439715937456	-17.9118308007887
			28.6813658125364	-17.9118308007887
			28.7187600313272	-17.8744365819979
			28.756154250118	-17.8744365819979
			28.7935484689087	-17.8744365819979
			28.8309426876995	-17.8744365819979
			28.8683369064903	-17.8744365819979
			28.9057311252811	-17.8744365819979
			28.9431253440719	-17.8744365819979
			28.9805195628627	-17.8744365819979
			29.0179137816535	-17.8744365819979
			29.0553080004443	-17.8744365819979
			29.0927022192351	-17.8744365819979
			29.1300964380259	-17.8744365819979
			29.1674906568166	-17.8744365819979
			29.2048848756074	-17.8744365819979
			29.2422790943982	-17.8744365819979
			29.279673313189	-17.8370423632071
			29.3170675319798	-17.8370423632071
			29.3544617507706	-17.8370423632071
			29.3918559695614	-17.8370423632071
			29.4292501883522	-17.8370423632071
			29.466644407143	-17.8370423632071
			29.5040386259338	-17.8370423632071
			29.5414328447246	-17.8370423632071
			29.5788270635153	-17.8370423632071
			29.6162212823061	-17.8370423632071
			29.6536155010969	-17.8370423632071
			29.6910097198877	-17.8370423632071
			29.7284039386785	-17.8370423632071
			29.7657981574693	-17.8370423632071
			29.8031923762601	-17.8370423632071
			29.8405865950509	-17.8370423632071
			29.8779808138417	-17.8370423632071
			29.9153750326325	-17.8370423632071
			29.9527692514233	-17.8370423632071
			29.990163470214	-17.8370423632071
			30.0275576890048	-17.8370423632071
			30.0649519077956	-17.8370423632071
			30.1023461265864	-17.8370423632071
			30.1397403453772	-17.8370423632071
			30.177134564168	-17.8370423632071
			30.2145287829588	-17.8370423632071
			30.2519230017496	-17.8370423632071
			30.2893172205404	-17.8370423632071
			30.3267114393312	-17.8370423632071
			30.364105658122	-17.8370423632071
			30.4014998769127	-17.8370423632071
			30.4388940957035	-17.8370423632071
			30.4762883144943	-17.8370423632071
			30.5136825332851	-17.8370423632071
			30.5510767520759	-17.8370423632071
			30.5884709708667	-17.8370423632071
			30.6258651896575	-17.8370423632071
			30.6632594084483	-17.8370423632071
			30.7006536272391	-17.8370423632071
			30.7380478460299	-17.8370423632071
			30.7754420648206	-17.8370423632071
			30.8128362836114	-17.8370423632071
			30.8502305024022	-17.8370423632071
			30.887624721193	-17.8370423632071
			30.9250189399838	-17.8370423632071
			30.9624131587746	-17.8370423632071
			30.9998073775654	-17.8370423632071
			31.0372015963562	-17.8370423632071
			31.074595815147	-17.8370423632071
			31.1119900339378	-17.8370423632071
			31.1493842527286	-17.8370423632071
			31.1867784715193	-17.8370423632071
			31.2241726903101	-17.8370423632071
			31.2615669091009	-17.8370423632071
			31.2989611278917	-17.8370423632071
			31.3363553466825	-17.8370423632071
			31.3737495654733	-17.8370423632071
			31.4111437842641	-17.8370423632071
			31.4485380030549	-17.8370423632071
			31.4859322218457	-17.8370423632071
			31.5233264406365	-17.8370423632071
			31.5607206594272	-17.8370423632071
			31.598114878218	-17.8370423632071
			31.6355090970088	-17.8370423632071
			31.6729033157996	-17.8370423632071
			31.7102975345904	-17.8370423632071
			31.7476917533812	-17.8370423632071
			31.785085972172	-17.8744365819979
			31.8224801909628	-17.8744365819979
			31.8598744097536	-17.8744365819979
			31.8972686285444	-17.8744365819979
			31.9346628473352	-17.8744365819979
			31.9720570661259	-17.8744365819979
			32.0094512849167	-17.8744365819979
			32.0468455037075	-17.8744365819979
			32.0842397224983	-17.8744365819979
			32.1216339412891	-17.8744365819979
			32.1590281600799	-17.8744365819979
			32.1964223788707	-17.8744365819979
			32.2338165976615	-17.8744365819979
			32.2712108164523	-17.8744365819979
			32.3086050352431	-17.8744365819979
			32.3459992540338	-17.8744365819979
			32.3833934728246	-17.8744365819979
			32.4207876916154	-17.8744365819979
			32.4581819104062	-17.8744365819979
			32.495576129197	-17.8744365819979
			32.5329703479878	-17.8744365819979
			32.5703645667786	-17.8744365819979
			32.6077587855694	-17.8744365819979
			32.6451530043602	-17.8744365819979
			32.682547223151	-17.8744365819979
			32.7199414419418	-17.8744365819979
			32.7573356607325	-17.8744365819979
			32.7947298795233	-17.8744365819979
			32.8321240983141	-17.8744365819979
			32.8695183171049	-17.8744365819979
			32.9069125358957	-17.8744365819979
			32.9443067546865	-17.8744365819979
			32.9817009734773	-17.8744365819979
			33.0190951922681	-17.8744365819979
			33.0564894110589	-17.8744365819979
			33.0938836298497	-17.8744365819979
			33.1312778486405	-17.8744365819979
			33.1686720674312	-17.8744365819979
			33.206066286222	-17.8744365819979
			33.2434605050128	-17.8744365819979
			33.2808547238036	-17.8744365819979
			33.3182489425944	-17.8744365819979
			33.3556431613852	-17.8744365819979
			33.393037380176	-17.8744365819979
			33.4304315989668	-17.8744365819979
			33.4678258177576	-17.8744365819979
			33.5052200365484	-17.8744365819979
			33.5426142553391	-17.8744365819979
			33.5800084741299	-17.8744365819979
			33.6174026929207	-17.8744365819979
			33.6547969117115	-17.8744365819979
			33.6921911305023	-17.8744365819979
			33.7295853492931	-17.8744365819979
			33.7669795680839	-17.8744365819979
			33.8043737868747	-17.8744365819979
			33.8417680056655	-17.8744365819979
			33.8791622244563	-17.8744365819979
			33.9165564432471	-17.8744365819979
			33.9539506620378	-17.8744365819979
			33.9913448808286	-17.8744365819979
			34.0287390996194	-17.8744365819979
			34.0661333184102	-17.8744365819979
			34.103527537201	-17.8744365819979
			34.1409217559918	-17.8744365819979
			34.1783159747826	-17.8744365819979
			34.2157101935734	-17.8744365819979
			34.2531044123642	-17.8744365819979
			34.290498631155	-17.8744365819979
			34.3278928499457	-17.8744365819979
			34.3652870687365	-17.8744365819979
			34.4026812875273	-17.8744365819979
			34.4400755063181	-17.8744365819979
			34.4774697251089	-17.8370423632071
			34.5148639438997	-17.8370423632071
			34.5522581626905	-17.8370423632071
			34.5896523814813	-17.8370423632071
			34.6270466002721	-17.8370423632071
			34.6644408190629	-17.8370423632071
			34.7018350378537	-17.8370423632071
			34.7392292566444	-17.8370423632071
			34.7766234754352	-17.8370423632071
			34.814017694226	-17.8370423632071
			34.8514119130168	-17.8370423632071
			34.8888061318076	-17.8370423632071
			34.9262003505984	-17.7996481444163
			34.9635945693892	-17.7996481444163
			35.00098878818	-17.7996481444163
			35.0383830069708	-17.7996481444163
			35.0757772257616	-17.7996481444163
			35.1131714445523	-17.7996481444163
			35.1505656633431	-17.7996481444163
			35.1879598821339	-17.7996481444163
			35.2253541009247	-17.7996481444163
			35.2627483197155	-17.7622539256255
			35.3001425385063	-17.7622539256255
			35.3375367572971	-17.7622539256255
			35.3749309760879	-17.7622539256255
			35.4123251948787	-17.7622539256255
			35.4497194136695	-17.7622539256255
			35.4871136324603	-17.7248597068347
			35.5245078512511	-17.7248597068347
			35.5619020700418	-17.7248597068347
			35.5992962888326	-17.7248597068347
			35.6366905076234	-17.7248597068347
			35.6740847264142	-17.7248597068347
			35.6740847264142	-17.6874654880439
			35.711478945205	-17.6874654880439
			35.7488731639958	-17.6874654880439
			35.7862673827866	-17.6874654880439
			35.8236616015774	-17.6874654880439
			35.8236616015774	-17.6500712692532
			35.8610558203682	-17.6500712692532
			35.898450039159	-17.6500712692532
			35.9358442579497	-17.6500712692532
			35.9732384767405	-17.6126770504624
			36.0106326955313	-17.6126770504624
			36.0480269143221	-17.6126770504624
			36.0854211331129	-17.5752828316716
			36.1228153519037	-17.5752828316716
			36.1602095706945	-17.5752828316716
			36.1976037894853	-17.5378886128808
			36.2349980082761	-17.50049439409
			36.2723922270669	-17.50049439409
		</Snout_dorsal>
		<Dorsal_adipose type=matrix rownames=FALSE colnames=FALSE nrow=263 ncol=2 as.numeric=TRUE >
			36.2723922270669	-17.50049439409
			36.3097864458577	-17.50049439409
			36.3471806646484	-17.50049439409
			36.3845748834392	-17.5378886128808
			36.42196910223	-17.5378886128808
			36.4593633210208	-17.5752828316716
			36.4967575398116	-17.5752828316716
			36.5341517586024	-17.5752828316716
			36.5715459773932	-17.5752828316716
			36.608940196184	-17.5752828316716
			36.608940196184	-17.6126770504624
			36.6463344149748	-17.6126770504624
			36.6837286337656	-17.6126770504624
			36.7211228525563	-17.6126770504624
			36.7585170713471	-17.6500712692532
			36.7959112901379	-17.6500712692532
			36.8333055089287	-17.6500712692532
			36.8706997277195	-17.6500712692532
			36.9080939465103	-17.6874654880439
			36.9454881653011	-17.6874654880439
			36.9828823840919	-17.6874654880439
			37.0202766028827	-17.7248597068347
			37.0576708216735	-17.7248597068347
			37.0950650404643	-17.7248597068347
			37.132459259255	-17.7248597068347
			37.1698534780458	-17.7622539256255
			37.2072476968366	-17.7622539256255
			37.2446419156274	-17.7622539256255
			37.2820361344182	-17.7622539256255
			37.2820361344182	-17.7996481444163
			37.319430353209	-17.7996481444163
			37.3568245719998	-17.7996481444163
			37.3942187907906	-17.7996481444163
			37.4316130095814	-17.8370423632071
			37.4690072283722	-17.8370423632071
			37.506401447163	-17.8370423632071
			37.5437956659537	-17.8370423632071
			37.5811898847445	-17.8744365819979
			37.6185841035353	-17.8744365819979
			37.6559783223261	-17.8744365819979
			37.6933725411169	-17.8744365819979
			37.7307667599077	-17.9118308007887
			37.7681609786985	-17.9118308007887
			37.8055551974893	-17.9118308007887
			37.8429494162801	-17.9492250195795
			37.8803436350709	-17.9492250195795
			37.9177378538616	-17.9492250195795
			37.9551320726524	-17.9866192383703
			37.9925262914432	-17.9866192383703
			38.029920510234	-17.9866192383703
			38.0673147290248	-17.9866192383703
			38.1047089478156	-18.0240134571611
			38.1421031666064	-18.0240134571611
			38.1794973853972	-18.0240134571611
			38.216891604188	-18.0614076759518
			38.2542858229788	-18.0614076759518
			38.2916800417696	-18.0614076759518
			38.3290742605603	-18.0614076759518
			38.3664684793511	-18.0988018947426
			38.4038626981419	-18.0988018947426
			38.4412569169327	-18.0988018947426
			38.4786511357235	-18.0988018947426
			38.5160453545143	-18.1361961135334
			38.5534395733051	-18.1361961135334
			38.5908337920959	-18.1361961135334
			38.6282280108867	-18.1735903323242
			38.6656222296775	-18.1735903323242
			38.7030164484682	-18.1735903323242
			38.740410667259	-18.1735903323242
			38.7778048860498	-18.210984551115
			38.8151991048406	-18.210984551115
			38.8525933236314	-18.210984551115
			38.8899875424222	-18.2483787699058
			38.927381761213	-18.2483787699058
			38.9647759800038	-18.2483787699058
			39.0021701987946	-18.2483787699058
			39.0395644175854	-18.2857729886966
			39.0769586363762	-18.2857729886966
			39.1143528551669	-18.2857729886966
			39.1517470739577	-18.2857729886966
			39.1891412927485	-18.3231672074874
			39.2265355115393	-18.3231672074874
			39.2639297303301	-18.3231672074874
			39.3013239491209	-18.3605614262782
			39.3387181679117	-18.3605614262782
			39.3761123867025	-18.3605614262782
			39.4135066054933	-18.3605614262782
			39.4509008242841	-18.397955645069
			39.4882950430748	-18.397955645069
			39.5256892618656	-18.397955645069
			39.5630834806564	-18.4353498638598
			39.6004776994472	-18.4353498638598
			39.637871918238	-18.4353498638598
			39.6752661370288	-18.4353498638598
			39.7126603558196	-18.4727440826505
			39.7500545746104	-18.4727440826505
			39.7874487934012	-18.4727440826505
			39.824843012192	-18.5101383014413
			39.8622372309828	-18.5101383014413
			39.8996314497735	-18.5101383014413
			39.9370256685643	-18.5101383014413
			39.9744198873551	-18.5475325202321
			40.0118141061459	-18.5475325202321
			40.0492083249367	-18.5475325202321
			40.0866025437275	-18.5849267390229
			40.1239967625183	-18.5849267390229
			40.1613909813091	-18.5849267390229
			40.1987852000999	-18.5849267390229
			40.2361794188907	-18.6223209578137
			40.2735736376815	-18.6223209578137
			40.3109678564722	-18.6223209578137
			40.348362075263	-18.6597151766045
			40.3857562940538	-18.6597151766045
			40.4231505128446	-18.6597151766045
			40.4605447316354	-18.6597151766045
			40.4979389504262	-18.6971093953953
			40.535333169217	-18.6971093953953
			40.5727273880078	-18.6971093953953
			40.6101216067986	-18.7345036141861
			40.6475158255894	-18.7345036141861
			40.6849100443801	-18.7345036141861
			40.7223042631709	-18.7718978329769
			40.7596984819617	-18.7718978329769
			40.7970927007525	-18.7718978329769
			40.8344869195433	-18.7718978329769
			40.8718811383341	-18.8092920517677
			40.9092753571249	-18.8092920517677
			40.9466695759157	-18.8092920517677
			40.9840637947065	-18.8092920517677
			41.0214580134973	-18.8466862705585
			41.0588522322881	-18.8466862705585
			41.0962464510788	-18.8466862705585
			41.1336406698696	-18.8466862705585
			41.1710348886604	-18.8840804893492
			41.2084291074512	-18.8840804893492
			41.245823326242	-18.8840804893492
			41.2832175450328	-18.8840804893492
			41.2832175450328	-18.92147470814
			41.3206117638236	-18.92147470814
			41.3580059826144	-18.92147470814
			41.3954002014052	-18.9588689269308
			41.432794420196	-18.9588689269308
			41.4701886389868	-18.9588689269308
			41.5075828577775	-18.9588689269308
			41.5449770765683	-18.9962631457216
			41.5823712953591	-18.9962631457216
			41.6197655141499	-18.9962631457216
			41.6571597329407	-18.9962631457216
			41.6571597329407	-19.0336573645124
			41.6945539517315	-19.0336573645124
			41.7319481705223	-19.0336573645124
			41.7693423893131	-19.0336573645124
			41.8067366081039	-19.0710515833032
			41.8441308268947	-19.0710515833032
			41.8815250456854	-19.0710515833032
			41.9189192644762	-19.0710515833032
			41.956313483267	-19.108445802094
			41.9937077020578	-19.108445802094
			42.0311019208486	-19.108445802094
			42.0684961396394	-19.108445802094
			42.0684961396394	-19.1458400208848
			42.1058903584302	-19.1458400208848
			42.143284577221	-19.1458400208848
			42.1806787960118	-19.1458400208848
			42.2180730148026	-19.1832342396756
			42.2554672335934	-19.1832342396756
			42.2928614523841	-19.1832342396756
			42.3302556711749	-19.1832342396756
			42.3676498899657	-19.2206284584664
			42.4050441087565	-19.2206284584664
			42.4424383275473	-19.2206284584664
			42.4798325463381	-19.2580226772571
			42.5172267651289	-19.2580226772571
			42.5546209839197	-19.2580226772571
			42.5920152027105	-19.2580226772571
			42.5920152027105	-19.2954168960479
			42.6294094215013	-19.2954168960479
			42.6668036402921	-19.2954168960479
			42.7041978590828	-19.2954168960479
			42.7415920778736	-19.3328111148387
			42.7789862966644	-19.3328111148387
			42.8163805154552	-19.3328111148387
			42.853774734246	-19.3328111148387
			42.8911689530368	-19.3702053336295
			42.9285631718276	-19.3702053336295
			42.9659573906184	-19.3702053336295
			43.0033516094092	-19.4075995524203
			43.0407458282	-19.4075995524203
			43.0781400469907	-19.4075995524203
			43.1155342657815	-19.4449937712111
			43.1529284845723	-19.4449937712111
			43.1903227033631	-19.4449937712111
			43.2277169221539	-19.4449937712111
			43.2651111409447	-19.4823879900019
			43.3025053597355	-19.4823879900019
			43.3398995785263	-19.4823879900019
			43.3772937973171	-19.4823879900019
			43.4146880161079	-19.5197822087927
			43.4520822348987	-19.5197822087927
			43.4894764536894	-19.5197822087927
			43.5268706724802	-19.5571764275835
			43.564264891271	-19.5571764275835
			43.6016591100618	-19.5571764275835
			43.6390533288526	-19.5571764275835
			43.6764475476434	-19.5945706463743
			43.7138417664342	-19.5945706463743
			43.751235985225	-19.5945706463743
			43.7886302040158	-19.5945706463743
			43.8260244228066	-19.6319648651651
			43.8634186415973	-19.6319648651651
			43.9008128603881	-19.6319648651651
			43.9382070791789	-19.6693590839558
			43.9756012979697	-19.6693590839558
			44.0129955167605	-19.6693590839558
			44.0503897355513	-19.6693590839558
			44.0877839543421	-19.7067533027466
			44.1251781731329	-19.7067533027466
			44.1625723919237	-19.7441475215374
			44.1999666107145	-19.7441475215374
			44.2373608295053	-19.7441475215374
			44.274755048296	-19.7441475215374
			44.3121492670868	-19.7815417403282
			44.3495434858776	-19.7815417403282
			44.3869377046684	-19.7815417403282
			44.4243319234592	-19.7815417403282
			44.46172614225	-19.818935959119
			44.4991203610408	-19.818935959119
			44.5365145798316	-19.818935959119
			44.5739087986224	-19.8563301779098
			44.6113030174132	-19.8563301779098
			44.648697236204	-19.8563301779098
			44.6860914549947	-19.8937243967006
			44.7234856737855	-19.8937243967006
			44.7608798925763	-19.8937243967006
			44.7982741113671	-19.8937243967006
			44.8356683301579	-19.9311186154914
			44.8730625489487	-19.9311186154914
			44.9104567677395	-19.9311186154914
			44.9478509865303	-19.9311186154914
			44.9852452053211	-19.9685128342822
			45.0226394241119	-19.9685128342822
			45.0600336429026	-19.9685128342822
			45.0974278616934	-20.005907053073
			45.1348220804842	-20.005907053073
			45.172216299275	-20.005907053073
			45.2096105180658	-20.005907053073
			45.2470047368566	-20.0433012718638
			45.2843989556474	-20.0433012718638
			45.3217931744382	-20.0433012718638
			45.359187393229	-20.0806954906545
			45.3965816120198	-20.0806954906545
			45.4339758308106	-20.0806954906545
			45.4713700496013	-20.0806954906545
			45.5087642683921	-20.1180897094453
			45.5461584871829	-20.1180897094453
			45.5835527059737	-20.1180897094453
			45.6209469247645	-20.1554839282361
			45.6583411435553	-20.1554839282361
			45.6957353623461	-20.1554839282361
			45.7331295811369	-20.1554839282361
			45.7331295811369	-20.1928781470269
			45.7705237999277	-20.1928781470269
			45.8079180187185	-20.1928781470269
		</Dorsal_adipose>
		<Adipose_caudal type=matrix rownames=FALSE colnames=FALSE nrow=139 ncol=2 as.numeric=TRUE >
			45.8079180187185	-20.1928781470269
			45.8453122375092	-20.1928781470269
			45.8827064563	-20.1928781470269
			45.9201006750908	-20.1928781470269
			45.9574948938816	-20.2302723658177
			45.9948891126724	-20.2302723658177
			46.0322833314632	-20.2302723658177
			46.069677550254	-20.2302723658177
			46.1070717690448	-20.2302723658177
			46.1444659878356	-20.2676665846085
			46.1818602066264	-20.2676665846085
			46.2192544254172	-20.2676665846085
			46.2566486442079	-20.2676665846085
			46.2940428629987	-20.2676665846085
			46.2940428629987	-20.3050608033993
			46.3314370817895	-20.3050608033993
			46.3688313005803	-20.3050608033993
			46.4062255193711	-20.3050608033993
			46.4436197381619	-20.3050608033993
			46.4810139569527	-20.3424550221901
			46.5184081757435	-20.3424550221901
			46.5558023945343	-20.3424550221901
			46.5931966133251	-20.3798492409809
			46.6305908321158	-20.3798492409809
			46.6679850509066	-20.3798492409809
			46.7053792696974	-20.4172434597717
			46.7427734884882	-20.4172434597717
			46.780167707279	-20.4546376785624
			46.8175619260698	-20.4546376785624
			46.8549561448606	-20.4546376785624
			46.8923503636514	-20.4920318973532
			46.9297445824422	-20.4920318973532
			46.967138801233	-20.4920318973532
			47.0045330200238	-20.529426116144
			47.0419272388146	-20.529426116144
			47.0793214576053	-20.5668203349348
			47.1167156763961	-20.5668203349348
			47.1541098951869	-20.6042145537256
			47.1915041139777	-20.6042145537256
			47.2288983327685	-20.6416087725164
			47.2662925515593	-20.6416087725164
			47.3036867703501	-20.6790029913072
			47.3410809891409	-20.6790029913072
			47.3784752079317	-20.6790029913072
			47.4158694267225	-20.6790029913072
			47.4532636455132	-20.716397210098
			47.490657864304	-20.716397210098
			47.5280520830948	-20.716397210098
			47.5654463018856	-20.716397210098
			47.6028405206764	-20.716397210098
			47.6402347394672	-20.716397210098
			47.677628958258	-20.7537914288888
			47.7150231770488	-20.7537914288888
			47.7524173958396	-20.7537914288888
			47.7898116146304	-20.7537914288888
			47.8272058334212	-20.7537914288888
			47.8646000522119	-20.7537914288888
			47.9019942710027	-20.7911856476796
			47.9393884897935	-20.7911856476796
			47.9767827085843	-20.7911856476796
			48.0141769273751	-20.7911856476796
			48.0515711461659	-20.7911856476796
			48.0889653649567	-20.7911856476796
			48.1263595837475	-20.7911856476796
			48.1637538025383	-20.8285798664704
			48.2011480213291	-20.8285798664704
			48.2385422401198	-20.8285798664704
			48.2759364589106	-20.8285798664704
			48.3133306777014	-20.8285798664704
			48.3507248964922	-20.8285798664704
			48.388119115283	-20.8659740852611
			48.4255133340738	-20.8659740852611
			48.4629075528646	-20.8659740852611
			48.5003017716554	-20.8659740852611
			48.5376959904462	-20.8659740852611
			48.575090209237	-20.8659740852611
			48.6124844280278	-20.8659740852611
			48.6498786468185	-20.8659740852611
			48.6872728656093	-20.9033683040519
			48.7246670844001	-20.9033683040519
			48.7620613031909	-20.9033683040519
			48.7994555219817	-20.9033683040519
			48.8368497407725	-20.9033683040519
			48.8742439595633	-20.9033683040519
			48.9116381783541	-20.9033683040519
			48.9490323971449	-20.9033683040519
			48.9864266159357	-20.9407625228427
			49.0238208347265	-20.9407625228427
			49.0612150535172	-20.9407625228427
			49.098609272308	-20.9407625228427
			49.1360034910988	-20.9407625228427
			49.1733977098896	-20.9407625228427
			49.2107919286804	-20.9407625228427
			49.2481861474712	-20.9407625228427
			49.285580366262	-20.9407625228427
			49.3229745850528	-20.9407625228427
			49.3603688038436	-20.9781567416335
			49.3977630226344	-20.9781567416335
			49.4351572414251	-20.9781567416335
			49.4725514602159	-20.9781567416335
			49.5099456790067	-20.9781567416335
			49.5473398977975	-20.9781567416335
			49.5847341165883	-20.9781567416335
			49.6221283353791	-20.9781567416335
			49.6595225541699	-20.9781567416335
			49.6969167729607	-20.9781567416335
			49.7343109917515	-20.9781567416335
			49.7717052105423	-20.9781567416335
			49.8090994293331	-20.9781567416335
			49.8464936481238	-20.9781567416335
			49.8838878669146	-20.9781567416335
			49.9212820857054	-20.9781567416335
			49.9586763044962	-20.9781567416335
			49.996070523287	-20.9781567416335
			50.0334647420778	-20.9781567416335
			50.0708589608686	-20.9781567416335
			50.1082531796594	-20.9781567416335
			50.1456473984502	-20.9781567416335
			50.183041617241	-20.9781567416335
			50.2204358360317	-20.9781567416335
			50.2578300548225	-20.9781567416335
			50.2952242736133	-20.9781567416335
			50.3326184924041	-20.9781567416335
			50.3700127111949	-20.9781567416335
			50.4074069299857	-20.9781567416335
			50.4448011487765	-20.9781567416335
			50.4821953675673	-20.9781567416335
			50.5195895863581	-20.9781567416335
			50.5569838051489	-20.9781567416335
			50.5943780239397	-20.9781567416335
			50.6317722427304	-20.9781567416335
			50.6691664615212	-20.9781567416335
			50.706560680312	-20.9781567416335
			50.7439548991028	-20.9781567416335
			50.7813491178936	-20.9781567416335
			50.7813491178936	-20.9407625228427
			50.8187433366844	-20.9407625228427
			50.8561375554752	-20.9407625228427
			50.893531774266	-20.9407625228427
		</Adipose_caudal>
		<Caudal_anal type=matrix rownames=FALSE colnames=FALSE nrow=256 ncol=2 as.numeric=TRUE >
			51.2300797433831	-25.0915208086205
			51.1926855245923	-25.0915208086205
			51.1552913058015	-25.1289150274113
			51.1178970870107	-25.1289150274113
			51.0805028682199	-25.1289150274113
			51.0431086494291	-25.1289150274113
			51.0057144306383	-25.1289150274113
			51.0057144306383	-25.1663092462021
			50.9683202118476	-25.1663092462021
			50.9309259930568	-25.1663092462021
			50.893531774266	-25.1663092462021
			50.8561375554752	-25.1663092462021
			50.8187433366844	-25.2037034649928
			50.7813491178936	-25.2037034649928
			50.7439548991028	-25.2037034649928
			50.706560680312	-25.2037034649928
			50.6691664615212	-25.2037034649928
			50.6317722427304	-25.2037034649928
			50.5943780239397	-25.2037034649928
			50.5569838051489	-25.2037034649928
			50.5195895863581	-25.2037034649928
			50.4821953675673	-25.2037034649928
			50.4448011487765	-25.2037034649928
			50.4074069299857	-25.2037034649928
			50.3700127111949	-25.2037034649928
			50.3326184924041	-25.2037034649928
			50.2952242736133	-25.2037034649928
			50.2578300548225	-25.2037034649928
			50.2204358360317	-25.2037034649928
			50.183041617241	-25.2037034649928
			50.1456473984502	-25.2037034649928
			50.1082531796594	-25.2037034649928
			50.0708589608686	-25.2037034649928
			50.0334647420778	-25.2037034649928
			49.996070523287	-25.2037034649928
			49.9586763044962	-25.2037034649928
			49.9212820857054	-25.1663092462021
			49.8838878669146	-25.1663092462021
			49.8464936481238	-25.1663092462021
			49.8090994293331	-25.1663092462021
			49.7717052105423	-25.1663092462021
			49.7343109917515	-25.1663092462021
			49.6969167729607	-25.1663092462021
			49.6595225541699	-25.1289150274113
			49.6221283353791	-25.1289150274113
			49.5847341165883	-25.1289150274113
			49.5473398977975	-25.1289150274113
			49.5099456790067	-25.1289150274113
			49.4725514602159	-25.1289150274113
			49.4351572414251	-25.1289150274113
			49.3977630226344	-25.1289150274113
			49.3603688038436	-25.1663092462021
			49.3229745850528	-25.1663092462021
			49.285580366262	-25.1663092462021
			49.2481861474712	-25.1663092462021
			49.2107919286804	-25.1663092462021
			49.1733977098896	-25.1663092462021
			49.1360034910988	-25.1663092462021
			49.098609272308	-25.1663092462021
			49.0612150535172	-25.1663092462021
			49.0238208347265	-25.1663092462021
			48.9864266159357	-25.1663092462021
			48.9490323971449	-25.1663092462021
			48.9116381783541	-25.1663092462021
			48.8742439595633	-25.1663092462021
			48.8368497407725	-25.2037034649928
			48.7994555219817	-25.2037034649928
			48.7620613031909	-25.2037034649928
			48.7246670844001	-25.2037034649928
			48.6872728656093	-25.2037034649928
			48.6498786468185	-25.2037034649928
			48.6124844280278	-25.2037034649928
			48.575090209237	-25.2037034649928
			48.5376959904462	-25.2037034649928
			48.5003017716554	-25.2037034649928
			48.4629075528646	-25.2037034649928
			48.4255133340738	-25.2037034649928
			48.388119115283	-25.2037034649928
			48.3507248964922	-25.2037034649928
			48.3133306777014	-25.2037034649928
			48.2759364589106	-25.2037034649928
			48.2385422401198	-25.2037034649928
			48.2011480213291	-25.2037034649928
			48.1637538025383	-25.2037034649928
			48.1263595837475	-25.2037034649928
			48.0889653649567	-25.2410976837836
			48.0515711461659	-25.2410976837836
			48.0141769273751	-25.2410976837836
			47.9767827085843	-25.2410976837836
			47.9393884897935	-25.2410976837836
			47.9019942710027	-25.2410976837836
			47.8646000522119	-25.2410976837836
			47.8272058334212	-25.2410976837836
			47.7898116146304	-25.2410976837836
			47.7524173958396	-25.2410976837836
			47.7150231770488	-25.2410976837836
			47.677628958258	-25.2410976837836
			47.6402347394672	-25.2410976837836
			47.6028405206764	-25.2410976837836
			47.5654463018856	-25.2410976837836
			47.5280520830948	-25.2410976837836
			47.490657864304	-25.2410976837836
			47.4532636455132	-25.2410976837836
			47.4158694267225	-25.2410976837836
			47.3784752079317	-25.2410976837836
			47.3410809891409	-25.2410976837836
			47.3036867703501	-25.2410976837836
			47.2662925515593	-25.2410976837836
			47.2288983327685	-25.2410976837836
			47.1915041139777	-25.2410976837836
			47.1541098951869	-25.2410976837836
			47.1167156763961	-25.2410976837836
			47.0793214576053	-25.2410976837836
			47.0419272388146	-25.2410976837836
			47.0045330200238	-25.2410976837836
			46.967138801233	-25.2410976837836
			46.9297445824422	-25.2410976837836
			46.9297445824422	-25.2784919025744
			46.8923503636514	-25.2784919025744
			46.8549561448606	-25.3158861213652
			46.8175619260698	-25.3158861213652
			46.780167707279	-25.353280340156
			46.7427734884882	-25.353280340156
			46.7053792696974	-25.353280340156
			46.6679850509066	-25.3906745589468
			46.6305908321158	-25.3906745589468
			46.5931966133251	-25.3906745589468
			46.5558023945343	-25.3906745589468
			46.5558023945343	-25.4280687777376
			46.5184081757435	-25.4280687777376
			46.4810139569527	-25.4280687777376
			46.4436197381619	-25.4280687777376
			46.4062255193711	-25.4280687777376
			46.3688313005803	-25.4654629965284
			46.3314370817895	-25.4654629965284
			46.2940428629987	-25.4654629965284
			46.2566486442079	-25.4654629965284
			46.2192544254172	-25.4654629965284
			46.1818602066264	-25.4654629965284
			46.1444659878356	-25.5028572153192
			46.1070717690448	-25.5028572153192
			46.069677550254	-25.5028572153192
			46.0322833314632	-25.5028572153192
			45.9948891126724	-25.5028572153192
			45.9574948938816	-25.5028572153192
			45.9201006750908	-25.5028572153192
			45.8827064563	-25.54025143411
			45.8453122375092	-25.54025143411
			45.8079180187185	-25.54025143411
			45.7705237999277	-25.54025143411
			45.7331295811369	-25.54025143411
			45.6957353623461	-25.54025143411
			45.6583411435553	-25.54025143411
			45.6209469247645	-25.54025143411
			45.5835527059737	-25.54025143411
			45.5461584871829	-25.5776456529008
			45.5087642683921	-25.5776456529008
			45.4713700496013	-25.5776456529008
			45.4339758308106	-25.5776456529008
			45.3965816120198	-25.5776456529008
			45.359187393229	-25.5776456529008
			45.3217931744382	-25.5776456529008
			45.2843989556474	-25.5776456529008
			45.2470047368566	-25.5776456529008
			45.2096105180658	-25.5776456529008
			45.172216299275	-25.5776456529008
			45.1348220804842	-25.6150398716915
			45.0974278616934	-25.6150398716915
			45.0600336429026	-25.6150398716915
			45.0226394241119	-25.6150398716915
			44.9852452053211	-25.6150398716915
			44.9478509865303	-25.6150398716915
			44.9104567677395	-25.6150398716915
			44.8730625489487	-25.6150398716915
			44.8356683301579	-25.6150398716915
			44.7982741113671	-25.6150398716915
			44.7608798925763	-25.6150398716915
			44.7234856737855	-25.6150398716915
			44.6860914549947	-25.6150398716915
			44.648697236204	-25.6150398716915
			44.6113030174132	-25.6150398716915
			44.5739087986224	-25.6150398716915
			44.5365145798316	-25.6150398716915
			44.5365145798316	-25.6524340904823
			44.4991203610408	-25.6524340904823
			44.46172614225	-25.6524340904823
			44.4243319234592	-25.6524340904823
			44.3869377046684	-25.6524340904823
			44.3495434858776	-25.6524340904823
			44.3121492670868	-25.6524340904823
			44.274755048296	-25.6524340904823
			44.2373608295053	-25.6524340904823
			44.1999666107145	-25.6524340904823
			44.1625723919237	-25.6524340904823
			44.1251781731329	-25.6524340904823
			44.0877839543421	-25.6524340904823
			44.0503897355513	-25.6524340904823
			44.0129955167605	-25.6524340904823
			43.9756012979697	-25.6524340904823
			43.9382070791789	-25.6524340904823
			43.9008128603881	-25.6524340904823
			43.8634186415973	-25.6524340904823
			43.8260244228066	-25.6524340904823
			43.7886302040158	-25.6524340904823
			43.751235985225	-25.6524340904823
			43.7138417664342	-25.6524340904823
			43.6764475476434	-25.6524340904823
			43.6390533288526	-25.6524340904823
			43.6016591100618	-25.6524340904823
			43.564264891271	-25.6524340904823
			43.5268706724802	-25.6898283092731
			43.4894764536894	-25.6898283092731
			43.4520822348987	-25.6898283092731
			43.4146880161079	-25.6898283092731
			43.3772937973171	-25.6898283092731
			43.3398995785263	-25.6898283092731
			43.3025053597355	-25.6898283092731
			43.2651111409447	-25.6898283092731
			43.2277169221539	-25.6898283092731
			43.1903227033631	-25.6898283092731
			43.1529284845723	-25.6898283092731
			43.1155342657815	-25.6898283092731
			43.0781400469907	-25.6898283092731
			43.0407458282	-25.6898283092731
			43.0033516094092	-25.6898283092731
			42.9659573906184	-25.6898283092731
			42.9285631718276	-25.6898283092731
			42.8911689530368	-25.6898283092731
			42.853774734246	-25.6898283092731
			42.8163805154552	-25.6898283092731
			42.7789862966644	-25.6898283092731
			42.7415920778736	-25.6898283092731
			42.7041978590828	-25.6898283092731
			42.6668036402921	-25.6898283092731
			42.6294094215013	-25.6898283092731
			42.5920152027105	-25.6898283092731
			42.5546209839197	-25.6898283092731
			42.5172267651289	-25.6898283092731
			42.4798325463381	-25.6898283092731
			42.4424383275473	-25.6898283092731
			42.4050441087565	-25.6898283092731
			42.3676498899657	-25.6898283092731
			42.3302556711749	-25.6898283092731
			42.2928614523841	-25.6898283092731
			42.2554672335934	-25.6898283092731
			42.2180730148026	-25.6898283092731
			42.1806787960118	-25.6898283092731
			42.143284577221	-25.6898283092731
			42.1058903584302	-25.6898283092731
			42.0684961396394	-25.6898283092731
			42.0311019208486	-25.6898283092731
			41.9937077020578	-25.6898283092731
			41.956313483267	-25.6898283092731
			41.9189192644762	-25.6898283092731
			41.8815250456854	-25.6898283092731
			41.8441308268947	-25.6898283092731
		</Caudal_anal>
	</curves.scaled>
	<ruler.points type=matrix rownames=TRUE colnames=FALSE nrow=3 ncol=2 as.numeric=TRUE >
		Ruler point 1	597	787
		Ruler point 2	730	794
		Ruler point 3	864	802
	</ruler.points>
</shapes>

