<shapes type=list>
	<ruler.pixel type=vector names=FALSE length=1 as.numeric=TRUE >212.05895429011</ruler.pixel>
	<ruler.interval type=vector names=FALSE length=1 as.numeric=TRUE >5</ruler.interval>
	<scaling.units type=vector names=FALSE length=1 as.numeric=FALSE >mm</scaling.units>
	<scaling type=vector names=FALSE length=1 as.numeric=TRUE >0.0235783488451974</scaling>
	<landmarks.pixel type=matrix rownames=TRUE colnames=FALSE nrow=11 ncol=2 as.numeric=TRUE >
		Anterior_eye	1567	1859
		Posterior_eye	1693	1843
		Posterior_Maxilla	1747	1933
		Anterior_Maxilla	1536	1910
		Dorsal_fin_insertion	2013	1678
		Adipose_fin_insertion	2332	1741
		Dorsal_caudal	2534	1775
		Ventral_caudal	2525	1890
		Anal_fin_insertion	2217	1907
		Pelvic_fin_insertion	2019	1918
		Pectoral_fin_insertion	1852	1872
	</landmarks.pixel>
	<landmarks.scaled type=matrix rownames=TRUE colnames=FALSE nrow=11 ncol=2 as.numeric=TRUE >
		Anterior_eye	36.9472726404244	-43.832150503222
		Posterior_eye	39.9181445949192	-43.4548969216989
		Posterior_Maxilla	41.1913754325599	-45.5769483177666
		Anterior_Maxilla	36.2163438262232	-45.0346462943271
		Dorsal_fin_insertion	47.4632162253824	-39.5644693622413
		Adipose_fin_insertion	54.9847095070004	-41.0499053394887
		Dorsal_caudal	59.7475359737303	-41.8515692002254
		Ventral_caudal	59.5353308341235	-44.5630793174231
		Anal_fin_insertion	52.2731993898027	-44.9639112477915
		Pelvic_fin_insertion	47.6046863184536	-45.2232730850887
		Pectoral_fin_insertion	43.6671020613056	-44.1386690382096
	</landmarks.scaled>
	<curves.control type=list>
		<Snout_dorsal type=matrix rownames=FALSE colnames=FALSE nrow=7 ncol=2 as.numeric=TRUE >
			1536	1910
			1524	1806
			1644	1753
			1693	1726
			1849	1711
			1943	1702
			2013	1678
		</Snout_dorsal>
		<Dorsal_adipose type=matrix rownames=FALSE colnames=FALSE nrow=5 ncol=2 as.numeric=TRUE >
			2013	1678
			2077	1680
			2185	1720
			2252	1731
			2332	1741
		</Dorsal_adipose>
		<Adipose_caudal type=matrix rownames=FALSE colnames=FALSE nrow=7 ncol=2 as.numeric=TRUE >
			2332	1741
			2353	1742
			2358	1752
			2459	1773
			2486	1774
			2516	1769
			2534	1775
		</Adipose_caudal>
		<Caudal_anal type=matrix rownames=FALSE colnames=FALSE nrow=7 ncol=2 as.numeric=TRUE >
			2525	1890
			2507	1895
			2482	1887
			2354	1881
			2340	1886
			2269	1898
			2217	1907
		</Caudal_anal>
	</curves.control>
	<curves.pixel type=list>
		<Snout_dorsal type=matrix rownames=FALSE colnames=FALSE nrow=572 ncol=2 as.numeric=TRUE >
			1536	1910
			1536	1909
			1536	1908
			1536	1907
			1536	1906
			1535	1905
			1535	1904
			1535	1903
			1535	1902
			1535	1901
			1535	1900
			1535	1899
			1535	1898
			1535	1897
			1535	1896
			1535	1895
			1535	1894
			1535	1893
			1535	1892
			1535	1891
			1535	1890
			1535	1889
			1535	1888
			1535	1887
			1535	1886
			1535	1885
			1535	1884
			1535	1883
			1535	1882
			1535	1881
			1535	1880
			1535	1879
			1536	1878
			1536	1877
			1536	1876
			1536	1875
			1536	1874
			1536	1873
			1536	1872
			1536	1871
			1537	1870
			1537	1869
			1537	1868
			1537	1867
			1537	1866
			1537	1865
			1538	1865
			1538	1864
			1538	1863
			1538	1862
			1538	1861
			1538	1860
			1539	1860
			1539	1859
			1539	1858
			1539	1857
			1539	1856
			1540	1855
			1540	1854
			1540	1853
			1541	1852
			1541	1851
			1541	1850
			1542	1849
			1542	1848
			1542	1847
			1543	1846
			1543	1845
			1544	1844
			1544	1843
			1544	1842
			1545	1841
			1545	1840
			1545	1839
			1546	1838
			1547	1837
			1547	1836
			1547	1835
			1548	1835
			1548	1834
			1548	1833
			1549	1833
			1549	1832
			1549	1831
			1550	1831
			1550	1830
			1550	1829
			1551	1829
			1551	1828
			1552	1827
			1552	1826
			1553	1825
			1554	1824
			1554	1823
			1555	1822
			1555	1821
			1556	1820
			1557	1819
			1557	1818
			1558	1817
			1559	1816
			1559	1815
			1560	1815
			1561	1814
			1561	1813
			1562	1812
			1563	1811
			1563	1810
			1564	1809
			1565	1808
			1566	1808
			1566	1807
			1567	1806
			1568	1805
			1569	1804
			1569	1803
			1570	1803
			1571	1802
			1572	1801
			1572	1800
			1573	1799
			1574	1798
			1575	1798
			1576	1797
			1577	1796
			1577	1795
			1578	1794
			1579	1794
			1580	1793
			1581	1792
			1582	1791
			1583	1790
			1584	1790
			1585	1789
			1586	1788
			1586	1787
			1587	1786
			1588	1786
			1589	1785
			1590	1784
			1591	1783
			1592	1783
			1593	1782
			1594	1781
			1595	1780
			1596	1780
			1597	1779
			1598	1778
			1599	1777
			1600	1777
			1601	1777
			1601	1776
			1602	1776
			1603	1775
			1604	1774
			1605	1774
			1606	1773
			1607	1773
			1608	1772
			1609	1772
			1609	1771
			1610	1771
			1611	1770
			1612	1770
			1613	1769
			1614	1769
			1614	1768
			1615	1768
			1616	1767
			1617	1767
			1618	1766
			1619	1766
			1619	1765
			1620	1765
			1621	1764
			1622	1764
			1623	1763
			1624	1763
			1625	1762
			1626	1762
			1627	1761
			1628	1761
			1628	1760
			1629	1760
			1630	1759
			1631	1759
			1632	1759
			1633	1758
			1634	1758
			1635	1757
			1636	1757
			1637	1756
			1638	1756
			1639	1755
			1640	1755
			1641	1754
			1642	1754
			1643	1754
			1644	1753
			1645	1753
			1645	1752
			1646	1752
			1647	1751
			1648	1751
			1649	1750
			1650	1750
			1651	1750
			1652	1749
			1653	1749
			1654	1748
			1655	1748
			1656	1747
			1657	1747
			1658	1747
			1659	1746
			1660	1746
			1661	1745
			1662	1745
			1663	1744
			1664	1744
			1665	1744
			1666	1743
			1667	1743
			1668	1743
			1669	1742
			1670	1742
			1671	1742
			1672	1741
			1673	1741
			1674	1741
			1675	1740
			1676	1740
			1677	1740
			1678	1739
			1679	1739
			1680	1739
			1681	1738
			1682	1738
			1683	1738
			1684	1738
			1685	1737
			1686	1737
			1687	1737
			1688	1736
			1689	1736
			1690	1736
			1691	1736
			1692	1735
			1693	1735
			1694	1735
			1695	1735
			1696	1734
			1697	1734
			1698	1734
			1699	1734
			1700	1733
			1701	1733
			1702	1733
			1703	1733
			1704	1732
			1705	1732
			1706	1732
			1707	1732
			1708	1731
			1709	1731
			1710	1731
			1711	1731
			1712	1731
			1713	1730
			1714	1730
			1715	1730
			1716	1730
			1717	1730
			1718	1729
			1719	1729
			1720	1729
			1721	1729
			1722	1728
			1723	1728
			1724	1728
			1725	1728
			1726	1728
			1727	1728
			1728	1727
			1729	1727
			1730	1727
			1731	1727
			1732	1727
			1733	1726
			1734	1726
			1735	1726
			1736	1726
			1737	1726
			1738	1725
			1739	1725
			1740	1725
			1741	1725
			1742	1725
			1743	1725
			1744	1724
			1745	1724
			1746	1724
			1747	1724
			1748	1724
			1749	1724
			1750	1723
			1751	1723
			1752	1723
			1753	1723
			1754	1723
			1755	1723
			1756	1722
			1757	1722
			1758	1722
			1759	1722
			1760	1722
			1761	1722
			1762	1722
			1763	1721
			1764	1721
			1765	1721
			1766	1721
			1767	1721
			1768	1721
			1769	1721
			1770	1720
			1771	1720
			1772	1720
			1773	1720
			1774	1720
			1775	1720
			1776	1720
			1777	1719
			1778	1719
			1779	1719
			1780	1719
			1781	1719
			1782	1719
			1783	1719
			1784	1718
			1785	1718
			1786	1718
			1787	1718
			1788	1718
			1789	1718
			1790	1718
			1791	1717
			1792	1717
			1793	1717
			1794	1717
			1795	1717
			1796	1717
			1797	1717
			1798	1717
			1799	1716
			1800	1716
			1801	1716
			1802	1716
			1803	1716
			1804	1716
			1805	1716
			1806	1716
			1807	1716
			1808	1715
			1809	1715
			1810	1715
			1811	1715
			1812	1715
			1813	1715
			1814	1715
			1815	1715
			1816	1714
			1817	1714
			1818	1714
			1819	1714
			1820	1714
			1821	1714
			1822	1714
			1823	1714
			1824	1714
			1825	1713
			1826	1713
			1827	1713
			1828	1713
			1829	1713
			1830	1713
			1831	1713
			1832	1713
			1833	1713
			1834	1713
			1835	1712
			1836	1712
			1837	1712
			1838	1712
			1839	1712
			1840	1712
			1841	1712
			1842	1712
			1843	1712
			1844	1711
			1845	1711
			1846	1711
			1847	1711
			1848	1711
			1849	1711
			1850	1711
			1851	1711
			1852	1711
			1853	1711
			1854	1711
			1855	1710
			1856	1710
			1857	1710
			1858	1710
			1859	1710
			1860	1710
			1861	1710
			1862	1710
			1863	1710
			1864	1709
			1865	1709
			1866	1709
			1867	1709
			1868	1709
			1869	1709
			1870	1709
			1871	1709
			1872	1709
			1873	1708
			1874	1708
			1875	1708
			1876	1708
			1877	1708
			1878	1708
			1879	1708
			1880	1707
			1881	1707
			1882	1707
			1883	1707
			1884	1707
			1885	1707
			1886	1707
			1887	1707
			1888	1707
			1888	1706
			1889	1706
			1890	1706
			1891	1706
			1892	1706
			1893	1706
			1894	1706
			1895	1705
			1896	1705
			1897	1705
			1898	1705
			1899	1705
			1900	1705
			1901	1705
			1902	1705
			1903	1704
			1904	1704
			1905	1704
			1906	1704
			1907	1704
			1908	1703
			1909	1703
			1910	1703
			1911	1703
			1912	1703
			1913	1703
			1914	1702
			1915	1702
			1916	1702
			1917	1702
			1918	1702
			1919	1702
			1920	1702
			1921	1701
			1922	1701
			1923	1701
			1924	1701
			1925	1700
			1926	1700
			1927	1700
			1928	1700
			1929	1700
			1930	1700
			1931	1699
			1932	1699
			1933	1699
			1934	1699
			1935	1699
			1936	1698
			1937	1698
			1938	1698
			1939	1698
			1940	1698
			1941	1697
			1942	1697
			1943	1697
			1944	1697
			1945	1697
			1946	1696
			1947	1696
			1948	1696
			1949	1696
			1950	1696
			1951	1695
			1952	1695
			1953	1695
			1954	1695
			1955	1694
			1956	1694
			1957	1694
			1958	1694
			1959	1694
			1960	1693
			1961	1693
			1962	1693
			1963	1692
			1964	1692
			1965	1692
			1966	1692
			1967	1691
			1968	1691
			1969	1691
			1970	1691
			1971	1691
			1972	1690
			1973	1690
			1974	1690
			1975	1689
			1976	1689
			1977	1689
			1978	1689
			1979	1688
			1980	1688
			1981	1688
			1982	1688
			1982	1687
			1983	1687
			1984	1687
			1985	1687
			1986	1686
			1987	1686
			1988	1686
			1989	1686
			1990	1685
			1991	1685
			1992	1685
			1993	1684
			1994	1684
			1995	1684
			1996	1684
			1996	1683
			1997	1683
			1998	1683
			1999	1683
			2000	1682
			2001	1682
			2002	1682
			2003	1681
			2004	1681
			2005	1681
			2006	1680
			2007	1680
			2008	1680
			2009	1679
			2010	1679
			2011	1679
			2012	1678
			2013	1678
		</Snout_dorsal>
		<Dorsal_adipose type=matrix rownames=FALSE colnames=FALSE nrow=322 ncol=2 as.numeric=TRUE >
			2013	1678
			2014	1678
			2015	1678
			2016	1678
			2017	1678
			2018	1678
			2019	1678
			2020	1678
			2021	1678
			2022	1678
			2023	1679
			2024	1679
			2025	1679
			2026	1679
			2027	1679
			2028	1679
			2029	1679
			2030	1679
			2031	1679
			2032	1679
			2033	1679
			2034	1680
			2035	1680
			2036	1680
			2037	1680
			2038	1680
			2039	1680
			2040	1680
			2041	1680
			2042	1681
			2043	1681
			2044	1681
			2045	1681
			2046	1681
			2047	1681
			2048	1681
			2049	1682
			2050	1682
			2051	1682
			2052	1682
			2053	1682
			2054	1682
			2055	1683
			2056	1683
			2057	1683
			2058	1683
			2059	1683
			2060	1683
			2061	1684
			2062	1684
			2063	1684
			2064	1684
			2065	1684
			2066	1685
			2067	1685
			2068	1685
			2069	1685
			2070	1685
			2071	1686
			2072	1686
			2073	1686
			2074	1686
			2075	1687
			2076	1687
			2077	1687
			2078	1687
			2079	1687
			2080	1688
			2081	1688
			2082	1688
			2083	1688
			2084	1689
			2085	1689
			2086	1689
			2087	1689
			2088	1690
			2089	1690
			2090	1690
			2091	1690
			2092	1690
			2093	1691
			2094	1691
			2095	1691
			2096	1691
			2097	1692
			2098	1692
			2099	1692
			2100	1692
			2101	1693
			2102	1693
			2103	1693
			2104	1694
			2105	1694
			2106	1694
			2107	1694
			2108	1695
			2109	1695
			2110	1695
			2111	1695
			2112	1696
			2113	1696
			2114	1696
			2115	1697
			2116	1697
			2117	1697
			2118	1697
			2119	1698
			2120	1698
			2121	1698
			2122	1699
			2123	1699
			2124	1699
			2125	1700
			2126	1700
			2127	1700
			2128	1701
			2129	1701
			2130	1701
			2131	1702
			2132	1702
			2133	1702
			2134	1703
			2135	1703
			2136	1703
			2137	1703
			2138	1704
			2139	1704
			2140	1704
			2141	1705
			2142	1705
			2143	1705
			2144	1706
			2145	1706
			2146	1706
			2147	1707
			2148	1707
			2149	1707
			2150	1708
			2151	1708
			2152	1708
			2153	1709
			2154	1709
			2155	1709
			2156	1710
			2157	1710
			2158	1710
			2159	1711
			2160	1711
			2161	1711
			2162	1712
			2163	1712
			2164	1712
			2165	1713
			2166	1713
			2167	1714
			2168	1714
			2169	1714
			2170	1715
			2171	1715
			2172	1715
			2173	1716
			2174	1716
			2175	1716
			2176	1717
			2177	1717
			2178	1717
			2178	1718
			2179	1718
			2180	1718
			2181	1719
			2182	1719
			2183	1719
			2184	1720
			2185	1720
			2186	1720
			2187	1720
			2188	1720
			2189	1721
			2190	1721
			2191	1721
			2192	1721
			2193	1721
			2194	1721
			2194	1722
			2195	1722
			2196	1722
			2197	1722
			2198	1722
			2199	1722
			2200	1722
			2201	1723
			2202	1723
			2203	1723
			2204	1723
			2205	1723
			2206	1723
			2207	1724
			2208	1724
			2209	1724
			2210	1724
			2211	1724
			2212	1724
			2213	1724
			2214	1725
			2215	1725
			2216	1725
			2217	1725
			2218	1725
			2219	1725
			2220	1726
			2221	1726
			2222	1726
			2223	1726
			2224	1726
			2225	1726
			2226	1726
			2227	1727
			2228	1727
			2229	1727
			2230	1727
			2231	1727
			2232	1727
			2233	1727
			2234	1728
			2235	1728
			2236	1728
			2237	1728
			2238	1728
			2239	1728
			2240	1729
			2241	1729
			2242	1729
			2243	1729
			2244	1729
			2245	1729
			2246	1729
			2247	1730
			2248	1730
			2249	1730
			2250	1730
			2251	1730
			2252	1730
			2253	1730
			2254	1731
			2255	1731
			2256	1731
			2257	1731
			2258	1731
			2259	1731
			2260	1731
			2261	1732
			2262	1732
			2263	1732
			2264	1732
			2265	1732
			2266	1732
			2267	1732
			2268	1733
			2269	1733
			2270	1733
			2271	1733
			2272	1733
			2273	1733
			2274	1733
			2275	1734
			2276	1734
			2277	1734
			2278	1734
			2279	1734
			2280	1734
			2281	1734
			2282	1735
			2283	1735
			2284	1735
			2285	1735
			2286	1735
			2287	1735
			2288	1735
			2289	1735
			2290	1736
			2291	1736
			2292	1736
			2293	1736
			2294	1736
			2295	1736
			2296	1736
			2297	1736
			2298	1737
			2299	1737
			2300	1737
			2301	1737
			2302	1737
			2303	1737
			2304	1737
			2305	1737
			2306	1738
			2307	1738
			2308	1738
			2309	1738
			2310	1738
			2311	1738
			2312	1738
			2313	1739
			2314	1739
			2315	1739
			2316	1739
			2317	1739
			2318	1739
			2319	1739
			2320	1739
			2321	1740
			2322	1740
			2323	1740
			2324	1740
			2325	1740
			2326	1740
			2327	1740
			2328	1740
			2329	1741
			2330	1741
			2331	1741
			2332	1741
		</Dorsal_adipose>
		<Adipose_caudal type=matrix rownames=FALSE colnames=FALSE nrow=207 ncol=2 as.numeric=TRUE >
			2332	1741
			2333	1741
			2334	1741
			2335	1741
			2336	1741
			2337	1741
			2338	1742
			2339	1742
			2340	1742
			2341	1742
			2342	1742
			2343	1742
			2344	1743
			2345	1743
			2346	1743
			2347	1743
			2348	1744
			2349	1744
			2350	1745
			2351	1745
			2352	1746
			2353	1746
			2354	1747
			2355	1748
			2356	1749
			2357	1750
			2357	1751
			2358	1752
			2359	1752
			2360	1752
			2361	1753
			2362	1753
			2363	1753
			2364	1753
			2365	1753
			2366	1754
			2367	1754
			2368	1754
			2369	1754
			2370	1754
			2370	1755
			2371	1755
			2372	1755
			2373	1755
			2374	1755
			2375	1755
			2376	1756
			2377	1756
			2378	1756
			2379	1756
			2380	1757
			2381	1757
			2382	1757
			2383	1757
			2384	1757
			2385	1758
			2386	1758
			2387	1758
			2388	1758
			2389	1758
			2390	1759
			2391	1759
			2392	1759
			2393	1759
			2394	1759
			2395	1760
			2396	1760
			2397	1760
			2398	1760
			2399	1760
			2400	1760
			2401	1761
			2402	1761
			2403	1761
			2404	1761
			2405	1761
			2406	1762
			2407	1762
			2408	1762
			2409	1762
			2410	1762
			2410	1763
			2411	1763
			2412	1763
			2413	1763
			2414	1763
			2415	1763
			2416	1764
			2417	1764
			2418	1764
			2419	1764
			2420	1764
			2421	1764
			2422	1765
			2423	1765
			2424	1765
			2425	1765
			2426	1765
			2427	1766
			2428	1766
			2429	1766
			2430	1766
			2431	1766
			2432	1767
			2433	1767
			2434	1767
			2435	1767
			2436	1767
			2437	1767
			2438	1768
			2439	1768
			2440	1768
			2441	1768
			2442	1768
			2443	1768
			2444	1769
			2445	1769
			2446	1769
			2447	1769
			2448	1769
			2449	1769
			2450	1770
			2451	1770
			2452	1770
			2453	1770
			2454	1770
			2455	1770
			2456	1771
			2457	1771
			2458	1771
			2459	1771
			2460	1771
			2461	1771
			2462	1771
			2463	1772
			2464	1772
			2465	1772
			2466	1772
			2467	1772
			2468	1772
			2469	1772
			2470	1772
			2471	1773
			2472	1773
			2473	1773
			2474	1773
			2475	1773
			2476	1773
			2477	1773
			2478	1773
			2479	1773
			2480	1774
			2481	1774
			2482	1774
			2483	1774
			2484	1774
			2485	1774
			2486	1774
			2487	1774
			2488	1774
			2489	1773
			2490	1773
			2491	1773
			2492	1773
			2493	1773
			2494	1773
			2495	1773
			2496	1773
			2497	1772
			2498	1772
			2499	1772
			2500	1772
			2501	1772
			2502	1772
			2503	1772
			2504	1772
			2505	1772
			2506	1772
			2507	1772
			2508	1772
			2509	1772
			2510	1772
			2511	1772
			2512	1772
			2513	1772
			2514	1772
			2515	1772
			2516	1772
			2517	1772
			2518	1772
			2519	1772
			2520	1772
			2521	1772
			2522	1772
			2523	1772
			2523	1773
			2524	1773
			2525	1773
			2526	1773
			2527	1773
			2528	1773
			2529	1774
			2530	1774
			2531	1774
			2532	1774
			2533	1775
			2534	1775
		</Adipose_caudal>
		<Caudal_anal type=matrix rownames=FALSE colnames=FALSE nrow=311 ncol=2 as.numeric=TRUE >
			2525	1890
			2524	1890
			2523	1891
			2522	1891
			2521	1891
			2520	1891
			2519	1891
			2518	1891
			2517	1892
			2516	1892
			2515	1892
			2514	1892
			2513	1892
			2512	1892
			2511	1892
			2510	1892
			2509	1892
			2508	1892
			2507	1892
			2506	1892
			2505	1892
			2504	1892
			2503	1892
			2502	1891
			2501	1891
			2500	1891
			2499	1891
			2498	1891
			2497	1891
			2496	1891
			2495	1890
			2494	1890
			2493	1890
			2492	1890
			2491	1889
			2490	1889
			2489	1889
			2488	1889
			2487	1888
			2486	1888
			2485	1888
			2484	1888
			2483	1887
			2482	1887
			2481	1887
			2480	1887
			2479	1887
			2478	1887
			2477	1887
			2476	1887
			2475	1887
			2474	1887
			2473	1887
			2472	1887
			2471	1886
			2470	1886
			2469	1886
			2468	1886
			2467	1886
			2466	1886
			2465	1886
			2464	1886
			2463	1886
			2462	1886
			2461	1886
			2460	1886
			2459	1886
			2458	1886
			2457	1886
			2456	1886
			2455	1886
			2454	1886
			2453	1886
			2452	1886
			2451	1886
			2450	1886
			2449	1886
			2448	1886
			2447	1885
			2446	1885
			2445	1885
			2444	1885
			2443	1885
			2442	1885
			2441	1885
			2440	1885
			2439	1885
			2438	1885
			2437	1885
			2436	1885
			2435	1885
			2434	1885
			2433	1885
			2432	1885
			2431	1885
			2430	1885
			2429	1885
			2428	1885
			2427	1885
			2426	1885
			2425	1885
			2424	1885
			2423	1885
			2422	1885
			2421	1885
			2420	1885
			2419	1884
			2418	1884
			2417	1884
			2416	1884
			2415	1884
			2414	1884
			2413	1884
			2412	1884
			2411	1884
			2410	1884
			2409	1884
			2408	1884
			2407	1884
			2406	1884
			2405	1884
			2404	1884
			2403	1884
			2402	1884
			2401	1884
			2400	1884
			2399	1884
			2398	1884
			2397	1884
			2396	1884
			2395	1884
			2394	1884
			2393	1884
			2392	1884
			2391	1884
			2390	1884
			2389	1884
			2388	1884
			2387	1884
			2386	1884
			2385	1884
			2384	1884
			2383	1884
			2382	1884
			2381	1884
			2380	1884
			2379	1884
			2378	1884
			2377	1884
			2376	1884
			2375	1884
			2374	1884
			2373	1884
			2372	1884
			2371	1884
			2370	1884
			2369	1884
			2368	1884
			2367	1884
			2366	1884
			2365	1884
			2364	1884
			2363	1884
			2362	1884
			2361	1884
			2360	1884
			2359	1884
			2358	1884
			2357	1884
			2356	1884
			2355	1884
			2354	1884
			2353	1884
			2352	1884
			2351	1884
			2350	1884
			2349	1885
			2348	1885
			2347	1885
			2346	1885
			2345	1885
			2344	1885
			2343	1885
			2342	1885
			2342	1886
			2341	1886
			2340	1886
			2339	1886
			2338	1886
			2337	1887
			2336	1887
			2335	1887
			2334	1887
			2333	1887
			2332	1887
			2331	1887
			2330	1888
			2329	1888
			2328	1888
			2327	1888
			2326	1888
			2325	1889
			2324	1889
			2323	1889
			2322	1889
			2321	1889
			2320	1889
			2319	1890
			2318	1890
			2317	1890
			2316	1890
			2315	1890
			2314	1890
			2313	1891
			2312	1891
			2311	1891
			2310	1891
			2309	1891
			2308	1891
			2307	1892
			2306	1892
			2305	1892
			2304	1892
			2303	1892
			2302	1892
			2301	1893
			2300	1893
			2299	1893
			2298	1893
			2297	1893
			2296	1893
			2295	1894
			2294	1894
			2293	1894
			2292	1894
			2291	1894
			2290	1894
			2289	1895
			2288	1895
			2287	1895
			2286	1895
			2285	1895
			2284	1895
			2283	1896
			2282	1896
			2281	1896
			2280	1896
			2279	1896
			2278	1896
			2277	1897
			2276	1897
			2275	1897
			2274	1897
			2273	1897
			2272	1898
			2271	1898
			2270	1898
			2269	1898
			2268	1898
			2267	1898
			2266	1899
			2265	1899
			2264	1899
			2263	1899
			2262	1899
			2261	1899
			2260	1900
			2259	1900
			2258	1900
			2257	1900
			2256	1900
			2255	1901
			2254	1901
			2253	1901
			2252	1901
			2251	1901
			2250	1901
			2249	1901
			2248	1902
			2247	1902
			2246	1902
			2245	1902
			2244	1902
			2243	1902
			2242	1903
			2241	1903
			2240	1903
			2239	1903
			2238	1903
			2237	1904
			2236	1904
			2235	1904
			2234	1904
			2233	1904
			2232	1904
			2231	1905
			2230	1905
			2229	1905
			2228	1905
			2227	1905
			2226	1905
			2226	1906
			2225	1906
			2224	1906
			2223	1906
			2222	1906
			2221	1906
			2220	1906
			2219	1907
			2218	1907
			2217	1907
		</Caudal_anal>
	</curves.pixel>
	<curves.scaled type=list>
		<Snout_dorsal type=matrix rownames=FALSE colnames=FALSE nrow=572 ncol=2 as.numeric=TRUE >
			36.2163438262232	-45.0346462943271
			36.2163438262232	-45.0110679454819
			36.2163438262232	-44.9874895966367
			36.2163438262232	-44.9639112477915
			36.2163438262232	-44.9403328989463
			36.192765477378	-44.9167545501011
			36.192765477378	-44.8931762012559
			36.192765477378	-44.8695978524107
			36.192765477378	-44.8460195035655
			36.192765477378	-44.8224411547203
			36.192765477378	-44.7988628058751
			36.192765477378	-44.7752844570299
			36.192765477378	-44.7517061081847
			36.192765477378	-44.7281277593395
			36.192765477378	-44.7045494104943
			36.192765477378	-44.6809710616491
			36.192765477378	-44.6573927128039
			36.192765477378	-44.6338143639587
			36.192765477378	-44.6102360151135
			36.192765477378	-44.5866576662683
			36.192765477378	-44.5630793174231
			36.192765477378	-44.5395009685779
			36.192765477378	-44.5159226197327
			36.192765477378	-44.4923442708875
			36.192765477378	-44.4687659220423
			36.192765477378	-44.4451875731971
			36.192765477378	-44.4216092243519
			36.192765477378	-44.3980308755067
			36.192765477378	-44.3744525266616
			36.192765477378	-44.3508741778164
			36.192765477378	-44.3272958289712
			36.192765477378	-44.303717480126
			36.2163438262232	-44.2801391312808
			36.2163438262232	-44.2565607824356
			36.2163438262232	-44.2329824335904
			36.2163438262232	-44.2094040847452
			36.2163438262232	-44.1858257359
			36.2163438262232	-44.1622473870548
			36.2163438262232	-44.1386690382096
			36.2163438262232	-44.1150906893644
			36.2399221750684	-44.0915123405192
			36.2399221750684	-44.067933991674
			36.2399221750684	-44.0443556428288
			36.2399221750684	-44.0207772939836
			36.2399221750684	-43.9971989451384
			36.2399221750684	-43.9736205962932
			36.2635005239136	-43.9736205962932
			36.2635005239136	-43.950042247448
			36.2635005239136	-43.9264638986028
			36.2635005239136	-43.9028855497576
			36.2635005239136	-43.8793072009124
			36.2635005239136	-43.8557288520672
			36.2870788727588	-43.8557288520672
			36.2870788727588	-43.832150503222
			36.2870788727588	-43.8085721543768
			36.2870788727588	-43.7849938055316
			36.2870788727588	-43.7614154566864
			36.310657221604	-43.7378371078412
			36.310657221604	-43.714258758996
			36.310657221604	-43.6906804101508
			36.3342355704492	-43.6671020613056
			36.3342355704492	-43.6435237124604
			36.3342355704492	-43.6199453636152
			36.3578139192944	-43.59636701477
			36.3578139192944	-43.5727886659248
			36.3578139192944	-43.5492103170796
			36.3813922681396	-43.5256319682344
			36.3813922681396	-43.5020536193893
			36.4049706169848	-43.4784752705441
			36.4049706169848	-43.4548969216989
			36.4049706169848	-43.4313185728537
			36.42854896583	-43.4077402240085
			36.42854896583	-43.3841618751633
			36.42854896583	-43.3605835263181
			36.4521273146752	-43.3370051774729
			36.4757056635204	-43.3134268286277
			36.4757056635204	-43.2898484797825
			36.4757056635204	-43.2662701309373
			36.4992840123656	-43.2662701309373
			36.4992840123656	-43.2426917820921
			36.4992840123656	-43.2191134332469
			36.5228623612108	-43.2191134332469
			36.5228623612108	-43.1955350844017
			36.5228623612108	-43.1719567355565
			36.546440710056	-43.1719567355565
			36.546440710056	-43.1483783867113
			36.546440710056	-43.1248000378661
			36.5700190589012	-43.1248000378661
			36.5700190589012	-43.1012216890209
			36.5935974077464	-43.0776433401757
			36.5935974077464	-43.0540649913305
			36.6171757565916	-43.0304866424853
			36.6407541054368	-43.0069082936401
			36.6407541054368	-42.9833299447949
			36.664332454282	-42.9597515959497
			36.664332454282	-42.9361732471045
			36.6879108031272	-42.9125948982593
			36.7114891519724	-42.8890165494141
			36.7114891519724	-42.8654382005689
			36.7350675008176	-42.8418598517237
			36.7586458496628	-42.8182815028785
			36.7586458496628	-42.7947031540333
			36.782224198508	-42.7947031540333
			36.8058025473532	-42.7711248051881
			36.8058025473532	-42.7475464563429
			36.8293808961984	-42.7239681074977
			36.8529592450436	-42.7003897586525
			36.8529592450436	-42.6768114098073
			36.8765375938888	-42.6532330609621
			36.900115942734	-42.6296547121169
			36.9236942915792	-42.6296547121169
			36.9236942915792	-42.6060763632717
			36.9472726404244	-42.5824980144265
			36.9708509892696	-42.5589196655813
			36.9944293381148	-42.5353413167362
			36.9944293381148	-42.511762967891
			37.01800768696	-42.511762967891
			37.0415860358052	-42.4881846190458
			37.0651643846504	-42.4646062702006
			37.0651643846504	-42.4410279213554
			37.0887427334956	-42.4174495725102
			37.1123210823407	-42.393871223665
			37.1358994311859	-42.393871223665
			37.1594777800311	-42.3702928748198
			37.1830561288763	-42.3467145259746
			37.1830561288763	-42.3231361771294
			37.2066344777215	-42.2995578282842
			37.2302128265667	-42.2995578282842
			37.2537911754119	-42.275979479439
			37.2773695242571	-42.2524011305938
			37.3009478731023	-42.2288227817486
			37.3245262219475	-42.2052444329034
			37.3481045707927	-42.2052444329034
			37.3716829196379	-42.1816660840582
			37.3952612684831	-42.158087735213
			37.3952612684831	-42.1345093863678
			37.4188396173283	-42.1109310375226
			37.4424179661735	-42.1109310375226
			37.4659963150187	-42.0873526886774
			37.4895746638639	-42.0637743398322
			37.5131530127091	-42.040195990987
			37.5367313615543	-42.040195990987
			37.5603097103995	-42.0166176421418
			37.5838880592447	-41.9930392932966
			37.6074664080899	-41.9694609444514
			37.6310447569351	-41.9694609444514
			37.6546231057803	-41.9458825956062
			37.6782014546255	-41.922304246761
			37.7017798034707	-41.8987258979158
			37.7253581523159	-41.8987258979158
			37.7489365011611	-41.8987258979158
			37.7489365011611	-41.8751475490706
			37.7725148500063	-41.8751475490706
			37.7960931988515	-41.8515692002254
			37.8196715476967	-41.8279908513802
			37.8432498965419	-41.8279908513802
			37.8668282453871	-41.804412502535
			37.8904065942323	-41.804412502535
			37.9139849430775	-41.7808341536898
			37.9375632919227	-41.7808341536898
			37.9375632919227	-41.7572558048446
			37.9611416407679	-41.7572558048446
			37.9847199896131	-41.7336774559994
			38.0082983384582	-41.7336774559994
			38.0318766873034	-41.7100991071542
			38.0554550361486	-41.7100991071542
			38.0554550361486	-41.686520758309
			38.0790333849938	-41.686520758309
			38.102611733839	-41.6629424094639
			38.1261900826842	-41.6629424094639
			38.1497684315294	-41.6393640606187
			38.1733467803746	-41.6393640606187
			38.1733467803746	-41.6157857117735
			38.1969251292198	-41.6157857117735
			38.220503478065	-41.5922073629283
			38.2440818269102	-41.5922073629283
			38.2676601757554	-41.5686290140831
			38.2912385246006	-41.5686290140831
			38.3148168734458	-41.5450506652379
			38.338395222291	-41.5450506652379
			38.3619735711362	-41.5214723163927
			38.3855519199814	-41.5214723163927
			38.3855519199814	-41.4978939675475
			38.4091302688266	-41.4978939675475
			38.4327086176718	-41.4743156187023
			38.456286966517	-41.4743156187023
			38.4798653153622	-41.4743156187023
			38.5034436642074	-41.4507372698571
			38.5270220130526	-41.4507372698571
			38.5506003618978	-41.4271589210119
			38.574178710743	-41.4271589210119
			38.5977570595882	-41.4035805721667
			38.6213354084334	-41.4035805721667
			38.6449137572786	-41.3800022233215
			38.6684921061238	-41.3800022233215
			38.692070454969	-41.3564238744763
			38.7156488038142	-41.3564238744763
			38.7392271526594	-41.3564238744763
			38.7628055015046	-41.3328455256311
			38.7863838503498	-41.3328455256311
			38.7863838503498	-41.3092671767859
			38.809962199195	-41.3092671767859
			38.8335405480402	-41.2856888279407
			38.8571188968854	-41.2856888279407
			38.8806972457306	-41.2621104790955
			38.9042755945758	-41.2621104790955
			38.9278539434209	-41.2621104790955
			38.9514322922661	-41.2385321302503
			38.9750106411113	-41.2385321302503
			38.9985889899565	-41.2149537814051
			39.0221673388017	-41.2149537814051
			39.0457456876469	-41.1913754325599
			39.0693240364921	-41.1913754325599
			39.0929023853373	-41.1913754325599
			39.1164807341825	-41.1677970837147
			39.1400590830277	-41.1677970837147
			39.1636374318729	-41.1442187348695
			39.1872157807181	-41.1442187348695
			39.2107941295633	-41.1206403860243
			39.2343724784085	-41.1206403860243
			39.2579508272537	-41.1206403860243
			39.2815291760989	-41.0970620371791
			39.3051075249441	-41.0970620371791
			39.3286858737893	-41.0970620371791
			39.3522642226345	-41.0734836883339
			39.3758425714797	-41.0734836883339
			39.3994209203249	-41.0734836883339
			39.4229992691701	-41.0499053394887
			39.4465776180153	-41.0499053394887
			39.4701559668605	-41.0499053394887
			39.4937343157057	-41.0263269906435
			39.5173126645509	-41.0263269906435
			39.5408910133961	-41.0263269906435
			39.5644693622413	-41.0027486417983
			39.5880477110865	-41.0027486417983
			39.6116260599317	-41.0027486417983
			39.6352044087769	-40.9791702929531
			39.6587827576221	-40.9791702929531
			39.6823611064673	-40.9791702929531
			39.7059394553125	-40.9791702929531
			39.7295178041577	-40.9555919441079
			39.7530961530029	-40.9555919441079
			39.7766745018481	-40.9555919441079
			39.8002528506933	-40.9320135952627
			39.8238311995385	-40.9320135952627
			39.8474095483836	-40.9320135952627
			39.8709878972288	-40.9320135952627
			39.894566246074	-40.9084352464175
			39.9181445949192	-40.9084352464175
			39.9417229437644	-40.9084352464175
			39.9653012926096	-40.9084352464175
			39.9888796414548	-40.8848568975723
			40.0124579903	-40.8848568975723
			40.0360363391452	-40.8848568975723
			40.0596146879904	-40.8848568975723
			40.0831930368356	-40.8612785487271
			40.1067713856808	-40.8612785487271
			40.130349734526	-40.8612785487271
			40.1539280833712	-40.8612785487271
			40.1775064322164	-40.8377001998819
			40.2010847810616	-40.8377001998819
			40.2246631299068	-40.8377001998819
			40.248241478752	-40.8377001998819
			40.2718198275972	-40.8141218510367
			40.2953981764424	-40.8141218510367
			40.3189765252876	-40.8141218510367
			40.3425548741328	-40.8141218510367
			40.366133222978	-40.8141218510367
			40.3897115718232	-40.7905435021915
			40.4132899206684	-40.7905435021915
			40.4368682695136	-40.7905435021915
			40.4604466183588	-40.7905435021915
			40.484024967204	-40.7905435021915
			40.5076033160492	-40.7669651533463
			40.5311816648944	-40.7669651533463
			40.5547600137396	-40.7669651533463
			40.5783383625848	-40.7669651533463
			40.60191671143	-40.7433868045011
			40.6254950602752	-40.7433868045011
			40.6490734091204	-40.7433868045011
			40.6726517579656	-40.7433868045011
			40.6962301068108	-40.7433868045011
			40.719808455656	-40.7433868045011
			40.7433868045011	-40.719808455656
			40.7669651533463	-40.719808455656
			40.7905435021915	-40.719808455656
			40.8141218510367	-40.719808455656
			40.8377001998819	-40.719808455656
			40.8612785487271	-40.6962301068108
			40.8848568975723	-40.6962301068108
			40.9084352464175	-40.6962301068108
			40.9320135952627	-40.6962301068108
			40.9555919441079	-40.6962301068108
			40.9791702929531	-40.6726517579656
			41.0027486417983	-40.6726517579656
			41.0263269906435	-40.6726517579656
			41.0499053394887	-40.6726517579656
			41.0734836883339	-40.6726517579656
			41.0970620371791	-40.6726517579656
			41.1206403860243	-40.6490734091204
			41.1442187348695	-40.6490734091204
			41.1677970837147	-40.6490734091204
			41.1913754325599	-40.6490734091204
			41.2149537814051	-40.6490734091204
			41.2385321302503	-40.6490734091204
			41.2621104790955	-40.6254950602752
			41.2856888279407	-40.6254950602752
			41.3092671767859	-40.6254950602752
			41.3328455256311	-40.6254950602752
			41.3564238744763	-40.6254950602752
			41.3800022233215	-40.6254950602752
			41.4035805721667	-40.60191671143
			41.4271589210119	-40.60191671143
			41.4507372698571	-40.60191671143
			41.4743156187023	-40.60191671143
			41.4978939675475	-40.60191671143
			41.5214723163927	-40.60191671143
			41.5450506652379	-40.60191671143
			41.5686290140831	-40.5783383625848
			41.5922073629283	-40.5783383625848
			41.6157857117735	-40.5783383625848
			41.6393640606187	-40.5783383625848
			41.6629424094639	-40.5783383625848
			41.686520758309	-40.5783383625848
			41.7100991071542	-40.5783383625848
			41.7336774559994	-40.5547600137396
			41.7572558048446	-40.5547600137396
			41.7808341536898	-40.5547600137396
			41.804412502535	-40.5547600137396
			41.8279908513802	-40.5547600137396
			41.8515692002254	-40.5547600137396
			41.8751475490706	-40.5547600137396
			41.8987258979158	-40.5311816648944
			41.922304246761	-40.5311816648944
			41.9458825956062	-40.5311816648944
			41.9694609444514	-40.5311816648944
			41.9930392932966	-40.5311816648944
			42.0166176421418	-40.5311816648944
			42.040195990987	-40.5311816648944
			42.0637743398322	-40.5076033160492
			42.0873526886774	-40.5076033160492
			42.1109310375226	-40.5076033160492
			42.1345093863678	-40.5076033160492
			42.158087735213	-40.5076033160492
			42.1816660840582	-40.5076033160492
			42.2052444329034	-40.5076033160492
			42.2288227817486	-40.484024967204
			42.2524011305938	-40.484024967204
			42.275979479439	-40.484024967204
			42.2995578282842	-40.484024967204
			42.3231361771294	-40.484024967204
			42.3467145259746	-40.484024967204
			42.3702928748198	-40.484024967204
			42.393871223665	-40.484024967204
			42.4174495725102	-40.4604466183588
			42.4410279213554	-40.4604466183588
			42.4646062702006	-40.4604466183588
			42.4881846190458	-40.4604466183588
			42.511762967891	-40.4604466183588
			42.5353413167362	-40.4604466183588
			42.5589196655813	-40.4604466183588
			42.5824980144265	-40.4604466183588
			42.6060763632717	-40.4604466183588
			42.6296547121169	-40.4368682695136
			42.6532330609621	-40.4368682695136
			42.6768114098073	-40.4368682695136
			42.7003897586525	-40.4368682695136
			42.7239681074977	-40.4368682695136
			42.7475464563429	-40.4368682695136
			42.7711248051881	-40.4368682695136
			42.7947031540333	-40.4368682695136
			42.8182815028785	-40.4132899206684
			42.8418598517237	-40.4132899206684
			42.8654382005689	-40.4132899206684
			42.8890165494141	-40.4132899206684
			42.9125948982593	-40.4132899206684
			42.9361732471045	-40.4132899206684
			42.9597515959497	-40.4132899206684
			42.9833299447949	-40.4132899206684
			43.0069082936401	-40.4132899206684
			43.0304866424853	-40.3897115718232
			43.0540649913305	-40.3897115718232
			43.0776433401757	-40.3897115718232
			43.1012216890209	-40.3897115718232
			43.1248000378661	-40.3897115718232
			43.1483783867113	-40.3897115718232
			43.1719567355565	-40.3897115718232
			43.1955350844017	-40.3897115718232
			43.2191134332469	-40.3897115718232
			43.2426917820921	-40.3897115718232
			43.2662701309373	-40.366133222978
			43.2898484797825	-40.366133222978
			43.3134268286277	-40.366133222978
			43.3370051774729	-40.366133222978
			43.3605835263181	-40.366133222978
			43.3841618751633	-40.366133222978
			43.4077402240085	-40.366133222978
			43.4313185728537	-40.366133222978
			43.4548969216989	-40.366133222978
			43.4784752705441	-40.3425548741328
			43.5020536193893	-40.3425548741328
			43.5256319682344	-40.3425548741328
			43.5492103170796	-40.3425548741328
			43.5727886659248	-40.3425548741328
			43.59636701477	-40.3425548741328
			43.6199453636152	-40.3425548741328
			43.6435237124604	-40.3425548741328
			43.6671020613056	-40.3425548741328
			43.6906804101508	-40.3425548741328
			43.714258758996	-40.3425548741328
			43.7378371078412	-40.3189765252876
			43.7614154566864	-40.3189765252876
			43.7849938055316	-40.3189765252876
			43.8085721543768	-40.3189765252876
			43.832150503222	-40.3189765252876
			43.8557288520672	-40.3189765252876
			43.8793072009124	-40.3189765252876
			43.9028855497576	-40.3189765252876
			43.9264638986028	-40.3189765252876
			43.950042247448	-40.2953981764424
			43.9736205962932	-40.2953981764424
			43.9971989451384	-40.2953981764424
			44.0207772939836	-40.2953981764424
			44.0443556428288	-40.2953981764424
			44.067933991674	-40.2953981764424
			44.0915123405192	-40.2953981764424
			44.1150906893644	-40.2953981764424
			44.1386690382096	-40.2953981764424
			44.1622473870548	-40.2718198275972
			44.1858257359	-40.2718198275972
			44.2094040847452	-40.2718198275972
			44.2329824335904	-40.2718198275972
			44.2565607824356	-40.2718198275972
			44.2801391312808	-40.2718198275972
			44.303717480126	-40.2718198275972
			44.3272958289712	-40.248241478752
			44.3508741778164	-40.248241478752
			44.3744525266616	-40.248241478752
			44.3980308755067	-40.248241478752
			44.4216092243519	-40.248241478752
			44.4451875731971	-40.248241478752
			44.4687659220423	-40.248241478752
			44.4923442708875	-40.248241478752
			44.5159226197327	-40.248241478752
			44.5159226197327	-40.2246631299068
			44.5395009685779	-40.2246631299068
			44.5630793174231	-40.2246631299068
			44.5866576662683	-40.2246631299068
			44.6102360151135	-40.2246631299068
			44.6338143639587	-40.2246631299068
			44.6573927128039	-40.2246631299068
			44.6809710616491	-40.2010847810616
			44.7045494104943	-40.2010847810616
			44.7281277593395	-40.2010847810616
			44.7517061081847	-40.2010847810616
			44.7752844570299	-40.2010847810616
			44.7988628058751	-40.2010847810616
			44.8224411547203	-40.2010847810616
			44.8460195035655	-40.2010847810616
			44.8695978524107	-40.1775064322164
			44.8931762012559	-40.1775064322164
			44.9167545501011	-40.1775064322164
			44.9403328989463	-40.1775064322164
			44.9639112477915	-40.1775064322164
			44.9874895966367	-40.1539280833712
			45.0110679454819	-40.1539280833712
			45.0346462943271	-40.1539280833712
			45.0582246431723	-40.1539280833712
			45.0818029920175	-40.1539280833712
			45.1053813408627	-40.1539280833712
			45.1289596897079	-40.130349734526
			45.1525380385531	-40.130349734526
			45.1761163873983	-40.130349734526
			45.1996947362435	-40.130349734526
			45.2232730850887	-40.130349734526
			45.2468514339339	-40.130349734526
			45.2704297827791	-40.130349734526
			45.2940081316243	-40.1067713856808
			45.3175864804695	-40.1067713856808
			45.3411648293146	-40.1067713856808
			45.3647431781598	-40.1067713856808
			45.388321527005	-40.0831930368356
			45.4118998758502	-40.0831930368356
			45.4354782246954	-40.0831930368356
			45.4590565735406	-40.0831930368356
			45.4826349223858	-40.0831930368356
			45.506213271231	-40.0831930368356
			45.5297916200762	-40.0596146879904
			45.5533699689214	-40.0596146879904
			45.5769483177666	-40.0596146879904
			45.6005266666118	-40.0596146879904
			45.624105015457	-40.0596146879904
			45.6476833643022	-40.0360363391452
			45.6712617131474	-40.0360363391452
			45.6948400619926	-40.0360363391452
			45.7184184108378	-40.0360363391452
			45.741996759683	-40.0360363391452
			45.7655751085282	-40.0124579903
			45.7891534573734	-40.0124579903
			45.8127318062186	-40.0124579903
			45.8363101550638	-40.0124579903
			45.859888503909	-40.0124579903
			45.8834668527542	-39.9888796414548
			45.9070452015994	-39.9888796414548
			45.9306235504446	-39.9888796414548
			45.9542018992898	-39.9888796414548
			45.977780248135	-39.9888796414548
			46.0013585969802	-39.9653012926096
			46.0249369458254	-39.9653012926096
			46.0485152946706	-39.9653012926096
			46.0720936435158	-39.9653012926096
			46.095671992361	-39.9417229437644
			46.1192503412062	-39.9417229437644
			46.1428286900514	-39.9417229437644
			46.1664070388966	-39.9417229437644
			46.1899853877418	-39.9417229437644
			46.213563736587	-39.9181445949192
			46.2371420854321	-39.9181445949192
			46.2607204342773	-39.9181445949192
			46.2842987831225	-39.894566246074
			46.3078771319677	-39.894566246074
			46.3314554808129	-39.894566246074
			46.3550338296581	-39.894566246074
			46.3786121785033	-39.8709878972288
			46.4021905273485	-39.8709878972288
			46.4257688761937	-39.8709878972288
			46.4493472250389	-39.8709878972288
			46.4729255738841	-39.8709878972288
			46.4965039227293	-39.8474095483836
			46.5200822715745	-39.8474095483836
			46.5436606204197	-39.8474095483836
			46.5672389692649	-39.8238311995385
			46.5908173181101	-39.8238311995385
			46.6143956669553	-39.8238311995385
			46.6379740158005	-39.8238311995385
			46.6615523646457	-39.8002528506933
			46.6851307134909	-39.8002528506933
			46.7087090623361	-39.8002528506933
			46.7322874111813	-39.8002528506933
			46.7322874111813	-39.7766745018481
			46.7558657600265	-39.7766745018481
			46.7794441088717	-39.7766745018481
			46.8030224577169	-39.7766745018481
			46.8266008065621	-39.7530961530029
			46.8501791554073	-39.7530961530029
			46.8737575042525	-39.7530961530029
			46.8973358530977	-39.7530961530029
			46.9209142019429	-39.7295178041577
			46.9444925507881	-39.7295178041577
			46.9680708996333	-39.7295178041577
			46.9916492484785	-39.7059394553125
			47.0152275973237	-39.7059394553125
			47.0388059461689	-39.7059394553125
			47.0623842950141	-39.7059394553125
			47.0623842950141	-39.6823611064673
			47.0859626438593	-39.6823611064673
			47.1095409927045	-39.6823611064673
			47.1331193415497	-39.6823611064673
			47.1566976903949	-39.6587827576221
			47.18027603924	-39.6587827576221
			47.2038543880852	-39.6587827576221
			47.2274327369304	-39.6352044087769
			47.2510110857756	-39.6352044087769
			47.2745894346208	-39.6352044087769
			47.298167783466	-39.6116260599317
			47.3217461323112	-39.6116260599317
			47.3453244811564	-39.6116260599317
			47.3689028300016	-39.5880477110865
			47.3924811788468	-39.5880477110865
			47.416059527692	-39.5880477110865
			47.4396378765372	-39.5644693622413
			47.4632162253824	-39.5644693622413
		</Snout_dorsal>
		<Dorsal_adipose type=matrix rownames=FALSE colnames=FALSE nrow=322 ncol=2 as.numeric=TRUE >
			47.4632162253824	-39.5644693622413
			47.4867945742276	-39.5644693622413
			47.5103729230728	-39.5644693622413
			47.533951271918	-39.5644693622413
			47.5575296207632	-39.5644693622413
			47.5811079696084	-39.5644693622413
			47.6046863184536	-39.5644693622413
			47.6282646672988	-39.5644693622413
			47.651843016144	-39.5644693622413
			47.6754213649892	-39.5644693622413
			47.6989997138344	-39.5880477110865
			47.7225780626796	-39.5880477110865
			47.7461564115248	-39.5880477110865
			47.76973476037	-39.5880477110865
			47.7933131092152	-39.5880477110865
			47.8168914580604	-39.5880477110865
			47.8404698069056	-39.5880477110865
			47.8640481557508	-39.5880477110865
			47.887626504596	-39.5880477110865
			47.9112048534412	-39.5880477110865
			47.9347832022864	-39.5880477110865
			47.9583615511316	-39.6116260599317
			47.9819398999768	-39.6116260599317
			48.005518248822	-39.6116260599317
			48.0290965976672	-39.6116260599317
			48.0526749465124	-39.6116260599317
			48.0762532953575	-39.6116260599317
			48.0998316442027	-39.6116260599317
			48.1234099930479	-39.6116260599317
			48.1469883418931	-39.6352044087769
			48.1705666907383	-39.6352044087769
			48.1941450395835	-39.6352044087769
			48.2177233884287	-39.6352044087769
			48.2413017372739	-39.6352044087769
			48.2648800861191	-39.6352044087769
			48.2884584349643	-39.6352044087769
			48.3120367838095	-39.6587827576221
			48.3356151326547	-39.6587827576221
			48.3591934814999	-39.6587827576221
			48.3827718303451	-39.6587827576221
			48.4063501791903	-39.6587827576221
			48.4299285280355	-39.6587827576221
			48.4535068768807	-39.6823611064673
			48.4770852257259	-39.6823611064673
			48.5006635745711	-39.6823611064673
			48.5242419234163	-39.6823611064673
			48.5478202722615	-39.6823611064673
			48.5713986211067	-39.6823611064673
			48.5949769699519	-39.7059394553125
			48.6185553187971	-39.7059394553125
			48.6421336676423	-39.7059394553125
			48.6657120164875	-39.7059394553125
			48.6892903653327	-39.7059394553125
			48.7128687141779	-39.7295178041577
			48.7364470630231	-39.7295178041577
			48.7600254118683	-39.7295178041577
			48.7836037607135	-39.7295178041577
			48.8071821095587	-39.7295178041577
			48.8307604584039	-39.7530961530029
			48.8543388072491	-39.7530961530029
			48.8779171560943	-39.7530961530029
			48.9014955049395	-39.7530961530029
			48.9250738537847	-39.7766745018481
			48.9486522026299	-39.7766745018481
			48.9722305514751	-39.7766745018481
			48.9958089003202	-39.7766745018481
			49.0193872491654	-39.7766745018481
			49.0429655980106	-39.8002528506933
			49.0665439468558	-39.8002528506933
			49.090122295701	-39.8002528506933
			49.1137006445462	-39.8002528506933
			49.1372789933914	-39.8238311995385
			49.1608573422366	-39.8238311995385
			49.1844356910818	-39.8238311995385
			49.208014039927	-39.8238311995385
			49.2315923887722	-39.8474095483836
			49.2551707376174	-39.8474095483836
			49.2787490864626	-39.8474095483836
			49.3023274353078	-39.8474095483836
			49.325905784153	-39.8474095483836
			49.3494841329982	-39.8709878972288
			49.3730624818434	-39.8709878972288
			49.3966408306886	-39.8709878972288
			49.4202191795338	-39.8709878972288
			49.443797528379	-39.894566246074
			49.4673758772242	-39.894566246074
			49.4909542260694	-39.894566246074
			49.5145325749146	-39.894566246074
			49.5381109237598	-39.9181445949192
			49.561689272605	-39.9181445949192
			49.5852676214502	-39.9181445949192
			49.6088459702954	-39.9417229437644
			49.6324243191406	-39.9417229437644
			49.6560026679858	-39.9417229437644
			49.679581016831	-39.9417229437644
			49.7031593656762	-39.9653012926096
			49.7267377145214	-39.9653012926096
			49.7503160633666	-39.9653012926096
			49.7738944122118	-39.9653012926096
			49.797472761057	-39.9888796414548
			49.8210511099022	-39.9888796414548
			49.8446294587474	-39.9888796414548
			49.8682078075926	-40.0124579903
			49.8917861564378	-40.0124579903
			49.915364505283	-40.0124579903
			49.9389428541281	-40.0124579903
			49.9625212029733	-40.0360363391452
			49.9860995518185	-40.0360363391452
			50.0096779006637	-40.0360363391452
			50.0332562495089	-40.0596146879904
			50.0568345983541	-40.0596146879904
			50.0804129471993	-40.0596146879904
			50.1039912960445	-40.0831930368356
			50.1275696448897	-40.0831930368356
			50.1511479937349	-40.0831930368356
			50.1747263425801	-40.1067713856808
			50.1983046914253	-40.1067713856808
			50.2218830402705	-40.1067713856808
			50.2454613891157	-40.130349734526
			50.2690397379609	-40.130349734526
			50.2926180868061	-40.130349734526
			50.3161964356513	-40.1539280833712
			50.3397747844965	-40.1539280833712
			50.3633531333417	-40.1539280833712
			50.3869314821869	-40.1539280833712
			50.4105098310321	-40.1775064322164
			50.4340881798773	-40.1775064322164
			50.4576665287225	-40.1775064322164
			50.4812448775677	-40.2010847810616
			50.5048232264129	-40.2010847810616
			50.5284015752581	-40.2010847810616
			50.5519799241033	-40.2246631299068
			50.5755582729485	-40.2246631299068
			50.5991366217937	-40.2246631299068
			50.6227149706389	-40.248241478752
			50.6462933194841	-40.248241478752
			50.6698716683293	-40.248241478752
			50.6934500171745	-40.2718198275972
			50.7170283660197	-40.2718198275972
			50.7406067148649	-40.2718198275972
			50.7641850637101	-40.2953981764424
			50.7877634125553	-40.2953981764424
			50.8113417614004	-40.2953981764424
			50.8349201102456	-40.3189765252876
			50.8584984590908	-40.3189765252876
			50.882076807936	-40.3189765252876
			50.9056551567812	-40.3425548741328
			50.9292335056264	-40.3425548741328
			50.9528118544716	-40.3425548741328
			50.9763902033168	-40.366133222978
			50.999968552162	-40.366133222978
			51.0235469010072	-40.366133222978
			51.0471252498524	-40.3897115718232
			51.0707035986976	-40.3897115718232
			51.0942819475428	-40.4132899206684
			51.117860296388	-40.4132899206684
			51.1414386452332	-40.4132899206684
			51.1650169940784	-40.4368682695136
			51.1885953429236	-40.4368682695136
			51.2121736917688	-40.4368682695136
			51.235752040614	-40.4604466183588
			51.2593303894592	-40.4604466183588
			51.2829087383044	-40.4604466183588
			51.3064870871496	-40.484024967204
			51.3300654359948	-40.484024967204
			51.35364378484	-40.484024967204
			51.35364378484	-40.5076033160492
			51.3772221336852	-40.5076033160492
			51.4008004825304	-40.5076033160492
			51.4243788313756	-40.5311816648944
			51.4479571802208	-40.5311816648944
			51.471535529066	-40.5311816648944
			51.4951138779112	-40.5547600137396
			51.5186922267564	-40.5547600137396
			51.5422705756016	-40.5547600137396
			51.5658489244468	-40.5547600137396
			51.589427273292	-40.5547600137396
			51.6130056221372	-40.5783383625848
			51.6365839709824	-40.5783383625848
			51.6601623198276	-40.5783383625848
			51.6837406686728	-40.5783383625848
			51.707319017518	-40.5783383625848
			51.7308973663632	-40.5783383625848
			51.7308973663632	-40.60191671143
			51.7544757152084	-40.60191671143
			51.7780540640535	-40.60191671143
			51.8016324128987	-40.60191671143
			51.8252107617439	-40.60191671143
			51.8487891105891	-40.60191671143
			51.8723674594343	-40.60191671143
			51.8959458082795	-40.6254950602752
			51.9195241571247	-40.6254950602752
			51.9431025059699	-40.6254950602752
			51.9666808548151	-40.6254950602752
			51.9902592036603	-40.6254950602752
			52.0138375525055	-40.6254950602752
			52.0374159013507	-40.6490734091204
			52.0609942501959	-40.6490734091204
			52.0845725990411	-40.6490734091204
			52.1081509478863	-40.6490734091204
			52.1317292967315	-40.6490734091204
			52.1553076455767	-40.6490734091204
			52.1788859944219	-40.6490734091204
			52.2024643432671	-40.6726517579656
			52.2260426921123	-40.6726517579656
			52.2496210409575	-40.6726517579656
			52.2731993898027	-40.6726517579656
			52.2967777386479	-40.6726517579656
			52.3203560874931	-40.6726517579656
			52.3439344363383	-40.6962301068108
			52.3675127851835	-40.6962301068108
			52.3910911340287	-40.6962301068108
			52.4146694828739	-40.6962301068108
			52.4382478317191	-40.6962301068108
			52.4618261805643	-40.6962301068108
			52.4854045294095	-40.6962301068108
			52.5089828782547	-40.719808455656
			52.5325612270999	-40.719808455656
			52.5561395759451	-40.719808455656
			52.5797179247903	-40.719808455656
			52.6032962736355	-40.719808455656
			52.6268746224806	-40.719808455656
			52.6504529713258	-40.719808455656
			52.674031320171	-40.7433868045011
			52.6976096690162	-40.7433868045011
			52.7211880178614	-40.7433868045011
			52.7447663667066	-40.7433868045011
			52.7683447155518	-40.7433868045011
			52.791923064397	-40.7433868045011
			52.8155014132422	-40.7669651533463
			52.8390797620874	-40.7669651533463
			52.8626581109326	-40.7669651533463
			52.8862364597778	-40.7669651533463
			52.909814808623	-40.7669651533463
			52.9333931574682	-40.7669651533463
			52.9569715063134	-40.7669651533463
			52.9805498551586	-40.7905435021915
			53.0041282040038	-40.7905435021915
			53.027706552849	-40.7905435021915
			53.0512849016942	-40.7905435021915
			53.0748632505394	-40.7905435021915
			53.0984415993846	-40.7905435021915
			53.1220199482298	-40.7905435021915
			53.145598297075	-40.8141218510367
			53.1691766459202	-40.8141218510367
			53.1927549947654	-40.8141218510367
			53.2163333436106	-40.8141218510367
			53.2399116924558	-40.8141218510367
			53.263490041301	-40.8141218510367
			53.2870683901462	-40.8141218510367
			53.3106467389914	-40.8377001998819
			53.3342250878366	-40.8377001998819
			53.3578034366818	-40.8377001998819
			53.381381785527	-40.8377001998819
			53.4049601343722	-40.8377001998819
			53.4285384832174	-40.8377001998819
			53.4521168320626	-40.8377001998819
			53.4756951809078	-40.8612785487271
			53.499273529753	-40.8612785487271
			53.5228518785982	-40.8612785487271
			53.5464302274434	-40.8612785487271
			53.5700085762886	-40.8612785487271
			53.5935869251337	-40.8612785487271
			53.6171652739789	-40.8612785487271
			53.6407436228241	-40.8848568975723
			53.6643219716693	-40.8848568975723
			53.6879003205145	-40.8848568975723
			53.7114786693597	-40.8848568975723
			53.7350570182049	-40.8848568975723
			53.7586353670501	-40.8848568975723
			53.7822137158953	-40.8848568975723
			53.8057920647405	-40.9084352464175
			53.8293704135857	-40.9084352464175
			53.8529487624309	-40.9084352464175
			53.8765271112761	-40.9084352464175
			53.9001054601213	-40.9084352464175
			53.9236838089665	-40.9084352464175
			53.9472621578117	-40.9084352464175
			53.9708405066569	-40.9084352464175
			53.9944188555021	-40.9320135952627
			54.0179972043473	-40.9320135952627
			54.0415755531925	-40.9320135952627
			54.0651539020377	-40.9320135952627
			54.0887322508829	-40.9320135952627
			54.1123105997281	-40.9320135952627
			54.1358889485733	-40.9320135952627
			54.1594672974185	-40.9320135952627
			54.1830456462637	-40.9555919441079
			54.2066239951089	-40.9555919441079
			54.2302023439541	-40.9555919441079
			54.2537806927993	-40.9555919441079
			54.2773590416445	-40.9555919441079
			54.3009373904897	-40.9555919441079
			54.3245157393349	-40.9555919441079
			54.3480940881801	-40.9555919441079
			54.3716724370253	-40.9791702929531
			54.3952507858705	-40.9791702929531
			54.4188291347157	-40.9791702929531
			54.4424074835609	-40.9791702929531
			54.4659858324061	-40.9791702929531
			54.4895641812512	-40.9791702929531
			54.5131425300964	-40.9791702929531
			54.5367208789416	-41.0027486417983
			54.5602992277868	-41.0027486417983
			54.583877576632	-41.0027486417983
			54.6074559254772	-41.0027486417983
			54.6310342743224	-41.0027486417983
			54.6546126231676	-41.0027486417983
			54.6781909720128	-41.0027486417983
			54.701769320858	-41.0027486417983
			54.7253476697032	-41.0263269906435
			54.7489260185484	-41.0263269906435
			54.7725043673936	-41.0263269906435
			54.7960827162388	-41.0263269906435
			54.819661065084	-41.0263269906435
			54.8432394139292	-41.0263269906435
			54.8668177627744	-41.0263269906435
			54.8903961116196	-41.0263269906435
			54.9139744604648	-41.0499053394887
			54.93755280931	-41.0499053394887
			54.9611311581552	-41.0499053394887
			54.9847095070004	-41.0499053394887
		</Dorsal_adipose>
		<Adipose_caudal type=matrix rownames=FALSE colnames=FALSE nrow=207 ncol=2 as.numeric=TRUE >
			54.9847095070004	-41.0499053394887
			55.0082878558456	-41.0499053394887
			55.0318662046908	-41.0499053394887
			55.055444553536	-41.0499053394887
			55.0790229023812	-41.0499053394887
			55.1026012512264	-41.0499053394887
			55.1261796000716	-41.0734836883339
			55.1497579489168	-41.0734836883339
			55.173336297762	-41.0734836883339
			55.1969146466072	-41.0734836883339
			55.2204929954524	-41.0734836883339
			55.2440713442976	-41.0734836883339
			55.2676496931428	-41.0970620371791
			55.291228041988	-41.0970620371791
			55.3148063908332	-41.0970620371791
			55.3383847396784	-41.0970620371791
			55.3619630885236	-41.1206403860243
			55.3855414373688	-41.1206403860243
			55.4091197862139	-41.1442187348695
			55.4326981350591	-41.1442187348695
			55.4562764839043	-41.1677970837147
			55.4798548327495	-41.1677970837147
			55.5034331815947	-41.1913754325599
			55.5270115304399	-41.2149537814051
			55.5505898792851	-41.2385321302503
			55.5741682281303	-41.2621104790955
			55.5741682281303	-41.2856888279407
			55.5977465769755	-41.3092671767859
			55.6213249258207	-41.3092671767859
			55.6449032746659	-41.3092671767859
			55.6684816235111	-41.3328455256311
			55.6920599723563	-41.3328455256311
			55.7156383212015	-41.3328455256311
			55.7392166700467	-41.3328455256311
			55.7627950188919	-41.3328455256311
			55.7863733677371	-41.3564238744763
			55.8099517165823	-41.3564238744763
			55.8335300654275	-41.3564238744763
			55.8571084142727	-41.3564238744763
			55.8806867631179	-41.3564238744763
			55.8806867631179	-41.3800022233215
			55.9042651119631	-41.3800022233215
			55.9278434608083	-41.3800022233215
			55.9514218096535	-41.3800022233215
			55.9750001584987	-41.3800022233215
			55.9985785073439	-41.3800022233215
			56.0221568561891	-41.4035805721667
			56.0457352050343	-41.4035805721667
			56.0693135538795	-41.4035805721667
			56.0928919027247	-41.4035805721667
			56.1164702515699	-41.4271589210119
			56.1400486004151	-41.4271589210119
			56.1636269492603	-41.4271589210119
			56.1872052981055	-41.4271589210119
			56.2107836469507	-41.4271589210119
			56.2343619957959	-41.4507372698571
			56.2579403446411	-41.4507372698571
			56.2815186934863	-41.4507372698571
			56.3050970423315	-41.4507372698571
			56.3286753911766	-41.4507372698571
			56.3522537400218	-41.4743156187023
			56.375832088867	-41.4743156187023
			56.3994104377122	-41.4743156187023
			56.4229887865574	-41.4743156187023
			56.4465671354026	-41.4743156187023
			56.4701454842478	-41.4978939675475
			56.493723833093	-41.4978939675475
			56.5173021819382	-41.4978939675475
			56.5408805307834	-41.4978939675475
			56.5644588796286	-41.4978939675475
			56.5880372284738	-41.4978939675475
			56.611615577319	-41.5214723163927
			56.6351939261642	-41.5214723163927
			56.6587722750094	-41.5214723163927
			56.6823506238546	-41.5214723163927
			56.7059289726998	-41.5214723163927
			56.729507321545	-41.5450506652379
			56.7530856703902	-41.5450506652379
			56.7766640192354	-41.5450506652379
			56.8002423680806	-41.5450506652379
			56.8238207169258	-41.5450506652379
			56.8238207169258	-41.5686290140831
			56.847399065771	-41.5686290140831
			56.8709774146162	-41.5686290140831
			56.8945557634614	-41.5686290140831
			56.9181341123066	-41.5686290140831
			56.9417124611518	-41.5686290140831
			56.965290809997	-41.5922073629283
			56.9888691588422	-41.5922073629283
			57.0124475076874	-41.5922073629283
			57.0360258565326	-41.5922073629283
			57.0596042053778	-41.5922073629283
			57.083182554223	-41.5922073629283
			57.1067609030682	-41.6157857117735
			57.1303392519134	-41.6157857117735
			57.1539176007586	-41.6157857117735
			57.1774959496038	-41.6157857117735
			57.201074298449	-41.6157857117735
			57.2246526472941	-41.6393640606187
			57.2482309961393	-41.6393640606187
			57.2718093449845	-41.6393640606187
			57.2953876938297	-41.6393640606187
			57.3189660426749	-41.6393640606187
			57.3425443915201	-41.6629424094639
			57.3661227403653	-41.6629424094639
			57.3897010892105	-41.6629424094639
			57.4132794380557	-41.6629424094639
			57.4368577869009	-41.6629424094639
			57.4604361357461	-41.6629424094639
			57.4840144845913	-41.686520758309
			57.5075928334365	-41.686520758309
			57.5311711822817	-41.686520758309
			57.5547495311269	-41.686520758309
			57.5783278799721	-41.686520758309
			57.6019062288173	-41.686520758309
			57.6254845776625	-41.7100991071542
			57.6490629265077	-41.7100991071542
			57.6726412753529	-41.7100991071542
			57.6962196241981	-41.7100991071542
			57.7197979730433	-41.7100991071542
			57.7433763218885	-41.7100991071542
			57.7669546707337	-41.7336774559994
			57.7905330195789	-41.7336774559994
			57.8141113684241	-41.7336774559994
			57.8376897172693	-41.7336774559994
			57.8612680661145	-41.7336774559994
			57.8848464149597	-41.7336774559994
			57.9084247638049	-41.7572558048446
			57.9320031126501	-41.7572558048446
			57.9555814614953	-41.7572558048446
			57.9791598103405	-41.7572558048446
			58.0027381591857	-41.7572558048446
			58.0263165080309	-41.7572558048446
			58.0498948568761	-41.7572558048446
			58.0734732057213	-41.7808341536898
			58.0970515545665	-41.7808341536898
			58.1206299034117	-41.7808341536898
			58.1442082522569	-41.7808341536898
			58.167786601102	-41.7808341536898
			58.1913649499472	-41.7808341536898
			58.2149432987924	-41.7808341536898
			58.2385216476376	-41.7808341536898
			58.2620999964828	-41.804412502535
			58.285678345328	-41.804412502535
			58.3092566941732	-41.804412502535
			58.3328350430184	-41.804412502535
			58.3564133918636	-41.804412502535
			58.3799917407088	-41.804412502535
			58.403570089554	-41.804412502535
			58.4271484383992	-41.804412502535
			58.4507267872444	-41.804412502535
			58.4743051360896	-41.8279908513802
			58.4978834849348	-41.8279908513802
			58.52146183378	-41.8279908513802
			58.5450401826252	-41.8279908513802
			58.5686185314704	-41.8279908513802
			58.5921968803156	-41.8279908513802
			58.6157752291608	-41.8279908513802
			58.639353578006	-41.8279908513802
			58.6629319268512	-41.8279908513802
			58.6865102756964	-41.804412502535
			58.7100886245416	-41.804412502535
			58.7336669733868	-41.804412502535
			58.757245322232	-41.804412502535
			58.7808236710772	-41.804412502535
			58.8044020199224	-41.804412502535
			58.8279803687676	-41.804412502535
			58.8515587176128	-41.804412502535
			58.875137066458	-41.7808341536898
			58.8987154153032	-41.7808341536898
			58.9222937641484	-41.7808341536898
			58.9458721129936	-41.7808341536898
			58.9694504618388	-41.7808341536898
			58.993028810684	-41.7808341536898
			59.0166071595292	-41.7808341536898
			59.0401855083743	-41.7808341536898
			59.0637638572195	-41.7808341536898
			59.0873422060647	-41.7808341536898
			59.1109205549099	-41.7808341536898
			59.1344989037551	-41.7808341536898
			59.1580772526003	-41.7808341536898
			59.1816556014455	-41.7808341536898
			59.2052339502907	-41.7808341536898
			59.2288122991359	-41.7808341536898
			59.2523906479811	-41.7808341536898
			59.2759689968263	-41.7808341536898
			59.2995473456715	-41.7808341536898
			59.3231256945167	-41.7808341536898
			59.3467040433619	-41.7808341536898
			59.3702823922071	-41.7808341536898
			59.3938607410523	-41.7808341536898
			59.4174390898975	-41.7808341536898
			59.4410174387427	-41.7808341536898
			59.4645957875879	-41.7808341536898
			59.4881741364331	-41.7808341536898
			59.4881741364331	-41.804412502535
			59.5117524852783	-41.804412502535
			59.5353308341235	-41.804412502535
			59.5589091829687	-41.804412502535
			59.5824875318139	-41.804412502535
			59.6060658806591	-41.804412502535
			59.6296442295043	-41.8279908513802
			59.6532225783495	-41.8279908513802
			59.6768009271947	-41.8279908513802
			59.7003792760399	-41.8279908513802
			59.7239576248851	-41.8515692002254
			59.7475359737303	-41.8515692002254
		</Adipose_caudal>
		<Caudal_anal type=matrix rownames=FALSE colnames=FALSE nrow=311 ncol=2 as.numeric=TRUE >
			59.5353308341235	-44.5630793174231
			59.5117524852783	-44.5630793174231
			59.4881741364331	-44.5866576662683
			59.4645957875879	-44.5866576662683
			59.4410174387427	-44.5866576662683
			59.4174390898975	-44.5866576662683
			59.3938607410523	-44.5866576662683
			59.3702823922071	-44.5866576662683
			59.3467040433619	-44.6102360151135
			59.3231256945167	-44.6102360151135
			59.2995473456715	-44.6102360151135
			59.2759689968263	-44.6102360151135
			59.2523906479811	-44.6102360151135
			59.2288122991359	-44.6102360151135
			59.2052339502907	-44.6102360151135
			59.1816556014455	-44.6102360151135
			59.1580772526003	-44.6102360151135
			59.1344989037551	-44.6102360151135
			59.1109205549099	-44.6102360151135
			59.0873422060647	-44.6102360151135
			59.0637638572195	-44.6102360151135
			59.0401855083743	-44.6102360151135
			59.0166071595292	-44.6102360151135
			58.993028810684	-44.5866576662683
			58.9694504618388	-44.5866576662683
			58.9458721129936	-44.5866576662683
			58.9222937641484	-44.5866576662683
			58.8987154153032	-44.5866576662683
			58.875137066458	-44.5866576662683
			58.8515587176128	-44.5866576662683
			58.8279803687676	-44.5630793174231
			58.8044020199224	-44.5630793174231
			58.7808236710772	-44.5630793174231
			58.757245322232	-44.5630793174231
			58.7336669733868	-44.5395009685779
			58.7100886245416	-44.5395009685779
			58.6865102756964	-44.5395009685779
			58.6629319268512	-44.5395009685779
			58.639353578006	-44.5159226197327
			58.6157752291608	-44.5159226197327
			58.5921968803156	-44.5159226197327
			58.5686185314704	-44.5159226197327
			58.5450401826252	-44.4923442708875
			58.52146183378	-44.4923442708875
			58.4978834849348	-44.4923442708875
			58.4743051360896	-44.4923442708875
			58.4507267872444	-44.4923442708875
			58.4271484383992	-44.4923442708875
			58.403570089554	-44.4923442708875
			58.3799917407088	-44.4923442708875
			58.3564133918636	-44.4923442708875
			58.3328350430184	-44.4923442708875
			58.3092566941732	-44.4923442708875
			58.285678345328	-44.4923442708875
			58.2620999964828	-44.4687659220423
			58.2385216476376	-44.4687659220423
			58.2149432987924	-44.4687659220423
			58.1913649499472	-44.4687659220423
			58.167786601102	-44.4687659220423
			58.1442082522569	-44.4687659220423
			58.1206299034117	-44.4687659220423
			58.0970515545665	-44.4687659220423
			58.0734732057213	-44.4687659220423
			58.0498948568761	-44.4687659220423
			58.0263165080309	-44.4687659220423
			58.0027381591857	-44.4687659220423
			57.9791598103405	-44.4687659220423
			57.9555814614953	-44.4687659220423
			57.9320031126501	-44.4687659220423
			57.9084247638049	-44.4687659220423
			57.8848464149597	-44.4687659220423
			57.8612680661145	-44.4687659220423
			57.8376897172693	-44.4687659220423
			57.8141113684241	-44.4687659220423
			57.7905330195789	-44.4687659220423
			57.7669546707337	-44.4687659220423
			57.7433763218885	-44.4687659220423
			57.7197979730433	-44.4687659220423
			57.6962196241981	-44.4451875731971
			57.6726412753529	-44.4451875731971
			57.6490629265077	-44.4451875731971
			57.6254845776625	-44.4451875731971
			57.6019062288173	-44.4451875731971
			57.5783278799721	-44.4451875731971
			57.5547495311269	-44.4451875731971
			57.5311711822817	-44.4451875731971
			57.5075928334365	-44.4451875731971
			57.4840144845913	-44.4451875731971
			57.4604361357461	-44.4451875731971
			57.4368577869009	-44.4451875731971
			57.4132794380557	-44.4451875731971
			57.3897010892105	-44.4451875731971
			57.3661227403653	-44.4451875731971
			57.3425443915201	-44.4451875731971
			57.3189660426749	-44.4451875731971
			57.2953876938297	-44.4451875731971
			57.2718093449845	-44.4451875731971
			57.2482309961393	-44.4451875731971
			57.2246526472941	-44.4451875731971
			57.201074298449	-44.4451875731971
			57.1774959496038	-44.4451875731971
			57.1539176007586	-44.4451875731971
			57.1303392519134	-44.4451875731971
			57.1067609030682	-44.4451875731971
			57.083182554223	-44.4451875731971
			57.0596042053778	-44.4451875731971
			57.0360258565326	-44.4216092243519
			57.0124475076874	-44.4216092243519
			56.9888691588422	-44.4216092243519
			56.965290809997	-44.4216092243519
			56.9417124611518	-44.4216092243519
			56.9181341123066	-44.4216092243519
			56.8945557634614	-44.4216092243519
			56.8709774146162	-44.4216092243519
			56.847399065771	-44.4216092243519
			56.8238207169258	-44.4216092243519
			56.8002423680806	-44.4216092243519
			56.7766640192354	-44.4216092243519
			56.7530856703902	-44.4216092243519
			56.729507321545	-44.4216092243519
			56.7059289726998	-44.4216092243519
			56.6823506238546	-44.4216092243519
			56.6587722750094	-44.4216092243519
			56.6351939261642	-44.4216092243519
			56.611615577319	-44.4216092243519
			56.5880372284738	-44.4216092243519
			56.5644588796286	-44.4216092243519
			56.5408805307834	-44.4216092243519
			56.5173021819382	-44.4216092243519
			56.493723833093	-44.4216092243519
			56.4701454842478	-44.4216092243519
			56.4465671354026	-44.4216092243519
			56.4229887865574	-44.4216092243519
			56.3994104377122	-44.4216092243519
			56.375832088867	-44.4216092243519
			56.3522537400218	-44.4216092243519
			56.3286753911766	-44.4216092243519
			56.3050970423315	-44.4216092243519
			56.2815186934863	-44.4216092243519
			56.2579403446411	-44.4216092243519
			56.2343619957959	-44.4216092243519
			56.2107836469507	-44.4216092243519
			56.1872052981055	-44.4216092243519
			56.1636269492603	-44.4216092243519
			56.1400486004151	-44.4216092243519
			56.1164702515699	-44.4216092243519
			56.0928919027247	-44.4216092243519
			56.0693135538795	-44.4216092243519
			56.0457352050343	-44.4216092243519
			56.0221568561891	-44.4216092243519
			55.9985785073439	-44.4216092243519
			55.9750001584987	-44.4216092243519
			55.9514218096535	-44.4216092243519
			55.9278434608083	-44.4216092243519
			55.9042651119631	-44.4216092243519
			55.8806867631179	-44.4216092243519
			55.8571084142727	-44.4216092243519
			55.8335300654275	-44.4216092243519
			55.8099517165823	-44.4216092243519
			55.7863733677371	-44.4216092243519
			55.7627950188919	-44.4216092243519
			55.7392166700467	-44.4216092243519
			55.7156383212015	-44.4216092243519
			55.6920599723563	-44.4216092243519
			55.6684816235111	-44.4216092243519
			55.6449032746659	-44.4216092243519
			55.6213249258207	-44.4216092243519
			55.5977465769755	-44.4216092243519
			55.5741682281303	-44.4216092243519
			55.5505898792851	-44.4216092243519
			55.5270115304399	-44.4216092243519
			55.5034331815947	-44.4216092243519
			55.4798548327495	-44.4216092243519
			55.4562764839043	-44.4216092243519
			55.4326981350591	-44.4216092243519
			55.4091197862139	-44.4216092243519
			55.3855414373688	-44.4451875731971
			55.3619630885236	-44.4451875731971
			55.3383847396784	-44.4451875731971
			55.3148063908332	-44.4451875731971
			55.291228041988	-44.4451875731971
			55.2676496931428	-44.4451875731971
			55.2440713442976	-44.4451875731971
			55.2204929954524	-44.4451875731971
			55.2204929954524	-44.4687659220423
			55.1969146466072	-44.4687659220423
			55.173336297762	-44.4687659220423
			55.1497579489168	-44.4687659220423
			55.1261796000716	-44.4687659220423
			55.1026012512264	-44.4923442708875
			55.0790229023812	-44.4923442708875
			55.055444553536	-44.4923442708875
			55.0318662046908	-44.4923442708875
			55.0082878558456	-44.4923442708875
			54.9847095070004	-44.4923442708875
			54.9611311581552	-44.4923442708875
			54.93755280931	-44.5159226197327
			54.9139744604648	-44.5159226197327
			54.8903961116196	-44.5159226197327
			54.8668177627744	-44.5159226197327
			54.8432394139292	-44.5159226197327
			54.819661065084	-44.5395009685779
			54.7960827162388	-44.5395009685779
			54.7725043673936	-44.5395009685779
			54.7489260185484	-44.5395009685779
			54.7253476697032	-44.5395009685779
			54.701769320858	-44.5395009685779
			54.6781909720128	-44.5630793174231
			54.6546126231676	-44.5630793174231
			54.6310342743224	-44.5630793174231
			54.6074559254772	-44.5630793174231
			54.583877576632	-44.5630793174231
			54.5602992277868	-44.5630793174231
			54.5367208789416	-44.5866576662683
			54.5131425300964	-44.5866576662683
			54.4895641812512	-44.5866576662683
			54.4659858324061	-44.5866576662683
			54.4424074835609	-44.5866576662683
			54.4188291347157	-44.5866576662683
			54.3952507858705	-44.6102360151135
			54.3716724370253	-44.6102360151135
			54.3480940881801	-44.6102360151135
			54.3245157393349	-44.6102360151135
			54.3009373904897	-44.6102360151135
			54.2773590416445	-44.6102360151135
			54.2537806927993	-44.6338143639587
			54.2302023439541	-44.6338143639587
			54.2066239951089	-44.6338143639587
			54.1830456462637	-44.6338143639587
			54.1594672974185	-44.6338143639587
			54.1358889485733	-44.6338143639587
			54.1123105997281	-44.6573927128039
			54.0887322508829	-44.6573927128039
			54.0651539020377	-44.6573927128039
			54.0415755531925	-44.6573927128039
			54.0179972043473	-44.6573927128039
			53.9944188555021	-44.6573927128039
			53.9708405066569	-44.6809710616491
			53.9472621578117	-44.6809710616491
			53.9236838089665	-44.6809710616491
			53.9001054601213	-44.6809710616491
			53.8765271112761	-44.6809710616491
			53.8529487624309	-44.6809710616491
			53.8293704135857	-44.7045494104943
			53.8057920647405	-44.7045494104943
			53.7822137158953	-44.7045494104943
			53.7586353670501	-44.7045494104943
			53.7350570182049	-44.7045494104943
			53.7114786693597	-44.7045494104943
			53.6879003205145	-44.7281277593395
			53.6643219716693	-44.7281277593395
			53.6407436228241	-44.7281277593395
			53.6171652739789	-44.7281277593395
			53.5935869251337	-44.7281277593395
			53.5700085762886	-44.7517061081847
			53.5464302274434	-44.7517061081847
			53.5228518785982	-44.7517061081847
			53.499273529753	-44.7517061081847
			53.4756951809078	-44.7517061081847
			53.4521168320626	-44.7517061081847
			53.4285384832174	-44.7752844570299
			53.4049601343722	-44.7752844570299
			53.381381785527	-44.7752844570299
			53.3578034366818	-44.7752844570299
			53.3342250878366	-44.7752844570299
			53.3106467389914	-44.7752844570299
			53.2870683901462	-44.7988628058751
			53.263490041301	-44.7988628058751
			53.2399116924558	-44.7988628058751
			53.2163333436106	-44.7988628058751
			53.1927549947654	-44.7988628058751
			53.1691766459202	-44.8224411547203
			53.145598297075	-44.8224411547203
			53.1220199482298	-44.8224411547203
			53.0984415993846	-44.8224411547203
			53.0748632505394	-44.8224411547203
			53.0512849016942	-44.8224411547203
			53.027706552849	-44.8224411547203
			53.0041282040038	-44.8460195035655
			52.9805498551586	-44.8460195035655
			52.9569715063134	-44.8460195035655
			52.9333931574682	-44.8460195035655
			52.909814808623	-44.8460195035655
			52.8862364597778	-44.8460195035655
			52.8626581109326	-44.8695978524107
			52.8390797620874	-44.8695978524107
			52.8155014132422	-44.8695978524107
			52.791923064397	-44.8695978524107
			52.7683447155518	-44.8695978524107
			52.7447663667066	-44.8931762012559
			52.7211880178614	-44.8931762012559
			52.6976096690162	-44.8931762012559
			52.674031320171	-44.8931762012559
			52.6504529713258	-44.8931762012559
			52.6268746224806	-44.8931762012559
			52.6032962736355	-44.9167545501011
			52.5797179247903	-44.9167545501011
			52.5561395759451	-44.9167545501011
			52.5325612270999	-44.9167545501011
			52.5089828782547	-44.9167545501011
			52.4854045294095	-44.9167545501011
			52.4854045294095	-44.9403328989463
			52.4618261805643	-44.9403328989463
			52.4382478317191	-44.9403328989463
			52.4146694828739	-44.9403328989463
			52.3910911340287	-44.9403328989463
			52.3675127851835	-44.9403328989463
			52.3439344363383	-44.9403328989463
			52.3203560874931	-44.9639112477915
			52.2967777386479	-44.9639112477915
			52.2731993898027	-44.9639112477915
		</Caudal_anal>
	</curves.scaled>
	<ruler.points type=matrix rownames=TRUE colnames=FALSE nrow=3 ncol=2 as.numeric=TRUE >
		Ruler point 1	3209	2266
		Ruler point 2	3420	2260
		Ruler point 3	3633	2256
	</ruler.points>
</shapes>

