<shapes type=list>
	<ruler.pixel type=vector names=FALSE length=1 as.numeric=TRUE >129.139459500019</ruler.pixel>
	<ruler.interval type=vector names=FALSE length=1 as.numeric=TRUE >5</ruler.interval>
	<scaling.units type=vector names=FALSE length=1 as.numeric=FALSE >mm</scaling.units>
	<scaling type=vector names=FALSE length=1 as.numeric=TRUE >0.0387178327937733</scaling>
	<landmarks.pixel type=matrix rownames=TRUE colnames=FALSE nrow=11 ncol=2 as.numeric=TRUE >
		Anterior_eye	427	605
		Posterior_eye	544	602
		Posterior_Maxilla	584	718
		Anterior_Maxilla	393	623
		Dorsal_fin_insertion	837	488
		Adipose_fin_insertion	1111	523
		Dorsal_caudal	1284	543
		Ventral_caudal	1298	687
		Anal_fin_insertion	1032	726
		Pelvic_fin_insertion	847	725
		Pectoral_fin_insertion	696	696
	</landmarks.pixel>
	<landmarks.scaled type=matrix rownames=TRUE colnames=FALSE nrow=11 ncol=2 as.numeric=TRUE >
		Anterior_eye	16.5325146029412	-23.4242888402328
		Posterior_eye	21.0625010398127	-23.3081353418515
		Posterior_Maxilla	22.6112143515636	-27.7994039459292
		Anterior_Maxilla	15.2161082879529	-24.1212098305208
		Dorsal_fin_insertion	32.4068260483882	-18.8943024033614
		Adipose_fin_insertion	43.0155122338821	-20.2494265511434
		Dorsal_caudal	49.7136973072049	-21.0237832070189
		Ventral_caudal	50.2557469663177	-26.5991511293222
		Anal_fin_insertion	39.956803443174	-28.1091466082794
		Pelvic_fin_insertion	32.794004376326	-28.0704287754856
		Pectoral_fin_insertion	26.9476116244662	-26.9476116244662
	</landmarks.scaled>
	<curves.control type=list>
		<Snout_dorsal type=matrix rownames=FALSE colnames=FALSE nrow=7 ncol=2 as.numeric=TRUE >
			393	623
			410	551
			481	515
			554	488
			667	500
			796	506
			837	488
		</Snout_dorsal>
		<Dorsal_adipose type=matrix rownames=FALSE colnames=FALSE nrow=5 ncol=2 as.numeric=TRUE >
			837	488
			922	501
			1007	515
			1083	527
			1111	523
		</Dorsal_adipose>
		<Adipose_caudal type=matrix rownames=FALSE colnames=FALSE nrow=7 ncol=2 as.numeric=TRUE >
			1111	523
			1145	519
			1148	537
			1213	558
			1269	550
			1277	543
			1284	543
		</Adipose_caudal>
		<Caudal_anal type=matrix rownames=FALSE colnames=FALSE nrow=7 ncol=2 as.numeric=TRUE >
			1298	687
			1276	692
			1247	690
			1210	695
			1190	698
			1141	714
			1032	726
		</Caudal_anal>
	</curves.control>
	<curves.pixel type=list>
		<Snout_dorsal type=matrix rownames=FALSE colnames=FALSE nrow=485 ncol=2 as.numeric=TRUE >
			393	623
			393	622
			393	621
			394	620
			394	619
			394	618
			395	617
			395	616
			395	615
			395	614
			396	613
			396	612
			396	611
			397	610
			397	609
			397	608
			398	607
			398	606
			398	605
			399	604
			399	603
			399	602
			400	601
			400	600
			400	599
			401	598
			401	597
			402	596
			402	595
			403	594
			403	593
			404	592
			404	591
			405	590
			405	589
			406	588
			406	587
			406	586
			407	586
			407	585
			408	584
			408	583
			409	582
			409	581
			410	580
			410	579
			411	578
			411	577
			412	576
			413	575
			414	574
			414	573
			415	572
			416	571
			416	570
			417	569
			418	568
			418	567
			419	566
			420	565
			421	564
			421	563
			422	562
			423	561
			424	560
			425	559
			425	558
			426	557
			427	556
			428	555
			429	554
			429	553
			430	552
			431	551
			432	550
			433	549
			434	549
			435	548
			436	547
			437	546
			437	545
			438	544
			439	543
			440	542
			441	542
			442	541
			443	540
			444	539
			445	538
			446	537
			447	537
			448	536
			449	535
			450	534
			451	533
			452	533
			453	532
			454	531
			455	530
			456	530
			457	529
			458	529
			459	528
			460	527
			461	527
			462	526
			463	526
			463	525
			464	524
			465	524
			466	523
			467	523
			468	522
			469	521
			470	521
			471	520
			472	520
			473	519
			474	518
			475	518
			476	518
			477	517
			478	517
			479	516
			480	515
			481	515
			482	515
			482	514
			483	514
			484	514
			485	514
			486	513
			487	513
			488	512
			489	512
			490	512
			491	511
			492	511
			493	511
			494	511
			495	510
			496	510
			497	510
			498	509
			499	509
			500	509
			501	508
			502	508
			503	508
			504	508
			505	507
			506	507
			507	507
			508	507
			509	506
			510	506
			511	506
			512	506
			513	505
			514	505
			515	505
			516	505
			517	505
			518	504
			519	504
			520	504
			521	504
			522	503
			523	503
			524	503
			525	503
			526	503
			527	503
			528	502
			529	502
			530	502
			531	502
			532	502
			533	501
			534	501
			535	501
			536	501
			537	501
			538	501
			539	501
			540	500
			541	500
			542	500
			543	500
			544	500
			545	500
			546	500
			547	499
			548	499
			549	499
			550	499
			551	499
			552	499
			553	499
			554	499
			555	499
			556	498
			557	498
			558	498
			559	498
			560	498
			561	498
			562	498
			563	498
			564	498
			565	498
			566	498
			567	498
			568	497
			569	497
			570	497
			571	497
			572	497
			573	497
			574	497
			575	497
			576	497
			577	497
			578	497
			579	497
			580	497
			581	497
			582	497
			583	497
			584	497
			585	497
			586	497
			587	497
			588	496
			589	496
			590	496
			591	496
			592	496
			593	496
			594	496
			595	496
			596	496
			597	496
			598	496
			599	496
			600	496
			601	496
			602	496
			603	496
			604	496
			605	496
			606	496
			607	496
			608	496
			609	496
			610	496
			611	496
			612	496
			613	496
			614	496
			615	496
			616	497
			617	497
			618	497
			619	497
			620	497
			621	497
			622	497
			623	497
			624	497
			625	497
			626	497
			627	497
			628	497
			629	497
			630	497
			631	497
			632	497
			633	497
			634	497
			635	497
			636	497
			637	497
			638	498
			639	498
			640	498
			641	498
			642	498
			643	498
			644	498
			645	498
			646	498
			647	498
			648	498
			649	498
			650	498
			651	498
			652	499
			653	499
			654	499
			655	499
			656	499
			657	499
			658	499
			659	499
			660	499
			661	499
			662	499
			662	500
			663	500
			664	500
			665	500
			666	500
			667	500
			668	500
			669	500
			670	500
			671	500
			672	500
			673	500
			674	500
			675	500
			676	500
			677	500
			678	500
			679	501
			680	501
			681	501
			682	501
			683	501
			684	501
			685	501
			686	501
			687	501
			688	501
			689	501
			690	501
			691	501
			692	501
			693	501
			694	501
			695	501
			696	501
			697	501
			698	501
			699	501
			700	501
			701	501
			702	501
			703	501
			704	501
			705	501
			706	501
			707	501
			708	501
			709	501
			710	501
			711	501
			712	501
			713	501
			714	501
			715	501
			716	501
			717	501
			718	501
			719	501
			720	501
			721	501
			722	501
			723	501
			724	501
			725	501
			726	501
			727	501
			728	501
			729	501
			730	501
			731	501
			732	501
			733	501
			734	501
			735	501
			736	501
			737	501
			738	501
			739	501
			740	501
			741	501
			742	501
			743	501
			744	501
			745	501
			746	501
			747	501
			748	501
			749	501
			750	501
			751	501
			752	501
			753	501
			754	501
			755	501
			756	501
			757	501
			758	501
			759	501
			760	501
			761	501
			762	501
			763	501
			764	501
			765	501
			766	501
			767	500
			768	500
			769	500
			770	500
			771	500
			772	500
			773	500
			774	500
			775	500
			776	500
			777	500
			778	500
			779	500
			780	500
			781	499
			782	499
			783	499
			784	499
			785	499
			786	499
			787	499
			788	499
			789	499
			790	499
			791	499
			791	498
			792	498
			793	498
			794	498
			795	498
			796	498
			797	498
			798	498
			799	497
			800	497
			801	497
			802	497
			803	497
			804	497
			805	497
			806	496
			807	496
			808	496
			809	496
			810	496
			811	496
			812	495
			813	495
			814	495
			815	495
			816	494
			817	494
			818	494
			819	494
			820	493
			821	493
			822	493
			823	493
			824	492
			825	492
			826	492
			827	492
			828	491
			829	491
			830	491
			831	490
			832	490
			833	490
			834	489
			835	489
			836	489
			837	488
		</Snout_dorsal>
		<Dorsal_adipose type=matrix rownames=FALSE colnames=FALSE nrow=278 ncol=2 as.numeric=TRUE >
			837	488
			838	488
			839	488
			840	488
			841	489
			842	489
			843	489
			844	489
			845	489
			846	489
			847	489
			848	490
			849	490
			850	490
			851	490
			852	490
			853	490
			853	491
			854	491
			855	491
			856	491
			857	491
			858	491
			859	491
			860	492
			861	492
			862	492
			863	492
			864	492
			865	492
			866	492
			867	493
			868	493
			869	493
			870	493
			871	493
			872	493
			873	494
			874	494
			875	494
			876	494
			877	494
			878	494
			879	494
			879	495
			880	495
			881	495
			882	495
			883	495
			884	495
			885	495
			886	496
			887	496
			888	496
			889	496
			890	496
			891	496
			892	496
			893	497
			894	497
			895	497
			896	497
			897	497
			898	498
			899	498
			900	498
			901	498
			902	498
			903	498
			904	498
			905	499
			906	499
			907	499
			908	499
			909	499
			910	499
			911	500
			912	500
			913	500
			914	500
			915	500
			916	500
			917	500
			918	501
			919	501
			920	501
			921	501
			922	501
			923	501
			924	502
			925	502
			926	502
			927	502
			928	502
			929	502
			930	503
			931	503
			932	503
			933	503
			934	503
			935	503
			936	503
			937	504
			938	504
			939	504
			940	504
			941	504
			942	504
			943	505
			944	505
			945	505
			946	505
			947	505
			948	505
			949	506
			950	506
			951	506
			952	506
			953	506
			954	506
			955	506
			956	507
			957	507
			958	507
			959	507
			960	507
			961	508
			962	508
			963	508
			964	508
			965	508
			966	508
			967	509
			968	509
			969	509
			970	509
			971	509
			972	509
			973	509
			974	510
			975	510
			976	510
			977	510
			978	510
			979	510
			980	511
			981	511
			982	511
			983	511
			984	511
			985	511
			986	512
			987	512
			988	512
			989	512
			990	512
			991	512
			992	513
			993	513
			994	513
			995	513
			996	513
			997	513
			998	514
			999	514
			1000	514
			1001	514
			1002	514
			1003	514
			1004	515
			1005	515
			1006	515
			1007	515
			1008	515
			1009	515
			1010	515
			1011	516
			1012	516
			1013	516
			1014	516
			1015	516
			1016	516
			1017	517
			1018	517
			1019	517
			1020	517
			1021	517
			1022	517
			1023	517
			1024	518
			1025	518
			1026	518
			1027	518
			1028	518
			1029	518
			1030	518
			1031	519
			1032	519
			1033	519
			1034	519
			1035	519
			1036	519
			1037	519
			1038	519
			1038	520
			1039	520
			1040	520
			1041	520
			1042	520
			1043	520
			1044	520
			1045	520
			1046	521
			1047	521
			1048	521
			1049	521
			1050	521
			1051	521
			1052	521
			1053	521
			1054	521
			1055	522
			1056	522
			1057	522
			1058	522
			1059	522
			1060	522
			1061	522
			1062	522
			1063	522
			1064	522
			1065	523
			1066	523
			1067	523
			1068	523
			1069	523
			1070	523
			1071	523
			1072	523
			1073	523
			1074	523
			1075	523
			1076	523
			1077	523
			1078	523
			1079	524
			1080	524
			1081	524
			1082	524
			1083	524
			1084	524
			1085	524
			1086	524
			1087	524
			1088	524
			1089	524
			1090	524
			1091	524
			1092	524
			1093	524
			1094	524
			1095	524
			1096	524
			1097	524
			1098	524
			1099	524
			1100	524
			1101	524
			1102	524
			1103	524
			1104	524
			1105	524
			1106	524
			1107	523
			1108	523
			1109	523
			1110	523
			1111	523
		</Dorsal_adipose>
		<Adipose_caudal type=matrix rownames=FALSE colnames=FALSE nrow=184 ncol=2 as.numeric=TRUE >
			1111	523
			1112	523
			1113	523
			1114	523
			1115	523
			1116	522
			1117	522
			1118	522
			1119	522
			1120	522
			1121	522
			1122	522
			1123	522
			1124	522
			1125	522
			1126	522
			1127	522
			1128	522
			1128	523
			1129	523
			1130	523
			1131	523
			1132	523
			1133	523
			1134	523
			1135	524
			1136	524
			1137	524
			1138	525
			1139	525
			1140	526
			1141	526
			1141	527
			1142	527
			1143	528
			1144	529
			1145	530
			1146	531
			1147	532
			1147	533
			1147	534
			1148	535
			1148	536
			1148	537
			1149	537
			1150	538
			1151	538
			1152	538
			1153	539
			1154	539
			1155	539
			1156	540
			1157	540
			1158	540
			1159	540
			1160	541
			1161	541
			1162	541
			1163	541
			1164	542
			1165	542
			1166	542
			1167	543
			1168	543
			1169	543
			1170	543
			1171	544
			1172	544
			1173	544
			1174	544
			1175	545
			1176	545
			1177	545
			1178	545
			1179	545
			1180	546
			1181	546
			1182	546
			1183	546
			1184	547
			1185	547
			1186	547
			1187	547
			1188	547
			1189	547
			1189	548
			1190	548
			1191	548
			1192	548
			1193	548
			1194	548
			1195	549
			1196	549
			1197	549
			1198	549
			1199	549
			1200	549
			1201	549
			1202	550
			1203	550
			1204	550
			1205	550
			1206	550
			1207	550
			1208	550
			1209	551
			1210	551
			1211	551
			1212	551
			1213	551
			1214	551
			1215	551
			1216	551
			1217	551
			1218	551
			1219	551
			1220	552
			1221	552
			1222	552
			1223	552
			1224	552
			1225	552
			1226	552
			1227	552
			1228	552
			1229	552
			1230	552
			1231	552
			1232	552
			1233	552
			1234	552
			1235	552
			1236	552
			1237	552
			1238	552
			1239	552
			1240	552
			1241	552
			1242	552
			1243	552
			1244	552
			1245	552
			1246	552
			1247	552
			1248	552
			1249	552
			1250	552
			1251	552
			1252	552
			1253	552
			1254	552
			1255	552
			1256	551
			1257	551
			1258	551
			1259	551
			1260	551
			1261	551
			1262	551
			1263	551
			1264	551
			1265	551
			1266	550
			1267	550
			1268	550
			1269	550
			1270	550
			1270	549
			1271	549
			1271	548
			1272	548
			1272	547
			1273	547
			1274	546
			1275	546
			1276	545
			1277	545
			1278	544
			1279	544
			1280	544
			1281	543
			1282	543
			1283	543
			1284	543
		</Adipose_caudal>
		<Caudal_anal type=matrix rownames=FALSE colnames=FALSE nrow=269 ncol=2 as.numeric=TRUE >
			1298	687
			1297	687
			1296	687
			1295	688
			1294	688
			1293	688
			1292	688
			1291	688
			1290	689
			1289	689
			1288	689
			1287	689
			1286	689
			1285	689
			1284	689
			1283	690
			1282	690
			1281	690
			1280	690
			1279	690
			1278	690
			1277	690
			1276	690
			1275	690
			1274	690
			1273	690
			1272	690
			1271	690
			1270	690
			1269	690
			1268	691
			1267	691
			1266	691
			1265	691
			1264	691
			1263	691
			1262	691
			1261	691
			1260	691
			1259	691
			1258	691
			1257	690
			1256	690
			1255	690
			1254	690
			1253	690
			1252	690
			1251	690
			1250	690
			1249	690
			1248	690
			1247	690
			1246	690
			1245	690
			1244	690
			1243	691
			1242	691
			1241	691
			1240	691
			1239	691
			1238	691
			1237	691
			1236	692
			1235	692
			1234	692
			1233	692
			1232	692
			1231	692
			1230	692
			1229	692
			1228	693
			1227	693
			1226	693
			1225	693
			1224	693
			1223	693
			1222	693
			1221	694
			1220	694
			1219	694
			1218	694
			1217	694
			1216	694
			1215	694
			1214	695
			1213	695
			1212	695
			1211	695
			1210	695
			1209	695
			1208	695
			1207	696
			1206	696
			1205	696
			1204	696
			1203	696
			1202	696
			1201	696
			1200	697
			1199	697
			1198	697
			1197	697
			1196	697
			1195	697
			1194	697
			1193	698
			1192	698
			1191	698
			1190	698
			1189	698
			1188	699
			1187	699
			1186	699
			1185	699
			1185	700
			1184	700
			1183	700
			1182	700
			1181	701
			1180	701
			1179	701
			1178	702
			1177	702
			1176	702
			1175	702
			1174	703
			1173	703
			1172	703
			1171	704
			1170	704
			1169	704
			1168	704
			1167	705
			1166	705
			1165	705
			1164	705
			1163	706
			1162	706
			1161	706
			1160	706
			1159	706
			1158	707
			1157	707
			1156	707
			1155	707
			1154	707
			1154	708
			1153	708
			1152	708
			1151	708
			1150	708
			1149	709
			1148	709
			1147	709
			1146	709
			1145	709
			1144	710
			1143	710
			1142	710
			1141	710
			1140	710
			1139	711
			1138	711
			1137	711
			1136	711
			1135	711
			1134	712
			1133	712
			1132	712
			1131	712
			1130	712
			1129	712
			1128	713
			1127	713
			1126	713
			1125	713
			1124	713
			1123	714
			1122	714
			1121	714
			1120	714
			1119	714
			1118	714
			1117	715
			1116	715
			1115	715
			1114	715
			1113	715
			1112	715
			1111	716
			1110	716
			1109	716
			1108	716
			1107	716
			1106	716
			1105	716
			1104	717
			1103	717
			1102	717
			1101	717
			1100	717
			1099	717
			1098	718
			1097	718
			1096	718
			1095	718
			1094	718
			1093	718
			1092	718
			1091	719
			1090	719
			1089	719
			1088	719
			1087	719
			1086	719
			1085	719
			1084	720
			1083	720
			1082	720
			1081	720
			1080	720
			1079	720
			1078	720
			1077	721
			1076	721
			1075	721
			1074	721
			1073	721
			1072	721
			1071	721
			1070	721
			1069	722
			1068	722
			1067	722
			1066	722
			1065	722
			1064	722
			1063	722
			1062	722
			1061	723
			1060	723
			1059	723
			1058	723
			1057	723
			1056	723
			1055	723
			1054	724
			1053	724
			1052	724
			1051	724
			1050	724
			1049	724
			1048	724
			1047	724
			1046	724
			1045	725
			1044	725
			1043	725
			1042	725
			1041	725
			1040	725
			1039	725
			1038	725
			1037	725
			1036	726
			1035	726
			1034	726
			1033	726
			1032	726
		</Caudal_anal>
	</curves.pixel>
	<curves.scaled type=list>
		<Snout_dorsal type=matrix rownames=FALSE colnames=FALSE nrow=485 ncol=2 as.numeric=TRUE >
			15.2161082879529	-24.1212098305208
			15.2161082879529	-24.082491997727
			15.2161082879529	-24.0437741649332
			15.2548261207467	-24.0050563321394
			15.2548261207467	-23.9663384993457
			15.2548261207467	-23.9276206665519
			15.2935439535404	-23.8889028337581
			15.2935439535404	-23.8501850009643
			15.2935439535404	-23.8114671681706
			15.2935439535404	-23.7727493353768
			15.3322617863342	-23.734031502583
			15.3322617863342	-23.6953136697892
			15.3322617863342	-23.6565958369955
			15.370979619128	-23.6178780042017
			15.370979619128	-23.5791601714079
			15.370979619128	-23.5404423386142
			15.4096974519218	-23.5017245058204
			15.4096974519218	-23.4630066730266
			15.4096974519218	-23.4242888402328
			15.4484152847155	-23.3855710074391
			15.4484152847155	-23.3468531746453
			15.4484152847155	-23.3081353418515
			15.4871331175093	-23.2694175090577
			15.4871331175093	-23.230699676264
			15.4871331175093	-23.1919818434702
			15.5258509503031	-23.1532640106764
			15.5258509503031	-23.1145461778826
			15.5645687830969	-23.0758283450889
			15.5645687830969	-23.0371105122951
			15.6032866158906	-22.9983926795013
			15.6032866158906	-22.9596748467076
			15.6420044486844	-22.9209570139138
			15.6420044486844	-22.88223918112
			15.6807222814782	-22.8435213483262
			15.6807222814782	-22.8048035155325
			15.719440114272	-22.7660856827387
			15.719440114272	-22.7273678499449
			15.719440114272	-22.6886500171511
			15.7581579470657	-22.6886500171511
			15.7581579470657	-22.6499321843574
			15.7968757798595	-22.6112143515636
			15.7968757798595	-22.5724965187698
			15.8355936126533	-22.533778685976
			15.8355936126533	-22.4950608531823
			15.874311445447	-22.4563430203885
			15.874311445447	-22.4176251875947
			15.9130292782408	-22.378907354801
			15.9130292782408	-22.3401895220072
			15.9517471110346	-22.3014716892134
			15.9904649438284	-22.2627538564196
			16.0291827766221	-22.2240360236259
			16.0291827766221	-22.1853181908321
			16.0679006094159	-22.1466003580383
			16.1066184422097	-22.1078825252445
			16.1066184422097	-22.0691646924508
			16.1453362750035	-22.030446859657
			16.1840541077972	-21.9917290268632
			16.1840541077972	-21.9530111940694
			16.222771940591	-21.9142933612757
			16.2614897733848	-21.8755755284819
			16.3002076061785	-21.8368576956881
			16.3002076061785	-21.7981398628944
			16.3389254389723	-21.7594220301006
			16.3776432717661	-21.7207041973068
			16.4163611045599	-21.681986364513
			16.4550789373536	-21.6432685317193
			16.4550789373536	-21.6045506989255
			16.4937967701474	-21.5658328661317
			16.5325146029412	-21.5271150333379
			16.571232435735	-21.4883972005442
			16.6099502685287	-21.4496793677504
			16.6099502685287	-21.4109615349566
			16.6486681013225	-21.3722437021628
			16.6873859341163	-21.3335258693691
			16.7261037669101	-21.2948080365753
			16.7648215997038	-21.2560902037815
			16.8035394324976	-21.2560902037815
			16.8422572652914	-21.2173723709878
			16.8809750980851	-21.178654538194
			16.9196929308789	-21.1399367054002
			16.9196929308789	-21.1012188726064
			16.9584107636727	-21.0625010398127
			16.9971285964665	-21.0237832070189
			17.0358464292602	-20.9850653742251
			17.074564262054	-20.9850653742251
			17.1132820948478	-20.9463475414313
			17.1519999276416	-20.9076297086376
			17.1907177604353	-20.8689118758438
			17.2294355932291	-20.83019404305
			17.2681534260229	-20.7914762102562
			17.3068712588167	-20.7914762102562
			17.3455890916104	-20.7527583774625
			17.3843069244042	-20.7140405446687
			17.423024757198	-20.6753227118749
			17.4617425899917	-20.6366048790812
			17.5004604227855	-20.6366048790812
			17.5391782555793	-20.5978870462874
			17.5778960883731	-20.5591692134936
			17.6166139211668	-20.5204513806998
			17.6553317539606	-20.5204513806998
			17.6940495867544	-20.4817335479061
			17.7327674195482	-20.4817335479061
			17.7714852523419	-20.4430157151123
			17.8102030851357	-20.4042978823185
			17.8489209179295	-20.4042978823185
			17.8876387507233	-20.3655800495247
			17.926356583517	-20.3655800495247
			17.926356583517	-20.326862216731
			17.9650744163108	-20.2881443839372
			18.0037922491046	-20.2881443839372
			18.0425100818983	-20.2494265511434
			18.0812279146921	-20.2494265511434
			18.1199457474859	-20.2107087183497
			18.1586635802797	-20.1719908855559
			18.1973814130734	-20.1719908855559
			18.2360992458672	-20.1332730527621
			18.274817078661	-20.1332730527621
			18.3135349114548	-20.0945552199683
			18.3522527442485	-20.0558373871746
			18.3909705770423	-20.0558373871746
			18.4296884098361	-20.0558373871746
			18.4684062426299	-20.0171195543808
			18.5071240754236	-20.0171195543808
			18.5458419082174	-19.978401721587
			18.5845597410112	-19.9396838887932
			18.6232775738049	-19.9396838887932
			18.6619954065987	-19.9396838887932
			18.6619954065987	-19.9009660559995
			18.7007132393925	-19.9009660559995
			18.7394310721863	-19.9009660559995
			18.77814890498	-19.9009660559995
			18.8168667377738	-19.8622482232057
			18.8555845705676	-19.8622482232057
			18.8943024033614	-19.8235303904119
			18.9330202361551	-19.8235303904119
			18.9717380689489	-19.8235303904119
			19.0104559017427	-19.7848125576181
			19.0491737345365	-19.7848125576181
			19.0878915673302	-19.7848125576181
			19.126609400124	-19.7848125576181
			19.1653272329178	-19.7460947248244
			19.2040450657115	-19.7460947248244
			19.2427628985053	-19.7460947248244
			19.2814807312991	-19.7073768920306
			19.3201985640929	-19.7073768920306
			19.3589163968866	-19.7073768920306
			19.3976342296804	-19.6686590592368
			19.4363520624742	-19.6686590592368
			19.475069895268	-19.6686590592368
			19.5137877280617	-19.6686590592368
			19.5525055608555	-19.6299412264431
			19.5912233936493	-19.6299412264431
			19.6299412264431	-19.6299412264431
			19.6686590592368	-19.6299412264431
			19.7073768920306	-19.5912233936493
			19.7460947248244	-19.5912233936493
			19.7848125576181	-19.5912233936493
			19.8235303904119	-19.5912233936493
			19.8622482232057	-19.5525055608555
			19.9009660559995	-19.5525055608555
			19.9396838887932	-19.5525055608555
			19.978401721587	-19.5525055608555
			20.0171195543808	-19.5525055608555
			20.0558373871746	-19.5137877280617
			20.0945552199683	-19.5137877280617
			20.1332730527621	-19.5137877280617
			20.1719908855559	-19.5137877280617
			20.2107087183497	-19.475069895268
			20.2494265511434	-19.475069895268
			20.2881443839372	-19.475069895268
			20.326862216731	-19.475069895268
			20.3655800495247	-19.475069895268
			20.4042978823185	-19.475069895268
			20.4430157151123	-19.4363520624742
			20.4817335479061	-19.4363520624742
			20.5204513806998	-19.4363520624742
			20.5591692134936	-19.4363520624742
			20.5978870462874	-19.4363520624742
			20.6366048790812	-19.3976342296804
			20.6753227118749	-19.3976342296804
			20.7140405446687	-19.3976342296804
			20.7527583774625	-19.3976342296804
			20.7914762102562	-19.3976342296804
			20.83019404305	-19.3976342296804
			20.8689118758438	-19.3976342296804
			20.9076297086376	-19.3589163968866
			20.9463475414313	-19.3589163968866
			20.9850653742251	-19.3589163968866
			21.0237832070189	-19.3589163968866
			21.0625010398127	-19.3589163968866
			21.1012188726064	-19.3589163968866
			21.1399367054002	-19.3589163968866
			21.178654538194	-19.3201985640929
			21.2173723709878	-19.3201985640929
			21.2560902037815	-19.3201985640929
			21.2948080365753	-19.3201985640929
			21.3335258693691	-19.3201985640929
			21.3722437021628	-19.3201985640929
			21.4109615349566	-19.3201985640929
			21.4496793677504	-19.3201985640929
			21.4883972005442	-19.3201985640929
			21.5271150333379	-19.2814807312991
			21.5658328661317	-19.2814807312991
			21.6045506989255	-19.2814807312991
			21.6432685317193	-19.2814807312991
			21.681986364513	-19.2814807312991
			21.7207041973068	-19.2814807312991
			21.7594220301006	-19.2814807312991
			21.7981398628944	-19.2814807312991
			21.8368576956881	-19.2814807312991
			21.8755755284819	-19.2814807312991
			21.9142933612757	-19.2814807312991
			21.9530111940694	-19.2814807312991
			21.9917290268632	-19.2427628985053
			22.030446859657	-19.2427628985053
			22.0691646924508	-19.2427628985053
			22.1078825252445	-19.2427628985053
			22.1466003580383	-19.2427628985053
			22.1853181908321	-19.2427628985053
			22.2240360236259	-19.2427628985053
			22.2627538564196	-19.2427628985053
			22.3014716892134	-19.2427628985053
			22.3401895220072	-19.2427628985053
			22.378907354801	-19.2427628985053
			22.4176251875947	-19.2427628985053
			22.4563430203885	-19.2427628985053
			22.4950608531823	-19.2427628985053
			22.533778685976	-19.2427628985053
			22.5724965187698	-19.2427628985053
			22.6112143515636	-19.2427628985053
			22.6499321843574	-19.2427628985053
			22.6886500171511	-19.2427628985053
			22.7273678499449	-19.2427628985053
			22.7660856827387	-19.2040450657115
			22.8048035155325	-19.2040450657115
			22.8435213483262	-19.2040450657115
			22.88223918112	-19.2040450657115
			22.9209570139138	-19.2040450657115
			22.9596748467076	-19.2040450657115
			22.9983926795013	-19.2040450657115
			23.0371105122951	-19.2040450657115
			23.0758283450889	-19.2040450657115
			23.1145461778826	-19.2040450657115
			23.1532640106764	-19.2040450657115
			23.1919818434702	-19.2040450657115
			23.230699676264	-19.2040450657115
			23.2694175090577	-19.2040450657115
			23.3081353418515	-19.2040450657115
			23.3468531746453	-19.2040450657115
			23.3855710074391	-19.2040450657115
			23.4242888402328	-19.2040450657115
			23.4630066730266	-19.2040450657115
			23.5017245058204	-19.2040450657115
			23.5404423386142	-19.2040450657115
			23.5791601714079	-19.2040450657115
			23.6178780042017	-19.2040450657115
			23.6565958369955	-19.2040450657115
			23.6953136697892	-19.2040450657115
			23.734031502583	-19.2040450657115
			23.7727493353768	-19.2040450657115
			23.8114671681706	-19.2040450657115
			23.8501850009643	-19.2427628985053
			23.8889028337581	-19.2427628985053
			23.9276206665519	-19.2427628985053
			23.9663384993457	-19.2427628985053
			24.0050563321394	-19.2427628985053
			24.0437741649332	-19.2427628985053
			24.082491997727	-19.2427628985053
			24.1212098305208	-19.2427628985053
			24.1599276633145	-19.2427628985053
			24.1986454961083	-19.2427628985053
			24.2373633289021	-19.2427628985053
			24.2760811616958	-19.2427628985053
			24.3147989944896	-19.2427628985053
			24.3535168272834	-19.2427628985053
			24.3922346600772	-19.2427628985053
			24.4309524928709	-19.2427628985053
			24.4696703256647	-19.2427628985053
			24.5083881584585	-19.2427628985053
			24.5471059912523	-19.2427628985053
			24.585823824046	-19.2427628985053
			24.6245416568398	-19.2427628985053
			24.6632594896336	-19.2427628985053
			24.7019773224274	-19.2814807312991
			24.7406951552211	-19.2814807312991
			24.7794129880149	-19.2814807312991
			24.8181308208087	-19.2814807312991
			24.8568486536024	-19.2814807312991
			24.8955664863962	-19.2814807312991
			24.93428431919	-19.2814807312991
			24.9730021519838	-19.2814807312991
			25.0117199847775	-19.2814807312991
			25.0504378175713	-19.2814807312991
			25.0891556503651	-19.2814807312991
			25.1278734831589	-19.2814807312991
			25.1665913159526	-19.2814807312991
			25.2053091487464	-19.2814807312991
			25.2440269815402	-19.3201985640929
			25.2827448143339	-19.3201985640929
			25.3214626471277	-19.3201985640929
			25.3601804799215	-19.3201985640929
			25.3988983127153	-19.3201985640929
			25.437616145509	-19.3201985640929
			25.4763339783028	-19.3201985640929
			25.5150518110966	-19.3201985640929
			25.5537696438904	-19.3201985640929
			25.5924874766841	-19.3201985640929
			25.6312053094779	-19.3201985640929
			25.6312053094779	-19.3589163968866
			25.6699231422717	-19.3589163968866
			25.7086409750655	-19.3589163968866
			25.7473588078592	-19.3589163968866
			25.786076640653	-19.3589163968866
			25.8247944734468	-19.3589163968866
			25.8635123062405	-19.3589163968866
			25.9022301390343	-19.3589163968866
			25.9409479718281	-19.3589163968866
			25.9796658046219	-19.3589163968866
			26.0183836374156	-19.3589163968866
			26.0571014702094	-19.3589163968866
			26.0958193030032	-19.3589163968866
			26.134537135797	-19.3589163968866
			26.1732549685907	-19.3589163968866
			26.2119728013845	-19.3589163968866
			26.2506906341783	-19.3589163968866
			26.2894084669721	-19.3976342296804
			26.3281262997658	-19.3976342296804
			26.3668441325596	-19.3976342296804
			26.4055619653534	-19.3976342296804
			26.4442797981471	-19.3976342296804
			26.4829976309409	-19.3976342296804
			26.5217154637347	-19.3976342296804
			26.5604332965285	-19.3976342296804
			26.5991511293222	-19.3976342296804
			26.637868962116	-19.3976342296804
			26.6765867949098	-19.3976342296804
			26.7153046277036	-19.3976342296804
			26.7540224604973	-19.3976342296804
			26.7927402932911	-19.3976342296804
			26.8314581260849	-19.3976342296804
			26.8701759588787	-19.3976342296804
			26.9088937916724	-19.3976342296804
			26.9476116244662	-19.3976342296804
			26.98632945726	-19.3976342296804
			27.0250472900537	-19.3976342296804
			27.0637651228475	-19.3976342296804
			27.1024829556413	-19.3976342296804
			27.1412007884351	-19.3976342296804
			27.1799186212288	-19.3976342296804
			27.2186364540226	-19.3976342296804
			27.2573542868164	-19.3976342296804
			27.2960721196102	-19.3976342296804
			27.3347899524039	-19.3976342296804
			27.3735077851977	-19.3976342296804
			27.4122256179915	-19.3976342296804
			27.4509434507853	-19.3976342296804
			27.489661283579	-19.3976342296804
			27.5283791163728	-19.3976342296804
			27.5670969491666	-19.3976342296804
			27.6058147819603	-19.3976342296804
			27.6445326147541	-19.3976342296804
			27.6832504475479	-19.3976342296804
			27.7219682803417	-19.3976342296804
			27.7606861131354	-19.3976342296804
			27.7994039459292	-19.3976342296804
			27.838121778723	-19.3976342296804
			27.8768396115168	-19.3976342296804
			27.9155574443105	-19.3976342296804
			27.9542752771043	-19.3976342296804
			27.9929931098981	-19.3976342296804
			28.0317109426919	-19.3976342296804
			28.0704287754856	-19.3976342296804
			28.1091466082794	-19.3976342296804
			28.1478644410732	-19.3976342296804
			28.1865822738669	-19.3976342296804
			28.2253001066607	-19.3976342296804
			28.2640179394545	-19.3976342296804
			28.3027357722483	-19.3976342296804
			28.341453605042	-19.3976342296804
			28.3801714378358	-19.3976342296804
			28.4188892706296	-19.3976342296804
			28.4576071034234	-19.3976342296804
			28.4963249362171	-19.3976342296804
			28.5350427690109	-19.3976342296804
			28.5737606018047	-19.3976342296804
			28.6124784345985	-19.3976342296804
			28.6511962673922	-19.3976342296804
			28.689914100186	-19.3976342296804
			28.7286319329798	-19.3976342296804
			28.7673497657735	-19.3976342296804
			28.8060675985673	-19.3976342296804
			28.8447854313611	-19.3976342296804
			28.8835032641549	-19.3976342296804
			28.9222210969486	-19.3976342296804
			28.9609389297424	-19.3976342296804
			28.9996567625362	-19.3976342296804
			29.03837459533	-19.3976342296804
			29.0770924281237	-19.3976342296804
			29.1158102609175	-19.3976342296804
			29.1545280937113	-19.3976342296804
			29.193245926505	-19.3976342296804
			29.2319637592988	-19.3976342296804
			29.2706815920926	-19.3976342296804
			29.3093994248864	-19.3976342296804
			29.3481172576801	-19.3976342296804
			29.3868350904739	-19.3976342296804
			29.4255529232677	-19.3976342296804
			29.4642707560615	-19.3976342296804
			29.5029885888552	-19.3976342296804
			29.541706421649	-19.3976342296804
			29.5804242544428	-19.3976342296804
			29.6191420872366	-19.3976342296804
			29.6578599200303	-19.3976342296804
			29.6965777528241	-19.3589163968866
			29.7352955856179	-19.3589163968866
			29.7740134184116	-19.3589163968866
			29.8127312512054	-19.3589163968866
			29.8514490839992	-19.3589163968866
			29.890166916793	-19.3589163968866
			29.9288847495867	-19.3589163968866
			29.9676025823805	-19.3589163968866
			30.0063204151743	-19.3589163968866
			30.0450382479681	-19.3589163968866
			30.0837560807618	-19.3589163968866
			30.1224739135556	-19.3589163968866
			30.1611917463494	-19.3589163968866
			30.1999095791432	-19.3589163968866
			30.2386274119369	-19.3201985640929
			30.2773452447307	-19.3201985640929
			30.3160630775245	-19.3201985640929
			30.3547809103182	-19.3201985640929
			30.393498743112	-19.3201985640929
			30.4322165759058	-19.3201985640929
			30.4709344086996	-19.3201985640929
			30.5096522414933	-19.3201985640929
			30.5483700742871	-19.3201985640929
			30.5870879070809	-19.3201985640929
			30.6258057398747	-19.3201985640929
			30.6258057398747	-19.2814807312991
			30.6645235726684	-19.2814807312991
			30.7032414054622	-19.2814807312991
			30.741959238256	-19.2814807312991
			30.7806770710498	-19.2814807312991
			30.8193949038435	-19.2814807312991
			30.8581127366373	-19.2814807312991
			30.8968305694311	-19.2814807312991
			30.9355484022248	-19.2427628985053
			30.9742662350186	-19.2427628985053
			31.0129840678124	-19.2427628985053
			31.0517019006062	-19.2427628985053
			31.0904197333999	-19.2427628985053
			31.1291375661937	-19.2427628985053
			31.1678553989875	-19.2427628985053
			31.2065732317813	-19.2040450657115
			31.245291064575	-19.2040450657115
			31.2840088973688	-19.2040450657115
			31.3227267301626	-19.2040450657115
			31.3614445629564	-19.2040450657115
			31.4001623957501	-19.2040450657115
			31.4388802285439	-19.1653272329178
			31.4775980613377	-19.1653272329178
			31.5163158941314	-19.1653272329178
			31.5550337269252	-19.1653272329178
			31.593751559719	-19.126609400124
			31.6324693925128	-19.126609400124
			31.6711872253065	-19.126609400124
			31.7099050581003	-19.126609400124
			31.7486228908941	-19.0878915673302
			31.7873407236879	-19.0878915673302
			31.8260585564816	-19.0878915673302
			31.8647763892754	-19.0878915673302
			31.9034942220692	-19.0491737345365
			31.942212054863	-19.0491737345365
			31.9809298876567	-19.0491737345365
			32.0196477204505	-19.0491737345365
			32.0583655532443	-19.0104559017427
			32.097083386038	-19.0104559017427
			32.1358012188318	-19.0104559017427
			32.1745190516256	-18.9717380689489
			32.2132368844194	-18.9717380689489
			32.2519547172131	-18.9717380689489
			32.2906725500069	-18.9330202361551
			32.3293903828007	-18.9330202361551
			32.3681082155945	-18.9330202361551
			32.4068260483882	-18.8943024033614
		</Snout_dorsal>
		<Dorsal_adipose type=matrix rownames=FALSE colnames=FALSE nrow=278 ncol=2 as.numeric=TRUE >
			32.4068260483882	-18.8943024033614
			32.445543881182	-18.8943024033614
			32.4842617139758	-18.8943024033614
			32.5229795467696	-18.8943024033614
			32.5616973795633	-18.9330202361551
			32.6004152123571	-18.9330202361551
			32.6391330451509	-18.9330202361551
			32.6778508779446	-18.9330202361551
			32.7165687107384	-18.9330202361551
			32.7552865435322	-18.9330202361551
			32.794004376326	-18.9330202361551
			32.8327222091197	-18.9717380689489
			32.8714400419135	-18.9717380689489
			32.9101578747073	-18.9717380689489
			32.9488757075011	-18.9717380689489
			32.9875935402948	-18.9717380689489
			33.0263113730886	-18.9717380689489
			33.0263113730886	-19.0104559017427
			33.0650292058824	-19.0104559017427
			33.1037470386762	-19.0104559017427
			33.1424648714699	-19.0104559017427
			33.1811827042637	-19.0104559017427
			33.2199005370575	-19.0104559017427
			33.2586183698512	-19.0104559017427
			33.297336202645	-19.0491737345365
			33.3360540354388	-19.0491737345365
			33.3747718682326	-19.0491737345365
			33.4134897010263	-19.0491737345365
			33.4522075338201	-19.0491737345365
			33.4909253666139	-19.0491737345365
			33.5296431994077	-19.0491737345365
			33.5683610322014	-19.0878915673302
			33.6070788649952	-19.0878915673302
			33.645796697789	-19.0878915673302
			33.6845145305828	-19.0878915673302
			33.7232323633765	-19.0878915673302
			33.7619501961703	-19.0878915673302
			33.8006680289641	-19.126609400124
			33.8393858617578	-19.126609400124
			33.8781036945516	-19.126609400124
			33.9168215273454	-19.126609400124
			33.9555393601392	-19.126609400124
			33.9942571929329	-19.126609400124
			34.0329750257267	-19.126609400124
			34.0329750257267	-19.1653272329178
			34.0716928585205	-19.1653272329178
			34.1104106913143	-19.1653272329178
			34.149128524108	-19.1653272329178
			34.1878463569018	-19.1653272329178
			34.2265641896956	-19.1653272329178
			34.2652820224894	-19.1653272329178
			34.3039998552831	-19.2040450657115
			34.3427176880769	-19.2040450657115
			34.3814355208707	-19.2040450657115
			34.4201533536644	-19.2040450657115
			34.4588711864582	-19.2040450657115
			34.497589019252	-19.2040450657115
			34.5363068520458	-19.2040450657115
			34.5750246848395	-19.2427628985053
			34.6137425176333	-19.2427628985053
			34.6524603504271	-19.2427628985053
			34.6911781832209	-19.2427628985053
			34.7298960160146	-19.2427628985053
			34.7686138488084	-19.2814807312991
			34.8073316816022	-19.2814807312991
			34.846049514396	-19.2814807312991
			34.8847673471897	-19.2814807312991
			34.9234851799835	-19.2814807312991
			34.9622030127773	-19.2814807312991
			35.000920845571	-19.2814807312991
			35.0396386783648	-19.3201985640929
			35.0783565111586	-19.3201985640929
			35.1170743439524	-19.3201985640929
			35.1557921767461	-19.3201985640929
			35.1945100095399	-19.3201985640929
			35.2332278423337	-19.3201985640929
			35.2719456751275	-19.3589163968866
			35.3106635079212	-19.3589163968866
			35.349381340715	-19.3589163968866
			35.3880991735088	-19.3589163968866
			35.4268170063025	-19.3589163968866
			35.4655348390963	-19.3589163968866
			35.5042526718901	-19.3589163968866
			35.5429705046839	-19.3976342296804
			35.5816883374776	-19.3976342296804
			35.6204061702714	-19.3976342296804
			35.6591240030652	-19.3976342296804
			35.697841835859	-19.3976342296804
			35.7365596686527	-19.3976342296804
			35.7752775014465	-19.4363520624742
			35.8139953342403	-19.4363520624742
			35.8527131670341	-19.4363520624742
			35.8914309998278	-19.4363520624742
			35.9301488326216	-19.4363520624742
			35.9688666654154	-19.4363520624742
			36.0075844982091	-19.475069895268
			36.0463023310029	-19.475069895268
			36.0850201637967	-19.475069895268
			36.1237379965905	-19.475069895268
			36.1624558293842	-19.475069895268
			36.201173662178	-19.475069895268
			36.2398914949718	-19.475069895268
			36.2786093277656	-19.5137877280617
			36.3173271605593	-19.5137877280617
			36.3560449933531	-19.5137877280617
			36.3947628261469	-19.5137877280617
			36.4334806589407	-19.5137877280617
			36.4721984917344	-19.5137877280617
			36.5109163245282	-19.5525055608555
			36.549634157322	-19.5525055608555
			36.5883519901157	-19.5525055608555
			36.6270698229095	-19.5525055608555
			36.6657876557033	-19.5525055608555
			36.7045054884971	-19.5525055608555
			36.7432233212908	-19.5912233936493
			36.7819411540846	-19.5912233936493
			36.8206589868784	-19.5912233936493
			36.8593768196722	-19.5912233936493
			36.8980946524659	-19.5912233936493
			36.9368124852597	-19.5912233936493
			36.9755303180535	-19.5912233936493
			37.0142481508473	-19.6299412264431
			37.052965983641	-19.6299412264431
			37.0916838164348	-19.6299412264431
			37.1304016492286	-19.6299412264431
			37.1691194820223	-19.6299412264431
			37.2078373148161	-19.6686590592368
			37.2465551476099	-19.6686590592368
			37.2852729804037	-19.6686590592368
			37.3239908131974	-19.6686590592368
			37.3627086459912	-19.6686590592368
			37.401426478785	-19.6686590592368
			37.4401443115788	-19.7073768920306
			37.4788621443725	-19.7073768920306
			37.5175799771663	-19.7073768920306
			37.5562978099601	-19.7073768920306
			37.5950156427539	-19.7073768920306
			37.6337334755476	-19.7073768920306
			37.6724513083414	-19.7073768920306
			37.7111691411352	-19.7460947248244
			37.7498869739289	-19.7460947248244
			37.7886048067227	-19.7460947248244
			37.8273226395165	-19.7460947248244
			37.8660404723103	-19.7460947248244
			37.904758305104	-19.7460947248244
			37.9434761378978	-19.7848125576181
			37.9821939706916	-19.7848125576181
			38.0209118034854	-19.7848125576181
			38.0596296362791	-19.7848125576181
			38.0983474690729	-19.7848125576181
			38.1370653018667	-19.7848125576181
			38.1757831346604	-19.8235303904119
			38.2145009674542	-19.8235303904119
			38.253218800248	-19.8235303904119
			38.2919366330418	-19.8235303904119
			38.3306544658355	-19.8235303904119
			38.3693722986293	-19.8235303904119
			38.4080901314231	-19.8622482232057
			38.4468079642169	-19.8622482232057
			38.4855257970106	-19.8622482232057
			38.5242436298044	-19.8622482232057
			38.5629614625982	-19.8622482232057
			38.601679295392	-19.8622482232057
			38.6403971281857	-19.9009660559995
			38.6791149609795	-19.9009660559995
			38.7178327937733	-19.9009660559995
			38.756550626567	-19.9009660559995
			38.7952684593608	-19.9009660559995
			38.8339862921546	-19.9009660559995
			38.8727041249484	-19.9396838887932
			38.9114219577421	-19.9396838887932
			38.9501397905359	-19.9396838887932
			38.9888576233297	-19.9396838887932
			39.0275754561235	-19.9396838887932
			39.0662932889172	-19.9396838887932
			39.105011121711	-19.9396838887932
			39.1437289545048	-19.978401721587
			39.1824467872986	-19.978401721587
			39.2211646200923	-19.978401721587
			39.2598824528861	-19.978401721587
			39.2986002856799	-19.978401721587
			39.3373181184736	-19.978401721587
			39.3760359512674	-20.0171195543808
			39.4147537840612	-20.0171195543808
			39.453471616855	-20.0171195543808
			39.4921894496487	-20.0171195543808
			39.5309072824425	-20.0171195543808
			39.5696251152363	-20.0171195543808
			39.6083429480301	-20.0171195543808
			39.6470607808238	-20.0558373871746
			39.6857786136176	-20.0558373871746
			39.7244964464114	-20.0558373871746
			39.7632142792052	-20.0558373871746
			39.8019321119989	-20.0558373871746
			39.8406499447927	-20.0558373871746
			39.8793677775865	-20.0558373871746
			39.9180856103802	-20.0945552199683
			39.956803443174	-20.0945552199683
			39.9955212759678	-20.0945552199683
			40.0342391087616	-20.0945552199683
			40.0729569415553	-20.0945552199683
			40.1116747743491	-20.0945552199683
			40.1503926071429	-20.0945552199683
			40.1891104399367	-20.0945552199683
			40.1891104399367	-20.1332730527621
			40.2278282727304	-20.1332730527621
			40.2665461055242	-20.1332730527621
			40.305263938318	-20.1332730527621
			40.3439817711118	-20.1332730527621
			40.3826996039055	-20.1332730527621
			40.4214174366993	-20.1332730527621
			40.4601352694931	-20.1332730527621
			40.4988531022868	-20.1719908855559
			40.5375709350806	-20.1719908855559
			40.5762887678744	-20.1719908855559
			40.6150066006682	-20.1719908855559
			40.6537244334619	-20.1719908855559
			40.6924422662557	-20.1719908855559
			40.7311600990495	-20.1719908855559
			40.7698779318433	-20.1719908855559
			40.808595764637	-20.1719908855559
			40.8473135974308	-20.2107087183497
			40.8860314302246	-20.2107087183497
			40.9247492630184	-20.2107087183497
			40.9634670958121	-20.2107087183497
			41.0021849286059	-20.2107087183497
			41.0409027613997	-20.2107087183497
			41.0796205941935	-20.2107087183497
			41.1183384269872	-20.2107087183497
			41.157056259781	-20.2107087183497
			41.1957740925748	-20.2107087183497
			41.2344919253685	-20.2494265511434
			41.2732097581623	-20.2494265511434
			41.3119275909561	-20.2494265511434
			41.3506454237499	-20.2494265511434
			41.3893632565436	-20.2494265511434
			41.4280810893374	-20.2494265511434
			41.4667989221312	-20.2494265511434
			41.505516754925	-20.2494265511434
			41.5442345877187	-20.2494265511434
			41.5829524205125	-20.2494265511434
			41.6216702533063	-20.2494265511434
			41.6603880861	-20.2494265511434
			41.6991059188938	-20.2494265511434
			41.7378237516876	-20.2494265511434
			41.7765415844814	-20.2881443839372
			41.8152594172751	-20.2881443839372
			41.8539772500689	-20.2881443839372
			41.8926950828627	-20.2881443839372
			41.9314129156565	-20.2881443839372
			41.9701307484502	-20.2881443839372
			42.008848581244	-20.2881443839372
			42.0475664140378	-20.2881443839372
			42.0862842468316	-20.2881443839372
			42.1250020796253	-20.2881443839372
			42.1637199124191	-20.2881443839372
			42.2024377452129	-20.2881443839372
			42.2411555780066	-20.2881443839372
			42.2798734108004	-20.2881443839372
			42.3185912435942	-20.2881443839372
			42.357309076388	-20.2881443839372
			42.3960269091817	-20.2881443839372
			42.4347447419755	-20.2881443839372
			42.4734625747693	-20.2881443839372
			42.5121804075631	-20.2881443839372
			42.5508982403568	-20.2881443839372
			42.5896160731506	-20.2881443839372
			42.6283339059444	-20.2881443839372
			42.6670517387382	-20.2881443839372
			42.7057695715319	-20.2881443839372
			42.7444874043257	-20.2881443839372
			42.7832052371195	-20.2881443839372
			42.8219230699132	-20.2881443839372
			42.860640902707	-20.2494265511434
			42.8993587355008	-20.2494265511434
			42.9380765682946	-20.2494265511434
			42.9767944010883	-20.2494265511434
			43.0155122338821	-20.2494265511434
		</Dorsal_adipose>
		<Adipose_caudal type=matrix rownames=FALSE colnames=FALSE nrow=184 ncol=2 as.numeric=TRUE >
			43.0155122338821	-20.2494265511434
			43.0542300666759	-20.2494265511434
			43.0929478994697	-20.2494265511434
			43.1316657322634	-20.2494265511434
			43.1703835650572	-20.2494265511434
			43.209101397851	-20.2107087183497
			43.2478192306448	-20.2107087183497
			43.2865370634385	-20.2107087183497
			43.3252548962323	-20.2107087183497
			43.3639727290261	-20.2107087183497
			43.4026905618198	-20.2107087183497
			43.4414083946136	-20.2107087183497
			43.4801262274074	-20.2107087183497
			43.5188440602012	-20.2107087183497
			43.5575618929949	-20.2107087183497
			43.5962797257887	-20.2107087183497
			43.6349975585825	-20.2107087183497
			43.6737153913763	-20.2107087183497
			43.6737153913763	-20.2494265511434
			43.71243322417	-20.2494265511434
			43.7511510569638	-20.2494265511434
			43.7898688897576	-20.2494265511434
			43.8285867225513	-20.2494265511434
			43.8673045553451	-20.2494265511434
			43.9060223881389	-20.2494265511434
			43.9447402209327	-20.2881443839372
			43.9834580537264	-20.2881443839372
			44.0221758865202	-20.2881443839372
			44.060893719314	-20.326862216731
			44.0996115521078	-20.326862216731
			44.1383293849015	-20.3655800495247
			44.1770472176953	-20.3655800495247
			44.1770472176953	-20.4042978823185
			44.2157650504891	-20.4042978823185
			44.2544828832829	-20.4430157151123
			44.2932007160766	-20.4817335479061
			44.3319185488704	-20.5204513806998
			44.3706363816642	-20.5591692134936
			44.4093542144579	-20.5978870462874
			44.4093542144579	-20.6366048790812
			44.4093542144579	-20.6753227118749
			44.4480720472517	-20.7140405446687
			44.4480720472517	-20.7527583774625
			44.4480720472517	-20.7914762102562
			44.4867898800455	-20.7914762102562
			44.5255077128393	-20.83019404305
			44.564225545633	-20.83019404305
			44.6029433784268	-20.83019404305
			44.6416612112206	-20.8689118758438
			44.6803790440144	-20.8689118758438
			44.7190968768081	-20.8689118758438
			44.7578147096019	-20.9076297086376
			44.7965325423957	-20.9076297086376
			44.8352503751895	-20.9076297086376
			44.8739682079832	-20.9076297086376
			44.912686040777	-20.9463475414313
			44.9514038735708	-20.9463475414313
			44.9901217063645	-20.9463475414313
			45.0288395391583	-20.9463475414313
			45.0675573719521	-20.9850653742251
			45.1062752047459	-20.9850653742251
			45.1449930375396	-20.9850653742251
			45.1837108703334	-21.0237832070189
			45.2224287031272	-21.0237832070189
			45.261146535921	-21.0237832070189
			45.2998643687147	-21.0237832070189
			45.3385822015085	-21.0625010398127
			45.3773000343023	-21.0625010398127
			45.4160178670961	-21.0625010398127
			45.4547356998898	-21.0625010398127
			45.4934535326836	-21.1012188726064
			45.5321713654774	-21.1012188726064
			45.5708891982711	-21.1012188726064
			45.6096070310649	-21.1012188726064
			45.6483248638587	-21.1012188726064
			45.6870426966525	-21.1399367054002
			45.7257605294462	-21.1399367054002
			45.76447836224	-21.1399367054002
			45.8031961950338	-21.1399367054002
			45.8419140278276	-21.178654538194
			45.8806318606213	-21.178654538194
			45.9193496934151	-21.178654538194
			45.9580675262089	-21.178654538194
			45.9967853590027	-21.178654538194
			46.0355031917964	-21.178654538194
			46.0355031917964	-21.2173723709878
			46.0742210245902	-21.2173723709878
			46.112938857384	-21.2173723709878
			46.1516566901777	-21.2173723709878
			46.1903745229715	-21.2173723709878
			46.2290923557653	-21.2173723709878
			46.2678101885591	-21.2560902037815
			46.3065280213528	-21.2560902037815
			46.3452458541466	-21.2560902037815
			46.3839636869404	-21.2560902037815
			46.4226815197342	-21.2560902037815
			46.4613993525279	-21.2560902037815
			46.5001171853217	-21.2560902037815
			46.5388350181155	-21.2948080365753
			46.5775528509092	-21.2948080365753
			46.616270683703	-21.2948080365753
			46.6549885164968	-21.2948080365753
			46.6937063492906	-21.2948080365753
			46.7324241820843	-21.2948080365753
			46.7711420148781	-21.2948080365753
			46.8098598476719	-21.3335258693691
			46.8485776804657	-21.3335258693691
			46.8872955132594	-21.3335258693691
			46.9260133460532	-21.3335258693691
			46.964731178847	-21.3335258693691
			47.0034490116408	-21.3335258693691
			47.0421668444345	-21.3335258693691
			47.0808846772283	-21.3335258693691
			47.1196025100221	-21.3335258693691
			47.1583203428158	-21.3335258693691
			47.1970381756096	-21.3335258693691
			47.2357560084034	-21.3722437021628
			47.2744738411972	-21.3722437021628
			47.3131916739909	-21.3722437021628
			47.3519095067847	-21.3722437021628
			47.3906273395785	-21.3722437021628
			47.4293451723723	-21.3722437021628
			47.468063005166	-21.3722437021628
			47.5067808379598	-21.3722437021628
			47.5454986707536	-21.3722437021628
			47.5842165035474	-21.3722437021628
			47.6229343363411	-21.3722437021628
			47.6616521691349	-21.3722437021628
			47.7003700019287	-21.3722437021628
			47.7390878347224	-21.3722437021628
			47.7778056675162	-21.3722437021628
			47.81652350031	-21.3722437021628
			47.8552413331038	-21.3722437021628
			47.8939591658975	-21.3722437021628
			47.9326769986913	-21.3722437021628
			47.9713948314851	-21.3722437021628
			48.0101126642789	-21.3722437021628
			48.0488304970726	-21.3722437021628
			48.0875483298664	-21.3722437021628
			48.1262661626602	-21.3722437021628
			48.164983995454	-21.3722437021628
			48.2037018282477	-21.3722437021628
			48.2424196610415	-21.3722437021628
			48.2811374938353	-21.3722437021628
			48.3198553266291	-21.3722437021628
			48.3585731594228	-21.3722437021628
			48.3972909922166	-21.3722437021628
			48.4360088250104	-21.3722437021628
			48.4747266578041	-21.3722437021628
			48.5134444905979	-21.3722437021628
			48.5521623233917	-21.3722437021628
			48.5908801561855	-21.3722437021628
			48.6295979889792	-21.3335258693691
			48.668315821773	-21.3335258693691
			48.7070336545668	-21.3335258693691
			48.7457514873606	-21.3335258693691
			48.7844693201543	-21.3335258693691
			48.8231871529481	-21.3335258693691
			48.8619049857419	-21.3335258693691
			48.9006228185357	-21.3335258693691
			48.9393406513294	-21.3335258693691
			48.9780584841232	-21.3335258693691
			49.016776316917	-21.2948080365753
			49.0554941497107	-21.2948080365753
			49.0942119825045	-21.2948080365753
			49.1329298152983	-21.2948080365753
			49.1716476480921	-21.2948080365753
			49.1716476480921	-21.2560902037815
			49.2103654808858	-21.2560902037815
			49.2103654808858	-21.2173723709878
			49.2490833136796	-21.2173723709878
			49.2490833136796	-21.178654538194
			49.2878011464734	-21.178654538194
			49.3265189792672	-21.1399367054002
			49.3652368120609	-21.1399367054002
			49.4039546448547	-21.1012188726064
			49.4426724776485	-21.1012188726064
			49.4813903104423	-21.0625010398127
			49.520108143236	-21.0625010398127
			49.5588259760298	-21.0625010398127
			49.5975438088236	-21.0237832070189
			49.6362616416173	-21.0237832070189
			49.6749794744111	-21.0237832070189
			49.7136973072049	-21.0237832070189
		</Adipose_caudal>
		<Caudal_anal type=matrix rownames=FALSE colnames=FALSE nrow=269 ncol=2 as.numeric=TRUE >
			50.2557469663177	-26.5991511293222
			50.2170291335239	-26.5991511293222
			50.1783113007302	-26.5991511293222
			50.1395934679364	-26.637868962116
			50.1008756351426	-26.637868962116
			50.0621578023488	-26.637868962116
			50.0234399695551	-26.637868962116
			49.9847221367613	-26.637868962116
			49.9460043039675	-26.6765867949098
			49.9072864711738	-26.6765867949098
			49.86856863838	-26.6765867949098
			49.8298508055862	-26.6765867949098
			49.7911329727924	-26.6765867949098
			49.7524151399987	-26.6765867949098
			49.7136973072049	-26.6765867949098
			49.6749794744111	-26.7153046277036
			49.6362616416173	-26.7153046277036
			49.5975438088236	-26.7153046277036
			49.5588259760298	-26.7153046277036
			49.520108143236	-26.7153046277036
			49.4813903104423	-26.7153046277036
			49.4426724776485	-26.7153046277036
			49.4039546448547	-26.7153046277036
			49.3652368120609	-26.7153046277036
			49.3265189792672	-26.7153046277036
			49.2878011464734	-26.7153046277036
			49.2490833136796	-26.7153046277036
			49.2103654808858	-26.7153046277036
			49.1716476480921	-26.7153046277036
			49.1329298152983	-26.7153046277036
			49.0942119825045	-26.7540224604973
			49.0554941497107	-26.7540224604973
			49.016776316917	-26.7540224604973
			48.9780584841232	-26.7540224604973
			48.9393406513294	-26.7540224604973
			48.9006228185357	-26.7540224604973
			48.8619049857419	-26.7540224604973
			48.8231871529481	-26.7540224604973
			48.7844693201543	-26.7540224604973
			48.7457514873606	-26.7540224604973
			48.7070336545668	-26.7540224604973
			48.668315821773	-26.7153046277036
			48.6295979889792	-26.7153046277036
			48.5908801561855	-26.7153046277036
			48.5521623233917	-26.7153046277036
			48.5134444905979	-26.7153046277036
			48.4747266578041	-26.7153046277036
			48.4360088250104	-26.7153046277036
			48.3972909922166	-26.7153046277036
			48.3585731594228	-26.7153046277036
			48.3198553266291	-26.7153046277036
			48.2811374938353	-26.7153046277036
			48.2424196610415	-26.7153046277036
			48.2037018282477	-26.7153046277036
			48.164983995454	-26.7153046277036
			48.1262661626602	-26.7540224604973
			48.0875483298664	-26.7540224604973
			48.0488304970726	-26.7540224604973
			48.0101126642789	-26.7540224604973
			47.9713948314851	-26.7540224604973
			47.9326769986913	-26.7540224604973
			47.8939591658975	-26.7540224604973
			47.8552413331038	-26.7927402932911
			47.81652350031	-26.7927402932911
			47.7778056675162	-26.7927402932911
			47.7390878347224	-26.7927402932911
			47.7003700019287	-26.7927402932911
			47.6616521691349	-26.7927402932911
			47.6229343363411	-26.7927402932911
			47.5842165035474	-26.7927402932911
			47.5454986707536	-26.8314581260849
			47.5067808379598	-26.8314581260849
			47.468063005166	-26.8314581260849
			47.4293451723723	-26.8314581260849
			47.3906273395785	-26.8314581260849
			47.3519095067847	-26.8314581260849
			47.3131916739909	-26.8314581260849
			47.2744738411972	-26.8701759588787
			47.2357560084034	-26.8701759588787
			47.1970381756096	-26.8701759588787
			47.1583203428158	-26.8701759588787
			47.1196025100221	-26.8701759588787
			47.0808846772283	-26.8701759588787
			47.0421668444345	-26.8701759588787
			47.0034490116408	-26.9088937916724
			46.964731178847	-26.9088937916724
			46.9260133460532	-26.9088937916724
			46.8872955132594	-26.9088937916724
			46.8485776804657	-26.9088937916724
			46.8098598476719	-26.9088937916724
			46.7711420148781	-26.9088937916724
			46.7324241820843	-26.9476116244662
			46.6937063492906	-26.9476116244662
			46.6549885164968	-26.9476116244662
			46.616270683703	-26.9476116244662
			46.5775528509092	-26.9476116244662
			46.5388350181155	-26.9476116244662
			46.5001171853217	-26.9476116244662
			46.4613993525279	-26.98632945726
			46.4226815197342	-26.98632945726
			46.3839636869404	-26.98632945726
			46.3452458541466	-26.98632945726
			46.3065280213528	-26.98632945726
			46.2678101885591	-26.98632945726
			46.2290923557653	-26.98632945726
			46.1903745229715	-27.0250472900537
			46.1516566901777	-27.0250472900537
			46.112938857384	-27.0250472900537
			46.0742210245902	-27.0250472900537
			46.0355031917964	-27.0250472900537
			45.9967853590027	-27.0637651228475
			45.9580675262089	-27.0637651228475
			45.9193496934151	-27.0637651228475
			45.8806318606213	-27.0637651228475
			45.8806318606213	-27.1024829556413
			45.8419140278276	-27.1024829556413
			45.8031961950338	-27.1024829556413
			45.76447836224	-27.1024829556413
			45.7257605294462	-27.1412007884351
			45.6870426966525	-27.1412007884351
			45.6483248638587	-27.1412007884351
			45.6096070310649	-27.1799186212288
			45.5708891982711	-27.1799186212288
			45.5321713654774	-27.1799186212288
			45.4934535326836	-27.1799186212288
			45.4547356998898	-27.2186364540226
			45.4160178670961	-27.2186364540226
			45.3773000343023	-27.2186364540226
			45.3385822015085	-27.2573542868164
			45.2998643687147	-27.2573542868164
			45.261146535921	-27.2573542868164
			45.2224287031272	-27.2573542868164
			45.1837108703334	-27.2960721196102
			45.1449930375396	-27.2960721196102
			45.1062752047459	-27.2960721196102
			45.0675573719521	-27.2960721196102
			45.0288395391583	-27.3347899524039
			44.9901217063645	-27.3347899524039
			44.9514038735708	-27.3347899524039
			44.912686040777	-27.3347899524039
			44.8739682079832	-27.3347899524039
			44.8352503751895	-27.3735077851977
			44.7965325423957	-27.3735077851977
			44.7578147096019	-27.3735077851977
			44.7190968768081	-27.3735077851977
			44.6803790440144	-27.3735077851977
			44.6803790440144	-27.4122256179915
			44.6416612112206	-27.4122256179915
			44.6029433784268	-27.4122256179915
			44.564225545633	-27.4122256179915
			44.5255077128393	-27.4122256179915
			44.4867898800455	-27.4509434507853
			44.4480720472517	-27.4509434507853
			44.4093542144579	-27.4509434507853
			44.3706363816642	-27.4509434507853
			44.3319185488704	-27.4509434507853
			44.2932007160766	-27.489661283579
			44.2544828832829	-27.489661283579
			44.2157650504891	-27.489661283579
			44.1770472176953	-27.489661283579
			44.1383293849015	-27.489661283579
			44.0996115521078	-27.5283791163728
			44.060893719314	-27.5283791163728
			44.0221758865202	-27.5283791163728
			43.9834580537264	-27.5283791163728
			43.9447402209327	-27.5283791163728
			43.9060223881389	-27.5670969491666
			43.8673045553451	-27.5670969491666
			43.8285867225513	-27.5670969491666
			43.7898688897576	-27.5670969491666
			43.7511510569638	-27.5670969491666
			43.71243322417	-27.5670969491666
			43.6737153913763	-27.6058147819603
			43.6349975585825	-27.6058147819603
			43.5962797257887	-27.6058147819603
			43.5575618929949	-27.6058147819603
			43.5188440602012	-27.6058147819603
			43.4801262274074	-27.6445326147541
			43.4414083946136	-27.6445326147541
			43.4026905618198	-27.6445326147541
			43.3639727290261	-27.6445326147541
			43.3252548962323	-27.6445326147541
			43.2865370634385	-27.6445326147541
			43.2478192306448	-27.6832504475479
			43.209101397851	-27.6832504475479
			43.1703835650572	-27.6832504475479
			43.1316657322634	-27.6832504475479
			43.0929478994697	-27.6832504475479
			43.0542300666759	-27.6832504475479
			43.0155122338821	-27.7219682803417
			42.9767944010883	-27.7219682803417
			42.9380765682946	-27.7219682803417
			42.8993587355008	-27.7219682803417
			42.860640902707	-27.7219682803417
			42.8219230699132	-27.7219682803417
			42.7832052371195	-27.7219682803417
			42.7444874043257	-27.7606861131354
			42.7057695715319	-27.7606861131354
			42.6670517387382	-27.7606861131354
			42.6283339059444	-27.7606861131354
			42.5896160731506	-27.7606861131354
			42.5508982403568	-27.7606861131354
			42.5121804075631	-27.7994039459292
			42.4734625747693	-27.7994039459292
			42.4347447419755	-27.7994039459292
			42.3960269091817	-27.7994039459292
			42.357309076388	-27.7994039459292
			42.3185912435942	-27.7994039459292
			42.2798734108004	-27.7994039459292
			42.2411555780066	-27.838121778723
			42.2024377452129	-27.838121778723
			42.1637199124191	-27.838121778723
			42.1250020796253	-27.838121778723
			42.0862842468316	-27.838121778723
			42.0475664140378	-27.838121778723
			42.008848581244	-27.838121778723
			41.9701307484502	-27.8768396115168
			41.9314129156565	-27.8768396115168
			41.8926950828627	-27.8768396115168
			41.8539772500689	-27.8768396115168
			41.8152594172751	-27.8768396115168
			41.7765415844814	-27.8768396115168
			41.7378237516876	-27.8768396115168
			41.6991059188938	-27.9155574443105
			41.6603880861	-27.9155574443105
			41.6216702533063	-27.9155574443105
			41.5829524205125	-27.9155574443105
			41.5442345877187	-27.9155574443105
			41.505516754925	-27.9155574443105
			41.4667989221312	-27.9155574443105
			41.4280810893374	-27.9155574443105
			41.3893632565436	-27.9542752771043
			41.3506454237499	-27.9542752771043
			41.3119275909561	-27.9542752771043
			41.2732097581623	-27.9542752771043
			41.2344919253685	-27.9542752771043
			41.1957740925748	-27.9542752771043
			41.157056259781	-27.9542752771043
			41.1183384269872	-27.9542752771043
			41.0796205941935	-27.9929931098981
			41.0409027613997	-27.9929931098981
			41.0021849286059	-27.9929931098981
			40.9634670958121	-27.9929931098981
			40.9247492630184	-27.9929931098981
			40.8860314302246	-27.9929931098981
			40.8473135974308	-27.9929931098981
			40.808595764637	-28.0317109426919
			40.7698779318433	-28.0317109426919
			40.7311600990495	-28.0317109426919
			40.6924422662557	-28.0317109426919
			40.6537244334619	-28.0317109426919
			40.6150066006682	-28.0317109426919
			40.5762887678744	-28.0317109426919
			40.5375709350806	-28.0317109426919
			40.4988531022868	-28.0317109426919
			40.4601352694931	-28.0704287754856
			40.4214174366993	-28.0704287754856
			40.3826996039055	-28.0704287754856
			40.3439817711118	-28.0704287754856
			40.305263938318	-28.0704287754856
			40.2665461055242	-28.0704287754856
			40.2278282727304	-28.0704287754856
			40.1891104399367	-28.0704287754856
			40.1503926071429	-28.0704287754856
			40.1116747743491	-28.1091466082794
			40.0729569415553	-28.1091466082794
			40.0342391087616	-28.1091466082794
			39.9955212759678	-28.1091466082794
			39.956803443174	-28.1091466082794
		</Caudal_anal>
	</curves.scaled>
	<ruler.points type=matrix rownames=TRUE colnames=FALSE nrow=3 ncol=2 as.numeric=TRUE >
		Ruler point 1	748	883
		Ruler point 2	877	876
		Ruler point 3	1006	871
	</ruler.points>
</shapes>

