<shapes type=list>
	<ruler.pixel type=vector names=FALSE length=1 as.numeric=TRUE >211.52895900224</ruler.pixel>
	<ruler.interval type=vector names=FALSE length=1 as.numeric=TRUE >5</ruler.interval>
	<scaling.units type=vector names=FALSE length=1 as.numeric=FALSE >mm</scaling.units>
	<scaling type=vector names=FALSE length=1 as.numeric=TRUE >0.023637425455051</scaling>
	<landmarks.pixel type=matrix rownames=TRUE colnames=FALSE nrow=11 ncol=2 as.numeric=TRUE >
		Anterior_eye	1280	1421
		Posterior_eye	1420	1415
		Posterior_Maxilla	1460	1523
		Anterior_Maxilla	1240	1465
		Dorsal_fin_insertion	1757	1263
		Adipose_fin_insertion	2081	1334
		Dorsal_caudal	2284	1375
		Ventral_caudal	2280	1497
		Anal_fin_insertion	1949	1527
		Pelvic_fin_insertion	1760	1524
		Pectoral_fin_insertion	1596	1479
	</landmarks.pixel>
	<landmarks.scaled type=matrix rownames=TRUE colnames=FALSE nrow=11 ncol=2 as.numeric=TRUE >
		Anterior_eye	30.2559045824653	-33.5887815716275
		Posterior_eye	33.5651441461725	-33.4469570188972
		Posterior_Maxilla	34.5106411643745	-35.9997989680427
		Anterior_Maxilla	29.3104075642633	-34.6288282916498
		Dorsal_fin_insertion	41.5309565245247	-29.8540683497295
		Adipose_fin_insertion	49.1894823719612	-31.5323255570381
		Dorsal_caudal	53.9878797393366	-32.5014600006952
		Ventral_caudal	53.8933300375163	-35.3852259062114
		Anal_fin_insertion	46.0693422118945	-36.0943486698629
		Pelvic_fin_insertion	41.6018688008898	-36.0234363934978
		Pectoral_fin_insertion	37.7253310262614	-34.9597522480205
	</landmarks.scaled>
	<curves.control type=list>
		<Snout_dorsal type=matrix rownames=FALSE colnames=FALSE nrow=7 ncol=2 as.numeric=TRUE >
			1240	1465
			1241	1349
			1370	1304
			1447	1283
			1555	1276
			1651	1279
			1757	1263
		</Snout_dorsal>
		<Dorsal_adipose type=matrix rownames=FALSE colnames=FALSE nrow=5 ncol=2 as.numeric=TRUE >
			1757	1263
			1871	1291
			1922	1315
			2006	1332
			2081	1334
		</Dorsal_adipose>
		<Adipose_caudal type=matrix rownames=FALSE colnames=FALSE nrow=7 ncol=2 as.numeric=TRUE >
			2081	1334
			2114	1335
			2118	1353
			2224	1372
			2249	1375
			2268	1370
			2284	1375
		</Adipose_caudal>
		<Caudal_anal type=matrix rownames=FALSE colnames=FALSE nrow=7 ncol=2 as.numeric=TRUE >
			2280	1497
			2261	1504
			2242	1495
			2207	1487
			2109	1493
			2027	1515
			1949	1527
		</Caudal_anal>
	</curves.control>
	<curves.pixel type=list>
		<Snout_dorsal type=matrix rownames=FALSE colnames=FALSE nrow=595 ncol=2 as.numeric=TRUE >
			1240	1465
			1240	1464
			1240	1463
			1240	1462
			1240	1461
			1240	1460
			1240	1459
			1240	1458
			1240	1457
			1240	1456
			1240	1455
			1240	1454
			1240	1453
			1241	1452
			1241	1451
			1241	1450
			1241	1449
			1241	1448
			1241	1447
			1241	1446
			1241	1445
			1241	1444
			1241	1443
			1242	1442
			1242	1441
			1242	1440
			1242	1439
			1242	1438
			1242	1437
			1242	1436
			1243	1435
			1243	1434
			1243	1433
			1243	1432
			1243	1431
			1244	1430
			1244	1429
			1244	1428
			1244	1427
			1244	1426
			1245	1425
			1245	1424
			1245	1423
			1245	1422
			1246	1421
			1246	1420
			1246	1419
			1247	1418
			1247	1417
			1247	1416
			1247	1415
			1248	1414
			1248	1413
			1248	1412
			1249	1411
			1249	1410
			1249	1409
			1250	1408
			1250	1407
			1251	1406
			1251	1405
			1251	1404
			1252	1403
			1252	1402
			1253	1401
			1253	1400
			1253	1399
			1254	1398
			1254	1397
			1255	1396
			1255	1395
			1256	1394
			1256	1393
			1256	1392
			1257	1392
			1257	1391
			1258	1390
			1258	1389
			1259	1388
			1259	1387
			1260	1387
			1260	1386
			1261	1385
			1261	1384
			1262	1383
			1262	1382
			1263	1382
			1263	1381
			1264	1380
			1264	1379
			1265	1378
			1265	1377
			1266	1377
			1266	1376
			1267	1375
			1267	1374
			1268	1374
			1268	1373
			1269	1372
			1270	1371
			1270	1370
			1271	1370
			1271	1369
			1272	1368
			1273	1367
			1274	1366
			1275	1365
			1275	1364
			1276	1363
			1277	1362
			1278	1361
			1278	1360
			1279	1360
			1280	1359
			1281	1358
			1282	1357
			1282	1356
			1283	1355
			1284	1354
			1285	1354
			1286	1353
			1287	1352
			1288	1351
			1288	1350
			1289	1349
			1290	1349
			1291	1348
			1292	1347
			1293	1346
			1294	1345
			1295	1345
			1296	1344
			1297	1343
			1298	1342
			1299	1341
			1300	1341
			1301	1340
			1302	1339
			1303	1338
			1304	1338
			1305	1337
			1306	1336
			1307	1335
			1308	1335
			1309	1334
			1310	1333
			1311	1332
			1312	1332
			1313	1331
			1314	1330
			1315	1330
			1316	1329
			1317	1329
			1318	1328
			1319	1327
			1320	1327
			1321	1326
			1322	1326
			1323	1325
			1324	1324
			1325	1324
			1326	1323
			1327	1323
			1328	1322
			1329	1322
			1330	1321
			1331	1321
			1332	1320
			1333	1320
			1334	1319
			1335	1319
			1336	1318
			1337	1318
			1337	1317
			1338	1317
			1339	1317
			1340	1316
			1341	1316
			1342	1315
			1343	1315
			1344	1314
			1345	1314
			1346	1313
			1347	1313
			1348	1313
			1349	1312
			1350	1312
			1351	1311
			1352	1311
			1353	1310
			1354	1310
			1355	1310
			1356	1309
			1357	1309
			1358	1308
			1359	1308
			1360	1308
			1361	1307
			1362	1307
			1363	1306
			1364	1306
			1365	1306
			1366	1305
			1367	1305
			1368	1305
			1369	1304
			1370	1304
			1371	1304
			1372	1303
			1373	1303
			1374	1303
			1375	1303
			1376	1302
			1377	1302
			1378	1302
			1379	1302
			1380	1301
			1381	1301
			1382	1301
			1383	1300
			1384	1300
			1385	1300
			1386	1300
			1387	1300
			1388	1299
			1389	1299
			1390	1299
			1391	1299
			1392	1298
			1393	1298
			1394	1298
			1395	1298
			1396	1297
			1397	1297
			1398	1297
			1399	1297
			1400	1297
			1401	1296
			1402	1296
			1403	1296
			1404	1296
			1405	1296
			1406	1295
			1407	1295
			1408	1295
			1409	1295
			1410	1294
			1411	1294
			1412	1294
			1413	1294
			1414	1294
			1415	1294
			1415	1293
			1416	1293
			1417	1293
			1418	1293
			1419	1293
			1420	1292
			1421	1292
			1422	1292
			1423	1292
			1424	1292
			1425	1292
			1426	1291
			1427	1291
			1428	1291
			1429	1291
			1430	1291
			1431	1290
			1432	1290
			1433	1290
			1434	1290
			1435	1290
			1436	1289
			1437	1289
			1438	1289
			1439	1289
			1440	1289
			1441	1289
			1442	1288
			1443	1288
			1444	1288
			1445	1288
			1446	1288
			1447	1288
			1448	1288
			1449	1287
			1450	1287
			1451	1287
			1452	1287
			1453	1287
			1454	1287
			1455	1286
			1456	1286
			1457	1286
			1458	1286
			1459	1286
			1460	1286
			1461	1286
			1462	1285
			1463	1285
			1464	1285
			1465	1285
			1466	1285
			1467	1285
			1468	1285
			1469	1284
			1470	1284
			1471	1284
			1472	1284
			1473	1284
			1474	1284
			1475	1284
			1476	1283
			1477	1283
			1478	1283
			1479	1283
			1480	1283
			1481	1283
			1482	1283
			1483	1283
			1484	1282
			1485	1282
			1486	1282
			1487	1282
			1488	1282
			1489	1282
			1490	1282
			1491	1282
			1492	1282
			1493	1281
			1494	1281
			1495	1281
			1496	1281
			1497	1281
			1498	1281
			1499	1281
			1500	1281
			1501	1281
			1502	1280
			1503	1280
			1504	1280
			1505	1280
			1506	1280
			1507	1280
			1508	1280
			1509	1280
			1510	1280
			1511	1280
			1512	1279
			1513	1279
			1514	1279
			1515	1279
			1516	1279
			1517	1279
			1518	1279
			1519	1279
			1520	1279
			1521	1279
			1522	1279
			1523	1278
			1524	1278
			1525	1278
			1526	1278
			1527	1278
			1528	1278
			1529	1278
			1530	1278
			1531	1278
			1532	1278
			1533	1278
			1534	1278
			1535	1277
			1536	1277
			1537	1277
			1538	1277
			1539	1277
			1540	1277
			1541	1277
			1542	1277
			1543	1277
			1544	1277
			1545	1277
			1546	1277
			1547	1277
			1548	1276
			1549	1276
			1550	1276
			1551	1276
			1552	1276
			1553	1276
			1554	1276
			1555	1276
			1556	1276
			1557	1276
			1558	1276
			1559	1276
			1560	1276
			1561	1276
			1562	1276
			1563	1276
			1564	1276
			1565	1276
			1566	1276
			1567	1276
			1568	1276
			1569	1276
			1570	1276
			1571	1276
			1572	1276
			1573	1276
			1574	1276
			1575	1276
			1576	1276
			1577	1276
			1578	1276
			1579	1276
			1580	1276
			1581	1276
			1582	1276
			1583	1276
			1584	1276
			1585	1276
			1586	1276
			1587	1276
			1588	1276
			1589	1276
			1590	1276
			1591	1276
			1592	1276
			1593	1276
			1594	1276
			1595	1276
			1596	1276
			1597	1276
			1598	1276
			1599	1276
			1600	1276
			1601	1276
			1602	1276
			1603	1276
			1604	1276
			1605	1276
			1606	1276
			1607	1276
			1608	1276
			1609	1276
			1610	1276
			1611	1276
			1612	1276
			1613	1276
			1614	1276
			1615	1276
			1616	1276
			1617	1276
			1618	1276
			1619	1276
			1620	1276
			1621	1276
			1622	1276
			1623	1276
			1624	1276
			1625	1276
			1626	1276
			1627	1276
			1628	1276
			1629	1276
			1630	1275
			1631	1275
			1632	1275
			1633	1275
			1634	1275
			1635	1275
			1636	1275
			1637	1275
			1638	1275
			1639	1275
			1640	1275
			1641	1275
			1642	1275
			1643	1275
			1644	1275
			1645	1275
			1646	1275
			1647	1275
			1648	1275
			1649	1275
			1650	1274
			1651	1274
			1652	1274
			1653	1274
			1654	1274
			1655	1274
			1656	1274
			1657	1274
			1658	1274
			1659	1274
			1660	1274
			1661	1274
			1662	1274
			1663	1274
			1664	1274
			1665	1273
			1666	1273
			1667	1273
			1668	1273
			1669	1273
			1670	1273
			1671	1273
			1672	1273
			1673	1273
			1674	1273
			1675	1273
			1676	1273
			1677	1272
			1678	1272
			1679	1272
			1680	1272
			1681	1272
			1682	1272
			1683	1272
			1684	1272
			1685	1272
			1686	1272
			1687	1272
			1688	1271
			1689	1271
			1690	1271
			1691	1271
			1692	1271
			1693	1271
			1694	1271
			1695	1271
			1696	1271
			1697	1271
			1698	1271
			1699	1270
			1700	1270
			1701	1270
			1702	1270
			1703	1270
			1704	1270
			1705	1270
			1706	1270
			1707	1270
			1708	1269
			1709	1269
			1710	1269
			1711	1269
			1712	1269
			1713	1269
			1714	1269
			1715	1269
			1716	1269
			1717	1268
			1718	1268
			1719	1268
			1720	1268
			1721	1268
			1722	1268
			1723	1268
			1724	1268
			1725	1267
			1726	1267
			1727	1267
			1728	1267
			1729	1267
			1730	1267
			1731	1267
			1732	1267
			1733	1266
			1734	1266
			1735	1266
			1736	1266
			1737	1266
			1738	1266
			1739	1266
			1740	1265
			1741	1265
			1742	1265
			1743	1265
			1744	1265
			1745	1265
			1746	1265
			1747	1264
			1748	1264
			1749	1264
			1750	1264
			1751	1264
			1752	1264
			1753	1264
			1754	1263
			1755	1263
			1756	1263
			1757	1263
		</Snout_dorsal>
		<Dorsal_adipose type=matrix rownames=FALSE colnames=FALSE nrow=330 ncol=2 as.numeric=TRUE >
			1757	1263
			1758	1263
			1759	1264
			1760	1264
			1761	1264
			1762	1264
			1763	1265
			1764	1265
			1765	1265
			1766	1265
			1767	1266
			1768	1266
			1769	1266
			1770	1266
			1771	1266
			1772	1267
			1773	1267
			1774	1267
			1775	1267
			1776	1268
			1777	1268
			1778	1268
			1779	1269
			1780	1269
			1781	1269
			1782	1269
			1783	1270
			1784	1270
			1785	1270
			1786	1270
			1787	1271
			1788	1271
			1789	1271
			1790	1271
			1791	1272
			1792	1272
			1793	1272
			1794	1272
			1795	1273
			1796	1273
			1797	1273
			1798	1273
			1798	1274
			1799	1274
			1800	1274
			1801	1274
			1802	1275
			1803	1275
			1804	1275
			1805	1275
			1806	1276
			1807	1276
			1808	1276
			1809	1277
			1810	1277
			1811	1277
			1812	1277
			1813	1277
			1813	1278
			1814	1278
			1815	1278
			1816	1278
			1817	1279
			1818	1279
			1819	1279
			1820	1279
			1821	1280
			1822	1280
			1823	1280
			1824	1281
			1825	1281
			1826	1281
			1827	1281
			1828	1282
			1829	1282
			1830	1282
			1831	1283
			1832	1283
			1833	1283
			1834	1284
			1835	1284
			1836	1284
			1837	1284
			1838	1285
			1839	1285
			1840	1285
			1841	1286
			1842	1286
			1843	1286
			1844	1287
			1845	1287
			1846	1287
			1847	1287
			1848	1288
			1849	1288
			1850	1288
			1851	1289
			1852	1289
			1853	1289
			1854	1289
			1854	1290
			1855	1290
			1856	1290
			1857	1291
			1858	1291
			1859	1291
			1860	1291
			1861	1292
			1862	1292
			1863	1292
			1863	1293
			1864	1293
			1865	1293
			1866	1293
			1867	1294
			1868	1294
			1869	1294
			1870	1295
			1871	1295
			1872	1296
			1873	1296
			1874	1296
			1875	1297
			1876	1297
			1877	1297
			1878	1298
			1879	1298
			1880	1298
			1881	1299
			1882	1299
			1883	1299
			1884	1300
			1885	1300
			1886	1300
			1887	1301
			1888	1301
			1889	1301
			1890	1302
			1891	1302
			1892	1303
			1893	1303
			1894	1303
			1895	1304
			1896	1304
			1897	1304
			1897	1305
			1898	1305
			1899	1305
			1900	1306
			1901	1306
			1902	1306
			1903	1307
			1904	1307
			1905	1308
			1906	1308
			1907	1308
			1908	1309
			1909	1309
			1910	1310
			1911	1310
			1912	1311
			1913	1311
			1914	1311
			1915	1312
			1916	1312
			1917	1313
			1918	1313
			1919	1313
			1920	1314
			1921	1315
			1922	1315
			1923	1315
			1924	1315
			1925	1316
			1926	1316
			1927	1316
			1928	1316
			1929	1316
			1930	1317
			1931	1317
			1932	1317
			1933	1317
			1934	1317
			1935	1318
			1936	1318
			1937	1318
			1938	1318
			1939	1318
			1940	1319
			1941	1319
			1942	1319
			1943	1319
			1944	1319
			1945	1319
			1946	1320
			1947	1320
			1948	1320
			1949	1320
			1950	1320
			1951	1321
			1952	1321
			1953	1321
			1954	1321
			1955	1321
			1956	1321
			1957	1322
			1958	1322
			1959	1322
			1960	1322
			1961	1322
			1962	1322
			1963	1323
			1964	1323
			1965	1323
			1966	1323
			1967	1323
			1968	1323
			1969	1323
			1970	1324
			1971	1324
			1972	1324
			1973	1324
			1974	1324
			1975	1324
			1976	1324
			1977	1325
			1978	1325
			1979	1325
			1980	1325
			1981	1325
			1982	1325
			1983	1325
			1984	1326
			1985	1326
			1986	1326
			1987	1326
			1988	1326
			1989	1326
			1990	1326
			1991	1327
			1992	1327
			1993	1327
			1994	1327
			1995	1327
			1996	1327
			1997	1327
			1998	1328
			1999	1328
			2000	1328
			2001	1328
			2002	1328
			2003	1328
			2004	1328
			2005	1328
			2006	1329
			2007	1329
			2008	1329
			2009	1329
			2010	1329
			2011	1329
			2012	1329
			2013	1329
			2014	1329
			2015	1330
			2016	1330
			2017	1330
			2018	1330
			2019	1330
			2020	1330
			2021	1330
			2022	1330
			2023	1330
			2024	1330
			2025	1331
			2026	1331
			2027	1331
			2028	1331
			2029	1331
			2030	1331
			2031	1331
			2032	1331
			2033	1331
			2034	1331
			2035	1331
			2036	1332
			2037	1332
			2038	1332
			2039	1332
			2040	1332
			2041	1332
			2042	1332
			2043	1332
			2044	1332
			2045	1332
			2046	1332
			2047	1332
			2048	1332
			2049	1333
			2050	1333
			2051	1333
			2052	1333
			2053	1333
			2054	1333
			2055	1333
			2056	1333
			2057	1333
			2058	1333
			2059	1333
			2060	1333
			2061	1333
			2062	1333
			2063	1333
			2064	1333
			2065	1333
			2066	1333
			2067	1333
			2068	1334
			2069	1334
			2070	1334
			2071	1334
			2072	1334
			2073	1334
			2074	1334
			2075	1334
			2076	1334
			2077	1334
			2078	1334
			2079	1334
			2080	1334
			2081	1334
		</Dorsal_adipose>
		<Adipose_caudal type=matrix rownames=FALSE colnames=FALSE nrow=213 ncol=2 as.numeric=TRUE >
			2081	1334
			2082	1334
			2083	1334
			2084	1334
			2085	1334
			2086	1334
			2087	1334
			2088	1334
			2089	1335
			2090	1335
			2091	1335
			2092	1335
			2093	1335
			2094	1335
			2095	1335
			2096	1336
			2097	1336
			2098	1336
			2099	1336
			2100	1337
			2101	1337
			2102	1337
			2103	1338
			2104	1338
			2105	1338
			2105	1339
			2106	1339
			2107	1339
			2108	1340
			2109	1341
			2110	1341
			2111	1342
			2112	1343
			2113	1344
			2114	1345
			2115	1346
			2116	1347
			2116	1348
			2117	1349
			2117	1350
			2117	1351
			2118	1352
			2119	1353
			2120	1353
			2121	1354
			2122	1354
			2123	1354
			2124	1354
			2125	1354
			2126	1354
			2127	1355
			2128	1355
			2129	1355
			2130	1355
			2131	1355
			2132	1355
			2133	1356
			2134	1356
			2135	1356
			2136	1356
			2137	1356
			2138	1357
			2139	1357
			2140	1357
			2141	1357
			2142	1357
			2143	1357
			2143	1358
			2144	1358
			2145	1358
			2146	1358
			2147	1358
			2148	1358
			2149	1358
			2150	1359
			2151	1359
			2152	1359
			2153	1359
			2154	1359
			2155	1360
			2156	1360
			2157	1360
			2158	1360
			2159	1360
			2160	1361
			2161	1361
			2162	1361
			2163	1361
			2164	1361
			2165	1361
			2166	1362
			2167	1362
			2168	1362
			2169	1362
			2170	1362
			2171	1362
			2172	1363
			2173	1363
			2174	1363
			2175	1363
			2176	1363
			2177	1363
			2178	1364
			2179	1364
			2180	1364
			2181	1364
			2182	1364
			2183	1364
			2183	1365
			2184	1365
			2185	1365
			2186	1365
			2187	1365
			2188	1365
			2189	1365
			2190	1366
			2191	1366
			2192	1366
			2193	1366
			2194	1366
			2195	1366
			2195	1367
			2196	1367
			2197	1367
			2198	1367
			2199	1367
			2200	1367
			2201	1368
			2202	1368
			2203	1368
			2204	1368
			2205	1368
			2206	1368
			2207	1368
			2208	1369
			2209	1369
			2210	1369
			2211	1369
			2212	1369
			2213	1370
			2214	1370
			2215	1370
			2216	1370
			2217	1370
			2218	1370
			2219	1371
			2220	1371
			2221	1371
			2222	1371
			2223	1371
			2224	1371
			2225	1371
			2225	1372
			2226	1372
			2227	1372
			2228	1372
			2229	1372
			2230	1372
			2231	1372
			2232	1373
			2233	1373
			2234	1373
			2235	1373
			2236	1373
			2237	1373
			2238	1374
			2239	1374
			2240	1374
			2241	1374
			2242	1374
			2243	1374
			2244	1374
			2245	1375
			2246	1375
			2247	1375
			2248	1375
			2249	1375
			2250	1375
			2251	1374
			2252	1374
			2253	1374
			2254	1374
			2255	1374
			2256	1373
			2257	1373
			2258	1373
			2259	1373
			2260	1373
			2261	1373
			2262	1373
			2263	1373
			2264	1373
			2265	1373
			2266	1373
			2267	1373
			2268	1373
			2269	1373
			2270	1373
			2271	1373
			2272	1373
			2273	1373
			2274	1373
			2275	1373
			2276	1373
			2277	1373
			2278	1373
			2278	1374
			2279	1374
			2280	1374
			2281	1374
			2282	1374
			2283	1375
			2284	1375
		</Adipose_caudal>
		<Caudal_anal type=matrix rownames=FALSE colnames=FALSE nrow=338 ncol=2 as.numeric=TRUE >
			2280	1497
			2279	1497
			2278	1498
			2277	1498
			2276	1498
			2275	1499
			2274	1499
			2273	1499
			2272	1499
			2271	1499
			2270	1500
			2269	1500
			2268	1500
			2267	1500
			2266	1500
			2265	1500
			2264	1500
			2263	1500
			2262	1500
			2261	1500
			2260	1500
			2259	1500
			2258	1500
			2257	1500
			2256	1499
			2255	1499
			2254	1499
			2253	1499
			2252	1499
			2251	1498
			2250	1498
			2249	1498
			2248	1498
			2247	1497
			2246	1497
			2245	1496
			2244	1496
			2243	1496
			2242	1495
			2241	1495
			2240	1495
			2239	1494
			2238	1494
			2237	1494
			2236	1494
			2235	1494
			2234	1493
			2233	1493
			2232	1493
			2231	1493
			2230	1493
			2229	1493
			2228	1493
			2227	1493
			2226	1492
			2225	1492
			2224	1492
			2223	1492
			2222	1492
			2221	1492
			2220	1492
			2219	1492
			2218	1492
			2217	1492
			2216	1492
			2215	1491
			2214	1491
			2213	1491
			2212	1491
			2211	1491
			2210	1491
			2209	1491
			2208	1491
			2207	1491
			2206	1491
			2205	1491
			2204	1491
			2203	1491
			2202	1491
			2201	1491
			2200	1491
			2199	1491
			2198	1491
			2197	1491
			2196	1491
			2195	1491
			2194	1491
			2193	1491
			2192	1491
			2191	1491
			2191	1490
			2190	1490
			2189	1490
			2188	1490
			2187	1490
			2186	1490
			2185	1490
			2184	1490
			2183	1490
			2182	1490
			2181	1490
			2180	1490
			2179	1490
			2178	1490
			2177	1490
			2176	1490
			2175	1490
			2174	1490
			2173	1490
			2172	1490
			2171	1491
			2170	1491
			2169	1491
			2168	1491
			2167	1491
			2166	1491
			2165	1491
			2164	1491
			2163	1491
			2162	1491
			2161	1491
			2160	1491
			2159	1491
			2158	1491
			2157	1491
			2156	1491
			2155	1491
			2154	1491
			2153	1491
			2152	1491
			2151	1491
			2150	1491
			2149	1491
			2148	1491
			2147	1491
			2146	1491
			2145	1491
			2144	1491
			2143	1491
			2142	1491
			2141	1491
			2140	1491
			2139	1491
			2138	1491
			2137	1492
			2136	1492
			2135	1492
			2134	1492
			2133	1492
			2132	1492
			2131	1492
			2130	1492
			2129	1492
			2128	1492
			2127	1492
			2126	1492
			2125	1492
			2124	1492
			2123	1492
			2122	1492
			2121	1492
			2120	1492
			2119	1492
			2118	1492
			2117	1493
			2116	1493
			2115	1493
			2114	1493
			2113	1493
			2112	1493
			2111	1493
			2110	1493
			2109	1493
			2108	1493
			2107	1494
			2106	1494
			2105	1494
			2104	1494
			2103	1494
			2103	1495
			2102	1495
			2101	1495
			2100	1495
			2099	1496
			2098	1496
			2097	1496
			2096	1497
			2095	1497
			2094	1497
			2093	1497
			2092	1497
			2092	1498
			2091	1498
			2090	1498
			2089	1498
			2088	1499
			2087	1499
			2086	1499
			2085	1499
			2084	1499
			2084	1500
			2083	1500
			2082	1500
			2081	1500
			2080	1501
			2079	1501
			2078	1501
			2077	1501
			2076	1501
			2075	1502
			2074	1502
			2073	1502
			2072	1503
			2071	1503
			2070	1503
			2069	1503
			2068	1503
			2067	1504
			2066	1504
			2065	1504
			2064	1504
			2064	1505
			2063	1505
			2062	1505
			2061	1505
			2060	1505
			2059	1506
			2058	1506
			2057	1506
			2056	1506
			2055	1506
			2054	1507
			2053	1507
			2052	1507
			2051	1507
			2051	1508
			2050	1508
			2049	1508
			2048	1508
			2047	1508
			2046	1509
			2045	1509
			2044	1509
			2043	1509
			2042	1509
			2041	1510
			2040	1510
			2039	1510
			2038	1510
			2037	1511
			2036	1511
			2035	1511
			2034	1511
			2033	1511
			2032	1512
			2031	1512
			2030	1512
			2029	1512
			2028	1513
			2027	1513
			2026	1513
			2025	1513
			2024	1513
			2023	1514
			2022	1514
			2021	1514
			2020	1514
			2019	1514
			2018	1515
			2017	1515
			2016	1515
			2015	1515
			2014	1515
			2013	1516
			2012	1516
			2011	1516
			2010	1516
			2009	1516
			2008	1517
			2007	1517
			2006	1517
			2005	1517
			2004	1517
			2003	1518
			2002	1518
			2001	1518
			2000	1518
			1999	1518
			1998	1519
			1997	1519
			1996	1519
			1995	1519
			1994	1519
			1993	1519
			1992	1520
			1991	1520
			1990	1520
			1989	1520
			1988	1520
			1987	1521
			1986	1521
			1985	1521
			1984	1521
			1983	1521
			1982	1521
			1981	1522
			1980	1522
			1979	1522
			1978	1522
			1977	1522
			1976	1522
			1975	1523
			1974	1523
			1973	1523
			1972	1523
			1971	1523
			1970	1524
			1969	1524
			1968	1524
			1967	1524
			1966	1524
			1965	1524
			1964	1525
			1963	1525
			1962	1525
			1961	1525
			1960	1525
			1959	1525
			1958	1526
			1957	1526
			1956	1526
			1955	1526
			1954	1526
			1953	1526
			1952	1527
			1951	1527
			1950	1527
			1949	1527
		</Caudal_anal>
	</curves.pixel>
	<curves.scaled type=list>
		<Snout_dorsal type=matrix rownames=FALSE colnames=FALSE nrow=595 ncol=2 as.numeric=TRUE >
			29.3104075642633	-34.6288282916498
			29.3104075642633	-34.6051908661947
			29.3104075642633	-34.5815534407397
			29.3104075642633	-34.5579160152846
			29.3104075642633	-34.5342785898296
			29.3104075642633	-34.5106411643745
			29.3104075642633	-34.4870037389195
			29.3104075642633	-34.4633663134644
			29.3104075642633	-34.4397288880094
			29.3104075642633	-34.4160914625543
			29.3104075642633	-34.3924540370992
			29.3104075642633	-34.3688166116442
			29.3104075642633	-34.3451791861891
			29.3340449897183	-34.3215417607341
			29.3340449897183	-34.297904335279
			29.3340449897183	-34.274266909824
			29.3340449897183	-34.2506294843689
			29.3340449897183	-34.2269920589139
			29.3340449897183	-34.2033546334588
			29.3340449897183	-34.1797172080038
			29.3340449897183	-34.1560797825487
			29.3340449897183	-34.1324423570937
			29.3340449897183	-34.1088049316386
			29.3576824151734	-34.0851675061836
			29.3576824151734	-34.0615300807285
			29.3576824151734	-34.0378926552735
			29.3576824151734	-34.0142552298184
			29.3576824151734	-33.9906178043634
			29.3576824151734	-33.9669803789083
			29.3576824151734	-33.9433429534533
			29.3813198406284	-33.9197055279982
			29.3813198406284	-33.8960681025432
			29.3813198406284	-33.8724306770881
			29.3813198406284	-33.8487932516331
			29.3813198406284	-33.825155826178
			29.4049572660835	-33.801518400723
			29.4049572660835	-33.7778809752679
			29.4049572660835	-33.7542435498129
			29.4049572660835	-33.7306061243578
			29.4049572660835	-33.7069686989028
			29.4285946915385	-33.6833312734477
			29.4285946915385	-33.6596938479927
			29.4285946915385	-33.6360564225376
			29.4285946915385	-33.6124189970826
			29.4522321169936	-33.5887815716275
			29.4522321169936	-33.5651441461725
			29.4522321169936	-33.5415067207174
			29.4758695424486	-33.5178692952624
			29.4758695424486	-33.4942318698073
			29.4758695424486	-33.4705944443523
			29.4758695424486	-33.4469570188972
			29.4995069679037	-33.4233195934422
			29.4995069679037	-33.3996821679871
			29.4995069679037	-33.3760447425321
			29.5231443933587	-33.352407317077
			29.5231443933587	-33.328769891622
			29.5231443933587	-33.3051324661669
			29.5467818188138	-33.2814950407119
			29.5467818188138	-33.2578576152568
			29.5704192442688	-33.2342201898018
			29.5704192442688	-33.2105827643467
			29.5704192442688	-33.1869453388916
			29.5940566697239	-33.1633079134366
			29.5940566697239	-33.1396704879815
			29.6176940951789	-33.1160330625265
			29.6176940951789	-33.0923956370714
			29.6176940951789	-33.0687582116164
			29.641331520634	-33.0451207861613
			29.641331520634	-33.0214833607063
			29.664968946089	-32.9978459352512
			29.664968946089	-32.9742085097962
			29.6886063715441	-32.9505710843411
			29.6886063715441	-32.9269336588861
			29.6886063715441	-32.903296233431
			29.7122437969991	-32.903296233431
			29.7122437969991	-32.879658807976
			29.7358812224542	-32.8560213825209
			29.7358812224542	-32.8323839570659
			29.7595186479092	-32.8087465316108
			29.7595186479092	-32.7851091061558
			29.7831560733643	-32.7851091061558
			29.7831560733643	-32.7614716807007
			29.8067934988193	-32.7378342552457
			29.8067934988193	-32.7141968297906
			29.8304309242744	-32.6905594043356
			29.8304309242744	-32.6669219788805
			29.8540683497295	-32.6669219788805
			29.8540683497295	-32.6432845534255
			29.8777057751845	-32.6196471279704
			29.8777057751845	-32.5960097025154
			29.9013432006396	-32.5723722770603
			29.9013432006396	-32.5487348516053
			29.9249806260946	-32.5487348516053
			29.9249806260946	-32.5250974261502
			29.9486180515497	-32.5014600006952
			29.9486180515497	-32.4778225752401
			29.9722554770047	-32.4778225752401
			29.9722554770047	-32.4541851497851
			29.9958929024598	-32.43054772433
			30.0195303279148	-32.406910298875
			30.0195303279148	-32.3832728734199
			30.0431677533699	-32.3832728734199
			30.0431677533699	-32.3596354479649
			30.0668051788249	-32.3359980225098
			30.09044260428	-32.3123605970548
			30.114080029735	-32.2887231715997
			30.1377174551901	-32.2650857461447
			30.1377174551901	-32.2414483206896
			30.1613548806451	-32.2178108952346
			30.1849923061002	-32.1941734697795
			30.2086297315552	-32.1705360443245
			30.2086297315552	-32.1468986188694
			30.2322671570103	-32.1468986188694
			30.2559045824653	-32.1232611934144
			30.2795420079204	-32.0996237679593
			30.3031794333754	-32.0759863425043
			30.3031794333754	-32.0523489170492
			30.3268168588305	-32.0287114915941
			30.3504542842855	-32.0050740661391
			30.3740917097406	-32.0050740661391
			30.3977291351956	-31.981436640684
			30.4213665606507	-31.957799215229
			30.4450039861057	-31.9341617897739
			30.4450039861057	-31.9105243643189
			30.4686414115608	-31.8868869388638
			30.4922788370158	-31.8868869388638
			30.5159162624709	-31.8632495134088
			30.5395536879259	-31.8396120879537
			30.563191113381	-31.8159746624987
			30.586828538836	-31.7923372370436
			30.6104659642911	-31.7923372370436
			30.6341033897461	-31.7686998115886
			30.6577408152012	-31.7450623861335
			30.6813782406562	-31.7214249606785
			30.7050156661113	-31.6977875352234
			30.7286530915663	-31.6977875352234
			30.7522905170214	-31.6741501097684
			30.7759279424764	-31.6505126843133
			30.7995653679315	-31.6268752588583
			30.8232027933865	-31.6268752588583
			30.8468402188416	-31.6032378334032
			30.8704776442966	-31.5796004079482
			30.8941150697517	-31.5559629824931
			30.9177524952067	-31.5559629824931
			30.9413899206618	-31.5323255570381
			30.9650273461169	-31.508688131583
			30.9886647715719	-31.485050706128
			31.012302197027	-31.485050706128
			31.035939622482	-31.4614132806729
			31.0595770479371	-31.4377758552179
			31.0832144733921	-31.4377758552179
			31.1068518988472	-31.4141384297628
			31.1304893243022	-31.4141384297628
			31.1541267497573	-31.3905010043078
			31.1777641752123	-31.3668635788527
			31.2014016006674	-31.3668635788527
			31.2250390261224	-31.3432261533977
			31.2486764515775	-31.3432261533977
			31.2723138770325	-31.3195887279426
			31.2959513024876	-31.2959513024876
			31.3195887279426	-31.2959513024876
			31.3432261533977	-31.2723138770325
			31.3668635788527	-31.2723138770325
			31.3905010043078	-31.2486764515775
			31.4141384297628	-31.2486764515775
			31.4377758552179	-31.2250390261224
			31.4614132806729	-31.2250390261224
			31.485050706128	-31.2014016006674
			31.508688131583	-31.2014016006674
			31.5323255570381	-31.1777641752123
			31.5559629824931	-31.1777641752123
			31.5796004079482	-31.1541267497573
			31.6032378334032	-31.1541267497573
			31.6032378334032	-31.1304893243022
			31.6268752588583	-31.1304893243022
			31.6505126843133	-31.1304893243022
			31.6741501097684	-31.1068518988472
			31.6977875352234	-31.1068518988472
			31.7214249606785	-31.0832144733921
			31.7450623861335	-31.0832144733921
			31.7686998115886	-31.0595770479371
			31.7923372370436	-31.0595770479371
			31.8159746624987	-31.035939622482
			31.8396120879537	-31.035939622482
			31.8632495134088	-31.035939622482
			31.8868869388638	-31.012302197027
			31.9105243643189	-31.012302197027
			31.9341617897739	-30.9886647715719
			31.957799215229	-30.9886647715719
			31.981436640684	-30.9650273461169
			32.0050740661391	-30.9650273461169
			32.0287114915941	-30.9650273461169
			32.0523489170492	-30.9413899206618
			32.0759863425043	-30.9413899206618
			32.0996237679593	-30.9177524952067
			32.1232611934144	-30.9177524952067
			32.1468986188694	-30.9177524952067
			32.1705360443245	-30.8941150697517
			32.1941734697795	-30.8941150697517
			32.2178108952346	-30.8704776442966
			32.2414483206896	-30.8704776442966
			32.2650857461447	-30.8704776442966
			32.2887231715997	-30.8468402188416
			32.3123605970548	-30.8468402188416
			32.3359980225098	-30.8468402188416
			32.3596354479649	-30.8232027933865
			32.3832728734199	-30.8232027933865
			32.406910298875	-30.8232027933865
			32.43054772433	-30.7995653679315
			32.4541851497851	-30.7995653679315
			32.4778225752401	-30.7995653679315
			32.5014600006952	-30.7995653679315
			32.5250974261502	-30.7759279424764
			32.5487348516053	-30.7759279424764
			32.5723722770603	-30.7759279424764
			32.5960097025154	-30.7759279424764
			32.6196471279704	-30.7522905170214
			32.6432845534255	-30.7522905170214
			32.6669219788805	-30.7522905170214
			32.6905594043356	-30.7286530915663
			32.7141968297906	-30.7286530915663
			32.7378342552457	-30.7286530915663
			32.7614716807007	-30.7286530915663
			32.7851091061558	-30.7286530915663
			32.8087465316108	-30.7050156661113
			32.8323839570659	-30.7050156661113
			32.8560213825209	-30.7050156661113
			32.879658807976	-30.7050156661113
			32.903296233431	-30.6813782406562
			32.9269336588861	-30.6813782406562
			32.9505710843411	-30.6813782406562
			32.9742085097962	-30.6813782406562
			32.9978459352512	-30.6577408152012
			33.0214833607063	-30.6577408152012
			33.0451207861613	-30.6577408152012
			33.0687582116164	-30.6577408152012
			33.0923956370714	-30.6577408152012
			33.1160330625265	-30.6341033897461
			33.1396704879815	-30.6341033897461
			33.1633079134366	-30.6341033897461
			33.1869453388916	-30.6341033897461
			33.2105827643467	-30.6341033897461
			33.2342201898018	-30.6104659642911
			33.2578576152568	-30.6104659642911
			33.2814950407119	-30.6104659642911
			33.3051324661669	-30.6104659642911
			33.328769891622	-30.586828538836
			33.352407317077	-30.586828538836
			33.3760447425321	-30.586828538836
			33.3996821679871	-30.586828538836
			33.4233195934422	-30.586828538836
			33.4469570188972	-30.586828538836
			33.4469570188972	-30.563191113381
			33.4705944443523	-30.563191113381
			33.4942318698073	-30.563191113381
			33.5178692952624	-30.563191113381
			33.5415067207174	-30.563191113381
			33.5651441461725	-30.5395536879259
			33.5887815716275	-30.5395536879259
			33.6124189970826	-30.5395536879259
			33.6360564225376	-30.5395536879259
			33.6596938479927	-30.5395536879259
			33.6833312734477	-30.5395536879259
			33.7069686989028	-30.5159162624709
			33.7306061243578	-30.5159162624709
			33.7542435498129	-30.5159162624709
			33.7778809752679	-30.5159162624709
			33.801518400723	-30.5159162624709
			33.825155826178	-30.4922788370158
			33.8487932516331	-30.4922788370158
			33.8724306770881	-30.4922788370158
			33.8960681025432	-30.4922788370158
			33.9197055279982	-30.4922788370158
			33.9433429534533	-30.4686414115608
			33.9669803789083	-30.4686414115608
			33.9906178043634	-30.4686414115608
			34.0142552298184	-30.4686414115608
			34.0378926552735	-30.4686414115608
			34.0615300807285	-30.4686414115608
			34.0851675061836	-30.4450039861057
			34.1088049316386	-30.4450039861057
			34.1324423570937	-30.4450039861057
			34.1560797825487	-30.4450039861057
			34.1797172080038	-30.4450039861057
			34.2033546334588	-30.4450039861057
			34.2269920589139	-30.4450039861057
			34.2506294843689	-30.4213665606507
			34.274266909824	-30.4213665606507
			34.297904335279	-30.4213665606507
			34.3215417607341	-30.4213665606507
			34.3451791861891	-30.4213665606507
			34.3688166116442	-30.4213665606507
			34.3924540370992	-30.3977291351956
			34.4160914625543	-30.3977291351956
			34.4397288880094	-30.3977291351956
			34.4633663134644	-30.3977291351956
			34.4870037389195	-30.3977291351956
			34.5106411643745	-30.3977291351956
			34.5342785898296	-30.3977291351956
			34.5579160152846	-30.3740917097406
			34.5815534407397	-30.3740917097406
			34.6051908661947	-30.3740917097406
			34.6288282916498	-30.3740917097406
			34.6524657171048	-30.3740917097406
			34.6761031425599	-30.3740917097406
			34.6997405680149	-30.3740917097406
			34.72337799347	-30.3504542842855
			34.747015418925	-30.3504542842855
			34.7706528443801	-30.3504542842855
			34.7942902698351	-30.3504542842855
			34.8179276952902	-30.3504542842855
			34.8415651207452	-30.3504542842855
			34.8652025462003	-30.3504542842855
			34.8888399716553	-30.3268168588305
			34.9124773971104	-30.3268168588305
			34.9361148225654	-30.3268168588305
			34.9597522480205	-30.3268168588305
			34.9833896734755	-30.3268168588305
			35.0070270989306	-30.3268168588305
			35.0306645243856	-30.3268168588305
			35.0543019498407	-30.3268168588305
			35.0779393752957	-30.3031794333754
			35.1015768007508	-30.3031794333754
			35.1252142262058	-30.3031794333754
			35.1488516516609	-30.3031794333754
			35.1724890771159	-30.3031794333754
			35.196126502571	-30.3031794333754
			35.219763928026	-30.3031794333754
			35.2434013534811	-30.3031794333754
			35.2670387789361	-30.3031794333754
			35.2906762043912	-30.2795420079204
			35.3143136298462	-30.2795420079204
			35.3379510553013	-30.2795420079204
			35.3615884807563	-30.2795420079204
			35.3852259062114	-30.2795420079204
			35.4088633316664	-30.2795420079204
			35.4325007571215	-30.2795420079204
			35.4561381825765	-30.2795420079204
			35.4797756080316	-30.2795420079204
			35.5034130334867	-30.2559045824653
			35.5270504589417	-30.2559045824653
			35.5506878843968	-30.2559045824653
			35.5743253098518	-30.2559045824653
			35.5979627353069	-30.2559045824653
			35.6216001607619	-30.2559045824653
			35.645237586217	-30.2559045824653
			35.668875011672	-30.2559045824653
			35.6925124371271	-30.2559045824653
			35.7161498625821	-30.2559045824653
			35.7397872880372	-30.2322671570103
			35.7634247134922	-30.2322671570103
			35.7870621389473	-30.2322671570103
			35.8106995644023	-30.2322671570103
			35.8343369898574	-30.2322671570103
			35.8579744153124	-30.2322671570103
			35.8816118407675	-30.2322671570103
			35.9052492662225	-30.2322671570103
			35.9288866916776	-30.2322671570103
			35.9525241171326	-30.2322671570103
			35.9761615425877	-30.2322671570103
			35.9997989680427	-30.2086297315552
			36.0234363934978	-30.2086297315552
			36.0470738189528	-30.2086297315552
			36.0707112444079	-30.2086297315552
			36.0943486698629	-30.2086297315552
			36.117986095318	-30.2086297315552
			36.141623520773	-30.2086297315552
			36.1652609462281	-30.2086297315552
			36.1888983716831	-30.2086297315552
			36.2125357971382	-30.2086297315552
			36.2361732225932	-30.2086297315552
			36.2598106480483	-30.2086297315552
			36.2834480735033	-30.1849923061002
			36.3070854989584	-30.1849923061002
			36.3307229244134	-30.1849923061002
			36.3543603498685	-30.1849923061002
			36.3779977753235	-30.1849923061002
			36.4016352007786	-30.1849923061002
			36.4252726262336	-30.1849923061002
			36.4489100516887	-30.1849923061002
			36.4725474771437	-30.1849923061002
			36.4961849025988	-30.1849923061002
			36.5198223280538	-30.1849923061002
			36.5434597535089	-30.1849923061002
			36.5670971789639	-30.1849923061002
			36.590734604419	-30.1613548806451
			36.614372029874	-30.1613548806451
			36.6380094553291	-30.1613548806451
			36.6616468807841	-30.1613548806451
			36.6852843062392	-30.1613548806451
			36.7089217316943	-30.1613548806451
			36.7325591571493	-30.1613548806451
			36.7561965826044	-30.1613548806451
			36.7798340080594	-30.1613548806451
			36.8034714335145	-30.1613548806451
			36.8271088589695	-30.1613548806451
			36.8507462844246	-30.1613548806451
			36.8743837098796	-30.1613548806451
			36.8980211353347	-30.1613548806451
			36.9216585607897	-30.1613548806451
			36.9452959862448	-30.1613548806451
			36.9689334116998	-30.1613548806451
			36.9925708371549	-30.1613548806451
			37.0162082626099	-30.1613548806451
			37.039845688065	-30.1613548806451
			37.06348311352	-30.1613548806451
			37.0871205389751	-30.1613548806451
			37.1107579644301	-30.1613548806451
			37.1343953898852	-30.1613548806451
			37.1580328153402	-30.1613548806451
			37.1816702407953	-30.1613548806451
			37.2053076662503	-30.1613548806451
			37.2289450917054	-30.1613548806451
			37.2525825171604	-30.1613548806451
			37.2762199426155	-30.1613548806451
			37.2998573680705	-30.1613548806451
			37.3234947935256	-30.1613548806451
			37.3471322189806	-30.1613548806451
			37.3707696444357	-30.1613548806451
			37.3944070698907	-30.1613548806451
			37.4180444953458	-30.1613548806451
			37.4416819208008	-30.1613548806451
			37.4653193462559	-30.1613548806451
			37.4889567717109	-30.1613548806451
			37.512594197166	-30.1613548806451
			37.536231622621	-30.1613548806451
			37.5598690480761	-30.1613548806451
			37.5835064735311	-30.1613548806451
			37.6071438989862	-30.1613548806451
			37.6307813244412	-30.1613548806451
			37.6544187498963	-30.1613548806451
			37.6780561753513	-30.1613548806451
			37.7016936008064	-30.1613548806451
			37.7253310262614	-30.1613548806451
			37.7489684517165	-30.1613548806451
			37.7726058771716	-30.1613548806451
			37.7962433026266	-30.1613548806451
			37.8198807280816	-30.1613548806451
			37.8435181535367	-30.1613548806451
			37.8671555789918	-30.1613548806451
			37.8907930044468	-30.1613548806451
			37.9144304299019	-30.1613548806451
			37.9380678553569	-30.1613548806451
			37.961705280812	-30.1613548806451
			37.985342706267	-30.1613548806451
			38.0089801317221	-30.1613548806451
			38.0326175571771	-30.1613548806451
			38.0562549826322	-30.1613548806451
			38.0798924080872	-30.1613548806451
			38.1035298335423	-30.1613548806451
			38.1271672589973	-30.1613548806451
			38.1508046844524	-30.1613548806451
			38.1744421099074	-30.1613548806451
			38.1980795353625	-30.1613548806451
			38.2217169608175	-30.1613548806451
			38.2453543862726	-30.1613548806451
			38.2689918117276	-30.1613548806451
			38.2926292371827	-30.1613548806451
			38.3162666626377	-30.1613548806451
			38.3399040880928	-30.1613548806451
			38.3635415135478	-30.1613548806451
			38.3871789390029	-30.1613548806451
			38.4108163644579	-30.1613548806451
			38.434453789913	-30.1613548806451
			38.458091215368	-30.1613548806451
			38.4817286408231	-30.1613548806451
			38.5053660662781	-30.1613548806451
			38.5290034917332	-30.1377174551901
			38.5526409171882	-30.1377174551901
			38.5762783426433	-30.1377174551901
			38.5999157680983	-30.1377174551901
			38.6235531935534	-30.1377174551901
			38.6471906190084	-30.1377174551901
			38.6708280444635	-30.1377174551901
			38.6944654699185	-30.1377174551901
			38.7181028953736	-30.1377174551901
			38.7417403208286	-30.1377174551901
			38.7653777462837	-30.1377174551901
			38.7890151717387	-30.1377174551901
			38.8126525971938	-30.1377174551901
			38.8362900226488	-30.1377174551901
			38.8599274481039	-30.1377174551901
			38.8835648735589	-30.1377174551901
			38.907202299014	-30.1377174551901
			38.9308397244691	-30.1377174551901
			38.9544771499241	-30.1377174551901
			38.9781145753792	-30.1377174551901
			39.0017520008342	-30.114080029735
			39.0253894262893	-30.114080029735
			39.0490268517443	-30.114080029735
			39.0726642771994	-30.114080029735
			39.0963017026544	-30.114080029735
			39.1199391281095	-30.114080029735
			39.1435765535645	-30.114080029735
			39.1672139790196	-30.114080029735
			39.1908514044746	-30.114080029735
			39.2144888299297	-30.114080029735
			39.2381262553847	-30.114080029735
			39.2617636808398	-30.114080029735
			39.2854011062948	-30.114080029735
			39.3090385317499	-30.114080029735
			39.3326759572049	-30.114080029735
			39.35631338266	-30.09044260428
			39.379950808115	-30.09044260428
			39.4035882335701	-30.09044260428
			39.4272256590251	-30.09044260428
			39.4508630844802	-30.09044260428
			39.4745005099352	-30.09044260428
			39.4981379353903	-30.09044260428
			39.5217753608453	-30.09044260428
			39.5454127863004	-30.09044260428
			39.5690502117554	-30.09044260428
			39.5926876372105	-30.09044260428
			39.6163250626655	-30.09044260428
			39.6399624881206	-30.0668051788249
			39.6635999135756	-30.0668051788249
			39.6872373390307	-30.0668051788249
			39.7108747644857	-30.0668051788249
			39.7345121899408	-30.0668051788249
			39.7581496153958	-30.0668051788249
			39.7817870408509	-30.0668051788249
			39.8054244663059	-30.0668051788249
			39.829061891761	-30.0668051788249
			39.852699317216	-30.0668051788249
			39.8763367426711	-30.0668051788249
			39.8999741681261	-30.0431677533699
			39.9236115935812	-30.0431677533699
			39.9472490190362	-30.0431677533699
			39.9708864444913	-30.0431677533699
			39.9945238699463	-30.0431677533699
			40.0181612954014	-30.0431677533699
			40.0417987208564	-30.0431677533699
			40.0654361463115	-30.0431677533699
			40.0890735717665	-30.0431677533699
			40.1127109972216	-30.0431677533699
			40.1363484226767	-30.0431677533699
			40.1599858481317	-30.0195303279148
			40.1836232735868	-30.0195303279148
			40.2072606990418	-30.0195303279148
			40.2308981244969	-30.0195303279148
			40.2545355499519	-30.0195303279148
			40.278172975407	-30.0195303279148
			40.301810400862	-30.0195303279148
			40.3254478263171	-30.0195303279148
			40.3490852517721	-30.0195303279148
			40.3727226772272	-29.9958929024598
			40.3963601026822	-29.9958929024598
			40.4199975281373	-29.9958929024598
			40.4436349535923	-29.9958929024598
			40.4672723790474	-29.9958929024598
			40.4909098045024	-29.9958929024598
			40.5145472299575	-29.9958929024598
			40.5381846554125	-29.9958929024598
			40.5618220808676	-29.9958929024598
			40.5854595063226	-29.9722554770047
			40.6090969317777	-29.9722554770047
			40.6327343572327	-29.9722554770047
			40.6563717826878	-29.9722554770047
			40.6800092081428	-29.9722554770047
			40.7036466335979	-29.9722554770047
			40.7272840590529	-29.9722554770047
			40.750921484508	-29.9722554770047
			40.774558909963	-29.9486180515497
			40.7981963354181	-29.9486180515497
			40.8218337608731	-29.9486180515497
			40.8454711863282	-29.9486180515497
			40.8691086117832	-29.9486180515497
			40.8927460372383	-29.9486180515497
			40.9163834626933	-29.9486180515497
			40.9400208881484	-29.9486180515497
			40.9636583136034	-29.9249806260946
			40.9872957390585	-29.9249806260946
			41.0109331645135	-29.9249806260946
			41.0345705899686	-29.9249806260946
			41.0582080154236	-29.9249806260946
			41.0818454408787	-29.9249806260946
			41.1054828663337	-29.9249806260946
			41.1291202917888	-29.9013432006396
			41.1527577172438	-29.9013432006396
			41.1763951426989	-29.9013432006396
			41.200032568154	-29.9013432006396
			41.223669993609	-29.9013432006396
			41.2473074190641	-29.9013432006396
			41.2709448445191	-29.9013432006396
			41.2945822699741	-29.8777057751845
			41.3182196954292	-29.8777057751845
			41.3418571208843	-29.8777057751845
			41.3654945463393	-29.8777057751845
			41.3891319717944	-29.8777057751845
			41.4127693972494	-29.8777057751845
			41.4364068227045	-29.8777057751845
			41.4600442481595	-29.8540683497295
			41.4836816736146	-29.8540683497295
			41.5073190990696	-29.8540683497295
			41.5309565245247	-29.8540683497295
		</Snout_dorsal>
		<Dorsal_adipose type=matrix rownames=FALSE colnames=FALSE nrow=330 ncol=2 as.numeric=TRUE >
			41.5309565245247	-29.8540683497295
			41.5545939499797	-29.8540683497295
			41.5782313754348	-29.8777057751845
			41.6018688008898	-29.8777057751845
			41.6255062263449	-29.8777057751845
			41.6491436517999	-29.8777057751845
			41.672781077255	-29.9013432006396
			41.69641850271	-29.9013432006396
			41.7200559281651	-29.9013432006396
			41.7436933536201	-29.9013432006396
			41.7673307790752	-29.9249806260946
			41.7909682045302	-29.9249806260946
			41.8146056299853	-29.9249806260946
			41.8382430554403	-29.9249806260946
			41.8618804808954	-29.9249806260946
			41.8855179063504	-29.9486180515497
			41.9091553318055	-29.9486180515497
			41.9327927572605	-29.9486180515497
			41.9564301827156	-29.9486180515497
			41.9800676081706	-29.9722554770047
			42.0037050336257	-29.9722554770047
			42.0273424590807	-29.9722554770047
			42.0509798845358	-29.9958929024598
			42.0746173099908	-29.9958929024598
			42.0982547354459	-29.9958929024598
			42.1218921609009	-29.9958929024598
			42.145529586356	-30.0195303279148
			42.169167011811	-30.0195303279148
			42.1928044372661	-30.0195303279148
			42.2164418627211	-30.0195303279148
			42.2400792881762	-30.0431677533699
			42.2637167136312	-30.0431677533699
			42.2873541390863	-30.0431677533699
			42.3109915645413	-30.0431677533699
			42.3346289899964	-30.0668051788249
			42.3582664154514	-30.0668051788249
			42.3819038409065	-30.0668051788249
			42.4055412663616	-30.0668051788249
			42.4291786918166	-30.09044260428
			42.4528161172717	-30.09044260428
			42.4764535427267	-30.09044260428
			42.5000909681818	-30.09044260428
			42.5000909681818	-30.114080029735
			42.5237283936368	-30.114080029735
			42.5473658190919	-30.114080029735
			42.5710032445469	-30.114080029735
			42.594640670002	-30.1377174551901
			42.618278095457	-30.1377174551901
			42.6419155209121	-30.1377174551901
			42.6655529463671	-30.1377174551901
			42.6891903718222	-30.1613548806451
			42.7128277972772	-30.1613548806451
			42.7364652227323	-30.1613548806451
			42.7601026481873	-30.1849923061002
			42.7837400736424	-30.1849923061002
			42.8073774990974	-30.1849923061002
			42.8310149245525	-30.1849923061002
			42.8546523500075	-30.1849923061002
			42.8546523500075	-30.2086297315552
			42.8782897754626	-30.2086297315552
			42.9019272009176	-30.2086297315552
			42.9255646263727	-30.2086297315552
			42.9492020518277	-30.2322671570103
			42.9728394772828	-30.2322671570103
			42.9964769027378	-30.2322671570103
			43.0201143281929	-30.2322671570103
			43.0437517536479	-30.2559045824653
			43.067389179103	-30.2559045824653
			43.091026604558	-30.2559045824653
			43.1146640300131	-30.2795420079204
			43.1383014554681	-30.2795420079204
			43.1619388809232	-30.2795420079204
			43.1855763063782	-30.2795420079204
			43.2092137318333	-30.3031794333754
			43.2328511572883	-30.3031794333754
			43.2564885827434	-30.3031794333754
			43.2801260081984	-30.3268168588305
			43.3037634336535	-30.3268168588305
			43.3274008591085	-30.3268168588305
			43.3510382845636	-30.3504542842855
			43.3746757100186	-30.3504542842855
			43.3983131354737	-30.3504542842855
			43.4219505609287	-30.3504542842855
			43.4455879863838	-30.3740917097406
			43.4692254118388	-30.3740917097406
			43.4928628372939	-30.3740917097406
			43.5165002627489	-30.3977291351956
			43.540137688204	-30.3977291351956
			43.563775113659	-30.3977291351956
			43.5874125391141	-30.4213665606507
			43.6110499645692	-30.4213665606507
			43.6346873900242	-30.4213665606507
			43.6583248154793	-30.4213665606507
			43.6819622409343	-30.4450039861057
			43.7055996663894	-30.4450039861057
			43.7292370918444	-30.4450039861057
			43.7528745172995	-30.4686414115608
			43.7765119427545	-30.4686414115608
			43.8001493682096	-30.4686414115608
			43.8237867936646	-30.4686414115608
			43.8237867936646	-30.4922788370158
			43.8474242191197	-30.4922788370158
			43.8710616445747	-30.4922788370158
			43.8946990700298	-30.5159162624709
			43.9183364954848	-30.5159162624709
			43.9419739209399	-30.5159162624709
			43.9656113463949	-30.5159162624709
			43.98924877185	-30.5395536879259
			44.012886197305	-30.5395536879259
			44.0365236227601	-30.5395536879259
			44.0365236227601	-30.563191113381
			44.0601610482151	-30.563191113381
			44.0837984736702	-30.563191113381
			44.1074358991252	-30.563191113381
			44.1310733245803	-30.586828538836
			44.1547107500353	-30.586828538836
			44.1783481754904	-30.586828538836
			44.2019856009454	-30.6104659642911
			44.2256230264005	-30.6104659642911
			44.2492604518555	-30.6341033897461
			44.2728978773106	-30.6341033897461
			44.2965353027656	-30.6341033897461
			44.3201727282207	-30.6577408152012
			44.3438101536757	-30.6577408152012
			44.3674475791308	-30.6577408152012
			44.3910850045858	-30.6813782406562
			44.4147224300409	-30.6813782406562
			44.4383598554959	-30.6813782406562
			44.461997280951	-30.7050156661113
			44.485634706406	-30.7050156661113
			44.5092721318611	-30.7050156661113
			44.5329095573161	-30.7286530915663
			44.5565469827712	-30.7286530915663
			44.5801844082262	-30.7286530915663
			44.6038218336813	-30.7522905170214
			44.6274592591363	-30.7522905170214
			44.6510966845914	-30.7522905170214
			44.6747341100465	-30.7759279424764
			44.6983715355015	-30.7759279424764
			44.7220089609566	-30.7995653679315
			44.7456463864116	-30.7995653679315
			44.7692838118667	-30.7995653679315
			44.7929212373217	-30.8232027933865
			44.8165586627768	-30.8232027933865
			44.8401960882318	-30.8232027933865
			44.8401960882318	-30.8468402188416
			44.8638335136869	-30.8468402188416
			44.8874709391419	-30.8468402188416
			44.911108364597	-30.8704776442966
			44.934745790052	-30.8704776442966
			44.9583832155071	-30.8704776442966
			44.9820206409621	-30.8941150697517
			45.0056580664172	-30.8941150697517
			45.0292954918722	-30.9177524952067
			45.0529329173273	-30.9177524952067
			45.0765703427823	-30.9177524952067
			45.1002077682374	-30.9413899206618
			45.1238451936924	-30.9413899206618
			45.1474826191475	-30.9650273461169
			45.1711200446025	-30.9650273461169
			45.1947574700576	-30.9886647715719
			45.2183948955126	-30.9886647715719
			45.2420323209677	-30.9886647715719
			45.2656697464227	-31.012302197027
			45.2893071718778	-31.012302197027
			45.3129445973328	-31.035939622482
			45.3365820227879	-31.035939622482
			45.3602194482429	-31.035939622482
			45.383856873698	-31.0595770479371
			45.407494299153	-31.0832144733921
			45.4311317246081	-31.0832144733921
			45.4547691500631	-31.0832144733921
			45.4784065755182	-31.0832144733921
			45.5020440009732	-31.1068518988472
			45.5256814264283	-31.1068518988472
			45.5493188518833	-31.1068518988472
			45.5729562773384	-31.1068518988472
			45.5965937027934	-31.1068518988472
			45.6202311282485	-31.1304893243022
			45.6438685537035	-31.1304893243022
			45.6675059791586	-31.1304893243022
			45.6911434046136	-31.1304893243022
			45.7147808300687	-31.1304893243022
			45.7384182555237	-31.1541267497573
			45.7620556809788	-31.1541267497573
			45.7856931064338	-31.1541267497573
			45.8093305318889	-31.1541267497573
			45.832967957344	-31.1541267497573
			45.856605382799	-31.1777641752123
			45.8802428082541	-31.1777641752123
			45.9038802337091	-31.1777641752123
			45.9275176591642	-31.1777641752123
			45.9511550846192	-31.1777641752123
			45.9747925100743	-31.1777641752123
			45.9984299355293	-31.2014016006674
			46.0220673609844	-31.2014016006674
			46.0457047864394	-31.2014016006674
			46.0693422118945	-31.2014016006674
			46.0929796373495	-31.2014016006674
			46.1166170628046	-31.2250390261224
			46.1402544882596	-31.2250390261224
			46.1638919137147	-31.2250390261224
			46.1875293391697	-31.2250390261224
			46.2111667646248	-31.2250390261224
			46.2348041900798	-31.2250390261224
			46.2584416155349	-31.2486764515775
			46.2820790409899	-31.2486764515775
			46.305716466445	-31.2486764515775
			46.3293538919	-31.2486764515775
			46.3529913173551	-31.2486764515775
			46.3766287428101	-31.2486764515775
			46.4002661682652	-31.2723138770325
			46.4239035937202	-31.2723138770325
			46.4475410191753	-31.2723138770325
			46.4711784446303	-31.2723138770325
			46.4948158700854	-31.2723138770325
			46.5184532955404	-31.2723138770325
			46.5420907209955	-31.2723138770325
			46.5657281464505	-31.2959513024876
			46.5893655719056	-31.2959513024876
			46.6130029973606	-31.2959513024876
			46.6366404228157	-31.2959513024876
			46.6602778482707	-31.2959513024876
			46.6839152737258	-31.2959513024876
			46.7075526991808	-31.2959513024876
			46.7311901246359	-31.3195887279426
			46.7548275500909	-31.3195887279426
			46.778464975546	-31.3195887279426
			46.802102401001	-31.3195887279426
			46.8257398264561	-31.3195887279426
			46.8493772519111	-31.3195887279426
			46.8730146773662	-31.3195887279426
			46.8966521028212	-31.3432261533977
			46.9202895282763	-31.3432261533977
			46.9439269537313	-31.3432261533977
			46.9675643791864	-31.3432261533977
			46.9912018046414	-31.3432261533977
			47.0148392300965	-31.3432261533977
			47.0384766555516	-31.3432261533977
			47.0621140810066	-31.3668635788527
			47.0857515064617	-31.3668635788527
			47.1093889319167	-31.3668635788527
			47.1330263573718	-31.3668635788527
			47.1566637828268	-31.3668635788527
			47.1803012082819	-31.3668635788527
			47.2039386337369	-31.3668635788527
			47.227576059192	-31.3905010043078
			47.251213484647	-31.3905010043078
			47.2748509101021	-31.3905010043078
			47.2984883355571	-31.3905010043078
			47.3221257610122	-31.3905010043078
			47.3457631864672	-31.3905010043078
			47.3694006119223	-31.3905010043078
			47.3930380373773	-31.3905010043078
			47.4166754628324	-31.4141384297628
			47.4403128882874	-31.4141384297628
			47.4639503137425	-31.4141384297628
			47.4875877391975	-31.4141384297628
			47.5112251646526	-31.4141384297628
			47.5348625901076	-31.4141384297628
			47.5585000155627	-31.4141384297628
			47.5821374410177	-31.4141384297628
			47.6057748664728	-31.4141384297628
			47.6294122919278	-31.4377758552179
			47.6530497173829	-31.4377758552179
			47.6766871428379	-31.4377758552179
			47.700324568293	-31.4377758552179
			47.723961993748	-31.4377758552179
			47.7475994192031	-31.4377758552179
			47.7712368446581	-31.4377758552179
			47.7948742701132	-31.4377758552179
			47.8185116955682	-31.4377758552179
			47.8421491210233	-31.4377758552179
			47.8657865464783	-31.4614132806729
			47.8894239719334	-31.4614132806729
			47.9130613973884	-31.4614132806729
			47.9366988228435	-31.4614132806729
			47.9603362482985	-31.4614132806729
			47.9839736737536	-31.4614132806729
			48.0076110992086	-31.4614132806729
			48.0312485246637	-31.4614132806729
			48.0548859501187	-31.4614132806729
			48.0785233755738	-31.4614132806729
			48.1021608010289	-31.4614132806729
			48.1257982264839	-31.485050706128
			48.149435651939	-31.485050706128
			48.173073077394	-31.485050706128
			48.1967105028491	-31.485050706128
			48.2203479283041	-31.485050706128
			48.2439853537592	-31.485050706128
			48.2676227792142	-31.485050706128
			48.2912602046693	-31.485050706128
			48.3148976301243	-31.485050706128
			48.3385350555794	-31.485050706128
			48.3621724810344	-31.485050706128
			48.3858099064895	-31.485050706128
			48.4094473319445	-31.485050706128
			48.4330847573996	-31.508688131583
			48.4567221828546	-31.508688131583
			48.4803596083097	-31.508688131583
			48.5039970337647	-31.508688131583
			48.5276344592198	-31.508688131583
			48.5512718846748	-31.508688131583
			48.5749093101299	-31.508688131583
			48.5985467355849	-31.508688131583
			48.62218416104	-31.508688131583
			48.645821586495	-31.508688131583
			48.6694590119501	-31.508688131583
			48.6930964374051	-31.508688131583
			48.7167338628602	-31.508688131583
			48.7403712883152	-31.508688131583
			48.7640087137703	-31.508688131583
			48.7876461392253	-31.508688131583
			48.8112835646804	-31.508688131583
			48.8349209901354	-31.508688131583
			48.8585584155905	-31.508688131583
			48.8821958410455	-31.5323255570381
			48.9058332665006	-31.5323255570381
			48.9294706919556	-31.5323255570381
			48.9531081174107	-31.5323255570381
			48.9767455428657	-31.5323255570381
			49.0003829683208	-31.5323255570381
			49.0240203937758	-31.5323255570381
			49.0476578192309	-31.5323255570381
			49.0712952446859	-31.5323255570381
			49.094932670141	-31.5323255570381
			49.118570095596	-31.5323255570381
			49.1422075210511	-31.5323255570381
			49.1658449465061	-31.5323255570381
			49.1894823719612	-31.5323255570381
		</Dorsal_adipose>
		<Adipose_caudal type=matrix rownames=FALSE colnames=FALSE nrow=213 ncol=2 as.numeric=TRUE >
			49.1894823719612	-31.5323255570381
			49.2131197974162	-31.5323255570381
			49.2367572228713	-31.5323255570381
			49.2603946483263	-31.5323255570381
			49.2840320737814	-31.5323255570381
			49.3076694992365	-31.5323255570381
			49.3313069246915	-31.5323255570381
			49.3549443501466	-31.5323255570381
			49.3785817756016	-31.5559629824931
			49.4022192010567	-31.5559629824931
			49.4258566265117	-31.5559629824931
			49.4494940519668	-31.5559629824931
			49.4731314774218	-31.5559629824931
			49.4967689028769	-31.5559629824931
			49.5204063283319	-31.5559629824931
			49.544043753787	-31.5796004079482
			49.567681179242	-31.5796004079482
			49.5913186046971	-31.5796004079482
			49.6149560301521	-31.5796004079482
			49.6385934556072	-31.6032378334032
			49.6622308810622	-31.6032378334032
			49.6858683065173	-31.6032378334032
			49.7095057319723	-31.6268752588583
			49.7331431574274	-31.6268752588583
			49.7567805828824	-31.6268752588583
			49.7567805828824	-31.6505126843133
			49.7804180083375	-31.6505126843133
			49.8040554337925	-31.6505126843133
			49.8276928592476	-31.6741501097684
			49.8513302847026	-31.6977875352234
			49.8749677101577	-31.6977875352234
			49.8986051356127	-31.7214249606785
			49.9222425610678	-31.7450623861335
			49.9458799865228	-31.7686998115886
			49.9695174119779	-31.7923372370436
			49.9931548374329	-31.8159746624987
			50.016792262888	-31.8396120879537
			50.016792262888	-31.8632495134088
			50.040429688343	-31.8868869388638
			50.040429688343	-31.9105243643189
			50.040429688343	-31.9341617897739
			50.0640671137981	-31.957799215229
			50.0877045392531	-31.981436640684
			50.1113419647082	-31.981436640684
			50.1349793901632	-32.0050740661391
			50.1586168156183	-32.0050740661391
			50.1822542410733	-32.0050740661391
			50.2058916665284	-32.0050740661391
			50.2295290919834	-32.0050740661391
			50.2531665174385	-32.0050740661391
			50.2768039428935	-32.0287114915941
			50.3004413683486	-32.0287114915941
			50.3240787938036	-32.0287114915941
			50.3477162192587	-32.0287114915941
			50.3713536447137	-32.0287114915941
			50.3949910701688	-32.0287114915941
			50.4186284956238	-32.0523489170492
			50.4422659210789	-32.0523489170492
			50.465903346534	-32.0523489170492
			50.489540771989	-32.0523489170492
			50.5131781974441	-32.0523489170492
			50.5368156228991	-32.0759863425043
			50.5604530483542	-32.0759863425043
			50.5840904738092	-32.0759863425043
			50.6077278992643	-32.0759863425043
			50.6313653247193	-32.0759863425043
			50.6550027501744	-32.0759863425043
			50.6550027501744	-32.0996237679593
			50.6786401756294	-32.0996237679593
			50.7022776010845	-32.0996237679593
			50.7259150265395	-32.0996237679593
			50.7495524519946	-32.0996237679593
			50.7731898774496	-32.0996237679593
			50.7968273029047	-32.0996237679593
			50.8204647283597	-32.1232611934144
			50.8441021538148	-32.1232611934144
			50.8677395792698	-32.1232611934144
			50.8913770047249	-32.1232611934144
			50.9150144301799	-32.1232611934144
			50.938651855635	-32.1468986188694
			50.96228928109	-32.1468986188694
			50.9859267065451	-32.1468986188694
			51.0095641320001	-32.1468986188694
			51.0332015574552	-32.1468986188694
			51.0568389829102	-32.1705360443245
			51.0804764083653	-32.1705360443245
			51.1041138338203	-32.1705360443245
			51.1277512592754	-32.1705360443245
			51.1513886847304	-32.1705360443245
			51.1750261101855	-32.1705360443245
			51.1986635356405	-32.1941734697795
			51.2223009610956	-32.1941734697795
			51.2459383865506	-32.1941734697795
			51.2695758120057	-32.1941734697795
			51.2932132374607	-32.1941734697795
			51.3168506629158	-32.1941734697795
			51.3404880883708	-32.2178108952346
			51.3641255138259	-32.2178108952346
			51.3877629392809	-32.2178108952346
			51.411400364736	-32.2178108952346
			51.435037790191	-32.2178108952346
			51.4586752156461	-32.2178108952346
			51.4823126411011	-32.2414483206896
			51.5059500665562	-32.2414483206896
			51.5295874920113	-32.2414483206896
			51.5532249174663	-32.2414483206896
			51.5768623429214	-32.2414483206896
			51.6004997683764	-32.2414483206896
			51.6004997683764	-32.2650857461447
			51.6241371938315	-32.2650857461447
			51.6477746192865	-32.2650857461447
			51.6714120447416	-32.2650857461447
			51.6950494701966	-32.2650857461447
			51.7186868956517	-32.2650857461447
			51.7423243211067	-32.2650857461447
			51.7659617465618	-32.2887231715997
			51.7895991720168	-32.2887231715997
			51.8132365974719	-32.2887231715997
			51.8368740229269	-32.2887231715997
			51.860511448382	-32.2887231715997
			51.884148873837	-32.2887231715997
			51.884148873837	-32.3123605970548
			51.9077862992921	-32.3123605970548
			51.9314237247471	-32.3123605970548
			51.9550611502022	-32.3123605970548
			51.9786985756572	-32.3123605970548
			52.0023360011123	-32.3123605970548
			52.0259734265673	-32.3359980225098
			52.0496108520224	-32.3359980225098
			52.0732482774774	-32.3359980225098
			52.0968857029325	-32.3359980225098
			52.1205231283875	-32.3359980225098
			52.1441605538426	-32.3359980225098
			52.1677979792976	-32.3359980225098
			52.1914354047527	-32.3596354479649
			52.2150728302077	-32.3596354479649
			52.2387102556628	-32.3596354479649
			52.2623476811178	-32.3596354479649
			52.2859851065729	-32.3596354479649
			52.3096225320279	-32.3832728734199
			52.333259957483	-32.3832728734199
			52.356897382938	-32.3832728734199
			52.3805348083931	-32.3832728734199
			52.4041722338481	-32.3832728734199
			52.4278096593032	-32.3832728734199
			52.4514470847582	-32.406910298875
			52.4750845102133	-32.406910298875
			52.4987219356683	-32.406910298875
			52.5223593611234	-32.406910298875
			52.5459967865784	-32.406910298875
			52.5696342120335	-32.406910298875
			52.5932716374885	-32.406910298875
			52.5932716374885	-32.43054772433
			52.6169090629436	-32.43054772433
			52.6405464883986	-32.43054772433
			52.6641839138537	-32.43054772433
			52.6878213393087	-32.43054772433
			52.7114587647638	-32.43054772433
			52.7350961902189	-32.43054772433
			52.7587336156739	-32.4541851497851
			52.782371041129	-32.4541851497851
			52.806008466584	-32.4541851497851
			52.8296458920391	-32.4541851497851
			52.8532833174941	-32.4541851497851
			52.8769207429492	-32.4541851497851
			52.9005581684042	-32.4778225752401
			52.9241955938593	-32.4778225752401
			52.9478330193143	-32.4778225752401
			52.9714704447694	-32.4778225752401
			52.9951078702244	-32.4778225752401
			53.0187452956795	-32.4778225752401
			53.0423827211345	-32.4778225752401
			53.0660201465896	-32.5014600006952
			53.0896575720446	-32.5014600006952
			53.1132949974997	-32.5014600006952
			53.1369324229547	-32.5014600006952
			53.1605698484098	-32.5014600006952
			53.1842072738648	-32.5014600006952
			53.2078446993199	-32.4778225752401
			53.2314821247749	-32.4778225752401
			53.25511955023	-32.4778225752401
			53.278756975685	-32.4778225752401
			53.3023944011401	-32.4778225752401
			53.3260318265951	-32.4541851497851
			53.3496692520502	-32.4541851497851
			53.3733066775052	-32.4541851497851
			53.3969441029603	-32.4541851497851
			53.4205815284153	-32.4541851497851
			53.4442189538704	-32.4541851497851
			53.4678563793254	-32.4541851497851
			53.4914938047805	-32.4541851497851
			53.5151312302355	-32.4541851497851
			53.5387686556906	-32.4541851497851
			53.5624060811456	-32.4541851497851
			53.5860435066007	-32.4541851497851
			53.6096809320557	-32.4541851497851
			53.6333183575108	-32.4541851497851
			53.6569557829658	-32.4541851497851
			53.6805932084209	-32.4541851497851
			53.7042306338759	-32.4541851497851
			53.727868059331	-32.4541851497851
			53.751505484786	-32.4541851497851
			53.7751429102411	-32.4541851497851
			53.7987803356962	-32.4541851497851
			53.8224177611512	-32.4541851497851
			53.8460551866063	-32.4541851497851
			53.8460551866063	-32.4778225752401
			53.8696926120613	-32.4778225752401
			53.8933300375163	-32.4778225752401
			53.9169674629714	-32.4778225752401
			53.9406048884265	-32.4778225752401
			53.9642423138815	-32.5014600006952
			53.9878797393366	-32.5014600006952
		</Adipose_caudal>
		<Caudal_anal type=matrix rownames=FALSE colnames=FALSE nrow=338 ncol=2 as.numeric=TRUE >
			53.8933300375163	-35.3852259062114
			53.8696926120613	-35.3852259062114
			53.8460551866063	-35.4088633316664
			53.8224177611512	-35.4088633316664
			53.7987803356962	-35.4088633316664
			53.7751429102411	-35.4325007571215
			53.751505484786	-35.4325007571215
			53.727868059331	-35.4325007571215
			53.7042306338759	-35.4325007571215
			53.6805932084209	-35.4325007571215
			53.6569557829658	-35.4561381825765
			53.6333183575108	-35.4561381825765
			53.6096809320557	-35.4561381825765
			53.5860435066007	-35.4561381825765
			53.5624060811456	-35.4561381825765
			53.5387686556906	-35.4561381825765
			53.5151312302355	-35.4561381825765
			53.4914938047805	-35.4561381825765
			53.4678563793254	-35.4561381825765
			53.4442189538704	-35.4561381825765
			53.4205815284153	-35.4561381825765
			53.3969441029603	-35.4561381825765
			53.3733066775052	-35.4561381825765
			53.3496692520502	-35.4561381825765
			53.3260318265951	-35.4325007571215
			53.3023944011401	-35.4325007571215
			53.278756975685	-35.4325007571215
			53.25511955023	-35.4325007571215
			53.2314821247749	-35.4325007571215
			53.2078446993199	-35.4088633316664
			53.1842072738648	-35.4088633316664
			53.1605698484098	-35.4088633316664
			53.1369324229547	-35.4088633316664
			53.1132949974997	-35.3852259062114
			53.0896575720446	-35.3852259062114
			53.0660201465896	-35.3615884807563
			53.0423827211345	-35.3615884807563
			53.0187452956795	-35.3615884807563
			52.9951078702244	-35.3379510553013
			52.9714704447694	-35.3379510553013
			52.9478330193143	-35.3379510553013
			52.9241955938593	-35.3143136298462
			52.9005581684042	-35.3143136298462
			52.8769207429492	-35.3143136298462
			52.8532833174941	-35.3143136298462
			52.8296458920391	-35.3143136298462
			52.806008466584	-35.2906762043912
			52.782371041129	-35.2906762043912
			52.7587336156739	-35.2906762043912
			52.7350961902189	-35.2906762043912
			52.7114587647638	-35.2906762043912
			52.6878213393087	-35.2906762043912
			52.6641839138537	-35.2906762043912
			52.6405464883986	-35.2906762043912
			52.6169090629436	-35.2670387789361
			52.5932716374885	-35.2670387789361
			52.5696342120335	-35.2670387789361
			52.5459967865784	-35.2670387789361
			52.5223593611234	-35.2670387789361
			52.4987219356683	-35.2670387789361
			52.4750845102133	-35.2670387789361
			52.4514470847582	-35.2670387789361
			52.4278096593032	-35.2670387789361
			52.4041722338481	-35.2670387789361
			52.3805348083931	-35.2670387789361
			52.356897382938	-35.2434013534811
			52.333259957483	-35.2434013534811
			52.3096225320279	-35.2434013534811
			52.2859851065729	-35.2434013534811
			52.2623476811178	-35.2434013534811
			52.2387102556628	-35.2434013534811
			52.2150728302077	-35.2434013534811
			52.1914354047527	-35.2434013534811
			52.1677979792976	-35.2434013534811
			52.1441605538426	-35.2434013534811
			52.1205231283875	-35.2434013534811
			52.0968857029325	-35.2434013534811
			52.0732482774774	-35.2434013534811
			52.0496108520224	-35.2434013534811
			52.0259734265673	-35.2434013534811
			52.0023360011123	-35.2434013534811
			51.9786985756572	-35.2434013534811
			51.9550611502022	-35.2434013534811
			51.9314237247471	-35.2434013534811
			51.9077862992921	-35.2434013534811
			51.884148873837	-35.2434013534811
			51.860511448382	-35.2434013534811
			51.8368740229269	-35.2434013534811
			51.8132365974719	-35.2434013534811
			51.7895991720168	-35.2434013534811
			51.7895991720168	-35.219763928026
			51.7659617465618	-35.219763928026
			51.7423243211067	-35.219763928026
			51.7186868956517	-35.219763928026
			51.6950494701966	-35.219763928026
			51.6714120447416	-35.219763928026
			51.6477746192865	-35.219763928026
			51.6241371938315	-35.219763928026
			51.6004997683764	-35.219763928026
			51.5768623429214	-35.219763928026
			51.5532249174663	-35.219763928026
			51.5295874920113	-35.219763928026
			51.5059500665562	-35.219763928026
			51.4823126411011	-35.219763928026
			51.4586752156461	-35.219763928026
			51.435037790191	-35.219763928026
			51.411400364736	-35.219763928026
			51.3877629392809	-35.219763928026
			51.3641255138259	-35.219763928026
			51.3404880883708	-35.219763928026
			51.3168506629158	-35.2434013534811
			51.2932132374607	-35.2434013534811
			51.2695758120057	-35.2434013534811
			51.2459383865506	-35.2434013534811
			51.2223009610956	-35.2434013534811
			51.1986635356405	-35.2434013534811
			51.1750261101855	-35.2434013534811
			51.1513886847304	-35.2434013534811
			51.1277512592754	-35.2434013534811
			51.1041138338203	-35.2434013534811
			51.0804764083653	-35.2434013534811
			51.0568389829102	-35.2434013534811
			51.0332015574552	-35.2434013534811
			51.0095641320001	-35.2434013534811
			50.9859267065451	-35.2434013534811
			50.96228928109	-35.2434013534811
			50.938651855635	-35.2434013534811
			50.9150144301799	-35.2434013534811
			50.8913770047249	-35.2434013534811
			50.8677395792698	-35.2434013534811
			50.8441021538148	-35.2434013534811
			50.8204647283597	-35.2434013534811
			50.7968273029047	-35.2434013534811
			50.7731898774496	-35.2434013534811
			50.7495524519946	-35.2434013534811
			50.7259150265395	-35.2434013534811
			50.7022776010845	-35.2434013534811
			50.6786401756294	-35.2434013534811
			50.6550027501744	-35.2434013534811
			50.6313653247193	-35.2434013534811
			50.6077278992643	-35.2434013534811
			50.5840904738092	-35.2434013534811
			50.5604530483542	-35.2434013534811
			50.5368156228991	-35.2434013534811
			50.5131781974441	-35.2670387789361
			50.489540771989	-35.2670387789361
			50.465903346534	-35.2670387789361
			50.4422659210789	-35.2670387789361
			50.4186284956238	-35.2670387789361
			50.3949910701688	-35.2670387789361
			50.3713536447137	-35.2670387789361
			50.3477162192587	-35.2670387789361
			50.3240787938036	-35.2670387789361
			50.3004413683486	-35.2670387789361
			50.2768039428935	-35.2670387789361
			50.2531665174385	-35.2670387789361
			50.2295290919834	-35.2670387789361
			50.2058916665284	-35.2670387789361
			50.1822542410733	-35.2670387789361
			50.1586168156183	-35.2670387789361
			50.1349793901632	-35.2670387789361
			50.1113419647082	-35.2670387789361
			50.0877045392531	-35.2670387789361
			50.0640671137981	-35.2670387789361
			50.040429688343	-35.2906762043912
			50.016792262888	-35.2906762043912
			49.9931548374329	-35.2906762043912
			49.9695174119779	-35.2906762043912
			49.9458799865228	-35.2906762043912
			49.9222425610678	-35.2906762043912
			49.8986051356127	-35.2906762043912
			49.8749677101577	-35.2906762043912
			49.8513302847026	-35.2906762043912
			49.8276928592476	-35.2906762043912
			49.8040554337925	-35.3143136298462
			49.7804180083375	-35.3143136298462
			49.7567805828824	-35.3143136298462
			49.7331431574274	-35.3143136298462
			49.7095057319723	-35.3143136298462
			49.7095057319723	-35.3379510553013
			49.6858683065173	-35.3379510553013
			49.6622308810622	-35.3379510553013
			49.6385934556072	-35.3379510553013
			49.6149560301521	-35.3615884807563
			49.5913186046971	-35.3615884807563
			49.567681179242	-35.3615884807563
			49.544043753787	-35.3852259062114
			49.5204063283319	-35.3852259062114
			49.4967689028769	-35.3852259062114
			49.4731314774218	-35.3852259062114
			49.4494940519668	-35.3852259062114
			49.4494940519668	-35.4088633316664
			49.4258566265117	-35.4088633316664
			49.4022192010567	-35.4088633316664
			49.3785817756016	-35.4088633316664
			49.3549443501466	-35.4325007571215
			49.3313069246915	-35.4325007571215
			49.3076694992365	-35.4325007571215
			49.2840320737814	-35.4325007571215
			49.2603946483263	-35.4325007571215
			49.2603946483263	-35.4561381825765
			49.2367572228713	-35.4561381825765
			49.2131197974162	-35.4561381825765
			49.1894823719612	-35.4561381825765
			49.1658449465061	-35.4797756080316
			49.1422075210511	-35.4797756080316
			49.118570095596	-35.4797756080316
			49.094932670141	-35.4797756080316
			49.0712952446859	-35.4797756080316
			49.0476578192309	-35.5034130334867
			49.0240203937758	-35.5034130334867
			49.0003829683208	-35.5034130334867
			48.9767455428657	-35.5270504589417
			48.9531081174107	-35.5270504589417
			48.9294706919556	-35.5270504589417
			48.9058332665006	-35.5270504589417
			48.8821958410455	-35.5270504589417
			48.8585584155905	-35.5506878843968
			48.8349209901354	-35.5506878843968
			48.8112835646804	-35.5506878843968
			48.7876461392253	-35.5506878843968
			48.7876461392253	-35.5743253098518
			48.7640087137703	-35.5743253098518
			48.7403712883152	-35.5743253098518
			48.7167338628602	-35.5743253098518
			48.6930964374051	-35.5743253098518
			48.6694590119501	-35.5979627353069
			48.645821586495	-35.5979627353069
			48.62218416104	-35.5979627353069
			48.5985467355849	-35.5979627353069
			48.5749093101299	-35.5979627353069
			48.5512718846748	-35.6216001607619
			48.5276344592198	-35.6216001607619
			48.5039970337647	-35.6216001607619
			48.4803596083097	-35.6216001607619
			48.4803596083097	-35.645237586217
			48.4567221828546	-35.645237586217
			48.4330847573996	-35.645237586217
			48.4094473319445	-35.645237586217
			48.3858099064895	-35.645237586217
			48.3621724810344	-35.668875011672
			48.3385350555794	-35.668875011672
			48.3148976301243	-35.668875011672
			48.2912602046693	-35.668875011672
			48.2676227792142	-35.668875011672
			48.2439853537592	-35.6925124371271
			48.2203479283041	-35.6925124371271
			48.1967105028491	-35.6925124371271
			48.173073077394	-35.6925124371271
			48.149435651939	-35.7161498625821
			48.1257982264839	-35.7161498625821
			48.1021608010289	-35.7161498625821
			48.0785233755738	-35.7161498625821
			48.0548859501187	-35.7161498625821
			48.0312485246637	-35.7397872880372
			48.0076110992086	-35.7397872880372
			47.9839736737536	-35.7397872880372
			47.9603362482985	-35.7397872880372
			47.9366988228435	-35.7634247134922
			47.9130613973884	-35.7634247134922
			47.8894239719334	-35.7634247134922
			47.8657865464783	-35.7634247134922
			47.8421491210233	-35.7634247134922
			47.8185116955682	-35.7870621389473
			47.7948742701132	-35.7870621389473
			47.7712368446581	-35.7870621389473
			47.7475994192031	-35.7870621389473
			47.723961993748	-35.7870621389473
			47.700324568293	-35.8106995644023
			47.6766871428379	-35.8106995644023
			47.6530497173829	-35.8106995644023
			47.6294122919278	-35.8106995644023
			47.6057748664728	-35.8106995644023
			47.5821374410177	-35.8343369898574
			47.5585000155627	-35.8343369898574
			47.5348625901076	-35.8343369898574
			47.5112251646526	-35.8343369898574
			47.4875877391975	-35.8343369898574
			47.4639503137425	-35.8579744153124
			47.4403128882874	-35.8579744153124
			47.4166754628324	-35.8579744153124
			47.3930380373773	-35.8579744153124
			47.3694006119223	-35.8579744153124
			47.3457631864672	-35.8816118407675
			47.3221257610122	-35.8816118407675
			47.2984883355571	-35.8816118407675
			47.2748509101021	-35.8816118407675
			47.251213484647	-35.8816118407675
			47.227576059192	-35.9052492662225
			47.2039386337369	-35.9052492662225
			47.1803012082819	-35.9052492662225
			47.1566637828268	-35.9052492662225
			47.1330263573718	-35.9052492662225
			47.1093889319167	-35.9052492662225
			47.0857515064617	-35.9288866916776
			47.0621140810066	-35.9288866916776
			47.0384766555516	-35.9288866916776
			47.0148392300965	-35.9288866916776
			46.9912018046414	-35.9288866916776
			46.9675643791864	-35.9525241171326
			46.9439269537313	-35.9525241171326
			46.9202895282763	-35.9525241171326
			46.8966521028212	-35.9525241171326
			46.8730146773662	-35.9525241171326
			46.8493772519111	-35.9525241171326
			46.8257398264561	-35.9761615425877
			46.802102401001	-35.9761615425877
			46.778464975546	-35.9761615425877
			46.7548275500909	-35.9761615425877
			46.7311901246359	-35.9761615425877
			46.7075526991808	-35.9761615425877
			46.6839152737258	-35.9997989680427
			46.6602778482707	-35.9997989680427
			46.6366404228157	-35.9997989680427
			46.6130029973606	-35.9997989680427
			46.5893655719056	-35.9997989680427
			46.5657281464505	-36.0234363934978
			46.5420907209955	-36.0234363934978
			46.5184532955404	-36.0234363934978
			46.4948158700854	-36.0234363934978
			46.4711784446303	-36.0234363934978
			46.4475410191753	-36.0234363934978
			46.4239035937202	-36.0470738189528
			46.4002661682652	-36.0470738189528
			46.3766287428101	-36.0470738189528
			46.3529913173551	-36.0470738189528
			46.3293538919	-36.0470738189528
			46.305716466445	-36.0470738189528
			46.2820790409899	-36.0707112444079
			46.2584416155349	-36.0707112444079
			46.2348041900798	-36.0707112444079
			46.2111667646248	-36.0707112444079
			46.1875293391697	-36.0707112444079
			46.1638919137147	-36.0707112444079
			46.1402544882596	-36.0943486698629
			46.1166170628046	-36.0943486698629
			46.0929796373495	-36.0943486698629
			46.0693422118945	-36.0943486698629
		</Caudal_anal>
	</curves.scaled>
	<ruler.points type=matrix rownames=TRUE colnames=FALSE nrow=3 ncol=2 as.numeric=TRUE >
		Ruler point 1	3210	2268
		Ruler point 2	3421	2265
		Ruler point 3	3633	2261
	</ruler.points>
</shapes>

