<shapes type=list>
	<ruler.pixel type=vector names=FALSE length=1 as.numeric=TRUE >93.8003176688594</ruler.pixel>
	<ruler.interval type=vector names=FALSE length=1 as.numeric=TRUE >5</ruler.interval>
	<scaling.units type=vector names=FALSE length=1 as.numeric=FALSE >mm</scaling.units>
	<scaling type=vector names=FALSE length=1 as.numeric=TRUE >0.0533047235261117</scaling>
	<landmarks.pixel type=matrix rownames=TRUE colnames=FALSE nrow=11 ncol=2 as.numeric=TRUE >
		Anterior_eye	1003	1029
		Posterior_eye	1088	1026
		Posterior_Maxilla	1134	1107
		Anterior_Maxilla	985	1065
		Dorsal_fin_insertion	1303	942
		Adipose_fin_insertion	1616	988
		Dorsal_caudal	1784	1011
		Ventral_caudal	1784	1089
		Anal_fin_insertion	1506	1127
		Pelvic_fin_insertion	1343	1126
		Pectoral_fin_insertion	1205	1092
	</landmarks.pixel>
	<landmarks.scaled type=matrix rownames=TRUE colnames=FALSE nrow=11 ncol=2 as.numeric=TRUE >
		Anterior_eye	53.46463769669	-54.8505605083689
		Posterior_eye	57.9955391964095	-54.6906463377906
		Posterior_Maxilla	60.4475564786107	-59.0083289434056
		Anterior_Maxilla	52.50515267322	-56.769530555309
		Dorsal_fin_insertion	69.4560547545235	-50.2130495615972
		Adipose_fin_insertion	86.1404332181965	-52.6650668437984
		Dorsal_caudal	95.0956267705833	-53.8910754848989
		Ventral_caudal	95.0956267705833	-58.0488439199356
		Anal_fin_insertion	80.2769136303242	-60.0744234139279
		Pelvic_fin_insertion	71.588243695568	-60.0211186904018
		Pectoral_fin_insertion	64.2321918489646	-58.208758090514
	</landmarks.scaled>
	<curves.control type=list>
		<Snout_dorsal type=matrix rownames=FALSE colnames=FALSE nrow=7 ncol=2 as.numeric=TRUE >
			985	1065
			982	992
			1056	953
			1119	935
			1190	944
			1279	949
			1303	942
		</Snout_dorsal>
		<Dorsal_adipose type=matrix rownames=FALSE colnames=FALSE nrow=5 ncol=2 as.numeric=TRUE >
			1303	942
			1376	953
			1469	972
			1584	991
			1616	988
		</Dorsal_adipose>
		<Adipose_caudal type=matrix rownames=FALSE colnames=FALSE nrow=7 ncol=2 as.numeric=TRUE >
			1616	988
			1631	989
			1641	999
			1717	1014
			1752	1011
			1776	1006
			1784	1011
		</Adipose_caudal>
		<Caudal_anal type=matrix rownames=FALSE colnames=FALSE nrow=7 ncol=2 as.numeric=TRUE >
			1784	1089
			1776	1093
			1746	1092
			1694	1093
			1645	1101
			1589	1114
			1506	1127
		</Caudal_anal>
	</curves.control>
	<curves.pixel type=list>
		<Snout_dorsal type=matrix rownames=FALSE colnames=FALSE nrow=379 ncol=2 as.numeric=TRUE >
			985	1065
			985	1064
			985	1063
			985	1062
			985	1061
			985	1060
			985	1059
			985	1058
			985	1057
			985	1056
			985	1055
			985	1054
			985	1053
			985	1052
			985	1051
			985	1050
			985	1049
			985	1048
			985	1047
			986	1046
			986	1045
			986	1044
			986	1043
			986	1042
			986	1041
			986	1040
			987	1039
			987	1038
			987	1037
			987	1036
			987	1035
			988	1034
			988	1033
			988	1032
			988	1031
			988	1030
			989	1030
			989	1029
			989	1028
			989	1027
			990	1026
			990	1025
			990	1024
			990	1023
			991	1023
			991	1022
			991	1021
			992	1020
			992	1019
			992	1018
			993	1017
			993	1016
			994	1015
			994	1014
			995	1013
			995	1012
			996	1011
			996	1010
			996	1009
			997	1008
			997	1007
			998	1006
			999	1005
			999	1004
			1000	1003
			1000	1002
			1001	1001
			1001	1000
			1002	999
			1003	998
			1004	997
			1005	996
			1005	995
			1006	994
			1006	993
			1007	992
			1008	991
			1009	990
			1009	989
			1010	989
			1011	988
			1011	987
			1012	986
			1013	985
			1014	984
			1015	983
			1016	982
			1017	981
			1018	980
			1019	979
			1020	978
			1021	978
			1021	977
			1022	976
			1023	975
			1024	974
			1025	973
			1026	973
			1027	972
			1028	971
			1029	970
			1030	969
			1031	969
			1032	968
			1033	967
			1034	966
			1035	966
			1036	965
			1037	964
			1038	964
			1039	963
			1040	962
			1041	961
			1042	961
			1043	960
			1044	960
			1045	959
			1046	959
			1046	958
			1047	958
			1048	957
			1049	957
			1050	956
			1051	956
			1052	955
			1053	955
			1053	954
			1054	954
			1055	953
			1056	953
			1057	953
			1058	953
			1058	952
			1059	952
			1060	952
			1061	952
			1062	951
			1063	951
			1064	951
			1065	951
			1066	950
			1067	950
			1068	950
			1069	950
			1070	949
			1071	949
			1072	949
			1073	949
			1074	949
			1075	948
			1076	948
			1077	948
			1078	948
			1079	947
			1080	947
			1081	947
			1082	947
			1083	947
			1084	946
			1085	946
			1086	946
			1087	946
			1088	946
			1089	945
			1090	945
			1091	945
			1092	945
			1093	945
			1094	945
			1095	945
			1096	944
			1097	944
			1098	944
			1099	944
			1100	944
			1101	944
			1102	944
			1103	943
			1104	943
			1105	943
			1106	943
			1107	943
			1108	943
			1109	943
			1110	943
			1111	943
			1112	942
			1113	942
			1114	942
			1115	942
			1116	942
			1117	942
			1118	942
			1119	942
			1120	942
			1121	942
			1122	942
			1123	942
			1124	942
			1125	942
			1125	941
			1126	941
			1127	941
			1128	941
			1129	941
			1130	941
			1131	941
			1132	941
			1133	941
			1134	941
			1135	941
			1136	941
			1137	941
			1138	941
			1139	941
			1140	941
			1141	941
			1142	941
			1143	941
			1144	941
			1145	941
			1146	941
			1147	941
			1148	941
			1149	941
			1150	941
			1151	941
			1152	941
			1153	941
			1154	941
			1155	941
			1156	941
			1157	941
			1158	941
			1159	941
			1160	941
			1161	941
			1162	941
			1163	942
			1164	942
			1165	942
			1166	942
			1167	942
			1168	942
			1169	942
			1170	942
			1171	942
			1172	942
			1173	942
			1174	942
			1175	942
			1176	943
			1177	943
			1178	943
			1179	943
			1180	943
			1181	943
			1182	943
			1183	943
			1184	943
			1185	943
			1186	944
			1187	944
			1188	944
			1189	944
			1190	944
			1191	944
			1192	944
			1193	944
			1194	944
			1195	944
			1196	944
			1197	944
			1198	944
			1199	944
			1200	945
			1201	945
			1202	945
			1203	945
			1204	945
			1205	945
			1206	945
			1207	945
			1208	945
			1209	945
			1210	945
			1211	945
			1212	945
			1213	945
			1214	945
			1215	945
			1216	945
			1217	945
			1218	945
			1219	945
			1220	945
			1221	945
			1222	945
			1223	946
			1224	946
			1225	946
			1226	946
			1227	946
			1228	946
			1229	946
			1230	946
			1231	946
			1232	946
			1233	946
			1234	946
			1235	946
			1236	946
			1237	946
			1238	946
			1239	946
			1240	946
			1241	946
			1242	946
			1243	946
			1244	946
			1245	946
			1246	946
			1247	946
			1248	946
			1249	946
			1250	946
			1251	946
			1252	946
			1253	946
			1254	946
			1255	946
			1256	946
			1257	946
			1258	946
			1259	946
			1260	946
			1261	946
			1262	946
			1263	946
			1264	946
			1265	946
			1266	946
			1267	946
			1268	946
			1269	946
			1270	946
			1271	946
			1272	946
			1273	946
			1274	946
			1275	946
			1276	946
			1277	945
			1278	945
			1279	945
			1280	945
			1281	945
			1282	945
			1283	945
			1284	945
			1285	945
			1286	945
			1287	945
			1288	945
			1289	945
			1290	944
			1291	944
			1292	944
			1293	944
			1294	944
			1295	944
			1296	944
			1297	943
			1298	943
			1299	943
			1300	943
			1301	943
			1302	942
			1303	942
		</Snout_dorsal>
		<Dorsal_adipose type=matrix rownames=FALSE colnames=FALSE nrow=317 ncol=2 as.numeric=TRUE >
			1303	942
			1304	942
			1305	942
			1306	942
			1307	943
			1308	943
			1309	943
			1310	943
			1311	943
			1312	943
			1313	944
			1314	944
			1315	944
			1316	944
			1317	944
			1318	944
			1319	944
			1319	945
			1320	945
			1321	945
			1322	945
			1323	945
			1324	945
			1325	945
			1326	946
			1327	946
			1328	946
			1329	946
			1330	946
			1331	946
			1332	947
			1333	947
			1334	947
			1335	947
			1336	947
			1337	947
			1338	948
			1339	948
			1340	948
			1341	948
			1342	948
			1343	948
			1344	949
			1345	949
			1346	949
			1347	949
			1348	949
			1349	949
			1350	950
			1351	950
			1352	950
			1353	950
			1354	950
			1355	950
			1356	951
			1357	951
			1358	951
			1359	951
			1360	951
			1361	951
			1362	952
			1363	952
			1364	952
			1365	952
			1366	952
			1367	952
			1368	953
			1369	953
			1370	953
			1371	953
			1372	953
			1373	954
			1374	954
			1375	954
			1376	954
			1377	954
			1378	954
			1379	955
			1380	955
			1381	955
			1382	955
			1383	955
			1384	955
			1385	956
			1386	956
			1387	956
			1388	956
			1389	956
			1390	957
			1391	957
			1392	957
			1393	957
			1394	957
			1395	957
			1396	958
			1397	958
			1398	958
			1399	958
			1400	958
			1401	959
			1402	959
			1403	959
			1404	959
			1405	959
			1406	960
			1407	960
			1408	960
			1409	960
			1410	960
			1411	960
			1412	961
			1413	961
			1414	961
			1415	961
			1416	961
			1417	962
			1418	962
			1419	962
			1420	962
			1421	962
			1422	963
			1423	963
			1424	963
			1425	963
			1426	963
			1427	964
			1428	964
			1429	964
			1430	964
			1431	964
			1432	965
			1433	965
			1434	965
			1435	965
			1436	965
			1437	966
			1438	966
			1439	966
			1440	966
			1441	966
			1442	967
			1443	967
			1444	967
			1445	967
			1446	967
			1447	968
			1448	968
			1449	968
			1450	968
			1451	968
			1452	968
			1453	969
			1454	969
			1455	969
			1456	969
			1457	970
			1458	970
			1459	970
			1460	970
			1461	970
			1462	971
			1463	971
			1464	971
			1465	971
			1466	971
			1467	972
			1468	972
			1469	972
			1470	972
			1471	972
			1472	973
			1473	973
			1474	973
			1475	973
			1476	973
			1477	973
			1478	973
			1479	974
			1480	974
			1481	974
			1482	974
			1483	974
			1484	974
			1485	975
			1486	975
			1487	975
			1488	975
			1489	975
			1490	975
			1491	976
			1492	976
			1493	976
			1494	976
			1495	976
			1496	976
			1497	976
			1498	977
			1499	977
			1500	977
			1501	977
			1502	977
			1503	977
			1504	978
			1505	978
			1506	978
			1507	978
			1508	978
			1509	978
			1510	978
			1511	979
			1512	979
			1513	979
			1514	979
			1515	979
			1516	979
			1517	979
			1518	980
			1519	980
			1520	980
			1521	980
			1522	980
			1523	980
			1524	981
			1525	981
			1526	981
			1527	981
			1528	981
			1529	981
			1530	981
			1531	982
			1532	982
			1533	982
			1534	982
			1535	982
			1536	982
			1537	982
			1538	982
			1539	983
			1540	983
			1541	983
			1542	983
			1543	983
			1544	983
			1545	983
			1546	983
			1547	984
			1548	984
			1549	984
			1550	984
			1551	984
			1552	984
			1553	984
			1554	984
			1555	985
			1556	985
			1557	985
			1558	985
			1559	985
			1560	985
			1561	985
			1562	985
			1563	985
			1563	986
			1564	986
			1565	986
			1566	986
			1567	986
			1568	986
			1569	986
			1570	986
			1571	986
			1572	986
			1573	987
			1574	987
			1575	987
			1576	987
			1577	987
			1578	987
			1579	987
			1580	987
			1581	987
			1582	987
			1583	987
			1584	987
			1585	987
			1585	988
			1586	988
			1587	988
			1588	988
			1589	988
			1590	988
			1591	988
			1592	988
			1593	988
			1594	988
			1595	988
			1596	988
			1597	988
			1598	988
			1599	988
			1600	988
			1601	988
			1602	988
			1603	988
			1604	988
			1605	988
			1606	988
			1607	988
			1608	988
			1609	988
			1610	988
			1611	988
			1612	988
			1613	988
			1614	988
			1615	988
			1616	988
		</Dorsal_adipose>
		<Adipose_caudal type=matrix rownames=FALSE colnames=FALSE nrow=170 ncol=2 as.numeric=TRUE >
			1616	988
			1617	988
			1618	988
			1619	988
			1620	988
			1621	989
			1622	989
			1623	989
			1624	989
			1625	990
			1626	990
			1627	990
			1628	991
			1629	991
			1630	991
			1631	992
			1632	992
			1633	993
			1634	993
			1635	994
			1636	995
			1637	996
			1638	996
			1639	997
			1640	998
			1641	999
			1642	999
			1643	999
			1644	1000
			1645	1000
			1646	1000
			1647	1000
			1648	1000
			1649	1001
			1650	1001
			1651	1001
			1652	1001
			1653	1001
			1654	1002
			1655	1002
			1656	1002
			1657	1002
			1658	1002
			1659	1002
			1660	1003
			1661	1003
			1662	1003
			1663	1003
			1664	1003
			1665	1003
			1666	1004
			1667	1004
			1668	1004
			1669	1004
			1670	1004
			1671	1005
			1672	1005
			1673	1005
			1674	1005
			1675	1005
			1676	1005
			1677	1005
			1678	1006
			1679	1006
			1680	1006
			1681	1006
			1682	1006
			1683	1006
			1684	1007
			1685	1007
			1686	1007
			1687	1007
			1688	1007
			1689	1007
			1690	1007
			1691	1008
			1692	1008
			1693	1008
			1694	1008
			1695	1008
			1696	1008
			1697	1008
			1698	1008
			1698	1009
			1699	1009
			1700	1009
			1701	1009
			1702	1009
			1703	1009
			1704	1009
			1705	1009
			1706	1009
			1707	1010
			1708	1010
			1709	1010
			1710	1010
			1711	1010
			1712	1010
			1713	1010
			1714	1010
			1715	1010
			1716	1010
			1717	1011
			1718	1011
			1719	1011
			1720	1011
			1721	1011
			1722	1011
			1723	1011
			1724	1011
			1725	1011
			1726	1011
			1727	1011
			1728	1011
			1729	1011
			1730	1011
			1731	1011
			1732	1011
			1733	1011
			1734	1011
			1735	1011
			1736	1011
			1737	1011
			1738	1011
			1739	1011
			1740	1011
			1741	1011
			1742	1011
			1743	1011
			1744	1011
			1745	1011
			1746	1011
			1747	1011
			1748	1011
			1749	1011
			1750	1011
			1751	1011
			1752	1011
			1753	1011
			1754	1011
			1755	1010
			1756	1010
			1757	1010
			1758	1010
			1759	1010
			1760	1010
			1761	1009
			1762	1009
			1763	1009
			1764	1009
			1765	1009
			1766	1009
			1767	1009
			1768	1009
			1769	1009
			1770	1009
			1771	1009
			1772	1009
			1773	1009
			1774	1009
			1775	1009
			1776	1009
			1777	1009
			1778	1009
			1779	1009
			1780	1009
			1781	1010
			1782	1010
			1783	1010
			1784	1011
		</Adipose_caudal>
		<Caudal_anal type=matrix rownames=FALSE colnames=FALSE nrow=281 ncol=2 as.numeric=TRUE >
			1784	1089
			1783	1089
			1782	1090
			1781	1090
			1780	1090
			1779	1091
			1778	1091
			1777	1091
			1776	1091
			1775	1091
			1774	1091
			1773	1092
			1772	1092
			1771	1092
			1770	1092
			1769	1092
			1768	1092
			1767	1092
			1766	1092
			1765	1092
			1764	1092
			1763	1092
			1762	1092
			1761	1092
			1760	1092
			1759	1092
			1758	1092
			1757	1092
			1756	1092
			1755	1092
			1754	1092
			1753	1092
			1752	1092
			1751	1092
			1750	1092
			1749	1092
			1748	1092
			1747	1092
			1746	1092
			1745	1092
			1744	1092
			1743	1092
			1742	1092
			1741	1092
			1740	1092
			1739	1092
			1738	1092
			1737	1092
			1736	1092
			1735	1092
			1734	1092
			1733	1092
			1732	1092
			1731	1092
			1730	1092
			1729	1093
			1728	1093
			1727	1093
			1726	1093
			1725	1093
			1724	1093
			1723	1093
			1722	1093
			1721	1093
			1720	1093
			1719	1093
			1718	1093
			1717	1093
			1716	1093
			1715	1093
			1714	1093
			1713	1093
			1712	1093
			1711	1094
			1710	1094
			1709	1094
			1708	1094
			1707	1094
			1706	1094
			1705	1094
			1704	1094
			1703	1094
			1702	1094
			1701	1094
			1700	1094
			1699	1094
			1698	1094
			1697	1095
			1696	1095
			1695	1095
			1694	1095
			1693	1095
			1692	1095
			1691	1095
			1690	1095
			1689	1095
			1688	1095
			1687	1095
			1686	1096
			1685	1096
			1684	1096
			1683	1096
			1682	1096
			1681	1096
			1680	1096
			1679	1096
			1678	1096
			1677	1097
			1676	1097
			1675	1097
			1674	1097
			1673	1097
			1672	1097
			1671	1097
			1670	1097
			1669	1098
			1668	1098
			1667	1098
			1666	1098
			1665	1098
			1664	1098
			1663	1098
			1662	1098
			1661	1099
			1660	1099
			1659	1099
			1658	1099
			1657	1099
			1656	1099
			1655	1099
			1654	1100
			1653	1100
			1652	1100
			1651	1100
			1650	1100
			1649	1100
			1648	1101
			1647	1101
			1646	1101
			1645	1101
			1644	1101
			1643	1101
			1643	1102
			1642	1102
			1641	1102
			1640	1102
			1639	1102
			1638	1103
			1637	1103
			1636	1103
			1635	1103
			1634	1103
			1633	1104
			1632	1104
			1631	1104
			1630	1104
			1629	1105
			1628	1105
			1627	1105
			1626	1105
			1625	1105
			1624	1106
			1623	1106
			1622	1106
			1621	1106
			1620	1106
			1619	1107
			1618	1107
			1617	1107
			1616	1107
			1615	1108
			1614	1108
			1613	1108
			1612	1108
			1611	1108
			1610	1109
			1609	1109
			1608	1109
			1607	1109
			1606	1109
			1605	1110
			1604	1110
			1603	1110
			1602	1110
			1601	1110
			1600	1111
			1599	1111
			1598	1111
			1597	1111
			1596	1111
			1595	1112
			1594	1112
			1593	1112
			1592	1112
			1591	1112
			1590	1113
			1589	1113
			1588	1113
			1587	1113
			1586	1113
			1585	1113
			1584	1114
			1583	1114
			1582	1114
			1581	1114
			1580	1114
			1579	1115
			1578	1115
			1577	1115
			1576	1115
			1575	1115
			1574	1115
			1573	1116
			1572	1116
			1571	1116
			1570	1116
			1569	1116
			1568	1117
			1567	1117
			1566	1117
			1565	1117
			1564	1117
			1563	1118
			1562	1118
			1561	1118
			1560	1118
			1559	1118
			1558	1118
			1557	1119
			1556	1119
			1555	1119
			1554	1119
			1553	1119
			1552	1119
			1551	1120
			1550	1120
			1549	1120
			1548	1120
			1547	1120
			1546	1120
			1545	1121
			1544	1121
			1543	1121
			1542	1121
			1541	1121
			1540	1121
			1539	1122
			1538	1122
			1537	1122
			1536	1122
			1535	1122
			1534	1122
			1533	1123
			1532	1123
			1531	1123
			1530	1123
			1529	1123
			1528	1123
			1527	1124
			1526	1124
			1525	1124
			1524	1124
			1523	1124
			1522	1124
			1522	1125
			1521	1125
			1520	1125
			1519	1125
			1518	1125
			1517	1125
			1516	1125
			1515	1126
			1514	1126
			1513	1126
			1512	1126
			1511	1126
			1510	1126
			1509	1127
			1508	1127
			1507	1127
			1506	1127
		</Caudal_anal>
	</curves.pixel>
	<curves.scaled type=list>
		<Snout_dorsal type=matrix rownames=FALSE colnames=FALSE nrow=379 ncol=2 as.numeric=TRUE >
			52.50515267322	-56.769530555309
			52.50515267322	-56.7162258317828
			52.50515267322	-56.6629211082567
			52.50515267322	-56.6096163847306
			52.50515267322	-56.5563116612045
			52.50515267322	-56.5030069376784
			52.50515267322	-56.4497022141523
			52.50515267322	-56.3963974906262
			52.50515267322	-56.3430927671001
			52.50515267322	-56.2897880435739
			52.50515267322	-56.2364833200478
			52.50515267322	-56.1831785965217
			52.50515267322	-56.1298738729956
			52.50515267322	-56.0765691494695
			52.50515267322	-56.0232644259434
			52.50515267322	-55.9699597024173
			52.50515267322	-55.9166549788912
			52.50515267322	-55.8633502553651
			52.50515267322	-55.8100455318389
			52.5584573967461	-55.7567408083128
			52.5584573967461	-55.7034360847867
			52.5584573967461	-55.6501313612606
			52.5584573967461	-55.5968266377345
			52.5584573967461	-55.5435219142084
			52.5584573967461	-55.4902171906823
			52.5584573967461	-55.4369124671562
			52.6117621202722	-55.3836077436301
			52.6117621202722	-55.3303030201039
			52.6117621202722	-55.2769982965778
			52.6117621202722	-55.2236935730517
			52.6117621202722	-55.1703888495256
			52.6650668437984	-55.1170841259995
			52.6650668437984	-55.0637794024734
			52.6650668437984	-55.0104746789473
			52.6650668437984	-54.9571699554212
			52.6650668437984	-54.903865231895
			52.7183715673245	-54.903865231895
			52.7183715673245	-54.8505605083689
			52.7183715673245	-54.7972557848428
			52.7183715673245	-54.7439510613167
			52.7716762908506	-54.6906463377906
			52.7716762908506	-54.6373416142645
			52.7716762908506	-54.5840368907384
			52.7716762908506	-54.5307321672123
			52.8249810143767	-54.5307321672123
			52.8249810143767	-54.4774274436862
			52.8249810143767	-54.42412272016
			52.8782857379028	-54.3708179966339
			52.8782857379028	-54.3175132731078
			52.8782857379028	-54.2642085495817
			52.9315904614289	-54.2109038260556
			52.9315904614289	-54.1575991025295
			52.984895184955	-54.1042943790034
			52.984895184955	-54.0509896554773
			53.0381999084811	-53.9976849319511
			53.0381999084811	-53.944380208425
			53.0915046320073	-53.8910754848989
			53.0915046320073	-53.8377707613728
			53.0915046320073	-53.7844660378467
			53.1448093555334	-53.7311613143206
			53.1448093555334	-53.6778565907945
			53.1981140790595	-53.6245518672684
			53.2514188025856	-53.5712471437423
			53.2514188025856	-53.5179424202161
			53.3047235261117	-53.46463769669
			53.3047235261117	-53.4113329731639
			53.3580282496378	-53.3580282496378
			53.3580282496378	-53.3047235261117
			53.4113329731639	-53.2514188025856
			53.46463769669	-53.1981140790595
			53.5179424202161	-53.1448093555334
			53.5712471437423	-53.0915046320073
			53.5712471437423	-53.0381999084811
			53.6245518672684	-52.984895184955
			53.6245518672684	-52.9315904614289
			53.6778565907945	-52.8782857379028
			53.7311613143206	-52.8249810143767
			53.7844660378467	-52.7716762908506
			53.7844660378467	-52.7183715673245
			53.8377707613728	-52.7183715673245
			53.8910754848989	-52.6650668437984
			53.8910754848989	-52.6117621202722
			53.944380208425	-52.5584573967461
			53.9976849319511	-52.50515267322
			54.0509896554773	-52.4518479496939
			54.1042943790034	-52.3985432261678
			54.1575991025295	-52.3452385026417
			54.2109038260556	-52.2919337791156
			54.2642085495817	-52.2386290555895
			54.3175132731078	-52.1853243320633
			54.3708179966339	-52.1320196085372
			54.42412272016	-52.1320196085372
			54.42412272016	-52.0787148850111
			54.4774274436862	-52.025410161485
			54.5307321672123	-51.9721054379589
			54.5840368907384	-51.9188007144328
			54.6373416142645	-51.8654959909067
			54.6906463377906	-51.8654959909067
			54.7439510613167	-51.8121912673806
			54.7972557848428	-51.7588865438545
			54.8505605083689	-51.7055818203283
			54.903865231895	-51.6522770968022
			54.9571699554212	-51.6522770968022
			55.0104746789473	-51.5989723732761
			55.0637794024734	-51.54566764975
			55.1170841259995	-51.4923629262239
			55.1703888495256	-51.4923629262239
			55.2236935730517	-51.4390582026978
			55.2769982965778	-51.3857534791717
			55.3303030201039	-51.3857534791717
			55.3836077436301	-51.3324487556456
			55.4369124671562	-51.2791440321194
			55.4902171906823	-51.2258393085933
			55.5435219142084	-51.2258393085933
			55.5968266377345	-51.1725345850672
			55.6501313612606	-51.1725345850672
			55.7034360847867	-51.1192298615411
			55.7567408083128	-51.1192298615411
			55.7567408083128	-51.065925138015
			55.8100455318389	-51.065925138015
			55.8633502553651	-51.0126204144889
			55.9166549788912	-51.0126204144889
			55.9699597024173	-50.9593156909628
			56.0232644259434	-50.9593156909628
			56.0765691494695	-50.9060109674367
			56.1298738729956	-50.9060109674367
			56.1298738729956	-50.8527062439106
			56.1831785965217	-50.8527062439106
			56.2364833200478	-50.7994015203844
			56.2897880435739	-50.7994015203844
			56.3430927671001	-50.7994015203844
			56.3963974906262	-50.7994015203844
			56.3963974906262	-50.7460967968583
			56.4497022141523	-50.7460967968583
			56.5030069376784	-50.7460967968583
			56.5563116612045	-50.7460967968583
			56.6096163847306	-50.6927920733322
			56.6629211082567	-50.6927920733322
			56.7162258317828	-50.6927920733322
			56.769530555309	-50.6927920733322
			56.8228352788351	-50.6394873498061
			56.8761400023612	-50.6394873498061
			56.9294447258873	-50.6394873498061
			56.9827494494134	-50.6394873498061
			57.0360541729395	-50.58618262628
			57.0893588964656	-50.58618262628
			57.1426636199917	-50.58618262628
			57.1959683435178	-50.58618262628
			57.249273067044	-50.58618262628
			57.3025777905701	-50.5328779027539
			57.3558825140962	-50.5328779027539
			57.4091872376223	-50.5328779027539
			57.4624919611484	-50.5328779027539
			57.5157966846745	-50.4795731792278
			57.5691014082006	-50.4795731792278
			57.6224061317267	-50.4795731792278
			57.6757108552529	-50.4795731792278
			57.729015578779	-50.4795731792278
			57.7823203023051	-50.4262684557017
			57.8356250258312	-50.4262684557017
			57.8889297493573	-50.4262684557017
			57.9422344728834	-50.4262684557017
			57.9955391964095	-50.4262684557017
			58.0488439199356	-50.3729637321755
			58.1021486434617	-50.3729637321755
			58.1554533669879	-50.3729637321755
			58.208758090514	-50.3729637321755
			58.2620628140401	-50.3729637321755
			58.3153675375662	-50.3729637321755
			58.3686722610923	-50.3729637321755
			58.4219769846184	-50.3196590086494
			58.4752817081445	-50.3196590086494
			58.5285864316706	-50.3196590086494
			58.5818911551968	-50.3196590086494
			58.6351958787229	-50.3196590086494
			58.688500602249	-50.3196590086494
			58.7418053257751	-50.3196590086494
			58.7951100493012	-50.2663542851233
			58.8484147728273	-50.2663542851233
			58.9017194963534	-50.2663542851233
			58.9550242198795	-50.2663542851233
			59.0083289434056	-50.2663542851233
			59.0616336669318	-50.2663542851233
			59.1149383904579	-50.2663542851233
			59.168243113984	-50.2663542851233
			59.2215478375101	-50.2663542851233
			59.2748525610362	-50.2130495615972
			59.3281572845623	-50.2130495615972
			59.3814620080884	-50.2130495615972
			59.4347667316145	-50.2130495615972
			59.4880714551406	-50.2130495615972
			59.5413761786668	-50.2130495615972
			59.5946809021929	-50.2130495615972
			59.647985625719	-50.2130495615972
			59.7012903492451	-50.2130495615972
			59.7545950727712	-50.2130495615972
			59.8078997962973	-50.2130495615972
			59.8612045198234	-50.2130495615972
			59.9145092433495	-50.2130495615972
			59.9678139668757	-50.2130495615972
			59.9678139668757	-50.1597448380711
			60.0211186904018	-50.1597448380711
			60.0744234139279	-50.1597448380711
			60.127728137454	-50.1597448380711
			60.1810328609801	-50.1597448380711
			60.2343375845062	-50.1597448380711
			60.2876423080323	-50.1597448380711
			60.3409470315584	-50.1597448380711
			60.3942517550845	-50.1597448380711
			60.4475564786107	-50.1597448380711
			60.5008612021368	-50.1597448380711
			60.5541659256629	-50.1597448380711
			60.607470649189	-50.1597448380711
			60.6607753727151	-50.1597448380711
			60.7140800962412	-50.1597448380711
			60.7673848197673	-50.1597448380711
			60.8206895432934	-50.1597448380711
			60.8739942668196	-50.1597448380711
			60.9272989903457	-50.1597448380711
			60.9806037138718	-50.1597448380711
			61.0339084373979	-50.1597448380711
			61.087213160924	-50.1597448380711
			61.1405178844501	-50.1597448380711
			61.1938226079762	-50.1597448380711
			61.2471273315023	-50.1597448380711
			61.3004320550285	-50.1597448380711
			61.3537367785546	-50.1597448380711
			61.4070415020807	-50.1597448380711
			61.4603462256068	-50.1597448380711
			61.5136509491329	-50.1597448380711
			61.566955672659	-50.1597448380711
			61.6202603961851	-50.1597448380711
			61.6735651197112	-50.1597448380711
			61.7268698432373	-50.1597448380711
			61.7801745667635	-50.1597448380711
			61.8334792902896	-50.1597448380711
			61.8867840138157	-50.1597448380711
			61.9400887373418	-50.1597448380711
			61.9933934608679	-50.2130495615972
			62.046698184394	-50.2130495615972
			62.1000029079201	-50.2130495615972
			62.1533076314462	-50.2130495615972
			62.2066123549723	-50.2130495615972
			62.2599170784985	-50.2130495615972
			62.3132218020246	-50.2130495615972
			62.3665265255507	-50.2130495615972
			62.4198312490768	-50.2130495615972
			62.4731359726029	-50.2130495615972
			62.526440696129	-50.2130495615972
			62.5797454196551	-50.2130495615972
			62.6330501431812	-50.2130495615972
			62.6863548667074	-50.2663542851233
			62.7396595902335	-50.2663542851233
			62.7929643137596	-50.2663542851233
			62.8462690372857	-50.2663542851233
			62.8995737608118	-50.2663542851233
			62.9528784843379	-50.2663542851233
			63.006183207864	-50.2663542851233
			63.0594879313901	-50.2663542851233
			63.1127926549162	-50.2663542851233
			63.1660973784424	-50.2663542851233
			63.2194021019685	-50.3196590086494
			63.2727068254946	-50.3196590086494
			63.3260115490207	-50.3196590086494
			63.3793162725468	-50.3196590086494
			63.4326209960729	-50.3196590086494
			63.485925719599	-50.3196590086494
			63.5392304431251	-50.3196590086494
			63.5925351666513	-50.3196590086494
			63.6458398901774	-50.3196590086494
			63.6991446137035	-50.3196590086494
			63.7524493372296	-50.3196590086494
			63.8057540607557	-50.3196590086494
			63.8590587842818	-50.3196590086494
			63.9123635078079	-50.3196590086494
			63.965668231334	-50.3729637321755
			64.0189729548601	-50.3729637321755
			64.0722776783863	-50.3729637321755
			64.1255824019124	-50.3729637321755
			64.1788871254385	-50.3729637321755
			64.2321918489646	-50.3729637321755
			64.2854965724907	-50.3729637321755
			64.3388012960168	-50.3729637321755
			64.3921060195429	-50.3729637321755
			64.445410743069	-50.3729637321755
			64.4987154665951	-50.3729637321755
			64.5520201901213	-50.3729637321755
			64.6053249136474	-50.3729637321755
			64.6586296371735	-50.3729637321755
			64.7119343606996	-50.3729637321755
			64.7652390842257	-50.3729637321755
			64.8185438077518	-50.3729637321755
			64.8718485312779	-50.3729637321755
			64.925153254804	-50.3729637321755
			64.9784579783302	-50.3729637321755
			65.0317627018563	-50.3729637321755
			65.0850674253824	-50.3729637321755
			65.1383721489085	-50.3729637321755
			65.1916768724346	-50.4262684557017
			65.2449815959607	-50.4262684557017
			65.2982863194868	-50.4262684557017
			65.3515910430129	-50.4262684557017
			65.404895766539	-50.4262684557017
			65.4582004900652	-50.4262684557017
			65.5115052135913	-50.4262684557017
			65.5648099371174	-50.4262684557017
			65.6181146606435	-50.4262684557017
			65.6714193841696	-50.4262684557017
			65.7247241076957	-50.4262684557017
			65.7780288312218	-50.4262684557017
			65.8313335547479	-50.4262684557017
			65.8846382782741	-50.4262684557017
			65.9379430018002	-50.4262684557017
			65.9912477253263	-50.4262684557017
			66.0445524488524	-50.4262684557017
			66.0978571723785	-50.4262684557017
			66.1511618959046	-50.4262684557017
			66.2044666194307	-50.4262684557017
			66.2577713429568	-50.4262684557017
			66.311076066483	-50.4262684557017
			66.3643807900091	-50.4262684557017
			66.4176855135352	-50.4262684557017
			66.4709902370613	-50.4262684557017
			66.5242949605874	-50.4262684557017
			66.5775996841135	-50.4262684557017
			66.6309044076396	-50.4262684557017
			66.6842091311657	-50.4262684557017
			66.7375138546918	-50.4262684557017
			66.790818578218	-50.4262684557017
			66.8441233017441	-50.4262684557017
			66.8974280252702	-50.4262684557017
			66.9507327487963	-50.4262684557017
			67.0040374723224	-50.4262684557017
			67.0573421958485	-50.4262684557017
			67.1106469193746	-50.4262684557017
			67.1639516429007	-50.4262684557017
			67.2172563664269	-50.4262684557017
			67.270561089953	-50.4262684557017
			67.3238658134791	-50.4262684557017
			67.3771705370052	-50.4262684557017
			67.4304752605313	-50.4262684557017
			67.4837799840574	-50.4262684557017
			67.5370847075835	-50.4262684557017
			67.5903894311096	-50.4262684557017
			67.6436941546357	-50.4262684557017
			67.6969988781618	-50.4262684557017
			67.750303601688	-50.4262684557017
			67.8036083252141	-50.4262684557017
			67.8569130487402	-50.4262684557017
			67.9102177722663	-50.4262684557017
			67.9635224957924	-50.4262684557017
			68.0168272193185	-50.4262684557017
			68.0701319428446	-50.3729637321755
			68.1234366663708	-50.3729637321755
			68.1767413898969	-50.3729637321755
			68.230046113423	-50.3729637321755
			68.2833508369491	-50.3729637321755
			68.3366555604752	-50.3729637321755
			68.3899602840013	-50.3729637321755
			68.4432650075274	-50.3729637321755
			68.4965697310535	-50.3729637321755
			68.5498744545796	-50.3729637321755
			68.6031791781057	-50.3729637321755
			68.6564839016319	-50.3729637321755
			68.709788625158	-50.3729637321755
			68.7630933486841	-50.3196590086494
			68.8163980722102	-50.3196590086494
			68.8697027957363	-50.3196590086494
			68.9230075192624	-50.3196590086494
			68.9763122427885	-50.3196590086494
			69.0296169663146	-50.3196590086494
			69.0829216898408	-50.3196590086494
			69.1362264133669	-50.2663542851233
			69.189531136893	-50.2663542851233
			69.2428358604191	-50.2663542851233
			69.2961405839452	-50.2663542851233
			69.3494453074713	-50.2663542851233
			69.4027500309974	-50.2130495615972
			69.4560547545235	-50.2130495615972
		</Snout_dorsal>
		<Dorsal_adipose type=matrix rownames=FALSE colnames=FALSE nrow=317 ncol=2 as.numeric=TRUE >
			69.4560547545235	-50.2130495615972
			69.5093594780496	-50.2130495615972
			69.5626642015758	-50.2130495615972
			69.6159689251019	-50.2130495615972
			69.669273648628	-50.2663542851233
			69.7225783721541	-50.2663542851233
			69.7758830956802	-50.2663542851233
			69.8291878192063	-50.2663542851233
			69.8824925427324	-50.2663542851233
			69.9357972662585	-50.2663542851233
			69.9891019897847	-50.3196590086494
			70.0424067133108	-50.3196590086494
			70.0957114368369	-50.3196590086494
			70.149016160363	-50.3196590086494
			70.2023208838891	-50.3196590086494
			70.2556256074152	-50.3196590086494
			70.3089303309413	-50.3196590086494
			70.3089303309413	-50.3729637321755
			70.3622350544674	-50.3729637321755
			70.4155397779935	-50.3729637321755
			70.4688445015197	-50.3729637321755
			70.5221492250458	-50.3729637321755
			70.5754539485719	-50.3729637321755
			70.628758672098	-50.3729637321755
			70.6820633956241	-50.4262684557017
			70.7353681191502	-50.4262684557017
			70.7886728426763	-50.4262684557017
			70.8419775662024	-50.4262684557017
			70.8952822897286	-50.4262684557017
			70.9485870132547	-50.4262684557017
			71.0018917367808	-50.4795731792278
			71.0551964603069	-50.4795731792278
			71.108501183833	-50.4795731792278
			71.1618059073591	-50.4795731792278
			71.2151106308852	-50.4795731792278
			71.2684153544113	-50.4795731792278
			71.3217200779374	-50.5328779027539
			71.3750248014636	-50.5328779027539
			71.4283295249897	-50.5328779027539
			71.4816342485158	-50.5328779027539
			71.5349389720419	-50.5328779027539
			71.588243695568	-50.5328779027539
			71.6415484190941	-50.58618262628
			71.6948531426202	-50.58618262628
			71.7481578661463	-50.58618262628
			71.8014625896725	-50.58618262628
			71.8547673131986	-50.58618262628
			71.9080720367247	-50.58618262628
			71.9613767602508	-50.6394873498061
			72.0146814837769	-50.6394873498061
			72.067986207303	-50.6394873498061
			72.1212909308291	-50.6394873498061
			72.1745956543552	-50.6394873498061
			72.2279003778813	-50.6394873498061
			72.2812051014075	-50.6927920733322
			72.3345098249336	-50.6927920733322
			72.3878145484597	-50.6927920733322
			72.4411192719858	-50.6927920733322
			72.4944239955119	-50.6927920733322
			72.547728719038	-50.6927920733322
			72.6010334425641	-50.7460967968583
			72.6543381660902	-50.7460967968583
			72.7076428896164	-50.7460967968583
			72.7609476131425	-50.7460967968583
			72.8142523366686	-50.7460967968583
			72.8675570601947	-50.7460967968583
			72.9208617837208	-50.7994015203844
			72.9741665072469	-50.7994015203844
			73.027471230773	-50.7994015203844
			73.0807759542991	-50.7994015203844
			73.1340806778252	-50.7994015203844
			73.1873854013513	-50.8527062439106
			73.2406901248775	-50.8527062439106
			73.2939948484036	-50.8527062439106
			73.3472995719297	-50.8527062439106
			73.4006042954558	-50.8527062439106
			73.4539090189819	-50.8527062439106
			73.507213742508	-50.9060109674367
			73.5605184660341	-50.9060109674367
			73.6138231895603	-50.9060109674367
			73.6671279130864	-50.9060109674367
			73.7204326366125	-50.9060109674367
			73.7737373601386	-50.9060109674367
			73.8270420836647	-50.9593156909628
			73.8803468071908	-50.9593156909628
			73.9336515307169	-50.9593156909628
			73.986956254243	-50.9593156909628
			74.0402609777691	-50.9593156909628
			74.0935657012953	-51.0126204144889
			74.1468704248214	-51.0126204144889
			74.2001751483475	-51.0126204144889
			74.2534798718736	-51.0126204144889
			74.3067845953997	-51.0126204144889
			74.3600893189258	-51.0126204144889
			74.4133940424519	-51.065925138015
			74.466698765978	-51.065925138015
			74.5200034895041	-51.065925138015
			74.5733082130303	-51.065925138015
			74.6266129365564	-51.065925138015
			74.6799176600825	-51.1192298615411
			74.7332223836086	-51.1192298615411
			74.7865271071347	-51.1192298615411
			74.8398318306608	-51.1192298615411
			74.8931365541869	-51.1192298615411
			74.946441277713	-51.1725345850672
			74.9997460012392	-51.1725345850672
			75.0530507247653	-51.1725345850672
			75.1063554482914	-51.1725345850672
			75.1596601718175	-51.1725345850672
			75.2129648953436	-51.1725345850672
			75.2662696188697	-51.2258393085933
			75.3195743423958	-51.2258393085933
			75.3728790659219	-51.2258393085933
			75.426183789448	-51.2258393085933
			75.4794885129742	-51.2258393085933
			75.5327932365003	-51.2791440321194
			75.5860979600264	-51.2791440321194
			75.6394026835525	-51.2791440321194
			75.6927074070786	-51.2791440321194
			75.7460121306047	-51.2791440321194
			75.7993168541308	-51.3324487556456
			75.8526215776569	-51.3324487556456
			75.9059263011831	-51.3324487556456
			75.9592310247092	-51.3324487556456
			76.0125357482353	-51.3324487556456
			76.0658404717614	-51.3857534791717
			76.1191451952875	-51.3857534791717
			76.1724499188136	-51.3857534791717
			76.2257546423397	-51.3857534791717
			76.2790593658658	-51.3857534791717
			76.3323640893919	-51.4390582026978
			76.3856688129181	-51.4390582026978
			76.4389735364442	-51.4390582026978
			76.4922782599703	-51.4390582026978
			76.5455829834964	-51.4390582026978
			76.5988877070225	-51.4923629262239
			76.6521924305486	-51.4923629262239
			76.7054971540747	-51.4923629262239
			76.7588018776008	-51.4923629262239
			76.812106601127	-51.4923629262239
			76.8654113246531	-51.54566764975
			76.9187160481792	-51.54566764975
			76.9720207717053	-51.54566764975
			77.0253254952314	-51.54566764975
			77.0786302187575	-51.54566764975
			77.1319349422836	-51.5989723732761
			77.1852396658097	-51.5989723732761
			77.2385443893358	-51.5989723732761
			77.291849112862	-51.5989723732761
			77.3451538363881	-51.5989723732761
			77.3984585599142	-51.5989723732761
			77.4517632834403	-51.6522770968022
			77.5050680069664	-51.6522770968022
			77.5583727304925	-51.6522770968022
			77.6116774540186	-51.6522770968022
			77.6649821775447	-51.7055818203283
			77.7182869010709	-51.7055818203283
			77.771591624597	-51.7055818203283
			77.8248963481231	-51.7055818203283
			77.8782010716492	-51.7055818203283
			77.9315057951753	-51.7588865438545
			77.9848105187014	-51.7588865438545
			78.0381152422275	-51.7588865438545
			78.0914199657536	-51.7588865438545
			78.1447246892797	-51.7588865438545
			78.1980294128059	-51.8121912673806
			78.251334136332	-51.8121912673806
			78.3046388598581	-51.8121912673806
			78.3579435833842	-51.8121912673806
			78.4112483069103	-51.8121912673806
			78.4645530304364	-51.8654959909067
			78.5178577539625	-51.8654959909067
			78.5711624774886	-51.8654959909067
			78.6244672010148	-51.8654959909067
			78.6777719245409	-51.8654959909067
			78.731076648067	-51.8654959909067
			78.7843813715931	-51.8654959909067
			78.8376860951192	-51.9188007144328
			78.8909908186453	-51.9188007144328
			78.9442955421714	-51.9188007144328
			78.9976002656975	-51.9188007144328
			79.0509049892236	-51.9188007144328
			79.1042097127497	-51.9188007144328
			79.1575144362759	-51.9721054379589
			79.210819159802	-51.9721054379589
			79.2641238833281	-51.9721054379589
			79.3174286068542	-51.9721054379589
			79.3707333303803	-51.9721054379589
			79.4240380539064	-51.9721054379589
			79.4773427774325	-52.025410161485
			79.5306475009587	-52.025410161485
			79.5839522244848	-52.025410161485
			79.6372569480109	-52.025410161485
			79.690561671537	-52.025410161485
			79.7438663950631	-52.025410161485
			79.7971711185892	-52.025410161485
			79.8504758421153	-52.0787148850111
			79.9037805656414	-52.0787148850111
			79.9570852891675	-52.0787148850111
			80.0103900126936	-52.0787148850111
			80.0636947362198	-52.0787148850111
			80.1169994597459	-52.0787148850111
			80.170304183272	-52.1320196085372
			80.2236089067981	-52.1320196085372
			80.2769136303242	-52.1320196085372
			80.3302183538503	-52.1320196085372
			80.3835230773764	-52.1320196085372
			80.4368278009025	-52.1320196085372
			80.4901325244287	-52.1320196085372
			80.5434372479548	-52.1853243320633
			80.5967419714809	-52.1853243320633
			80.650046695007	-52.1853243320633
			80.7033514185331	-52.1853243320633
			80.7566561420592	-52.1853243320633
			80.8099608655853	-52.1853243320633
			80.8632655891114	-52.1853243320633
			80.9165703126375	-52.2386290555895
			80.9698750361637	-52.2386290555895
			81.0231797596898	-52.2386290555895
			81.0764844832159	-52.2386290555895
			81.129789206742	-52.2386290555895
			81.1830939302681	-52.2386290555895
			81.2363986537942	-52.2919337791156
			81.2897033773203	-52.2919337791156
			81.3430081008464	-52.2919337791156
			81.3963128243726	-52.2919337791156
			81.4496175478987	-52.2919337791156
			81.5029222714248	-52.2919337791156
			81.5562269949509	-52.2919337791156
			81.609531718477	-52.3452385026417
			81.6628364420031	-52.3452385026417
			81.7161411655292	-52.3452385026417
			81.7694458890553	-52.3452385026417
			81.8227506125814	-52.3452385026417
			81.8760553361076	-52.3452385026417
			81.9293600596337	-52.3452385026417
			81.9826647831598	-52.3452385026417
			82.0359695066859	-52.3985432261678
			82.089274230212	-52.3985432261678
			82.1425789537381	-52.3985432261678
			82.1958836772642	-52.3985432261678
			82.2491884007903	-52.3985432261678
			82.3024931243165	-52.3985432261678
			82.3557978478426	-52.3985432261678
			82.4091025713687	-52.3985432261678
			82.4624072948948	-52.4518479496939
			82.5157120184209	-52.4518479496939
			82.569016741947	-52.4518479496939
			82.6223214654731	-52.4518479496939
			82.6756261889992	-52.4518479496939
			82.7289309125253	-52.4518479496939
			82.7822356360515	-52.4518479496939
			82.8355403595776	-52.4518479496939
			82.8888450831037	-52.50515267322
			82.9421498066298	-52.50515267322
			82.9954545301559	-52.50515267322
			83.048759253682	-52.50515267322
			83.1020639772081	-52.50515267322
			83.1553687007342	-52.50515267322
			83.2086734242604	-52.50515267322
			83.2619781477865	-52.50515267322
			83.3152828713126	-52.50515267322
			83.3152828713126	-52.5584573967461
			83.3685875948387	-52.5584573967461
			83.4218923183648	-52.5584573967461
			83.4751970418909	-52.5584573967461
			83.528501765417	-52.5584573967461
			83.5818064889431	-52.5584573967461
			83.6351112124693	-52.5584573967461
			83.6884159359954	-52.5584573967461
			83.7417206595215	-52.5584573967461
			83.7950253830476	-52.5584573967461
			83.8483301065737	-52.6117621202722
			83.9016348300998	-52.6117621202722
			83.9549395536259	-52.6117621202722
			84.008244277152	-52.6117621202722
			84.0615490006781	-52.6117621202722
			84.1148537242043	-52.6117621202722
			84.1681584477304	-52.6117621202722
			84.2214631712565	-52.6117621202722
			84.2747678947826	-52.6117621202722
			84.3280726183087	-52.6117621202722
			84.3813773418348	-52.6117621202722
			84.4346820653609	-52.6117621202722
			84.487986788887	-52.6117621202722
			84.487986788887	-52.6650668437984
			84.5412915124132	-52.6650668437984
			84.5945962359393	-52.6650668437984
			84.6479009594654	-52.6650668437984
			84.7012056829915	-52.6650668437984
			84.7545104065176	-52.6650668437984
			84.8078151300437	-52.6650668437984
			84.8611198535698	-52.6650668437984
			84.9144245770959	-52.6650668437984
			84.967729300622	-52.6650668437984
			85.0210340241482	-52.6650668437984
			85.0743387476743	-52.6650668437984
			85.1276434712004	-52.6650668437984
			85.1809481947265	-52.6650668437984
			85.2342529182526	-52.6650668437984
			85.2875576417787	-52.6650668437984
			85.3408623653048	-52.6650668437984
			85.3941670888309	-52.6650668437984
			85.4474718123571	-52.6650668437984
			85.5007765358832	-52.6650668437984
			85.5540812594093	-52.6650668437984
			85.6073859829354	-52.6650668437984
			85.6606907064615	-52.6650668437984
			85.7139954299876	-52.6650668437984
			85.7673001535137	-52.6650668437984
			85.8206048770398	-52.6650668437984
			85.8739096005659	-52.6650668437984
			85.927214324092	-52.6650668437984
			85.9805190476182	-52.6650668437984
			86.0338237711443	-52.6650668437984
			86.0871284946704	-52.6650668437984
			86.1404332181965	-52.6650668437984
		</Dorsal_adipose>
		<Adipose_caudal type=matrix rownames=FALSE colnames=FALSE nrow=170 ncol=2 as.numeric=TRUE >
			86.1404332181965	-52.6650668437984
			86.1937379417226	-52.6650668437984
			86.2470426652487	-52.6650668437984
			86.3003473887748	-52.6650668437984
			86.3536521123009	-52.6650668437984
			86.4069568358271	-52.7183715673245
			86.4602615593532	-52.7183715673245
			86.5135662828793	-52.7183715673245
			86.5668710064054	-52.7183715673245
			86.6201757299315	-52.7716762908506
			86.6734804534576	-52.7716762908506
			86.7267851769837	-52.7716762908506
			86.7800899005098	-52.8249810143767
			86.8333946240359	-52.8249810143767
			86.8866993475621	-52.8249810143767
			86.9400040710882	-52.8782857379028
			86.9933087946143	-52.8782857379028
			87.0466135181404	-52.9315904614289
			87.0999182416665	-52.9315904614289
			87.1532229651926	-52.984895184955
			87.2065276887187	-53.0381999084811
			87.2598324122448	-53.0915046320073
			87.313137135771	-53.0915046320073
			87.3664418592971	-53.1448093555334
			87.4197465828232	-53.1981140790595
			87.4730513063493	-53.2514188025856
			87.5263560298754	-53.2514188025856
			87.5796607534015	-53.2514188025856
			87.6329654769276	-53.3047235261117
			87.6862702004537	-53.3047235261117
			87.7395749239798	-53.3047235261117
			87.792879647506	-53.3047235261117
			87.8461843710321	-53.3047235261117
			87.8994890945582	-53.3580282496378
			87.9527938180843	-53.3580282496378
			88.0060985416104	-53.3580282496378
			88.0594032651365	-53.3580282496378
			88.1127079886626	-53.3580282496378
			88.1660127121887	-53.4113329731639
			88.2193174357149	-53.4113329731639
			88.272622159241	-53.4113329731639
			88.3259268827671	-53.4113329731639
			88.3792316062932	-53.4113329731639
			88.4325363298193	-53.4113329731639
			88.4858410533454	-53.46463769669
			88.5391457768715	-53.46463769669
			88.5924505003976	-53.46463769669
			88.6457552239237	-53.46463769669
			88.6990599474499	-53.46463769669
			88.752364670976	-53.46463769669
			88.8056693945021	-53.5179424202161
			88.8589741180282	-53.5179424202161
			88.9122788415543	-53.5179424202161
			88.9655835650804	-53.5179424202161
			89.0188882886065	-53.5179424202161
			89.0721930121326	-53.5712471437423
			89.1254977356588	-53.5712471437423
			89.1788024591849	-53.5712471437423
			89.232107182711	-53.5712471437423
			89.2854119062371	-53.5712471437423
			89.3387166297632	-53.5712471437423
			89.3920213532893	-53.5712471437423
			89.4453260768154	-53.6245518672684
			89.4986308003415	-53.6245518672684
			89.5519355238676	-53.6245518672684
			89.6052402473938	-53.6245518672684
			89.6585449709199	-53.6245518672684
			89.711849694446	-53.6245518672684
			89.7651544179721	-53.6778565907945
			89.8184591414982	-53.6778565907945
			89.8717638650243	-53.6778565907945
			89.9250685885504	-53.6778565907945
			89.9783733120765	-53.6778565907945
			90.0316780356027	-53.6778565907945
			90.0849827591288	-53.6778565907945
			90.1382874826549	-53.7311613143206
			90.191592206181	-53.7311613143206
			90.2448969297071	-53.7311613143206
			90.2982016532332	-53.7311613143206
			90.3515063767593	-53.7311613143206
			90.4048111002854	-53.7311613143206
			90.4581158238115	-53.7311613143206
			90.5114205473377	-53.7311613143206
			90.5114205473377	-53.7844660378467
			90.5647252708638	-53.7844660378467
			90.6180299943899	-53.7844660378467
			90.671334717916	-53.7844660378467
			90.7246394414421	-53.7844660378467
			90.7779441649682	-53.7844660378467
			90.8312488884943	-53.7844660378467
			90.8845536120204	-53.7844660378467
			90.9378583355466	-53.7844660378467
			90.9911630590727	-53.8377707613728
			91.0444677825988	-53.8377707613728
			91.0977725061249	-53.8377707613728
			91.151077229651	-53.8377707613728
			91.2043819531771	-53.8377707613728
			91.2576866767032	-53.8377707613728
			91.3109914002293	-53.8377707613728
			91.3642961237554	-53.8377707613728
			91.4176008472816	-53.8377707613728
			91.4709055708077	-53.8377707613728
			91.5242102943338	-53.8910754848989
			91.5775150178599	-53.8910754848989
			91.630819741386	-53.8910754848989
			91.6841244649121	-53.8910754848989
			91.7374291884382	-53.8910754848989
			91.7907339119643	-53.8910754848989
			91.8440386354904	-53.8910754848989
			91.8973433590166	-53.8910754848989
			91.9506480825427	-53.8910754848989
			92.0039528060688	-53.8910754848989
			92.0572575295949	-53.8910754848989
			92.110562253121	-53.8910754848989
			92.1638669766471	-53.8910754848989
			92.2171717001732	-53.8910754848989
			92.2704764236993	-53.8910754848989
			92.3237811472255	-53.8910754848989
			92.3770858707516	-53.8910754848989
			92.4303905942777	-53.8910754848989
			92.4836953178038	-53.8910754848989
			92.5370000413299	-53.8910754848989
			92.590304764856	-53.8910754848989
			92.6436094883821	-53.8910754848989
			92.6969142119082	-53.8910754848989
			92.7502189354343	-53.8910754848989
			92.8035236589605	-53.8910754848989
			92.8568283824866	-53.8910754848989
			92.9101331060127	-53.8910754848989
			92.9634378295388	-53.8910754848989
			93.0167425530649	-53.8910754848989
			93.070047276591	-53.8910754848989
			93.1233520001171	-53.8910754848989
			93.1766567236432	-53.8910754848989
			93.2299614471694	-53.8910754848989
			93.2832661706955	-53.8910754848989
			93.3365708942216	-53.8910754848989
			93.3898756177477	-53.8910754848989
			93.4431803412738	-53.8910754848989
			93.4964850647999	-53.8910754848989
			93.549789788326	-53.8377707613728
			93.6030945118521	-53.8377707613728
			93.6563992353782	-53.8377707613728
			93.7097039589044	-53.8377707613728
			93.7630086824305	-53.8377707613728
			93.8163134059566	-53.8377707613728
			93.8696181294827	-53.7844660378467
			93.9229228530088	-53.7844660378467
			93.9762275765349	-53.7844660378467
			94.029532300061	-53.7844660378467
			94.0828370235871	-53.7844660378467
			94.1361417471133	-53.7844660378467
			94.1894464706394	-53.7844660378467
			94.2427511941655	-53.7844660378467
			94.2960559176916	-53.7844660378467
			94.3493606412177	-53.7844660378467
			94.4026653647438	-53.7844660378467
			94.4559700882699	-53.7844660378467
			94.509274811796	-53.7844660378467
			94.5625795353221	-53.7844660378467
			94.6158842588483	-53.7844660378467
			94.6691889823744	-53.7844660378467
			94.7224937059005	-53.7844660378467
			94.7757984294266	-53.7844660378467
			94.8291031529527	-53.7844660378467
			94.8824078764788	-53.7844660378467
			94.9357126000049	-53.8377707613728
			94.989017323531	-53.8377707613728
			95.0423220470572	-53.8377707613728
			95.0956267705833	-53.8910754848989
		</Adipose_caudal>
		<Caudal_anal type=matrix rownames=FALSE colnames=FALSE nrow=281 ncol=2 as.numeric=TRUE >
			95.0956267705833	-58.0488439199356
			95.0423220470572	-58.0488439199356
			94.989017323531	-58.1021486434617
			94.9357126000049	-58.1021486434617
			94.8824078764788	-58.1021486434617
			94.8291031529527	-58.1554533669879
			94.7757984294266	-58.1554533669879
			94.7224937059005	-58.1554533669879
			94.6691889823744	-58.1554533669879
			94.6158842588483	-58.1554533669879
			94.5625795353221	-58.1554533669879
			94.509274811796	-58.208758090514
			94.4559700882699	-58.208758090514
			94.4026653647438	-58.208758090514
			94.3493606412177	-58.208758090514
			94.2960559176916	-58.208758090514
			94.2427511941655	-58.208758090514
			94.1894464706394	-58.208758090514
			94.1361417471133	-58.208758090514
			94.0828370235871	-58.208758090514
			94.029532300061	-58.208758090514
			93.9762275765349	-58.208758090514
			93.9229228530088	-58.208758090514
			93.8696181294827	-58.208758090514
			93.8163134059566	-58.208758090514
			93.7630086824305	-58.208758090514
			93.7097039589044	-58.208758090514
			93.6563992353782	-58.208758090514
			93.6030945118521	-58.208758090514
			93.549789788326	-58.208758090514
			93.4964850647999	-58.208758090514
			93.4431803412738	-58.208758090514
			93.3898756177477	-58.208758090514
			93.3365708942216	-58.208758090514
			93.2832661706955	-58.208758090514
			93.2299614471694	-58.208758090514
			93.1766567236432	-58.208758090514
			93.1233520001171	-58.208758090514
			93.070047276591	-58.208758090514
			93.0167425530649	-58.208758090514
			92.9634378295388	-58.208758090514
			92.9101331060127	-58.208758090514
			92.8568283824866	-58.208758090514
			92.8035236589605	-58.208758090514
			92.7502189354343	-58.208758090514
			92.6969142119082	-58.208758090514
			92.6436094883821	-58.208758090514
			92.590304764856	-58.208758090514
			92.5370000413299	-58.208758090514
			92.4836953178038	-58.208758090514
			92.4303905942777	-58.208758090514
			92.3770858707516	-58.208758090514
			92.3237811472255	-58.208758090514
			92.2704764236993	-58.208758090514
			92.2171717001732	-58.208758090514
			92.1638669766471	-58.2620628140401
			92.110562253121	-58.2620628140401
			92.0572575295949	-58.2620628140401
			92.0039528060688	-58.2620628140401
			91.9506480825427	-58.2620628140401
			91.8973433590166	-58.2620628140401
			91.8440386354904	-58.2620628140401
			91.7907339119643	-58.2620628140401
			91.7374291884382	-58.2620628140401
			91.6841244649121	-58.2620628140401
			91.630819741386	-58.2620628140401
			91.5775150178599	-58.2620628140401
			91.5242102943338	-58.2620628140401
			91.4709055708077	-58.2620628140401
			91.4176008472816	-58.2620628140401
			91.3642961237554	-58.2620628140401
			91.3109914002293	-58.2620628140401
			91.2576866767032	-58.2620628140401
			91.2043819531771	-58.3153675375662
			91.151077229651	-58.3153675375662
			91.0977725061249	-58.3153675375662
			91.0444677825988	-58.3153675375662
			90.9911630590727	-58.3153675375662
			90.9378583355466	-58.3153675375662
			90.8845536120204	-58.3153675375662
			90.8312488884943	-58.3153675375662
			90.7779441649682	-58.3153675375662
			90.7246394414421	-58.3153675375662
			90.671334717916	-58.3153675375662
			90.6180299943899	-58.3153675375662
			90.5647252708638	-58.3153675375662
			90.5114205473377	-58.3153675375662
			90.4581158238115	-58.3686722610923
			90.4048111002854	-58.3686722610923
			90.3515063767593	-58.3686722610923
			90.2982016532332	-58.3686722610923
			90.2448969297071	-58.3686722610923
			90.191592206181	-58.3686722610923
			90.1382874826549	-58.3686722610923
			90.0849827591288	-58.3686722610923
			90.0316780356027	-58.3686722610923
			89.9783733120765	-58.3686722610923
			89.9250685885504	-58.3686722610923
			89.8717638650243	-58.4219769846184
			89.8184591414982	-58.4219769846184
			89.7651544179721	-58.4219769846184
			89.711849694446	-58.4219769846184
			89.6585449709199	-58.4219769846184
			89.6052402473938	-58.4219769846184
			89.5519355238676	-58.4219769846184
			89.4986308003415	-58.4219769846184
			89.4453260768154	-58.4219769846184
			89.3920213532893	-58.4752817081445
			89.3387166297632	-58.4752817081445
			89.2854119062371	-58.4752817081445
			89.232107182711	-58.4752817081445
			89.1788024591849	-58.4752817081445
			89.1254977356588	-58.4752817081445
			89.0721930121326	-58.4752817081445
			89.0188882886065	-58.4752817081445
			88.9655835650804	-58.5285864316706
			88.9122788415543	-58.5285864316706
			88.8589741180282	-58.5285864316706
			88.8056693945021	-58.5285864316706
			88.752364670976	-58.5285864316706
			88.6990599474499	-58.5285864316706
			88.6457552239237	-58.5285864316706
			88.5924505003976	-58.5285864316706
			88.5391457768715	-58.5818911551968
			88.4858410533454	-58.5818911551968
			88.4325363298193	-58.5818911551968
			88.3792316062932	-58.5818911551968
			88.3259268827671	-58.5818911551968
			88.272622159241	-58.5818911551968
			88.2193174357149	-58.5818911551968
			88.1660127121887	-58.6351958787229
			88.1127079886626	-58.6351958787229
			88.0594032651365	-58.6351958787229
			88.0060985416104	-58.6351958787229
			87.9527938180843	-58.6351958787229
			87.8994890945582	-58.6351958787229
			87.8461843710321	-58.688500602249
			87.792879647506	-58.688500602249
			87.7395749239798	-58.688500602249
			87.6862702004537	-58.688500602249
			87.6329654769276	-58.688500602249
			87.5796607534015	-58.688500602249
			87.5796607534015	-58.7418053257751
			87.5263560298754	-58.7418053257751
			87.4730513063493	-58.7418053257751
			87.4197465828232	-58.7418053257751
			87.3664418592971	-58.7418053257751
			87.313137135771	-58.7951100493012
			87.2598324122448	-58.7951100493012
			87.2065276887187	-58.7951100493012
			87.1532229651926	-58.7951100493012
			87.0999182416665	-58.7951100493012
			87.0466135181404	-58.8484147728273
			86.9933087946143	-58.8484147728273
			86.9400040710882	-58.8484147728273
			86.8866993475621	-58.8484147728273
			86.8333946240359	-58.9017194963534
			86.7800899005098	-58.9017194963534
			86.7267851769837	-58.9017194963534
			86.6734804534576	-58.9017194963534
			86.6201757299315	-58.9017194963534
			86.5668710064054	-58.9550242198795
			86.5135662828793	-58.9550242198795
			86.4602615593532	-58.9550242198795
			86.4069568358271	-58.9550242198795
			86.3536521123009	-58.9550242198795
			86.3003473887748	-59.0083289434056
			86.2470426652487	-59.0083289434056
			86.1937379417226	-59.0083289434056
			86.1404332181965	-59.0083289434056
			86.0871284946704	-59.0616336669318
			86.0338237711443	-59.0616336669318
			85.9805190476182	-59.0616336669318
			85.927214324092	-59.0616336669318
			85.8739096005659	-59.0616336669318
			85.8206048770398	-59.1149383904579
			85.7673001535137	-59.1149383904579
			85.7139954299876	-59.1149383904579
			85.6606907064615	-59.1149383904579
			85.6073859829354	-59.1149383904579
			85.5540812594093	-59.168243113984
			85.5007765358832	-59.168243113984
			85.4474718123571	-59.168243113984
			85.3941670888309	-59.168243113984
			85.3408623653048	-59.168243113984
			85.2875576417787	-59.2215478375101
			85.2342529182526	-59.2215478375101
			85.1809481947265	-59.2215478375101
			85.1276434712004	-59.2215478375101
			85.0743387476743	-59.2215478375101
			85.0210340241482	-59.2748525610362
			84.967729300622	-59.2748525610362
			84.9144245770959	-59.2748525610362
			84.8611198535698	-59.2748525610362
			84.8078151300437	-59.2748525610362
			84.7545104065176	-59.3281572845623
			84.7012056829915	-59.3281572845623
			84.6479009594654	-59.3281572845623
			84.5945962359393	-59.3281572845623
			84.5412915124132	-59.3281572845623
			84.487986788887	-59.3281572845623
			84.4346820653609	-59.3814620080884
			84.3813773418348	-59.3814620080884
			84.3280726183087	-59.3814620080884
			84.2747678947826	-59.3814620080884
			84.2214631712565	-59.3814620080884
			84.1681584477304	-59.4347667316145
			84.1148537242043	-59.4347667316145
			84.0615490006781	-59.4347667316145
			84.008244277152	-59.4347667316145
			83.9549395536259	-59.4347667316145
			83.9016348300998	-59.4347667316145
			83.8483301065737	-59.4880714551406
			83.7950253830476	-59.4880714551406
			83.7417206595215	-59.4880714551406
			83.6884159359954	-59.4880714551406
			83.6351112124693	-59.4880714551406
			83.5818064889431	-59.5413761786668
			83.528501765417	-59.5413761786668
			83.4751970418909	-59.5413761786668
			83.4218923183648	-59.5413761786668
			83.3685875948387	-59.5413761786668
			83.3152828713126	-59.5946809021929
			83.2619781477865	-59.5946809021929
			83.2086734242604	-59.5946809021929
			83.1553687007342	-59.5946809021929
			83.1020639772081	-59.5946809021929
			83.048759253682	-59.5946809021929
			82.9954545301559	-59.647985625719
			82.9421498066298	-59.647985625719
			82.8888450831037	-59.647985625719
			82.8355403595776	-59.647985625719
			82.7822356360515	-59.647985625719
			82.7289309125253	-59.647985625719
			82.6756261889992	-59.7012903492451
			82.6223214654731	-59.7012903492451
			82.569016741947	-59.7012903492451
			82.5157120184209	-59.7012903492451
			82.4624072948948	-59.7012903492451
			82.4091025713687	-59.7012903492451
			82.3557978478426	-59.7545950727712
			82.3024931243165	-59.7545950727712
			82.2491884007903	-59.7545950727712
			82.1958836772642	-59.7545950727712
			82.1425789537381	-59.7545950727712
			82.089274230212	-59.7545950727712
			82.0359695066859	-59.8078997962973
			81.9826647831598	-59.8078997962973
			81.9293600596337	-59.8078997962973
			81.8760553361076	-59.8078997962973
			81.8227506125814	-59.8078997962973
			81.7694458890553	-59.8078997962973
			81.7161411655292	-59.8612045198234
			81.6628364420031	-59.8612045198234
			81.609531718477	-59.8612045198234
			81.5562269949509	-59.8612045198234
			81.5029222714248	-59.8612045198234
			81.4496175478987	-59.8612045198234
			81.3963128243726	-59.9145092433495
			81.3430081008464	-59.9145092433495
			81.2897033773203	-59.9145092433495
			81.2363986537942	-59.9145092433495
			81.1830939302681	-59.9145092433495
			81.129789206742	-59.9145092433495
			81.129789206742	-59.9678139668757
			81.0764844832159	-59.9678139668757
			81.0231797596898	-59.9678139668757
			80.9698750361637	-59.9678139668757
			80.9165703126375	-59.9678139668757
			80.8632655891114	-59.9678139668757
			80.8099608655853	-59.9678139668757
			80.7566561420592	-60.0211186904018
			80.7033514185331	-60.0211186904018
			80.650046695007	-60.0211186904018
			80.5967419714809	-60.0211186904018
			80.5434372479548	-60.0211186904018
			80.4901325244287	-60.0211186904018
			80.4368278009025	-60.0744234139279
			80.3835230773764	-60.0744234139279
			80.3302183538503	-60.0744234139279
			80.2769136303242	-60.0744234139279
		</Caudal_anal>
	</curves.scaled>
	<ruler.points type=matrix rownames=TRUE colnames=FALSE nrow=3 ncol=2 as.numeric=TRUE >
		Ruler point 1	2120	1885
		Ruler point 2	2214	1893
		Ruler point 3	2307	1900
	</ruler.points>
</shapes>

