<shapes type=list>
	<ruler.pixel type=vector names=FALSE length=1 as.numeric=TRUE >129.876341075311</ruler.pixel>
	<ruler.interval type=vector names=FALSE length=1 as.numeric=TRUE >5</ruler.interval>
	<scaling.units type=vector names=FALSE length=1 as.numeric=FALSE >mm</scaling.units>
	<scaling type=vector names=FALSE length=1 as.numeric=TRUE >0.0384981587762831</scaling>
	<landmarks.pixel type=matrix rownames=TRUE colnames=FALSE nrow=11 ncol=2 as.numeric=TRUE >
		Anterior_eye	335	621
		Posterior_eye	436	620
		Posterior_Maxilla	502	713
		Anterior_Maxilla	329	665
		Dorsal_fin_insertion	885	446
		Adipose_fin_insertion	1326	531
		Dorsal_caudal	1538	576
		Ventral_caudal	1535	715
		Anal_fin_insertion	1152	736
		Pelvic_fin_insertion	879	726
		Pectoral_fin_insertion	655	683
	</landmarks.pixel>
	<landmarks.scaled type=matrix rownames=TRUE colnames=FALSE nrow=11 ncol=2 as.numeric=TRUE >
		Anterior_eye	12.8968831900548	-23.9073566000718
		Posterior_eye	16.7851972264594	-23.8688584412955
		Posterior_Maxilla	19.3260757056941	-27.4491872074898
		Anterior_Maxilla	12.6658942373971	-25.6012755862282
		Dorsal_fin_insertion	34.0708705170105	-17.1701788142223
		Adipose_fin_insertion	51.0485585373514	-20.4425223102063
		Dorsal_caudal	59.2101681979234	-22.174939455139
		Ventral_caudal	59.0946737215945	-27.5261835250424
		Anal_fin_insertion	44.3498789102781	-28.3346448593443
		Pelvic_fin_insertion	33.8398815643528	-27.9496632715815
		Pectoral_fin_insertion	25.2162939984654	-26.2942424442013
	</landmarks.scaled>
	<curves.control type=list>
		<Snout_dorsal type=matrix rownames=FALSE colnames=FALSE nrow=7 ncol=2 as.numeric=TRUE >
			329	665
			314	524
			481	471
			602	445
			722	455
			838	456
			885	446
		</Snout_dorsal>
		<Dorsal_adipose type=matrix rownames=FALSE colnames=FALSE nrow=7 ncol=2 as.numeric=TRUE >
			885	446
			1001	482
			1134	515
			1207	524
			1271	532
			1301	529
			1326	531
		</Dorsal_adipose>
		<Adipose_caudal type=matrix rownames=FALSE colnames=FALSE nrow=7 ncol=2 as.numeric=TRUE >
			1326	531
			1348	535
			1352	548
			1466	578
			1496	576
			1529	568
			1538	576
		</Adipose_caudal>
		<Caudal_anal type=matrix rownames=FALSE colnames=FALSE nrow=7 ncol=2 as.numeric=TRUE >
			1535	715
			1522	716
			1497	709
			1444	697
			1383	701
			1248	713
			1152	736
		</Caudal_anal>
	</curves.control>
	<curves.pixel type=list>
		<Snout_dorsal type=matrix rownames=FALSE colnames=FALSE nrow=655 ncol=2 as.numeric=TRUE >
			329	665
			329	664
			329	663
			329	662
			329	661
			329	660
			328	660
			328	659
			328	658
			328	657
			328	656
			328	655
			328	654
			328	653
			328	652
			328	651
			328	650
			328	649
			328	648
			328	647
			328	646
			328	645
			328	644
			328	643
			328	642
			328	641
			328	640
			328	639
			328	638
			328	637
			328	636
			328	635
			328	634
			328	633
			328	632
			328	631
			328	630
			328	629
			328	628
			328	627
			329	626
			329	625
			329	624
			329	623
			329	622
			329	621
			329	620
			329	619
			329	618
			330	617
			330	616
			330	615
			330	614
			330	613
			330	612
			331	611
			331	610
			331	609
			331	608
			331	607
			331	606
			332	605
			332	604
			332	603
			332	602
			333	601
			333	600
			333	599
			333	598
			334	597
			334	596
			334	595
			335	594
			335	593
			335	592
			336	591
			336	590
			336	589
			336	588
			337	587
			337	586
			338	585
			338	584
			338	583
			339	582
			339	581
			339	580
			340	579
			340	578
			341	578
			341	577
			341	576
			342	575
			342	574
			343	573
			343	572
			344	571
			344	570
			344	569
			345	569
			345	568
			346	567
			346	566
			347	565
			347	564
			348	563
			349	562
			349	561
			350	560
			351	559
			351	558
			352	557
			353	556
			353	555
			354	554
			355	553
			355	552
			356	551
			357	550
			357	549
			358	548
			359	547
			360	546
			360	545
			361	544
			362	543
			363	542
			364	541
			364	540
			365	539
			366	538
			367	537
			368	536
			369	535
			370	534
			371	533
			372	532
			373	531
			374	530
			375	529
			376	528
			377	527
			378	526
			379	525
			380	524
			381	523
			382	522
			383	521
			384	521
			385	520
			386	519
			387	518
			388	518
			389	517
			390	516
			391	515
			392	514
			393	514
			394	513
			395	513
			395	512
			396	511
			397	511
			398	510
			399	510
			400	509
			401	508
			402	507
			403	507
			404	506
			405	505
			406	505
			407	504
			408	503
			409	503
			410	502
			411	501
			412	501
			413	501
			414	500
			415	500
			415	499
			416	499
			417	498
			418	498
			419	497
			420	496
			421	496
			422	495
			423	495
			424	494
			425	494
			426	493
			427	493
			428	492
			429	492
			430	491
			431	491
			432	490
			433	490
			434	489
			435	489
			436	488
			437	488
			438	488
			438	487
			439	487
			440	487
			441	486
			442	486
			443	485
			444	485
			445	484
			446	484
			447	483
			448	483
			449	483
			450	482
			451	482
			452	481
			453	481
			454	481
			455	480
			456	480
			457	479
			458	479
			459	479
			460	478
			461	478
			462	478
			463	477
			464	477
			465	476
			466	476
			467	476
			468	475
			469	475
			470	475
			471	474
			472	474
			473	474
			474	473
			475	473
			476	473
			477	472
			478	472
			479	472
			480	471
			481	471
			482	471
			483	471
			484	470
			485	470
			486	470
			487	470
			488	470
			489	469
			490	469
			491	469
			492	469
			493	468
			494	468
			495	468
			496	468
			497	468
			498	467
			499	467
			500	467
			501	467
			502	467
			503	467
			504	466
			505	466
			506	466
			507	466
			508	466
			509	465
			510	465
			511	465
			512	465
			513	465
			514	465
			515	464
			516	464
			517	464
			518	464
			519	464
			520	464
			521	463
			522	463
			523	463
			524	463
			525	463
			526	463
			527	462
			528	462
			529	462
			530	462
			531	462
			532	462
			533	461
			534	461
			535	461
			536	461
			537	461
			538	461
			539	461
			540	460
			541	460
			542	460
			543	460
			544	460
			545	460
			546	460
			547	459
			548	459
			549	459
			550	459
			551	459
			552	459
			553	459
			554	459
			555	458
			556	458
			557	458
			558	458
			559	458
			560	458
			561	458
			562	458
			563	458
			564	457
			565	457
			566	457
			567	457
			568	457
			569	457
			570	457
			571	457
			572	457
			573	456
			574	456
			575	456
			576	456
			577	456
			578	456
			579	456
			580	456
			581	456
			582	456
			583	455
			584	455
			585	455
			586	455
			587	455
			588	455
			589	455
			590	455
			591	455
			592	455
			593	455
			594	455
			595	455
			596	454
			597	454
			598	454
			599	454
			600	454
			601	454
			602	454
			603	454
			604	454
			605	454
			606	454
			607	454
			608	454
			609	454
			610	453
			611	453
			612	453
			613	453
			614	453
			615	453
			616	453
			617	453
			618	453
			619	453
			620	453
			621	453
			622	453
			623	453
			624	453
			625	453
			626	453
			627	453
			628	453
			629	453
			630	453
			631	453
			632	453
			633	453
			634	452
			635	452
			636	452
			637	452
			638	452
			639	452
			640	452
			641	452
			642	452
			643	452
			644	452
			645	452
			646	452
			647	452
			648	452
			649	452
			650	452
			651	452
			652	452
			653	452
			654	452
			655	452
			656	452
			657	452
			658	452
			659	452
			660	452
			661	452
			662	452
			663	452
			664	452
			665	452
			666	452
			667	452
			668	452
			669	452
			670	452
			671	452
			672	452
			673	452
			674	452
			675	452
			676	452
			676	453
			677	453
			678	453
			679	453
			680	453
			681	453
			682	453
			683	453
			684	453
			685	453
			686	453
			687	453
			688	453
			689	453
			690	453
			691	453
			692	453
			693	453
			694	453
			695	453
			696	453
			697	453
			698	453
			699	453
			700	453
			701	454
			702	454
			703	454
			704	454
			705	454
			706	454
			707	454
			708	454
			709	454
			710	454
			711	454
			712	454
			713	454
			714	454
			715	454
			716	455
			717	455
			718	455
			719	455
			720	455
			721	455
			722	455
			723	455
			724	455
			725	455
			726	455
			727	455
			728	455
			729	455
			730	455
			731	455
			732	455
			733	455
			734	455
			735	455
			736	455
			737	455
			738	455
			739	455
			740	455
			741	455
			742	455
			743	455
			744	455
			745	455
			746	455
			747	455
			748	455
			749	455
			750	455
			751	455
			752	455
			753	455
			754	455
			755	455
			756	455
			757	455
			758	455
			759	455
			760	455
			761	455
			762	455
			763	455
			764	455
			765	455
			766	455
			767	455
			768	455
			769	455
			770	455
			771	455
			772	455
			773	455
			774	455
			775	455
			776	455
			777	455
			778	455
			779	455
			780	455
			781	455
			782	455
			783	455
			784	455
			785	455
			786	455
			787	455
			788	455
			789	455
			790	454
			791	454
			792	454
			793	454
			794	454
			795	454
			796	454
			797	454
			798	454
			799	454
			800	454
			801	454
			802	454
			803	454
			804	454
			805	454
			806	454
			807	454
			808	454
			809	454
			810	454
			811	454
			812	454
			813	454
			814	454
			815	454
			816	453
			817	453
			818	453
			819	453
			820	453
			821	453
			822	453
			823	453
			824	453
			825	453
			826	453
			827	453
			828	453
			829	453
			830	453
			831	453
			832	453
			833	453
			833	452
			834	452
			835	452
			836	452
			837	452
			838	452
			839	452
			840	452
			841	452
			842	452
			843	452
			844	452
			845	452
			846	451
			847	451
			848	451
			849	451
			850	451
			851	451
			852	451
			853	451
			854	451
			855	451
			856	450
			857	450
			858	450
			859	450
			860	450
			861	450
			862	450
			863	450
			864	449
			865	449
			866	449
			867	449
			868	449
			869	449
			870	449
			871	448
			872	448
			873	448
			874	448
			875	448
			876	448
			877	448
			878	447
			879	447
			880	447
			881	447
			882	447
			883	446
			884	446
			885	446
		</Snout_dorsal>
		<Dorsal_adipose type=matrix rownames=FALSE colnames=FALSE nrow=452 ncol=2 as.numeric=TRUE >
			885	446
			886	446
			887	447
			888	447
			889	447
			890	447
			891	448
			892	448
			893	448
			894	449
			895	449
			896	450
			897	450
			898	450
			899	450
			900	451
			901	451
			902	451
			903	452
			904	452
			905	452
			906	452
			907	453
			908	453
			909	453
			910	454
			911	454
			912	454
			913	455
			914	455
			915	455
			916	455
			917	456
			918	456
			919	456
			920	457
			921	457
			922	457
			923	457
			924	458
			925	458
			926	458
			927	459
			928	459
			929	459
			930	460
			931	460
			932	460
			933	460
			934	461
			935	461
			936	461
			937	462
			938	462
			939	462
			940	463
			941	463
			942	463
			943	464
			944	464
			945	464
			946	464
			947	465
			948	465
			949	465
			950	465
			951	466
			952	466
			953	467
			954	467
			955	467
			956	467
			957	468
			958	468
			959	468
			960	468
			960	469
			961	469
			962	469
			963	469
			964	470
			965	470
			966	470
			967	470
			968	471
			969	471
			970	471
			971	472
			972	472
			973	472
			974	472
			975	473
			976	473
			977	473
			978	474
			979	474
			980	474
			981	475
			982	475
			983	475
			984	475
			985	475
			985	476
			986	476
			987	476
			988	476
			988	477
			989	477
			990	477
			991	477
			992	477
			992	478
			993	478
			994	478
			995	478
			996	479
			997	479
			998	479
			999	480
			1000	480
			1001	480
			1002	480
			1003	481
			1004	481
			1005	481
			1006	481
			1007	482
			1008	482
			1009	482
			1010	482
			1011	483
			1012	483
			1013	483
			1014	484
			1015	484
			1016	484
			1017	485
			1018	485
			1019	485
			1020	485
			1021	485
			1021	486
			1022	486
			1023	486
			1024	486
			1025	487
			1026	487
			1027	487
			1028	488
			1029	488
			1030	488
			1031	488
			1032	489
			1033	489
			1034	489
			1035	489
			1036	490
			1037	490
			1038	490
			1039	491
			1040	491
			1041	491
			1042	491
			1043	492
			1044	492
			1045	492
			1046	492
			1047	493
			1048	493
			1049	493
			1050	494
			1051	494
			1052	494
			1053	494
			1054	495
			1055	495
			1056	495
			1057	495
			1058	495
			1058	496
			1059	496
			1060	496
			1061	496
			1062	497
			1063	497
			1064	497
			1065	497
			1066	498
			1067	498
			1068	498
			1069	498
			1070	499
			1071	499
			1072	499
			1073	500
			1074	500
			1075	500
			1076	500
			1077	500
			1077	501
			1078	501
			1079	501
			1080	501
			1081	502
			1082	502
			1083	502
			1084	502
			1085	503
			1086	503
			1087	503
			1088	503
			1089	504
			1090	504
			1091	504
			1092	504
			1093	505
			1094	505
			1095	505
			1096	505
			1096	506
			1097	506
			1098	506
			1099	506
			1100	507
			1101	507
			1102	507
			1103	507
			1104	507
			1104	508
			1105	508
			1106	508
			1107	508
			1108	508
			1109	509
			1110	509
			1111	509
			1112	510
			1113	510
			1114	510
			1115	510
			1116	510
			1117	511
			1118	511
			1119	511
			1120	511
			1121	512
			1122	512
			1123	512
			1124	512
			1125	513
			1126	513
			1127	513
			1128	513
			1129	514
			1130	514
			1131	514
			1132	514
			1133	515
			1134	515
			1135	515
			1136	515
			1137	515
			1138	516
			1139	516
			1140	516
			1141	516
			1142	516
			1143	516
			1144	516
			1145	516
			1146	516
			1147	517
			1148	517
			1149	517
			1150	517
			1151	517
			1152	517
			1153	517
			1154	517
			1155	518
			1156	518
			1157	518
			1158	518
			1159	518
			1160	518
			1161	518
			1162	518
			1162	519
			1163	519
			1164	519
			1165	519
			1166	519
			1167	519
			1168	519
			1169	519
			1170	519
			1171	520
			1172	520
			1173	520
			1174	520
			1175	520
			1176	520
			1177	520
			1178	520
			1179	521
			1180	521
			1181	521
			1182	521
			1183	521
			1184	521
			1185	521
			1186	521
			1187	522
			1188	522
			1189	522
			1190	522
			1191	522
			1192	522
			1193	522
			1194	522
			1195	523
			1196	523
			1197	523
			1198	523
			1199	523
			1200	523
			1201	523
			1202	523
			1203	523
			1204	524
			1205	524
			1206	524
			1207	524
			1208	524
			1209	524
			1210	524
			1211	525
			1212	525
			1213	525
			1214	525
			1215	525
			1216	525
			1217	525
			1218	525
			1219	526
			1220	526
			1221	526
			1222	526
			1223	526
			1224	526
			1225	526
			1226	526
			1227	526
			1228	527
			1229	527
			1230	527
			1231	527
			1232	527
			1233	527
			1234	527
			1235	528
			1236	528
			1237	528
			1238	528
			1239	528
			1240	528
			1241	528
			1242	528
			1243	529
			1244	529
			1245	529
			1246	529
			1247	529
			1248	529
			1249	529
			1250	529
			1251	529
			1252	530
			1253	530
			1254	530
			1255	530
			1256	530
			1257	530
			1258	530
			1259	530
			1260	531
			1261	531
			1262	531
			1263	531
			1264	531
			1265	531
			1266	531
			1267	532
			1268	532
			1269	532
			1270	532
			1271	532
			1272	532
			1273	532
			1274	532
			1275	532
			1276	532
			1277	531
			1278	531
			1279	531
			1280	531
			1281	531
			1282	531
			1283	531
			1284	531
			1285	531
			1286	531
			1287	531
			1288	531
			1289	531
			1290	531
			1291	531
			1292	530
			1293	530
			1294	530
			1295	530
			1296	530
			1297	530
			1298	530
			1299	530
			1300	530
			1301	530
			1302	530
			1303	530
			1304	530
			1305	530
			1306	530
			1307	530
			1308	530
			1309	530
			1310	530
			1311	530
			1312	530
			1313	530
			1314	530
			1315	530
			1316	530
			1317	530
			1318	531
			1319	531
			1320	531
			1321	531
			1322	531
			1323	531
			1324	531
			1325	531
			1326	531
		</Dorsal_adipose>
		<Adipose_caudal type=matrix rownames=FALSE colnames=FALSE nrow=220 ncol=2 as.numeric=TRUE >
			1326	531
			1327	531
			1328	531
			1329	532
			1330	532
			1331	532
			1332	532
			1333	533
			1334	533
			1335	533
			1336	534
			1337	534
			1338	534
			1339	535
			1340	535
			1341	536
			1342	536
			1343	537
			1344	537
			1345	538
			1345	539
			1346	539
			1347	540
			1348	541
			1349	542
			1350	543
			1350	544
			1351	545
			1351	546
			1352	547
			1352	548
			1353	548
			1354	549
			1355	549
			1356	549
			1357	549
			1358	550
			1359	550
			1360	550
			1361	550
			1362	551
			1363	551
			1364	551
			1365	551
			1366	552
			1367	552
			1368	552
			1369	552
			1370	553
			1371	553
			1372	553
			1373	553
			1374	554
			1375	554
			1376	554
			1377	555
			1378	555
			1379	555
			1380	555
			1381	555
			1382	556
			1383	556
			1384	556
			1385	556
			1385	557
			1386	557
			1387	557
			1388	557
			1389	557
			1390	558
			1391	558
			1392	558
			1393	558
			1394	559
			1395	559
			1396	559
			1397	559
			1398	560
			1399	560
			1400	560
			1401	560
			1402	561
			1403	561
			1404	561
			1405	561
			1406	562
			1407	562
			1408	562
			1409	562
			1410	563
			1411	563
			1412	563
			1413	563
			1414	563
			1415	564
			1416	564
			1417	564
			1418	564
			1419	565
			1420	565
			1421	565
			1422	565
			1423	565
			1424	566
			1425	566
			1426	566
			1427	566
			1428	567
			1429	567
			1430	567
			1431	567
			1432	567
			1433	568
			1434	568
			1435	568
			1436	568
			1437	568
			1438	569
			1439	569
			1440	569
			1441	569
			1442	569
			1443	570
			1444	570
			1445	570
			1446	570
			1447	570
			1448	571
			1449	571
			1450	571
			1451	571
			1452	571
			1453	571
			1454	572
			1455	572
			1456	572
			1457	572
			1458	572
			1459	573
			1460	573
			1461	573
			1462	573
			1463	573
			1464	573
			1465	574
			1466	574
			1467	574
			1468	574
			1469	574
			1470	574
			1471	574
			1472	574
			1473	575
			1474	575
			1475	575
			1476	575
			1477	575
			1478	575
			1479	575
			1480	575
			1481	576
			1482	576
			1483	576
			1484	576
			1485	576
			1486	576
			1487	576
			1488	576
			1489	576
			1490	576
			1491	576
			1492	576
			1493	576
			1494	576
			1495	576
			1496	576
			1497	576
			1498	576
			1499	575
			1500	575
			1501	575
			1502	575
			1503	574
			1504	574
			1505	574
			1506	574
			1507	574
			1508	573
			1509	573
			1510	573
			1511	573
			1512	573
			1513	573
			1514	573
			1515	573
			1515	572
			1516	572
			1517	572
			1518	572
			1519	572
			1520	572
			1521	572
			1522	572
			1523	572
			1524	572
			1525	572
			1526	572
			1527	572
			1528	572
			1529	572
			1530	572
			1530	573
			1531	573
			1532	573
			1533	573
			1534	574
			1535	574
			1536	575
			1537	575
			1538	576
		</Adipose_caudal>
		<Caudal_anal type=matrix rownames=FALSE colnames=FALSE nrow=386 ncol=2 as.numeric=TRUE >
			1535	715
			1534	715
			1533	715
			1532	715
			1531	715
			1530	715
			1529	715
			1528	715
			1527	715
			1526	715
			1525	715
			1524	715
			1523	715
			1522	714
			1521	714
			1520	714
			1519	714
			1518	714
			1517	714
			1516	714
			1515	713
			1514	713
			1513	713
			1512	713
			1511	712
			1510	712
			1509	712
			1508	712
			1507	712
			1506	711
			1505	711
			1504	711
			1503	711
			1502	710
			1501	710
			1500	710
			1499	710
			1498	709
			1497	709
			1496	709
			1495	708
			1494	708
			1493	708
			1492	708
			1491	708
			1490	707
			1489	707
			1488	707
			1487	707
			1486	707
			1485	707
			1484	706
			1483	706
			1482	706
			1481	706
			1480	706
			1479	705
			1478	705
			1477	705
			1476	705
			1475	705
			1474	705
			1473	704
			1472	704
			1471	704
			1470	704
			1469	704
			1468	704
			1467	704
			1466	703
			1465	703
			1464	703
			1463	703
			1462	703
			1461	703
			1460	703
			1459	703
			1458	702
			1457	702
			1456	702
			1455	702
			1454	702
			1453	702
			1452	702
			1451	702
			1450	702
			1449	702
			1448	701
			1447	701
			1446	701
			1445	701
			1444	701
			1443	701
			1442	701
			1441	701
			1440	701
			1439	701
			1438	701
			1437	701
			1436	701
			1435	701
			1434	701
			1433	700
			1432	700
			1431	700
			1430	700
			1429	700
			1428	700
			1427	700
			1426	700
			1425	700
			1424	700
			1423	700
			1422	700
			1421	700
			1420	700
			1419	700
			1418	700
			1417	700
			1416	700
			1415	700
			1414	700
			1413	700
			1412	700
			1411	700
			1410	700
			1409	700
			1408	700
			1407	700
			1406	700
			1405	700
			1404	700
			1403	700
			1402	700
			1401	700
			1400	700
			1399	700
			1398	700
			1397	700
			1396	700
			1395	700
			1394	700
			1393	700
			1392	700
			1391	701
			1390	701
			1389	701
			1388	701
			1387	701
			1386	701
			1385	701
			1384	701
			1383	701
			1382	701
			1381	701
			1380	701
			1379	701
			1378	701
			1377	702
			1376	702
			1375	702
			1374	702
			1373	702
			1372	702
			1371	702
			1370	702
			1369	702
			1368	702
			1367	702
			1366	703
			1365	703
			1364	703
			1363	703
			1362	703
			1361	703
			1360	703
			1359	703
			1358	703
			1357	703
			1356	704
			1355	704
			1354	704
			1353	704
			1352	704
			1351	704
			1350	704
			1349	704
			1348	704
			1347	704
			1346	705
			1345	705
			1344	705
			1343	705
			1342	705
			1341	705
			1340	705
			1339	705
			1338	705
			1337	705
			1336	706
			1335	706
			1334	706
			1333	706
			1332	706
			1331	706
			1330	706
			1329	706
			1328	707
			1327	707
			1326	707
			1325	707
			1324	707
			1323	707
			1322	707
			1321	707
			1320	707
			1319	708
			1318	708
			1317	708
			1316	708
			1315	708
			1314	708
			1313	708
			1312	708
			1311	708
			1310	709
			1309	709
			1308	709
			1307	709
			1306	709
			1305	709
			1304	709
			1303	710
			1302	710
			1301	710
			1300	710
			1299	710
			1298	710
			1297	710
			1296	710
			1295	711
			1294	711
			1293	711
			1292	711
			1291	711
			1290	711
			1289	711
			1288	711
			1287	712
			1286	712
			1285	712
			1284	712
			1283	712
			1282	712
			1281	712
			1280	712
			1279	713
			1278	713
			1277	713
			1276	713
			1275	713
			1274	713
			1273	714
			1272	714
			1271	714
			1270	714
			1269	714
			1268	714
			1267	714
			1266	715
			1265	715
			1264	715
			1263	715
			1262	715
			1261	715
			1260	715
			1259	716
			1258	716
			1257	716
			1256	716
			1255	716
			1254	716
			1253	716
			1252	717
			1251	717
			1250	717
			1249	717
			1248	717
			1247	717
			1246	718
			1245	718
			1244	718
			1243	718
			1242	718
			1241	718
			1240	719
			1239	719
			1238	719
			1237	719
			1236	719
			1235	719
			1234	720
			1233	720
			1232	720
			1231	720
			1230	720
			1229	720
			1228	720
			1227	721
			1226	721
			1225	721
			1224	721
			1223	721
			1223	722
			1222	722
			1221	722
			1220	722
			1219	722
			1218	722
			1217	722
			1216	723
			1215	723
			1214	723
			1213	723
			1212	723
			1211	724
			1210	724
			1209	724
			1208	724
			1207	724
			1206	724
			1205	725
			1204	725
			1203	725
			1202	725
			1201	725
			1200	726
			1199	726
			1198	726
			1197	726
			1196	726
			1195	727
			1194	727
			1193	727
			1192	727
			1191	727
			1191	728
			1190	728
			1189	728
			1188	728
			1187	728
			1186	728
			1185	729
			1184	729
			1183	729
			1182	729
			1181	729
			1180	730
			1179	730
			1178	730
			1177	730
			1176	730
			1175	731
			1174	731
			1173	731
			1172	732
			1171	732
			1170	732
			1169	732
			1168	732
			1167	733
			1166	733
			1165	733
			1164	733
			1163	733
			1162	734
			1161	734
			1160	734
			1159	734
			1158	735
			1157	735
			1156	735
			1155	735
			1154	735
			1153	736
			1152	736
		</Caudal_anal>
	</curves.pixel>
	<curves.scaled type=list>
		<Snout_dorsal type=matrix rownames=FALSE colnames=FALSE nrow=655 ncol=2 as.numeric=TRUE >
			12.6658942373971	-25.6012755862282
			12.6658942373971	-25.562777427452
			12.6658942373971	-25.5242792686757
			12.6658942373971	-25.4857811098994
			12.6658942373971	-25.4472829511231
			12.6658942373971	-25.4087847923468
			12.6273960786208	-25.4087847923468
			12.6273960786208	-25.3702866335705
			12.6273960786208	-25.3317884747943
			12.6273960786208	-25.293290316018
			12.6273960786208	-25.2547921572417
			12.6273960786208	-25.2162939984654
			12.6273960786208	-25.1777958396891
			12.6273960786208	-25.1392976809128
			12.6273960786208	-25.1007995221366
			12.6273960786208	-25.0623013633603
			12.6273960786208	-25.023803204584
			12.6273960786208	-24.9853050458077
			12.6273960786208	-24.9468068870314
			12.6273960786208	-24.9083087282551
			12.6273960786208	-24.8698105694789
			12.6273960786208	-24.8313124107026
			12.6273960786208	-24.7928142519263
			12.6273960786208	-24.75431609315
			12.6273960786208	-24.7158179343737
			12.6273960786208	-24.6773197755974
			12.6273960786208	-24.6388216168212
			12.6273960786208	-24.6003234580449
			12.6273960786208	-24.5618252992686
			12.6273960786208	-24.5233271404923
			12.6273960786208	-24.484828981716
			12.6273960786208	-24.4463308229397
			12.6273960786208	-24.4078326641635
			12.6273960786208	-24.3693345053872
			12.6273960786208	-24.3308363466109
			12.6273960786208	-24.2923381878346
			12.6273960786208	-24.2538400290583
			12.6273960786208	-24.215341870282
			12.6273960786208	-24.1768437115058
			12.6273960786208	-24.1383455527295
			12.6658942373971	-24.0998473939532
			12.6658942373971	-24.0613492351769
			12.6658942373971	-24.0228510764006
			12.6658942373971	-23.9843529176244
			12.6658942373971	-23.9458547588481
			12.6658942373971	-23.9073566000718
			12.6658942373971	-23.8688584412955
			12.6658942373971	-23.8303602825192
			12.6658942373971	-23.7918621237429
			12.7043923961734	-23.7533639649667
			12.7043923961734	-23.7148658061904
			12.7043923961734	-23.6763676474141
			12.7043923961734	-23.6378694886378
			12.7043923961734	-23.5993713298615
			12.7043923961734	-23.5608731710852
			12.7428905549497	-23.522375012309
			12.7428905549497	-23.4838768535327
			12.7428905549497	-23.4453786947564
			12.7428905549497	-23.4068805359801
			12.7428905549497	-23.3683823772038
			12.7428905549497	-23.3298842184275
			12.781388713726	-23.2913860596513
			12.781388713726	-23.252887900875
			12.781388713726	-23.2143897420987
			12.781388713726	-23.1758915833224
			12.8198868725023	-23.1373934245461
			12.8198868725023	-23.0988952657698
			12.8198868725023	-23.0603971069936
			12.8198868725023	-23.0218989482173
			12.8583850312785	-22.983400789441
			12.8583850312785	-22.9449026306647
			12.8583850312785	-22.9064044718884
			12.8968831900548	-22.8679063131121
			12.8968831900548	-22.8294081543359
			12.8968831900548	-22.7909099955596
			12.9353813488311	-22.7524118367833
			12.9353813488311	-22.713913678007
			12.9353813488311	-22.6754155192307
			12.9353813488311	-22.6369173604544
			12.9738795076074	-22.5984192016782
			12.9738795076074	-22.5599210429019
			13.0123776663837	-22.5214228841256
			13.0123776663837	-22.4829247253493
			13.0123776663837	-22.444426566573
			13.05087582516	-22.4059284077967
			13.05087582516	-22.3674302490205
			13.05087582516	-22.3289320902442
			13.0893739839362	-22.2904339314679
			13.0893739839362	-22.2519357726916
			13.1278721427125	-22.2519357726916
			13.1278721427125	-22.2134376139153
			13.1278721427125	-22.174939455139
			13.1663703014888	-22.1364412963628
			13.1663703014888	-22.0979431375865
			13.2048684602651	-22.0594449788102
			13.2048684602651	-22.0209468200339
			13.2433666190414	-21.9824486612576
			13.2433666190414	-21.9439505024813
			13.2433666190414	-21.9054523437051
			13.2818647778177	-21.9054523437051
			13.2818647778177	-21.8669541849288
			13.3203629365939	-21.8284560261525
			13.3203629365939	-21.7899578673762
			13.3588610953702	-21.7514597085999
			13.3588610953702	-21.7129615498237
			13.3973592541465	-21.6744633910474
			13.4358574129228	-21.6359652322711
			13.4358574129228	-21.5974670734948
			13.4743555716991	-21.5589689147185
			13.5128537304754	-21.5204707559422
			13.5128537304754	-21.481972597166
			13.5513518892516	-21.4434744383897
			13.5898500480279	-21.4049762796134
			13.5898500480279	-21.3664781208371
			13.6283482068042	-21.3279799620608
			13.6668463655805	-21.2894818032845
			13.6668463655805	-21.2509836445083
			13.7053445243568	-21.212485485732
			13.7438426831331	-21.1739873269557
			13.7438426831331	-21.1354891681794
			13.7823408419093	-21.0969910094031
			13.8208390006856	-21.0584928506268
			13.8593371594619	-21.0199946918506
			13.8593371594619	-20.9814965330743
			13.8978353182382	-20.942998374298
			13.9363334770145	-20.9045002155217
			13.9748316357908	-20.8660020567454
			14.013329794567	-20.8275038979691
			14.013329794567	-20.7890057391929
			14.0518279533433	-20.7505075804166
			14.0903261121196	-20.7120094216403
			14.1288242708959	-20.673511262864
			14.1673224296722	-20.6350131040877
			14.2058205884485	-20.5965149453114
			14.2443187472247	-20.5580167865352
			14.282816906001	-20.5195186277589
			14.3213150647773	-20.4810204689826
			14.3598132235536	-20.4425223102063
			14.3983113823299	-20.40402415143
			14.4368095411062	-20.3655259926537
			14.4753076998824	-20.3270278338775
			14.5138058586587	-20.2885296751012
			14.552304017435	-20.2500315163249
			14.5908021762113	-20.2115333575486
			14.6293003349876	-20.1730351987723
			14.6677984937639	-20.134537039996
			14.7062966525401	-20.0960388812198
			14.7447948113164	-20.0575407224435
			14.7832929700927	-20.0575407224435
			14.821791128869	-20.0190425636672
			14.8602892876453	-19.9805444048909
			14.8987874464215	-19.9420462461146
			14.9372856051978	-19.9420462461146
			14.9757837639741	-19.9035480873383
			15.0142819227504	-19.8650499285621
			15.0527800815267	-19.8265517697858
			15.091278240303	-19.7880536110095
			15.1297763990792	-19.7880536110095
			15.1682745578555	-19.7495554522332
			15.2067727166318	-19.7495554522332
			15.2067727166318	-19.7110572934569
			15.2452708754081	-19.6725591346807
			15.2837690341844	-19.6725591346807
			15.3222671929607	-19.6340609759044
			15.3607653517369	-19.6340609759044
			15.3992635105132	-19.5955628171281
			15.4377616692895	-19.5570646583518
			15.4762598280658	-19.5185664995755
			15.5147579868421	-19.5185664995755
			15.5532561456184	-19.4800683407992
			15.5917543043946	-19.441570182023
			15.6302524631709	-19.441570182023
			15.6687506219472	-19.4030720232467
			15.7072487807235	-19.3645738644704
			15.7457469394998	-19.3645738644704
			15.7842450982761	-19.3260757056941
			15.8227432570523	-19.2875775469178
			15.8612414158286	-19.2875775469178
			15.8997395746049	-19.2875775469178
			15.9382377333812	-19.2490793881415
			15.9767358921575	-19.2490793881415
			15.9767358921575	-19.2105812293653
			16.0152340509338	-19.2105812293653
			16.05373220971	-19.172083070589
			16.0922303684863	-19.172083070589
			16.1307285272626	-19.1335849118127
			16.1692266860389	-19.0950867530364
			16.2077248448152	-19.0950867530364
			16.2462230035915	-19.0565885942601
			16.2847211623677	-19.0565885942601
			16.323219321144	-19.0180904354838
			16.3617174799203	-19.0180904354838
			16.4002156386966	-18.9795922767076
			16.4387137974729	-18.9795922767076
			16.4772119562492	-18.9410941179313
			16.5157101150254	-18.9410941179313
			16.5542082738017	-18.902595959155
			16.592706432578	-18.902595959155
			16.6312045913543	-18.8640978003787
			16.6697027501306	-18.8640978003787
			16.7082009089069	-18.8255996416024
			16.7466990676831	-18.8255996416024
			16.7851972264594	-18.7871014828261
			16.8236953852357	-18.7871014828261
			16.862193544012	-18.7871014828261
			16.862193544012	-18.7486033240499
			16.9006917027883	-18.7486033240499
			16.9391898615646	-18.7486033240499
			16.9776880203408	-18.7101051652736
			17.0161861791171	-18.7101051652736
			17.0546843378934	-18.6716070064973
			17.0931824966697	-18.6716070064973
			17.131680655446	-18.633108847721
			17.1701788142223	-18.633108847721
			17.2086769729985	-18.5946106889447
			17.2471751317748	-18.5946106889447
			17.2856732905511	-18.5946106889447
			17.3241714493274	-18.5561125301684
			17.3626696081037	-18.5561125301684
			17.4011677668799	-18.5176143713922
			17.4396659256562	-18.5176143713922
			17.4781640844325	-18.5176143713922
			17.5166622432088	-18.4791162126159
			17.5551604019851	-18.4791162126159
			17.5936585607614	-18.4406180538396
			17.6321567195376	-18.4406180538396
			17.6706548783139	-18.4406180538396
			17.7091530370902	-18.4021198950633
			17.7476511958665	-18.4021198950633
			17.7861493546428	-18.4021198950633
			17.8246475134191	-18.363621736287
			17.8631456721953	-18.363621736287
			17.9016438309716	-18.3251235775107
			17.9401419897479	-18.3251235775107
			17.9786401485242	-18.3251235775107
			18.0171383073005	-18.2866254187345
			18.0556364660768	-18.2866254187345
			18.094134624853	-18.2866254187345
			18.1326327836293	-18.2481272599582
			18.1711309424056	-18.2481272599582
			18.2096291011819	-18.2481272599582
			18.2481272599582	-18.2096291011819
			18.2866254187345	-18.2096291011819
			18.3251235775107	-18.2096291011819
			18.363621736287	-18.1711309424056
			18.4021198950633	-18.1711309424056
			18.4406180538396	-18.1711309424056
			18.4791162126159	-18.1326327836293
			18.5176143713922	-18.1326327836293
			18.5561125301684	-18.1326327836293
			18.5946106889447	-18.1326327836293
			18.633108847721	-18.094134624853
			18.6716070064973	-18.094134624853
			18.7101051652736	-18.094134624853
			18.7486033240499	-18.094134624853
			18.7871014828261	-18.094134624853
			18.8255996416024	-18.0556364660768
			18.8640978003787	-18.0556364660768
			18.902595959155	-18.0556364660768
			18.9410941179313	-18.0556364660768
			18.9795922767076	-18.0171383073005
			19.0180904354838	-18.0171383073005
			19.0565885942601	-18.0171383073005
			19.0950867530364	-18.0171383073005
			19.1335849118127	-18.0171383073005
			19.172083070589	-17.9786401485242
			19.2105812293653	-17.9786401485242
			19.2490793881415	-17.9786401485242
			19.2875775469178	-17.9786401485242
			19.3260757056941	-17.9786401485242
			19.3645738644704	-17.9786401485242
			19.4030720232467	-17.9401419897479
			19.441570182023	-17.9401419897479
			19.4800683407992	-17.9401419897479
			19.5185664995755	-17.9401419897479
			19.5570646583518	-17.9401419897479
			19.5955628171281	-17.9016438309716
			19.6340609759044	-17.9016438309716
			19.6725591346807	-17.9016438309716
			19.7110572934569	-17.9016438309716
			19.7495554522332	-17.9016438309716
			19.7880536110095	-17.9016438309716
			19.8265517697858	-17.8631456721953
			19.8650499285621	-17.8631456721953
			19.9035480873383	-17.8631456721953
			19.9420462461146	-17.8631456721953
			19.9805444048909	-17.8631456721953
			20.0190425636672	-17.8631456721953
			20.0575407224435	-17.8246475134191
			20.0960388812198	-17.8246475134191
			20.134537039996	-17.8246475134191
			20.1730351987723	-17.8246475134191
			20.2115333575486	-17.8246475134191
			20.2500315163249	-17.8246475134191
			20.2885296751012	-17.7861493546428
			20.3270278338775	-17.7861493546428
			20.3655259926537	-17.7861493546428
			20.40402415143	-17.7861493546428
			20.4425223102063	-17.7861493546428
			20.4810204689826	-17.7861493546428
			20.5195186277589	-17.7476511958665
			20.5580167865352	-17.7476511958665
			20.5965149453114	-17.7476511958665
			20.6350131040877	-17.7476511958665
			20.673511262864	-17.7476511958665
			20.7120094216403	-17.7476511958665
			20.7505075804166	-17.7476511958665
			20.7890057391929	-17.7091530370902
			20.8275038979691	-17.7091530370902
			20.8660020567454	-17.7091530370902
			20.9045002155217	-17.7091530370902
			20.942998374298	-17.7091530370902
			20.9814965330743	-17.7091530370902
			21.0199946918506	-17.7091530370902
			21.0584928506268	-17.6706548783139
			21.0969910094031	-17.6706548783139
			21.1354891681794	-17.6706548783139
			21.1739873269557	-17.6706548783139
			21.212485485732	-17.6706548783139
			21.2509836445083	-17.6706548783139
			21.2894818032845	-17.6706548783139
			21.3279799620608	-17.6706548783139
			21.3664781208371	-17.6321567195376
			21.4049762796134	-17.6321567195376
			21.4434744383897	-17.6321567195376
			21.481972597166	-17.6321567195376
			21.5204707559422	-17.6321567195376
			21.5589689147185	-17.6321567195376
			21.5974670734948	-17.6321567195376
			21.6359652322711	-17.6321567195376
			21.6744633910474	-17.6321567195376
			21.7129615498237	-17.5936585607614
			21.7514597085999	-17.5936585607614
			21.7899578673762	-17.5936585607614
			21.8284560261525	-17.5936585607614
			21.8669541849288	-17.5936585607614
			21.9054523437051	-17.5936585607614
			21.9439505024813	-17.5936585607614
			21.9824486612576	-17.5936585607614
			22.0209468200339	-17.5936585607614
			22.0594449788102	-17.5551604019851
			22.0979431375865	-17.5551604019851
			22.1364412963628	-17.5551604019851
			22.174939455139	-17.5551604019851
			22.2134376139153	-17.5551604019851
			22.2519357726916	-17.5551604019851
			22.2904339314679	-17.5551604019851
			22.3289320902442	-17.5551604019851
			22.3674302490205	-17.5551604019851
			22.4059284077967	-17.5551604019851
			22.444426566573	-17.5166622432088
			22.4829247253493	-17.5166622432088
			22.5214228841256	-17.5166622432088
			22.5599210429019	-17.5166622432088
			22.5984192016782	-17.5166622432088
			22.6369173604544	-17.5166622432088
			22.6754155192307	-17.5166622432088
			22.713913678007	-17.5166622432088
			22.7524118367833	-17.5166622432088
			22.7909099955596	-17.5166622432088
			22.8294081543359	-17.5166622432088
			22.8679063131121	-17.5166622432088
			22.9064044718884	-17.5166622432088
			22.9449026306647	-17.4781640844325
			22.983400789441	-17.4781640844325
			23.0218989482173	-17.4781640844325
			23.0603971069936	-17.4781640844325
			23.0988952657698	-17.4781640844325
			23.1373934245461	-17.4781640844325
			23.1758915833224	-17.4781640844325
			23.2143897420987	-17.4781640844325
			23.252887900875	-17.4781640844325
			23.2913860596513	-17.4781640844325
			23.3298842184275	-17.4781640844325
			23.3683823772038	-17.4781640844325
			23.4068805359801	-17.4781640844325
			23.4453786947564	-17.4781640844325
			23.4838768535327	-17.4396659256562
			23.522375012309	-17.4396659256562
			23.5608731710852	-17.4396659256562
			23.5993713298615	-17.4396659256562
			23.6378694886378	-17.4396659256562
			23.6763676474141	-17.4396659256562
			23.7148658061904	-17.4396659256562
			23.7533639649667	-17.4396659256562
			23.7918621237429	-17.4396659256562
			23.8303602825192	-17.4396659256562
			23.8688584412955	-17.4396659256562
			23.9073566000718	-17.4396659256562
			23.9458547588481	-17.4396659256562
			23.9843529176244	-17.4396659256562
			24.0228510764006	-17.4396659256562
			24.0613492351769	-17.4396659256562
			24.0998473939532	-17.4396659256562
			24.1383455527295	-17.4396659256562
			24.1768437115058	-17.4396659256562
			24.215341870282	-17.4396659256562
			24.2538400290583	-17.4396659256562
			24.2923381878346	-17.4396659256562
			24.3308363466109	-17.4396659256562
			24.3693345053872	-17.4396659256562
			24.4078326641635	-17.4011677668799
			24.4463308229397	-17.4011677668799
			24.484828981716	-17.4011677668799
			24.5233271404923	-17.4011677668799
			24.5618252992686	-17.4011677668799
			24.6003234580449	-17.4011677668799
			24.6388216168212	-17.4011677668799
			24.6773197755974	-17.4011677668799
			24.7158179343737	-17.4011677668799
			24.75431609315	-17.4011677668799
			24.7928142519263	-17.4011677668799
			24.8313124107026	-17.4011677668799
			24.8698105694789	-17.4011677668799
			24.9083087282551	-17.4011677668799
			24.9468068870314	-17.4011677668799
			24.9853050458077	-17.4011677668799
			25.023803204584	-17.4011677668799
			25.0623013633603	-17.4011677668799
			25.1007995221366	-17.4011677668799
			25.1392976809128	-17.4011677668799
			25.1777958396891	-17.4011677668799
			25.2162939984654	-17.4011677668799
			25.2547921572417	-17.4011677668799
			25.293290316018	-17.4011677668799
			25.3317884747943	-17.4011677668799
			25.3702866335705	-17.4011677668799
			25.4087847923468	-17.4011677668799
			25.4472829511231	-17.4011677668799
			25.4857811098994	-17.4011677668799
			25.5242792686757	-17.4011677668799
			25.562777427452	-17.4011677668799
			25.6012755862282	-17.4011677668799
			25.6397737450045	-17.4011677668799
			25.6782719037808	-17.4011677668799
			25.7167700625571	-17.4011677668799
			25.7552682213334	-17.4011677668799
			25.7937663801097	-17.4011677668799
			25.8322645388859	-17.4011677668799
			25.8707626976622	-17.4011677668799
			25.9092608564385	-17.4011677668799
			25.9477590152148	-17.4011677668799
			25.9862571739911	-17.4011677668799
			26.0247553327674	-17.4011677668799
			26.0247553327674	-17.4396659256562
			26.0632534915436	-17.4396659256562
			26.1017516503199	-17.4396659256562
			26.1402498090962	-17.4396659256562
			26.1787479678725	-17.4396659256562
			26.2172461266488	-17.4396659256562
			26.2557442854251	-17.4396659256562
			26.2942424442013	-17.4396659256562
			26.3327406029776	-17.4396659256562
			26.3712387617539	-17.4396659256562
			26.4097369205302	-17.4396659256562
			26.4482350793065	-17.4396659256562
			26.4867332380828	-17.4396659256562
			26.525231396859	-17.4396659256562
			26.5637295556353	-17.4396659256562
			26.6022277144116	-17.4396659256562
			26.6407258731879	-17.4396659256562
			26.6792240319642	-17.4396659256562
			26.7177221907404	-17.4396659256562
			26.7562203495167	-17.4396659256562
			26.794718508293	-17.4396659256562
			26.8332166670693	-17.4396659256562
			26.8717148258456	-17.4396659256562
			26.9102129846219	-17.4396659256562
			26.9487111433981	-17.4396659256562
			26.9872093021744	-17.4781640844325
			27.0257074609507	-17.4781640844325
			27.064205619727	-17.4781640844325
			27.1027037785033	-17.4781640844325
			27.1412019372796	-17.4781640844325
			27.1797000960558	-17.4781640844325
			27.2181982548321	-17.4781640844325
			27.2566964136084	-17.4781640844325
			27.2951945723847	-17.4781640844325
			27.333692731161	-17.4781640844325
			27.3721908899373	-17.4781640844325
			27.4106890487135	-17.4781640844325
			27.4491872074898	-17.4781640844325
			27.4876853662661	-17.4781640844325
			27.5261835250424	-17.4781640844325
			27.5646816838187	-17.5166622432088
			27.603179842595	-17.5166622432088
			27.6416780013712	-17.5166622432088
			27.6801761601475	-17.5166622432088
			27.7186743189238	-17.5166622432088
			27.7571724777001	-17.5166622432088
			27.7956706364764	-17.5166622432088
			27.8341687952527	-17.5166622432088
			27.8726669540289	-17.5166622432088
			27.9111651128052	-17.5166622432088
			27.9496632715815	-17.5166622432088
			27.9881614303578	-17.5166622432088
			28.0266595891341	-17.5166622432088
			28.0651577479104	-17.5166622432088
			28.1036559066866	-17.5166622432088
			28.1421540654629	-17.5166622432088
			28.1806522242392	-17.5166622432088
			28.2191503830155	-17.5166622432088
			28.2576485417918	-17.5166622432088
			28.2961467005681	-17.5166622432088
			28.3346448593443	-17.5166622432088
			28.3731430181206	-17.5166622432088
			28.4116411768969	-17.5166622432088
			28.4501393356732	-17.5166622432088
			28.4886374944495	-17.5166622432088
			28.5271356532258	-17.5166622432088
			28.565633812002	-17.5166622432088
			28.6041319707783	-17.5166622432088
			28.6426301295546	-17.5166622432088
			28.6811282883309	-17.5166622432088
			28.7196264471072	-17.5166622432088
			28.7581246058835	-17.5166622432088
			28.7966227646597	-17.5166622432088
			28.835120923436	-17.5166622432088
			28.8736190822123	-17.5166622432088
			28.9121172409886	-17.5166622432088
			28.9506153997649	-17.5166622432088
			28.9891135585412	-17.5166622432088
			29.0276117173174	-17.5166622432088
			29.0661098760937	-17.5166622432088
			29.10460803487	-17.5166622432088
			29.1431061936463	-17.5166622432088
			29.1816043524226	-17.5166622432088
			29.2201025111988	-17.5166622432088
			29.2586006699751	-17.5166622432088
			29.2970988287514	-17.5166622432088
			29.3355969875277	-17.5166622432088
			29.374095146304	-17.5166622432088
			29.4125933050803	-17.5166622432088
			29.4510914638565	-17.5166622432088
			29.4895896226328	-17.5166622432088
			29.5280877814091	-17.5166622432088
			29.5665859401854	-17.5166622432088
			29.6050840989617	-17.5166622432088
			29.643582257738	-17.5166622432088
			29.6820804165142	-17.5166622432088
			29.7205785752905	-17.5166622432088
			29.7590767340668	-17.5166622432088
			29.7975748928431	-17.5166622432088
			29.8360730516194	-17.5166622432088
			29.8745712103957	-17.5166622432088
			29.9130693691719	-17.5166622432088
			29.9515675279482	-17.5166622432088
			29.9900656867245	-17.5166622432088
			30.0285638455008	-17.5166622432088
			30.0670620042771	-17.5166622432088
			30.1055601630534	-17.5166622432088
			30.1440583218296	-17.5166622432088
			30.1825564806059	-17.5166622432088
			30.2210546393822	-17.5166622432088
			30.2595527981585	-17.5166622432088
			30.2980509569348	-17.5166622432088
			30.3365491157111	-17.5166622432088
			30.3750472744873	-17.5166622432088
			30.4135454332636	-17.4781640844325
			30.4520435920399	-17.4781640844325
			30.4905417508162	-17.4781640844325
			30.5290399095925	-17.4781640844325
			30.5675380683688	-17.4781640844325
			30.606036227145	-17.4781640844325
			30.6445343859213	-17.4781640844325
			30.6830325446976	-17.4781640844325
			30.7215307034739	-17.4781640844325
			30.7600288622502	-17.4781640844325
			30.7985270210265	-17.4781640844325
			30.8370251798027	-17.4781640844325
			30.875523338579	-17.4781640844325
			30.9140214973553	-17.4781640844325
			30.9525196561316	-17.4781640844325
			30.9910178149079	-17.4781640844325
			31.0295159736842	-17.4781640844325
			31.0680141324604	-17.4781640844325
			31.1065122912367	-17.4781640844325
			31.145010450013	-17.4781640844325
			31.1835086087893	-17.4781640844325
			31.2220067675656	-17.4781640844325
			31.2605049263419	-17.4781640844325
			31.2990030851181	-17.4781640844325
			31.3375012438944	-17.4781640844325
			31.3759994026707	-17.4781640844325
			31.414497561447	-17.4396659256562
			31.4529957202233	-17.4396659256562
			31.4914938789996	-17.4396659256562
			31.5299920377758	-17.4396659256562
			31.5684901965521	-17.4396659256562
			31.6069883553284	-17.4396659256562
			31.6454865141047	-17.4396659256562
			31.683984672881	-17.4396659256562
			31.7224828316572	-17.4396659256562
			31.7609809904335	-17.4396659256562
			31.7994791492098	-17.4396659256562
			31.8379773079861	-17.4396659256562
			31.8764754667624	-17.4396659256562
			31.9149736255387	-17.4396659256562
			31.9534717843149	-17.4396659256562
			31.9919699430912	-17.4396659256562
			32.0304681018675	-17.4396659256562
			32.0689662606438	-17.4396659256562
			32.0689662606438	-17.4011677668799
			32.1074644194201	-17.4011677668799
			32.1459625781964	-17.4011677668799
			32.1844607369726	-17.4011677668799
			32.2229588957489	-17.4011677668799
			32.2614570545252	-17.4011677668799
			32.2999552133015	-17.4011677668799
			32.3384533720778	-17.4011677668799
			32.3769515308541	-17.4011677668799
			32.4154496896303	-17.4011677668799
			32.4539478484066	-17.4011677668799
			32.4924460071829	-17.4011677668799
			32.5309441659592	-17.4011677668799
			32.5694423247355	-17.3626696081037
			32.6079404835118	-17.3626696081037
			32.646438642288	-17.3626696081037
			32.6849368010643	-17.3626696081037
			32.7234349598406	-17.3626696081037
			32.7619331186169	-17.3626696081037
			32.8004312773932	-17.3626696081037
			32.8389294361695	-17.3626696081037
			32.8774275949457	-17.3626696081037
			32.915925753722	-17.3626696081037
			32.9544239124983	-17.3241714493274
			32.9929220712746	-17.3241714493274
			33.0314202300509	-17.3241714493274
			33.0699183888272	-17.3241714493274
			33.1084165476034	-17.3241714493274
			33.1469147063797	-17.3241714493274
			33.185412865156	-17.3241714493274
			33.2239110239323	-17.3241714493274
			33.2624091827086	-17.2856732905511
			33.3009073414849	-17.2856732905511
			33.3394055002611	-17.2856732905511
			33.3779036590374	-17.2856732905511
			33.4164018178137	-17.2856732905511
			33.45489997659	-17.2856732905511
			33.4933981353663	-17.2856732905511
			33.5318962941426	-17.2471751317748
			33.5703944529188	-17.2471751317748
			33.6088926116951	-17.2471751317748
			33.6473907704714	-17.2471751317748
			33.6858889292477	-17.2471751317748
			33.724387088024	-17.2471751317748
			33.7628852468003	-17.2471751317748
			33.8013834055765	-17.2086769729985
			33.8398815643528	-17.2086769729985
			33.8783797231291	-17.2086769729985
			33.9168778819054	-17.2086769729985
			33.9553760406817	-17.2086769729985
			33.9938741994579	-17.1701788142223
			34.0323723582342	-17.1701788142223
			34.0708705170105	-17.1701788142223
		</Snout_dorsal>
		<Dorsal_adipose type=matrix rownames=FALSE colnames=FALSE nrow=452 ncol=2 as.numeric=TRUE >
			34.0708705170105	-17.1701788142223
			34.1093686757868	-17.1701788142223
			34.1478668345631	-17.2086769729985
			34.1863649933394	-17.2086769729985
			34.2248631521157	-17.2086769729985
			34.2633613108919	-17.2086769729985
			34.3018594696682	-17.2471751317748
			34.3403576284445	-17.2471751317748
			34.3788557872208	-17.2471751317748
			34.4173539459971	-17.2856732905511
			34.4558521047733	-17.2856732905511
			34.4943502635496	-17.3241714493274
			34.5328484223259	-17.3241714493274
			34.5713465811022	-17.3241714493274
			34.6098447398785	-17.3241714493274
			34.6483428986548	-17.3626696081037
			34.686841057431	-17.3626696081037
			34.7253392162073	-17.3626696081037
			34.7638373749836	-17.4011677668799
			34.8023355337599	-17.4011677668799
			34.8408336925362	-17.4011677668799
			34.8793318513125	-17.4011677668799
			34.9178300100887	-17.4396659256562
			34.956328168865	-17.4396659256562
			34.9948263276413	-17.4396659256562
			35.0333244864176	-17.4781640844325
			35.0718226451939	-17.4781640844325
			35.1103208039702	-17.4781640844325
			35.1488189627464	-17.5166622432088
			35.1873171215227	-17.5166622432088
			35.225815280299	-17.5166622432088
			35.2643134390753	-17.5166622432088
			35.3028115978516	-17.5551604019851
			35.3413097566279	-17.5551604019851
			35.3798079154041	-17.5551604019851
			35.4183060741804	-17.5936585607614
			35.4568042329567	-17.5936585607614
			35.495302391733	-17.5936585607614
			35.5338005505093	-17.5936585607614
			35.5722987092856	-17.6321567195376
			35.6107968680618	-17.6321567195376
			35.6492950268381	-17.6321567195376
			35.6877931856144	-17.6706548783139
			35.7262913443907	-17.6706548783139
			35.764789503167	-17.6706548783139
			35.8032876619433	-17.7091530370902
			35.8417858207195	-17.7091530370902
			35.8802839794958	-17.7091530370902
			35.9187821382721	-17.7091530370902
			35.9572802970484	-17.7476511958665
			35.9957784558247	-17.7476511958665
			36.034276614601	-17.7476511958665
			36.0727747733772	-17.7861493546428
			36.1112729321535	-17.7861493546428
			36.1497710909298	-17.7861493546428
			36.1882692497061	-17.8246475134191
			36.2267674084824	-17.8246475134191
			36.2652655672587	-17.8246475134191
			36.3037637260349	-17.8631456721953
			36.3422618848112	-17.8631456721953
			36.3807600435875	-17.8631456721953
			36.4192582023638	-17.8631456721953
			36.4577563611401	-17.9016438309716
			36.4962545199163	-17.9016438309716
			36.5347526786926	-17.9016438309716
			36.5732508374689	-17.9016438309716
			36.6117489962452	-17.9401419897479
			36.6502471550215	-17.9401419897479
			36.6887453137978	-17.9786401485242
			36.7272434725741	-17.9786401485242
			36.7657416313503	-17.9786401485242
			36.8042397901266	-17.9786401485242
			36.8427379489029	-18.0171383073005
			36.8812361076792	-18.0171383073005
			36.9197342664555	-18.0171383073005
			36.9582324252317	-18.0171383073005
			36.9582324252317	-18.0556364660768
			36.996730584008	-18.0556364660768
			37.0352287427843	-18.0556364660768
			37.0737269015606	-18.0556364660768
			37.1122250603369	-18.094134624853
			37.1507232191132	-18.094134624853
			37.1892213778894	-18.094134624853
			37.2277195366657	-18.094134624853
			37.266217695442	-18.1326327836293
			37.3047158542183	-18.1326327836293
			37.3432140129946	-18.1326327836293
			37.3817121717709	-18.1711309424056
			37.4202103305471	-18.1711309424056
			37.4587084893234	-18.1711309424056
			37.4972066480997	-18.1711309424056
			37.535704806876	-18.2096291011819
			37.5742029656523	-18.2096291011819
			37.6127011244286	-18.2096291011819
			37.6511992832048	-18.2481272599582
			37.6896974419811	-18.2481272599582
			37.7281956007574	-18.2481272599582
			37.7666937595337	-18.2866254187345
			37.80519191831	-18.2866254187345
			37.8436900770863	-18.2866254187345
			37.8821882358625	-18.2866254187345
			37.9206863946388	-18.2866254187345
			37.9206863946388	-18.3251235775107
			37.9591845534151	-18.3251235775107
			37.9976827121914	-18.3251235775107
			38.0361808709677	-18.3251235775107
			38.0361808709677	-18.363621736287
			38.074679029744	-18.363621736287
			38.1131771885202	-18.363621736287
			38.1516753472965	-18.363621736287
			38.1901735060728	-18.363621736287
			38.1901735060728	-18.4021198950633
			38.2286716648491	-18.4021198950633
			38.2671698236254	-18.4021198950633
			38.3056679824017	-18.4021198950633
			38.3441661411779	-18.4406180538396
			38.3826642999542	-18.4406180538396
			38.4211624587305	-18.4406180538396
			38.4596606175068	-18.4791162126159
			38.4981587762831	-18.4791162126159
			38.5366569350594	-18.4791162126159
			38.5751550938356	-18.4791162126159
			38.6136532526119	-18.5176143713922
			38.6521514113882	-18.5176143713922
			38.6906495701645	-18.5176143713922
			38.7291477289408	-18.5176143713922
			38.7676458877171	-18.5561125301684
			38.8061440464933	-18.5561125301684
			38.8446422052696	-18.5561125301684
			38.8831403640459	-18.5561125301684
			38.9216385228222	-18.5946106889447
			38.9601366815985	-18.5946106889447
			38.9986348403747	-18.5946106889447
			39.037132999151	-18.633108847721
			39.0756311579273	-18.633108847721
			39.1141293167036	-18.633108847721
			39.1526274754799	-18.6716070064973
			39.1911256342562	-18.6716070064973
			39.2296237930324	-18.6716070064973
			39.2681219518087	-18.6716070064973
			39.306620110585	-18.6716070064973
			39.306620110585	-18.7101051652736
			39.3451182693613	-18.7101051652736
			39.3836164281376	-18.7101051652736
			39.4221145869139	-18.7101051652736
			39.4606127456901	-18.7486033240499
			39.4991109044664	-18.7486033240499
			39.5376090632427	-18.7486033240499
			39.576107222019	-18.7871014828261
			39.6146053807953	-18.7871014828261
			39.6531035395716	-18.7871014828261
			39.6916016983478	-18.7871014828261
			39.7300998571241	-18.8255996416024
			39.7685980159004	-18.8255996416024
			39.8070961746767	-18.8255996416024
			39.845594333453	-18.8255996416024
			39.8840924922293	-18.8640978003787
			39.9225906510055	-18.8640978003787
			39.9610888097818	-18.8640978003787
			39.9995869685581	-18.902595959155
			40.0380851273344	-18.902595959155
			40.0765832861107	-18.902595959155
			40.115081444887	-18.902595959155
			40.1535796036632	-18.9410941179313
			40.1920777624395	-18.9410941179313
			40.2305759212158	-18.9410941179313
			40.2690740799921	-18.9410941179313
			40.3075722387684	-18.9795922767076
			40.3460703975447	-18.9795922767076
			40.3845685563209	-18.9795922767076
			40.4230667150972	-19.0180904354838
			40.4615648738735	-19.0180904354838
			40.5000630326498	-19.0180904354838
			40.5385611914261	-19.0180904354838
			40.5770593502024	-19.0565885942601
			40.6155575089786	-19.0565885942601
			40.6540556677549	-19.0565885942601
			40.6925538265312	-19.0565885942601
			40.7310519853075	-19.0565885942601
			40.7310519853075	-19.0950867530364
			40.7695501440838	-19.0950867530364
			40.8080483028601	-19.0950867530364
			40.8465464616363	-19.0950867530364
			40.8850446204126	-19.1335849118127
			40.9235427791889	-19.1335849118127
			40.9620409379652	-19.1335849118127
			41.0005390967415	-19.1335849118127
			41.0390372555178	-19.172083070589
			41.077535414294	-19.172083070589
			41.1160335730703	-19.172083070589
			41.1545317318466	-19.172083070589
			41.1930298906229	-19.2105812293653
			41.2315280493992	-19.2105812293653
			41.2700262081755	-19.2105812293653
			41.3085243669517	-19.2490793881415
			41.347022525728	-19.2490793881415
			41.3855206845043	-19.2490793881415
			41.4240188432806	-19.2490793881415
			41.4625170020569	-19.2490793881415
			41.4625170020569	-19.2875775469178
			41.5010151608331	-19.2875775469178
			41.5395133196094	-19.2875775469178
			41.5780114783857	-19.2875775469178
			41.616509637162	-19.3260757056941
			41.6550077959383	-19.3260757056941
			41.6935059547146	-19.3260757056941
			41.7320041134908	-19.3260757056941
			41.7705022722671	-19.3645738644704
			41.8090004310434	-19.3645738644704
			41.8474985898197	-19.3645738644704
			41.885996748596	-19.3645738644704
			41.9244949073723	-19.4030720232467
			41.9629930661485	-19.4030720232467
			42.0014912249248	-19.4030720232467
			42.0399893837011	-19.4030720232467
			42.0784875424774	-19.441570182023
			42.1169857012537	-19.441570182023
			42.15548386003	-19.441570182023
			42.1939820188062	-19.441570182023
			42.1939820188062	-19.4800683407992
			42.2324801775825	-19.4800683407992
			42.2709783363588	-19.4800683407992
			42.3094764951351	-19.4800683407992
			42.3479746539114	-19.5185664995755
			42.3864728126877	-19.5185664995755
			42.4249709714639	-19.5185664995755
			42.4634691302402	-19.5185664995755
			42.5019672890165	-19.5185664995755
			42.5019672890165	-19.5570646583518
			42.5404654477928	-19.5570646583518
			42.5789636065691	-19.5570646583518
			42.6174617653454	-19.5570646583518
			42.6559599241216	-19.5570646583518
			42.6944580828979	-19.5955628171281
			42.7329562416742	-19.5955628171281
			42.7714544004505	-19.5955628171281
			42.8099525592268	-19.6340609759044
			42.8484507180031	-19.6340609759044
			42.8869488767793	-19.6340609759044
			42.9254470355556	-19.6340609759044
			42.9639451943319	-19.6340609759044
			43.0024433531082	-19.6725591346807
			43.0409415118845	-19.6725591346807
			43.0794396706608	-19.6725591346807
			43.117937829437	-19.6725591346807
			43.1564359882133	-19.7110572934569
			43.1949341469896	-19.7110572934569
			43.2334323057659	-19.7110572934569
			43.2719304645422	-19.7110572934569
			43.3104286233185	-19.7495554522332
			43.3489267820947	-19.7495554522332
			43.387424940871	-19.7495554522332
			43.4259230996473	-19.7495554522332
			43.4644212584236	-19.7880536110095
			43.5029194171999	-19.7880536110095
			43.5414175759762	-19.7880536110095
			43.5799157347524	-19.7880536110095
			43.6184138935287	-19.8265517697858
			43.656912052305	-19.8265517697858
			43.6954102110813	-19.8265517697858
			43.7339083698576	-19.8265517697858
			43.7724065286339	-19.8265517697858
			43.8109046874101	-19.8650499285621
			43.8494028461864	-19.8650499285621
			43.8879010049627	-19.8650499285621
			43.926399163739	-19.8650499285621
			43.9648973225153	-19.8650499285621
			44.0033954812915	-19.8650499285621
			44.0418936400678	-19.8650499285621
			44.0803917988441	-19.8650499285621
			44.1188899576204	-19.8650499285621
			44.1573881163967	-19.9035480873383
			44.195886275173	-19.9035480873383
			44.2343844339492	-19.9035480873383
			44.2728825927255	-19.9035480873383
			44.3113807515018	-19.9035480873383
			44.3498789102781	-19.9035480873383
			44.3883770690544	-19.9035480873383
			44.4268752278307	-19.9035480873383
			44.4653733866069	-19.9420462461146
			44.5038715453832	-19.9420462461146
			44.5423697041595	-19.9420462461146
			44.5808678629358	-19.9420462461146
			44.6193660217121	-19.9420462461146
			44.6578641804884	-19.9420462461146
			44.6963623392646	-19.9420462461146
			44.7348604980409	-19.9420462461146
			44.7348604980409	-19.9805444048909
			44.7733586568172	-19.9805444048909
			44.8118568155935	-19.9805444048909
			44.8503549743698	-19.9805444048909
			44.8888531331461	-19.9805444048909
			44.9273512919223	-19.9805444048909
			44.9658494506986	-19.9805444048909
			45.0043476094749	-19.9805444048909
			45.0428457682512	-19.9805444048909
			45.0813439270275	-20.0190425636672
			45.1198420858038	-20.0190425636672
			45.15834024458	-20.0190425636672
			45.1968384033563	-20.0190425636672
			45.2353365621326	-20.0190425636672
			45.2738347209089	-20.0190425636672
			45.3123328796852	-20.0190425636672
			45.3508310384615	-20.0190425636672
			45.3893291972377	-20.0575407224435
			45.427827356014	-20.0575407224435
			45.4663255147903	-20.0575407224435
			45.5048236735666	-20.0575407224435
			45.5433218323429	-20.0575407224435
			45.5818199911192	-20.0575407224435
			45.6203181498954	-20.0575407224435
			45.6588163086717	-20.0575407224435
			45.697314467448	-20.0960388812198
			45.7358126262243	-20.0960388812198
			45.7743107850006	-20.0960388812198
			45.8128089437769	-20.0960388812198
			45.8513071025531	-20.0960388812198
			45.8898052613294	-20.0960388812198
			45.9283034201057	-20.0960388812198
			45.966801578882	-20.0960388812198
			46.0052997376583	-20.134537039996
			46.0437978964346	-20.134537039996
			46.0822960552108	-20.134537039996
			46.1207942139871	-20.134537039996
			46.1592923727634	-20.134537039996
			46.1977905315397	-20.134537039996
			46.236288690316	-20.134537039996
			46.2747868490923	-20.134537039996
			46.3132850078685	-20.134537039996
			46.3517831666448	-20.1730351987723
			46.3902813254211	-20.1730351987723
			46.4287794841974	-20.1730351987723
			46.4672776429737	-20.1730351987723
			46.5057758017499	-20.1730351987723
			46.5442739605262	-20.1730351987723
			46.5827721193025	-20.1730351987723
			46.6212702780788	-20.2115333575486
			46.6597684368551	-20.2115333575486
			46.6982665956314	-20.2115333575486
			46.7367647544076	-20.2115333575486
			46.7752629131839	-20.2115333575486
			46.8137610719602	-20.2115333575486
			46.8522592307365	-20.2115333575486
			46.8907573895128	-20.2115333575486
			46.9292555482891	-20.2500315163249
			46.9677537070653	-20.2500315163249
			47.0062518658416	-20.2500315163249
			47.0447500246179	-20.2500315163249
			47.0832481833942	-20.2500315163249
			47.1217463421705	-20.2500315163249
			47.1602445009468	-20.2500315163249
			47.198742659723	-20.2500315163249
			47.2372408184993	-20.2500315163249
			47.2757389772756	-20.2885296751012
			47.3142371360519	-20.2885296751012
			47.3527352948282	-20.2885296751012
			47.3912334536045	-20.2885296751012
			47.4297316123807	-20.2885296751012
			47.468229771157	-20.2885296751012
			47.5067279299333	-20.2885296751012
			47.5452260887096	-20.3270278338775
			47.5837242474859	-20.3270278338775
			47.6222224062622	-20.3270278338775
			47.6607205650384	-20.3270278338775
			47.6992187238147	-20.3270278338775
			47.737716882591	-20.3270278338775
			47.7762150413673	-20.3270278338775
			47.8147132001436	-20.3270278338775
			47.8532113589199	-20.3655259926537
			47.8917095176961	-20.3655259926537
			47.9302076764724	-20.3655259926537
			47.9687058352487	-20.3655259926537
			48.007203994025	-20.3655259926537
			48.0457021528013	-20.3655259926537
			48.0842003115776	-20.3655259926537
			48.1226984703538	-20.3655259926537
			48.1611966291301	-20.3655259926537
			48.1996947879064	-20.40402415143
			48.2381929466827	-20.40402415143
			48.276691105459	-20.40402415143
			48.3151892642353	-20.40402415143
			48.3536874230115	-20.40402415143
			48.3921855817878	-20.40402415143
			48.4306837405641	-20.40402415143
			48.4691818993404	-20.40402415143
			48.5076800581167	-20.4425223102063
			48.546178216893	-20.4425223102063
			48.5846763756692	-20.4425223102063
			48.6231745344455	-20.4425223102063
			48.6616726932218	-20.4425223102063
			48.7001708519981	-20.4425223102063
			48.7386690107744	-20.4425223102063
			48.7771671695507	-20.4810204689826
			48.8156653283269	-20.4810204689826
			48.8541634871032	-20.4810204689826
			48.8926616458795	-20.4810204689826
			48.9311598046558	-20.4810204689826
			48.9696579634321	-20.4810204689826
			49.0081561222083	-20.4810204689826
			49.0466542809846	-20.4810204689826
			49.0851524397609	-20.4810204689826
			49.1236505985372	-20.4810204689826
			49.1621487573135	-20.4425223102063
			49.2006469160898	-20.4425223102063
			49.239145074866	-20.4425223102063
			49.2776432336423	-20.4425223102063
			49.3161413924186	-20.4425223102063
			49.3546395511949	-20.4425223102063
			49.3931377099712	-20.4425223102063
			49.4316358687475	-20.4425223102063
			49.4701340275237	-20.4425223102063
			49.5086321863	-20.4425223102063
			49.5471303450763	-20.4425223102063
			49.5856285038526	-20.4425223102063
			49.6241266626289	-20.4425223102063
			49.6626248214052	-20.4425223102063
			49.7011229801814	-20.4425223102063
			49.7396211389577	-20.40402415143
			49.778119297734	-20.40402415143
			49.8166174565103	-20.40402415143
			49.8551156152866	-20.40402415143
			49.8936137740629	-20.40402415143
			49.9321119328391	-20.40402415143
			49.9706100916154	-20.40402415143
			50.0091082503917	-20.40402415143
			50.047606409168	-20.40402415143
			50.0861045679443	-20.40402415143
			50.1246027267206	-20.40402415143
			50.1631008854968	-20.40402415143
			50.2015990442731	-20.40402415143
			50.2400972030494	-20.40402415143
			50.2785953618257	-20.40402415143
			50.317093520602	-20.40402415143
			50.3555916793783	-20.40402415143
			50.3940898381545	-20.40402415143
			50.4325879969308	-20.40402415143
			50.4710861557071	-20.40402415143
			50.5095843144834	-20.40402415143
			50.5480824732597	-20.40402415143
			50.586580632036	-20.40402415143
			50.6250787908122	-20.40402415143
			50.6635769495885	-20.40402415143
			50.7020751083648	-20.40402415143
			50.7405732671411	-20.4425223102063
			50.7790714259174	-20.4425223102063
			50.8175695846937	-20.4425223102063
			50.8560677434699	-20.4425223102063
			50.8945659022462	-20.4425223102063
			50.9330640610225	-20.4425223102063
			50.9715622197988	-20.4425223102063
			51.0100603785751	-20.4425223102063
			51.0485585373514	-20.4425223102063
		</Dorsal_adipose>
		<Adipose_caudal type=matrix rownames=FALSE colnames=FALSE nrow=220 ncol=2 as.numeric=TRUE >
			51.0485585373514	-20.4425223102063
			51.0870566961276	-20.4425223102063
			51.1255548549039	-20.4425223102063
			51.1640530136802	-20.4810204689826
			51.2025511724565	-20.4810204689826
			51.2410493312328	-20.4810204689826
			51.2795474900091	-20.4810204689826
			51.3180456487853	-20.5195186277589
			51.3565438075616	-20.5195186277589
			51.3950419663379	-20.5195186277589
			51.4335401251142	-20.5580167865352
			51.4720382838905	-20.5580167865352
			51.5105364426667	-20.5580167865352
			51.549034601443	-20.5965149453114
			51.5875327602193	-20.5965149453114
			51.6260309189956	-20.6350131040877
			51.6645290777719	-20.6350131040877
			51.7030272365482	-20.673511262864
			51.7415253953244	-20.673511262864
			51.7800235541007	-20.7120094216403
			51.7800235541007	-20.7505075804166
			51.818521712877	-20.7505075804166
			51.8570198716533	-20.7890057391929
			51.8955180304296	-20.8275038979691
			51.9340161892059	-20.8660020567454
			51.9725143479821	-20.9045002155217
			51.9725143479821	-20.942998374298
			52.0110125067584	-20.9814965330743
			52.0110125067584	-21.0199946918506
			52.0495106655347	-21.0584928506268
			52.0495106655347	-21.0969910094031
			52.088008824311	-21.0969910094031
			52.1265069830873	-21.1354891681794
			52.1650051418636	-21.1354891681794
			52.2035033006398	-21.1354891681794
			52.2420014594161	-21.1354891681794
			52.2804996181924	-21.1739873269557
			52.3189977769687	-21.1739873269557
			52.357495935745	-21.1739873269557
			52.3959940945213	-21.1739873269557
			52.4344922532975	-21.212485485732
			52.4729904120738	-21.212485485732
			52.5114885708501	-21.212485485732
			52.5499867296264	-21.212485485732
			52.5884848884027	-21.2509836445083
			52.626983047179	-21.2509836445083
			52.6654812059552	-21.2509836445083
			52.7039793647315	-21.2509836445083
			52.7424775235078	-21.2894818032845
			52.7809756822841	-21.2894818032845
			52.8194738410604	-21.2894818032845
			52.8579719998367	-21.2894818032845
			52.8964701586129	-21.3279799620608
			52.9349683173892	-21.3279799620608
			52.9734664761655	-21.3279799620608
			53.0119646349418	-21.3664781208371
			53.0504627937181	-21.3664781208371
			53.0889609524944	-21.3664781208371
			53.1274591112706	-21.3664781208371
			53.1659572700469	-21.3664781208371
			53.2044554288232	-21.4049762796134
			53.2429535875995	-21.4049762796134
			53.2814517463758	-21.4049762796134
			53.3199499051521	-21.4049762796134
			53.3199499051521	-21.4434744383897
			53.3584480639283	-21.4434744383897
			53.3969462227046	-21.4434744383897
			53.4354443814809	-21.4434744383897
			53.4739425402572	-21.4434744383897
			53.5124406990335	-21.481972597166
			53.5509388578097	-21.481972597166
			53.589437016586	-21.481972597166
			53.6279351753623	-21.481972597166
			53.6664333341386	-21.5204707559422
			53.7049314929149	-21.5204707559422
			53.7434296516912	-21.5204707559422
			53.7819278104675	-21.5204707559422
			53.8204259692437	-21.5589689147185
			53.85892412802	-21.5589689147185
			53.8974222867963	-21.5589689147185
			53.9359204455726	-21.5589689147185
			53.9744186043489	-21.5974670734948
			54.0129167631251	-21.5974670734948
			54.0514149219014	-21.5974670734948
			54.0899130806777	-21.5974670734948
			54.128411239454	-21.6359652322711
			54.1669093982303	-21.6359652322711
			54.2054075570066	-21.6359652322711
			54.2439057157828	-21.6359652322711
			54.2824038745591	-21.6744633910474
			54.3209020333354	-21.6744633910474
			54.3594001921117	-21.6744633910474
			54.397898350888	-21.6744633910474
			54.4363965096643	-21.6744633910474
			54.4748946684405	-21.7129615498237
			54.5133928272168	-21.7129615498237
			54.5518909859931	-21.7129615498237
			54.5903891447694	-21.7129615498237
			54.6288873035457	-21.7514597085999
			54.667385462322	-21.7514597085999
			54.7058836210982	-21.7514597085999
			54.7443817798745	-21.7514597085999
			54.7828799386508	-21.7514597085999
			54.8213780974271	-21.7899578673762
			54.8598762562034	-21.7899578673762
			54.8983744149797	-21.7899578673762
			54.9368725737559	-21.7899578673762
			54.9753707325322	-21.8284560261525
			55.0138688913085	-21.8284560261525
			55.0523670500848	-21.8284560261525
			55.0908652088611	-21.8284560261525
			55.1293633676374	-21.8284560261525
			55.1678615264136	-21.8669541849288
			55.2063596851899	-21.8669541849288
			55.2448578439662	-21.8669541849288
			55.2833560027425	-21.8669541849288
			55.3218541615188	-21.8669541849288
			55.3603523202951	-21.9054523437051
			55.3988504790713	-21.9054523437051
			55.4373486378476	-21.9054523437051
			55.4758467966239	-21.9054523437051
			55.5143449554002	-21.9054523437051
			55.5528431141765	-21.9439505024813
			55.5913412729528	-21.9439505024813
			55.629839431729	-21.9439505024813
			55.6683375905053	-21.9439505024813
			55.7068357492816	-21.9439505024813
			55.7453339080579	-21.9824486612576
			55.7838320668342	-21.9824486612576
			55.8223302256105	-21.9824486612576
			55.8608283843867	-21.9824486612576
			55.899326543163	-21.9824486612576
			55.9378247019393	-21.9824486612576
			55.9763228607156	-22.0209468200339
			56.0148210194919	-22.0209468200339
			56.0533191782681	-22.0209468200339
			56.0918173370444	-22.0209468200339
			56.1303154958207	-22.0209468200339
			56.168813654597	-22.0594449788102
			56.2073118133733	-22.0594449788102
			56.2458099721496	-22.0594449788102
			56.2843081309259	-22.0594449788102
			56.3228062897021	-22.0594449788102
			56.3613044484784	-22.0594449788102
			56.3998026072547	-22.0979431375865
			56.438300766031	-22.0979431375865
			56.4767989248073	-22.0979431375865
			56.5152970835835	-22.0979431375865
			56.5537952423598	-22.0979431375865
			56.5922934011361	-22.0979431375865
			56.6307915599124	-22.0979431375865
			56.6692897186887	-22.0979431375865
			56.707787877465	-22.1364412963628
			56.7462860362412	-22.1364412963628
			56.7847841950175	-22.1364412963628
			56.8232823537938	-22.1364412963628
			56.8617805125701	-22.1364412963628
			56.9002786713464	-22.1364412963628
			56.9387768301227	-22.1364412963628
			56.9772749888989	-22.1364412963628
			57.0157731476752	-22.174939455139
			57.0542713064515	-22.174939455139
			57.0927694652278	-22.174939455139
			57.1312676240041	-22.174939455139
			57.1697657827804	-22.174939455139
			57.2082639415566	-22.174939455139
			57.2467621003329	-22.174939455139
			57.2852602591092	-22.174939455139
			57.3237584178855	-22.174939455139
			57.3622565766618	-22.174939455139
			57.4007547354381	-22.174939455139
			57.4392528942143	-22.174939455139
			57.4777510529906	-22.174939455139
			57.5162492117669	-22.174939455139
			57.5547473705432	-22.174939455139
			57.5932455293195	-22.174939455139
			57.6317436880958	-22.174939455139
			57.670241846872	-22.174939455139
			57.7087400056483	-22.1364412963628
			57.7472381644246	-22.1364412963628
			57.7857363232009	-22.1364412963628
			57.8242344819772	-22.1364412963628
			57.8627326407535	-22.0979431375865
			57.9012307995297	-22.0979431375865
			57.939728958306	-22.0979431375865
			57.9782271170823	-22.0979431375865
			58.0167252758586	-22.0979431375865
			58.0552234346349	-22.0594449788102
			58.0937215934112	-22.0594449788102
			58.1322197521874	-22.0594449788102
			58.1707179109637	-22.0594449788102
			58.20921606974	-22.0594449788102
			58.2477142285163	-22.0594449788102
			58.2862123872926	-22.0594449788102
			58.3247105460689	-22.0594449788102
			58.3247105460689	-22.0209468200339
			58.3632087048451	-22.0209468200339
			58.4017068636214	-22.0209468200339
			58.4402050223977	-22.0209468200339
			58.478703181174	-22.0209468200339
			58.5172013399503	-22.0209468200339
			58.5556994987265	-22.0209468200339
			58.5941976575028	-22.0209468200339
			58.6326958162791	-22.0209468200339
			58.6711939750554	-22.0209468200339
			58.7096921338317	-22.0209468200339
			58.748190292608	-22.0209468200339
			58.7866884513843	-22.0209468200339
			58.8251866101605	-22.0209468200339
			58.8636847689368	-22.0209468200339
			58.9021829277131	-22.0209468200339
			58.9021829277131	-22.0594449788102
			58.9406810864894	-22.0594449788102
			58.9791792452657	-22.0594449788102
			59.0176774040419	-22.0594449788102
			59.0561755628182	-22.0979431375865
			59.0946737215945	-22.0979431375865
			59.1331718803708	-22.1364412963628
			59.1716700391471	-22.1364412963628
			59.2101681979234	-22.174939455139
		</Adipose_caudal>
		<Caudal_anal type=matrix rownames=FALSE colnames=FALSE nrow=386 ncol=2 as.numeric=TRUE >
			59.0946737215945	-27.5261835250424
			59.0561755628182	-27.5261835250424
			59.0176774040419	-27.5261835250424
			58.9791792452657	-27.5261835250424
			58.9406810864894	-27.5261835250424
			58.9021829277131	-27.5261835250424
			58.8636847689368	-27.5261835250424
			58.8251866101605	-27.5261835250424
			58.7866884513843	-27.5261835250424
			58.748190292608	-27.5261835250424
			58.7096921338317	-27.5261835250424
			58.6711939750554	-27.5261835250424
			58.6326958162791	-27.5261835250424
			58.5941976575028	-27.4876853662661
			58.5556994987265	-27.4876853662661
			58.5172013399503	-27.4876853662661
			58.478703181174	-27.4876853662661
			58.4402050223977	-27.4876853662661
			58.4017068636214	-27.4876853662661
			58.3632087048451	-27.4876853662661
			58.3247105460689	-27.4491872074898
			58.2862123872926	-27.4491872074898
			58.2477142285163	-27.4491872074898
			58.20921606974	-27.4491872074898
			58.1707179109637	-27.4106890487135
			58.1322197521874	-27.4106890487135
			58.0937215934112	-27.4106890487135
			58.0552234346349	-27.4106890487135
			58.0167252758586	-27.4106890487135
			57.9782271170823	-27.3721908899373
			57.939728958306	-27.3721908899373
			57.9012307995297	-27.3721908899373
			57.8627326407535	-27.3721908899373
			57.8242344819772	-27.333692731161
			57.7857363232009	-27.333692731161
			57.7472381644246	-27.333692731161
			57.7087400056483	-27.333692731161
			57.670241846872	-27.2951945723847
			57.6317436880958	-27.2951945723847
			57.5932455293195	-27.2951945723847
			57.5547473705432	-27.2566964136084
			57.5162492117669	-27.2566964136084
			57.4777510529906	-27.2566964136084
			57.4392528942143	-27.2566964136084
			57.4007547354381	-27.2566964136084
			57.3622565766618	-27.2181982548321
			57.3237584178855	-27.2181982548321
			57.2852602591092	-27.2181982548321
			57.2467621003329	-27.2181982548321
			57.2082639415566	-27.2181982548321
			57.1697657827804	-27.2181982548321
			57.1312676240041	-27.1797000960558
			57.0927694652278	-27.1797000960558
			57.0542713064515	-27.1797000960558
			57.0157731476752	-27.1797000960558
			56.9772749888989	-27.1797000960558
			56.9387768301227	-27.1412019372796
			56.9002786713464	-27.1412019372796
			56.8617805125701	-27.1412019372796
			56.8232823537938	-27.1412019372796
			56.7847841950175	-27.1412019372796
			56.7462860362412	-27.1412019372796
			56.707787877465	-27.1027037785033
			56.6692897186887	-27.1027037785033
			56.6307915599124	-27.1027037785033
			56.5922934011361	-27.1027037785033
			56.5537952423598	-27.1027037785033
			56.5152970835835	-27.1027037785033
			56.4767989248073	-27.1027037785033
			56.438300766031	-27.064205619727
			56.3998026072547	-27.064205619727
			56.3613044484784	-27.064205619727
			56.3228062897021	-27.064205619727
			56.2843081309259	-27.064205619727
			56.2458099721496	-27.064205619727
			56.2073118133733	-27.064205619727
			56.168813654597	-27.064205619727
			56.1303154958207	-27.0257074609507
			56.0918173370444	-27.0257074609507
			56.0533191782681	-27.0257074609507
			56.0148210194919	-27.0257074609507
			55.9763228607156	-27.0257074609507
			55.9378247019393	-27.0257074609507
			55.899326543163	-27.0257074609507
			55.8608283843867	-27.0257074609507
			55.8223302256105	-27.0257074609507
			55.7838320668342	-27.0257074609507
			55.7453339080579	-26.9872093021744
			55.7068357492816	-26.9872093021744
			55.6683375905053	-26.9872093021744
			55.629839431729	-26.9872093021744
			55.5913412729528	-26.9872093021744
			55.5528431141765	-26.9872093021744
			55.5143449554002	-26.9872093021744
			55.4758467966239	-26.9872093021744
			55.4373486378476	-26.9872093021744
			55.3988504790713	-26.9872093021744
			55.3603523202951	-26.9872093021744
			55.3218541615188	-26.9872093021744
			55.2833560027425	-26.9872093021744
			55.2448578439662	-26.9872093021744
			55.2063596851899	-26.9872093021744
			55.1678615264136	-26.9487111433981
			55.1293633676374	-26.9487111433981
			55.0908652088611	-26.9487111433981
			55.0523670500848	-26.9487111433981
			55.0138688913085	-26.9487111433981
			54.9753707325322	-26.9487111433981
			54.9368725737559	-26.9487111433981
			54.8983744149797	-26.9487111433981
			54.8598762562034	-26.9487111433981
			54.8213780974271	-26.9487111433981
			54.7828799386508	-26.9487111433981
			54.7443817798745	-26.9487111433981
			54.7058836210982	-26.9487111433981
			54.667385462322	-26.9487111433981
			54.6288873035457	-26.9487111433981
			54.5903891447694	-26.9487111433981
			54.5518909859931	-26.9487111433981
			54.5133928272168	-26.9487111433981
			54.4748946684405	-26.9487111433981
			54.4363965096643	-26.9487111433981
			54.397898350888	-26.9487111433981
			54.3594001921117	-26.9487111433981
			54.3209020333354	-26.9487111433981
			54.2824038745591	-26.9487111433981
			54.2439057157828	-26.9487111433981
			54.2054075570066	-26.9487111433981
			54.1669093982303	-26.9487111433981
			54.128411239454	-26.9487111433981
			54.0899130806777	-26.9487111433981
			54.0514149219014	-26.9487111433981
			54.0129167631251	-26.9487111433981
			53.9744186043489	-26.9487111433981
			53.9359204455726	-26.9487111433981
			53.8974222867963	-26.9487111433981
			53.85892412802	-26.9487111433981
			53.8204259692437	-26.9487111433981
			53.7819278104675	-26.9487111433981
			53.7434296516912	-26.9487111433981
			53.7049314929149	-26.9487111433981
			53.6664333341386	-26.9487111433981
			53.6279351753623	-26.9487111433981
			53.589437016586	-26.9487111433981
			53.5509388578097	-26.9872093021744
			53.5124406990335	-26.9872093021744
			53.4739425402572	-26.9872093021744
			53.4354443814809	-26.9872093021744
			53.3969462227046	-26.9872093021744
			53.3584480639283	-26.9872093021744
			53.3199499051521	-26.9872093021744
			53.2814517463758	-26.9872093021744
			53.2429535875995	-26.9872093021744
			53.2044554288232	-26.9872093021744
			53.1659572700469	-26.9872093021744
			53.1274591112706	-26.9872093021744
			53.0889609524944	-26.9872093021744
			53.0504627937181	-26.9872093021744
			53.0119646349418	-27.0257074609507
			52.9734664761655	-27.0257074609507
			52.9349683173892	-27.0257074609507
			52.8964701586129	-27.0257074609507
			52.8579719998367	-27.0257074609507
			52.8194738410604	-27.0257074609507
			52.7809756822841	-27.0257074609507
			52.7424775235078	-27.0257074609507
			52.7039793647315	-27.0257074609507
			52.6654812059552	-27.0257074609507
			52.626983047179	-27.0257074609507
			52.5884848884027	-27.064205619727
			52.5499867296264	-27.064205619727
			52.5114885708501	-27.064205619727
			52.4729904120738	-27.064205619727
			52.4344922532975	-27.064205619727
			52.3959940945213	-27.064205619727
			52.357495935745	-27.064205619727
			52.3189977769687	-27.064205619727
			52.2804996181924	-27.064205619727
			52.2420014594161	-27.064205619727
			52.2035033006398	-27.1027037785033
			52.1650051418636	-27.1027037785033
			52.1265069830873	-27.1027037785033
			52.088008824311	-27.1027037785033
			52.0495106655347	-27.1027037785033
			52.0110125067584	-27.1027037785033
			51.9725143479821	-27.1027037785033
			51.9340161892059	-27.1027037785033
			51.8955180304296	-27.1027037785033
			51.8570198716533	-27.1027037785033
			51.818521712877	-27.1412019372796
			51.7800235541007	-27.1412019372796
			51.7415253953244	-27.1412019372796
			51.7030272365482	-27.1412019372796
			51.6645290777719	-27.1412019372796
			51.6260309189956	-27.1412019372796
			51.5875327602193	-27.1412019372796
			51.549034601443	-27.1412019372796
			51.5105364426667	-27.1412019372796
			51.4720382838905	-27.1412019372796
			51.4335401251142	-27.1797000960558
			51.3950419663379	-27.1797000960558
			51.3565438075616	-27.1797000960558
			51.3180456487853	-27.1797000960558
			51.2795474900091	-27.1797000960558
			51.2410493312328	-27.1797000960558
			51.2025511724565	-27.1797000960558
			51.1640530136802	-27.1797000960558
			51.1255548549039	-27.2181982548321
			51.0870566961276	-27.2181982548321
			51.0485585373514	-27.2181982548321
			51.0100603785751	-27.2181982548321
			50.9715622197988	-27.2181982548321
			50.9330640610225	-27.2181982548321
			50.8945659022462	-27.2181982548321
			50.8560677434699	-27.2181982548321
			50.8175695846937	-27.2181982548321
			50.7790714259174	-27.2566964136084
			50.7405732671411	-27.2566964136084
			50.7020751083648	-27.2566964136084
			50.6635769495885	-27.2566964136084
			50.6250787908122	-27.2566964136084
			50.586580632036	-27.2566964136084
			50.5480824732597	-27.2566964136084
			50.5095843144834	-27.2566964136084
			50.4710861557071	-27.2566964136084
			50.4325879969308	-27.2951945723847
			50.3940898381545	-27.2951945723847
			50.3555916793783	-27.2951945723847
			50.317093520602	-27.2951945723847
			50.2785953618257	-27.2951945723847
			50.2400972030494	-27.2951945723847
			50.2015990442731	-27.2951945723847
			50.1631008854968	-27.333692731161
			50.1246027267206	-27.333692731161
			50.0861045679443	-27.333692731161
			50.047606409168	-27.333692731161
			50.0091082503917	-27.333692731161
			49.9706100916154	-27.333692731161
			49.9321119328391	-27.333692731161
			49.8936137740629	-27.333692731161
			49.8551156152866	-27.3721908899373
			49.8166174565103	-27.3721908899373
			49.778119297734	-27.3721908899373
			49.7396211389577	-27.3721908899373
			49.7011229801814	-27.3721908899373
			49.6626248214052	-27.3721908899373
			49.6241266626289	-27.3721908899373
			49.5856285038526	-27.3721908899373
			49.5471303450763	-27.4106890487135
			49.5086321863	-27.4106890487135
			49.4701340275237	-27.4106890487135
			49.4316358687475	-27.4106890487135
			49.3931377099712	-27.4106890487135
			49.3546395511949	-27.4106890487135
			49.3161413924186	-27.4106890487135
			49.2776432336423	-27.4106890487135
			49.239145074866	-27.4491872074898
			49.2006469160898	-27.4491872074898
			49.1621487573135	-27.4491872074898
			49.1236505985372	-27.4491872074898
			49.0851524397609	-27.4491872074898
			49.0466542809846	-27.4491872074898
			49.0081561222083	-27.4876853662661
			48.9696579634321	-27.4876853662661
			48.9311598046558	-27.4876853662661
			48.8926616458795	-27.4876853662661
			48.8541634871032	-27.4876853662661
			48.8156653283269	-27.4876853662661
			48.7771671695507	-27.4876853662661
			48.7386690107744	-27.5261835250424
			48.7001708519981	-27.5261835250424
			48.6616726932218	-27.5261835250424
			48.6231745344455	-27.5261835250424
			48.5846763756692	-27.5261835250424
			48.546178216893	-27.5261835250424
			48.5076800581167	-27.5261835250424
			48.4691818993404	-27.5646816838187
			48.4306837405641	-27.5646816838187
			48.3921855817878	-27.5646816838187
			48.3536874230115	-27.5646816838187
			48.3151892642353	-27.5646816838187
			48.276691105459	-27.5646816838187
			48.2381929466827	-27.5646816838187
			48.1996947879064	-27.603179842595
			48.1611966291301	-27.603179842595
			48.1226984703538	-27.603179842595
			48.0842003115776	-27.603179842595
			48.0457021528013	-27.603179842595
			48.007203994025	-27.603179842595
			47.9687058352487	-27.6416780013712
			47.9302076764724	-27.6416780013712
			47.8917095176961	-27.6416780013712
			47.8532113589199	-27.6416780013712
			47.8147132001436	-27.6416780013712
			47.7762150413673	-27.6416780013712
			47.737716882591	-27.6801761601475
			47.6992187238147	-27.6801761601475
			47.6607205650384	-27.6801761601475
			47.6222224062622	-27.6801761601475
			47.5837242474859	-27.6801761601475
			47.5452260887096	-27.6801761601475
			47.5067279299333	-27.7186743189238
			47.468229771157	-27.7186743189238
			47.4297316123807	-27.7186743189238
			47.3912334536045	-27.7186743189238
			47.3527352948282	-27.7186743189238
			47.3142371360519	-27.7186743189238
			47.2757389772756	-27.7186743189238
			47.2372408184993	-27.7571724777001
			47.198742659723	-27.7571724777001
			47.1602445009468	-27.7571724777001
			47.1217463421705	-27.7571724777001
			47.0832481833942	-27.7571724777001
			47.0832481833942	-27.7956706364764
			47.0447500246179	-27.7956706364764
			47.0062518658416	-27.7956706364764
			46.9677537070653	-27.7956706364764
			46.9292555482891	-27.7956706364764
			46.8907573895128	-27.7956706364764
			46.8522592307365	-27.7956706364764
			46.8137610719602	-27.8341687952527
			46.7752629131839	-27.8341687952527
			46.7367647544076	-27.8341687952527
			46.6982665956314	-27.8341687952527
			46.6597684368551	-27.8341687952527
			46.6212702780788	-27.8726669540289
			46.5827721193025	-27.8726669540289
			46.5442739605262	-27.8726669540289
			46.5057758017499	-27.8726669540289
			46.4672776429737	-27.8726669540289
			46.4287794841974	-27.8726669540289
			46.3902813254211	-27.9111651128052
			46.3517831666448	-27.9111651128052
			46.3132850078685	-27.9111651128052
			46.2747868490923	-27.9111651128052
			46.236288690316	-27.9111651128052
			46.1977905315397	-27.9496632715815
			46.1592923727634	-27.9496632715815
			46.1207942139871	-27.9496632715815
			46.0822960552108	-27.9496632715815
			46.0437978964346	-27.9496632715815
			46.0052997376583	-27.9881614303578
			45.966801578882	-27.9881614303578
			45.9283034201057	-27.9881614303578
			45.8898052613294	-27.9881614303578
			45.8513071025531	-27.9881614303578
			45.8513071025531	-28.0266595891341
			45.8128089437769	-28.0266595891341
			45.7743107850006	-28.0266595891341
			45.7358126262243	-28.0266595891341
			45.697314467448	-28.0266595891341
			45.6588163086717	-28.0266595891341
			45.6203181498954	-28.0651577479104
			45.5818199911192	-28.0651577479104
			45.5433218323429	-28.0651577479104
			45.5048236735666	-28.0651577479104
			45.4663255147903	-28.0651577479104
			45.427827356014	-28.1036559066866
			45.3893291972377	-28.1036559066866
			45.3508310384615	-28.1036559066866
			45.3123328796852	-28.1036559066866
			45.2738347209089	-28.1036559066866
			45.2353365621326	-28.1421540654629
			45.1968384033563	-28.1421540654629
			45.15834024458	-28.1421540654629
			45.1198420858038	-28.1806522242392
			45.0813439270275	-28.1806522242392
			45.0428457682512	-28.1806522242392
			45.0043476094749	-28.1806522242392
			44.9658494506986	-28.1806522242392
			44.9273512919223	-28.2191503830155
			44.8888531331461	-28.2191503830155
			44.8503549743698	-28.2191503830155
			44.8118568155935	-28.2191503830155
			44.7733586568172	-28.2191503830155
			44.7348604980409	-28.2576485417918
			44.6963623392646	-28.2576485417918
			44.6578641804884	-28.2576485417918
			44.6193660217121	-28.2576485417918
			44.5808678629358	-28.2961467005681
			44.5423697041595	-28.2961467005681
			44.5038715453832	-28.2961467005681
			44.4653733866069	-28.2961467005681
			44.4268752278307	-28.2961467005681
			44.3883770690544	-28.3346448593443
			44.3498789102781	-28.3346448593443
		</Caudal_anal>
	</curves.scaled>
	<ruler.points type=matrix rownames=TRUE colnames=FALSE nrow=3 ncol=2 as.numeric=TRUE >
		Ruler point 1	878	907
		Ruler point 2	1006	930
		Ruler point 3	1134	951
	</ruler.points>
</shapes>

