<shapes type=list>
	<ruler.pixel type=vector names=FALSE length=1 as.numeric=TRUE >133.179771890792</ruler.pixel>
	<ruler.interval type=vector names=FALSE length=1 as.numeric=TRUE >5</ruler.interval>
	<scaling.units type=vector names=FALSE length=1 as.numeric=FALSE >mm</scaling.units>
	<scaling type=vector names=FALSE length=1 as.numeric=TRUE >0.0375432389544863</scaling>
	<landmarks.pixel type=matrix rownames=TRUE colnames=FALSE nrow=11 ncol=2 as.numeric=TRUE >
		Anterior_eye	489	595
		Posterior_eye	598	596
		Posterior_Maxilla	646	687
		Anterior_Maxilla	470	634
		Dorsal_fin_insertion	891	486
		Adipose_fin_insertion	1172	538
		Dorsal_caudal	1309	570
		Ventral_caudal	1305	681
		Anal_fin_insertion	1057	710
		Pelvic_fin_insertion	890	712
		Pectoral_fin_insertion	743	676
	</landmarks.pixel>
	<landmarks.scaled type=matrix rownames=TRUE colnames=FALSE nrow=11 ncol=2 as.numeric=TRUE >
		Anterior_eye	18.3586438487438	-22.3382271779194
		Posterior_eye	22.4508568947828	-22.3757704168738
		Posterior_Maxilla	24.2529323645982	-25.7922051617321
		Anterior_Maxilla	17.6453223086086	-23.8024134971443
		Dorsal_fin_insertion	33.4510259084473	-18.2460141318804
		Adipose_fin_insertion	44.000676054658	-20.1982625575136
		Dorsal_caudal	49.1440997914226	-21.3996462040572
		Ventral_caudal	48.9939268356046	-25.5669457280052
		Anal_fin_insertion	39.683203574892	-26.6556996576853
		Pelvic_fin_insertion	33.4134826694928	-26.7307861355943
		Pectoral_fin_insertion	27.8946265431833	-25.3792295332327
	</landmarks.scaled>
	<curves.control type=list>
		<Snout_dorsal type=matrix rownames=FALSE colnames=FALSE nrow=5 ncol=2 as.numeric=TRUE >
			470	634
			475	546
			604	509
			794	495
			891	486
		</Snout_dorsal>
		<Dorsal_adipose type=matrix rownames=FALSE colnames=FALSE nrow=7 ncol=2 as.numeric=TRUE >
			891	486
			969	499
			1042	521
			1097	527
			1126	533
			1157	538
			1172	538
		</Dorsal_adipose>
		<Adipose_caudal type=matrix rownames=FALSE colnames=FALSE nrow=7 ncol=2 as.numeric=TRUE >
			1172	538
			1188	543
			1190	550
			1222	558
			1272	567
			1304	563
			1309	570
		</Adipose_caudal>
		<Caudal_anal type=matrix rownames=FALSE colnames=FALSE nrow=7 ncol=2 as.numeric=TRUE >
			1305	681
			1293	684
			1268	678
			1244	674
			1210	684
			1122	709
			1057	710
		</Caudal_anal>
	</curves.control>
	<curves.pixel type=list>
		<Snout_dorsal type=matrix rownames=FALSE colnames=FALSE nrow=482 ncol=2 as.numeric=TRUE >
			470	634
			470	633
			470	632
			470	631
			470	630
			470	629
			470	628
			471	628
			471	627
			471	626
			471	625
			471	624
			471	623
			471	622
			471	621
			472	620
			472	619
			472	618
			472	617
			472	616
			473	615
			473	614
			473	613
			473	612
			474	611
			474	610
			474	609
			474	608
			475	607
			475	606
			475	605
			476	604
			476	603
			476	602
			477	602
			477	601
			477	600
			478	599
			478	598
			479	597
			479	596
			479	595
			480	594
			480	593
			481	592
			482	591
			482	590
			483	589
			483	588
			483	587
			484	587
			484	586
			484	585
			485	585
			485	584
			486	584
			486	583
			486	582
			487	582
			487	581
			487	580
			488	580
			488	579
			489	579
			489	578
			490	577
			490	576
			491	575
			492	574
			493	573
			494	572
			495	571
			495	570
			496	570
			496	569
			497	568
			497	567
			498	567
			499	566
			499	565
			500	565
			501	564
			501	563
			502	563
			502	562
			503	561
			504	561
			504	560
			505	560
			506	559
			507	558
			508	557
			509	556
			510	555
			511	554
			512	553
			513	553
			514	552
			515	551
			516	551
			517	550
			518	549
			518	548
			519	548
			520	547
			521	546
			522	546
			523	545
			524	544
			525	543
			526	543
			527	542
			528	542
			529	541
			530	540
			531	540
			532	539
			533	539
			534	538
			535	537
			536	537
			537	536
			538	536
			539	535
			540	534
			541	534
			542	533
			543	533
			544	532
			545	532
			546	531
			547	531
			548	530
			549	530
			550	529
			551	529
			552	528
			553	528
			554	527
			555	527
			556	526
			557	526
			558	526
			559	525
			560	525
			561	524
			562	524
			563	523
			564	523
			565	522
			566	522
			567	522
			568	521
			569	521
			570	520
			571	520
			572	520
			573	519
			574	519
			575	518
			576	518
			577	518
			578	518
			578	517
			579	517
			580	517
			581	516
			582	516
			583	516
			584	515
			585	515
			586	515
			587	514
			588	514
			589	514
			590	513
			591	513
			592	513
			593	512
			594	512
			595	512
			596	511
			597	511
			598	511
			599	510
			600	510
			601	510
			602	510
			603	509
			604	509
			605	509
			606	509
			607	509
			608	509
			609	509
			610	509
			611	508
			612	508
			613	508
			614	508
			615	508
			616	508
			617	508
			618	508
			619	508
			620	508
			621	508
			622	508
			623	508
			624	508
			625	507
			626	507
			627	507
			628	507
			629	507
			630	507
			631	507
			632	507
			633	507
			634	507
			635	507
			636	507
			637	507
			638	506
			639	506
			640	506
			641	506
			642	506
			643	506
			644	506
			645	506
			646	506
			647	506
			648	506
			649	506
			650	506
			651	506
			651	505
			652	505
			653	505
			654	505
			655	505
			656	505
			657	505
			658	505
			659	505
			660	505
			661	505
			662	505
			663	505
			664	505
			665	504
			666	504
			667	504
			668	504
			669	504
			670	504
			671	504
			672	504
			673	504
			674	504
			675	504
			676	504
			677	504
			678	504
			678	503
			679	503
			680	503
			681	503
			682	503
			683	503
			684	503
			685	503
			686	503
			687	503
			688	503
			689	503
			690	503
			691	502
			692	502
			693	502
			694	502
			695	502
			696	502
			697	502
			698	502
			699	502
			700	502
			701	502
			702	502
			703	502
			704	501
			705	501
			706	501
			707	501
			708	501
			709	501
			710	501
			711	501
			712	501
			713	501
			714	501
			715	501
			716	501
			717	500
			718	500
			719	500
			720	500
			721	500
			722	500
			723	500
			724	500
			725	500
			726	500
			727	500
			728	500
			729	500
			730	500
			730	499
			731	499
			732	499
			733	499
			734	499
			735	499
			736	499
			737	499
			738	499
			739	499
			740	499
			741	499
			742	499
			743	498
			744	498
			745	498
			746	498
			747	498
			748	498
			749	498
			750	498
			751	498
			752	498
			753	498
			754	498
			755	498
			756	497
			757	497
			758	497
			759	497
			760	497
			761	497
			762	497
			763	497
			764	497
			765	497
			766	497
			767	497
			768	496
			769	496
			770	496
			771	496
			772	496
			773	496
			774	496
			775	496
			776	496
			777	496
			778	496
			779	496
			780	496
			781	495
			782	495
			783	495
			784	495
			785	495
			786	495
			787	495
			788	495
			789	495
			790	495
			791	495
			792	495
			792	494
			793	494
			794	494
			795	494
			796	494
			797	494
			798	494
			799	494
			800	494
			801	494
			802	494
			803	494
			804	494
			805	493
			806	493
			807	493
			808	493
			809	493
			810	493
			811	493
			812	493
			813	493
			814	493
			815	493
			816	493
			817	492
			818	492
			819	492
			820	492
			821	492
			822	492
			823	492
			824	492
			825	492
			826	492
			827	492
			828	492
			829	491
			830	491
			831	491
			832	491
			833	491
			834	491
			835	491
			836	491
			837	491
			838	491
			839	491
			840	491
			840	490
			841	490
			842	490
			843	490
			844	490
			845	490
			846	490
			847	490
			848	490
			849	490
			850	490
			851	490
			852	489
			853	489
			854	489
			855	489
			856	489
			857	489
			858	489
			859	489
			860	489
			861	489
			862	489
			863	489
			864	488
			865	488
			866	488
			867	488
			868	488
			869	488
			870	488
			871	488
			872	488
			873	488
			874	488
			875	487
			876	487
			877	487
			878	487
			879	487
			880	487
			881	487
			882	487
			883	487
			884	487
			885	487
			886	486
			887	486
			888	486
			889	486
			890	486
			891	486
		</Snout_dorsal>
		<Dorsal_adipose type=matrix rownames=FALSE colnames=FALSE nrow=283 ncol=2 as.numeric=TRUE >
			891	486
			892	486
			893	486
			894	486
			895	487
			896	487
			897	487
			898	487
			899	487
			900	487
			901	488
			902	488
			903	488
			904	488
			905	488
			906	489
			907	489
			908	489
			909	489
			910	489
			911	489
			912	490
			913	490
			914	490
			915	490
			916	490
			917	491
			918	491
			919	491
			920	491
			921	491
			922	492
			923	492
			924	492
			925	492
			926	492
			927	493
			928	493
			929	493
			930	493
			931	493
			932	494
			933	494
			934	494
			935	494
			936	494
			937	495
			938	495
			939	495
			940	495
			941	495
			942	496
			943	496
			944	496
			945	496
			946	496
			947	497
			948	497
			949	497
			950	497
			951	498
			952	498
			953	498
			954	498
			955	498
			956	499
			957	499
			958	499
			959	499
			960	499
			961	500
			962	500
			963	500
			964	500
			965	501
			966	501
			967	501
			968	501
			969	502
			970	502
			971	502
			972	502
			973	502
			974	503
			975	503
			976	503
			977	503
			978	504
			979	504
			980	504
			981	504
			982	505
			983	505
			984	505
			985	505
			986	506
			987	506
			988	506
			989	506
			990	507
			991	507
			992	507
			993	507
			994	508
			995	508
			996	508
			997	508
			998	509
			999	509
			1000	509
			1001	510
			1002	510
			1003	510
			1004	510
			1005	511
			1006	511
			1007	511
			1008	511
			1009	512
			1010	512
			1011	512
			1012	512
			1013	513
			1014	513
			1015	513
			1016	514
			1017	514
			1018	514
			1019	514
			1020	515
			1021	515
			1022	515
			1023	516
			1024	516
			1025	516
			1026	516
			1027	517
			1028	517
			1029	517
			1030	518
			1031	518
			1032	518
			1033	518
			1034	519
			1035	519
			1036	519
			1037	520
			1038	520
			1039	520
			1040	520
			1041	521
			1042	521
			1043	521
			1044	521
			1045	521
			1046	521
			1047	522
			1048	522
			1049	522
			1050	522
			1051	522
			1052	522
			1053	522
			1054	522
			1055	522
			1056	523
			1057	523
			1058	523
			1059	523
			1060	523
			1061	523
			1062	523
			1063	523
			1064	524
			1065	524
			1066	524
			1067	524
			1068	524
			1069	524
			1070	524
			1071	524
			1072	524
			1073	525
			1074	525
			1075	525
			1076	525
			1077	525
			1078	525
			1079	525
			1080	526
			1081	526
			1082	526
			1083	526
			1084	526
			1085	526
			1086	526
			1087	526
			1088	527
			1089	527
			1090	527
			1091	527
			1092	527
			1093	527
			1094	528
			1095	528
			1096	528
			1097	528
			1098	528
			1099	528
			1100	528
			1101	529
			1102	529
			1103	529
			1104	529
			1105	529
			1106	529
			1107	530
			1108	530
			1109	530
			1110	530
			1111	530
			1112	530
			1113	531
			1114	531
			1115	531
			1116	531
			1117	531
			1118	531
			1118	532
			1119	532
			1120	532
			1121	532
			1122	532
			1123	532
			1124	533
			1125	533
			1126	533
			1127	533
			1128	533
			1129	533
			1130	534
			1131	534
			1132	534
			1133	534
			1134	534
			1135	534
			1136	535
			1137	535
			1138	535
			1139	535
			1140	535
			1141	535
			1142	535
			1143	536
			1144	536
			1145	536
			1146	536
			1147	536
			1148	536
			1149	536
			1150	536
			1151	537
			1152	537
			1153	537
			1154	537
			1155	537
			1156	537
			1157	537
			1158	537
			1159	537
			1160	537
			1161	537
			1162	538
			1163	538
			1164	538
			1165	538
			1166	538
			1167	538
			1168	538
			1169	538
			1170	538
			1171	538
			1172	538
		</Dorsal_adipose>
		<Adipose_caudal type=matrix rownames=FALSE colnames=FALSE nrow=144 ncol=2 as.numeric=TRUE >
			1172	538
			1173	538
			1174	539
			1175	539
			1176	539
			1177	540
			1178	540
			1179	540
			1179	541
			1180	541
			1181	541
			1181	542
			1182	542
			1183	542
			1184	543
			1185	544
			1186	544
			1186	545
			1187	545
			1188	546
			1188	547
			1189	547
			1189	548
			1190	549
			1191	550
			1192	551
			1193	551
			1194	551
			1195	551
			1196	551
			1197	552
			1198	552
			1199	552
			1200	552
			1200	553
			1201	553
			1202	553
			1203	553
			1204	553
			1205	554
			1206	554
			1207	554
			1208	554
			1209	554
			1210	555
			1211	555
			1212	555
			1213	555
			1214	556
			1215	556
			1216	556
			1217	556
			1218	556
			1219	557
			1220	557
			1221	557
			1222	557
			1223	557
			1224	558
			1225	558
			1226	558
			1227	558
			1228	559
			1229	559
			1230	559
			1231	559
			1232	559
			1233	560
			1234	560
			1235	560
			1236	560
			1237	560
			1238	561
			1239	561
			1240	561
			1241	561
			1242	561
			1243	562
			1244	562
			1245	562
			1246	562
			1247	562
			1248	563
			1249	563
			1250	563
			1251	563
			1252	563
			1253	564
			1254	564
			1255	564
			1256	564
			1257	564
			1258	564
			1259	565
			1260	565
			1261	565
			1262	565
			1263	565
			1264	566
			1265	566
			1266	566
			1267	566
			1268	566
			1269	566
			1270	567
			1271	567
			1272	567
			1273	567
			1274	567
			1275	567
			1276	567
			1277	566
			1278	566
			1279	566
			1280	566
			1281	566
			1282	566
			1283	566
			1284	566
			1285	566
			1286	566
			1287	566
			1288	566
			1289	566
			1290	566
			1291	566
			1292	566
			1293	566
			1294	566
			1295	566
			1296	566
			1297	566
			1298	566
			1299	566
			1300	566
			1301	566
			1302	566
			1303	567
			1304	567
			1305	567
			1306	568
			1307	568
			1308	569
			1309	570
		</Adipose_caudal>
		<Caudal_anal type=matrix rownames=FALSE colnames=FALSE nrow=250 ncol=2 as.numeric=TRUE >
			1305	681
			1304	681
			1303	681
			1302	682
			1301	682
			1300	682
			1299	682
			1298	682
			1297	682
			1296	682
			1295	682
			1294	682
			1293	682
			1292	682
			1291	682
			1290	682
			1289	682
			1288	682
			1287	682
			1286	681
			1285	681
			1284	681
			1283	681
			1282	681
			1281	681
			1280	681
			1280	680
			1279	680
			1278	680
			1277	680
			1276	680
			1275	680
			1274	679
			1273	679
			1272	679
			1271	679
			1270	678
			1269	678
			1268	678
			1267	678
			1266	678
			1265	678
			1264	677
			1263	677
			1262	677
			1261	677
			1260	677
			1259	677
			1258	677
			1257	677
			1256	677
			1255	677
			1254	677
			1253	677
			1252	677
			1251	677
			1250	677
			1249	677
			1248	677
			1247	677
			1246	677
			1245	677
			1244	677
			1243	677
			1242	677
			1241	678
			1240	678
			1239	678
			1238	678
			1237	678
			1236	678
			1235	678
			1234	679
			1233	679
			1232	679
			1231	679
			1230	679
			1229	679
			1228	680
			1227	680
			1226	680
			1225	680
			1224	680
			1223	681
			1222	681
			1221	681
			1220	681
			1219	682
			1218	682
			1217	682
			1216	682
			1215	683
			1214	683
			1213	683
			1212	683
			1211	684
			1210	684
			1209	684
			1208	685
			1207	685
			1206	685
			1205	685
			1204	686
			1203	686
			1202	686
			1201	686
			1200	687
			1199	687
			1198	687
			1197	687
			1196	688
			1195	688
			1194	689
			1193	689
			1192	689
			1191	689
			1190	689
			1189	690
			1188	690
			1187	690
			1186	691
			1185	691
			1184	691
			1183	691
			1182	692
			1181	692
			1180	692
			1179	692
			1178	692
			1177	693
			1176	693
			1175	693
			1174	693
			1173	694
			1172	694
			1171	694
			1170	694
			1169	695
			1168	695
			1167	695
			1166	695
			1165	696
			1164	696
			1163	696
			1162	696
			1161	696
			1160	697
			1159	697
			1158	697
			1157	697
			1156	698
			1155	698
			1154	698
			1153	698
			1152	698
			1151	699
			1150	699
			1149	699
			1148	699
			1147	699
			1146	700
			1145	700
			1144	700
			1143	700
			1142	700
			1141	701
			1140	701
			1139	701
			1138	701
			1137	701
			1136	702
			1135	702
			1134	702
			1133	702
			1132	702
			1131	702
			1130	703
			1129	703
			1128	703
			1127	703
			1126	703
			1125	703
			1124	704
			1123	704
			1122	704
			1121	704
			1120	704
			1119	704
			1118	705
			1117	705
			1116	705
			1115	705
			1114	705
			1113	705
			1112	705
			1111	706
			1110	706
			1109	706
			1108	706
			1107	706
			1106	706
			1105	706
			1104	706
			1103	707
			1102	707
			1101	707
			1100	707
			1099	707
			1098	707
			1097	707
			1096	708
			1095	708
			1094	708
			1093	708
			1092	708
			1091	708
			1090	708
			1089	708
			1088	708
			1087	708
			1086	708
			1085	709
			1084	709
			1083	709
			1082	709
			1081	709
			1080	709
			1079	709
			1078	709
			1077	709
			1076	709
			1075	709
			1074	709
			1073	709
			1072	709
			1071	710
			1070	710
			1069	710
			1068	710
			1067	710
			1066	710
			1065	710
			1064	710
			1063	710
			1062	710
			1061	710
			1060	710
			1059	710
			1058	710
			1057	710
		</Caudal_anal>
	</curves.pixel>
	<curves.scaled type=list>
		<Snout_dorsal type=matrix rownames=FALSE colnames=FALSE nrow=482 ncol=2 as.numeric=TRUE >
			17.6453223086086	-23.8024134971443
			17.6453223086086	-23.7648702581898
			17.6453223086086	-23.7273270192354
			17.6453223086086	-23.6897837802809
			17.6453223086086	-23.6522405413264
			17.6453223086086	-23.6146973023719
			17.6453223086086	-23.5771540634174
			17.6828655475631	-23.5771540634174
			17.6828655475631	-23.5396108244629
			17.6828655475631	-23.5020675855084
			17.6828655475631	-23.4645243465539
			17.6828655475631	-23.4269811075995
			17.6828655475631	-23.389437868645
			17.6828655475631	-23.3518946296905
			17.6828655475631	-23.314351390736
			17.7204087865175	-23.2768081517815
			17.7204087865175	-23.239264912827
			17.7204087865175	-23.2017216738725
			17.7204087865175	-23.1641784349181
			17.7204087865175	-23.1266351959636
			17.757952025472	-23.0890919570091
			17.757952025472	-23.0515487180546
			17.757952025472	-23.0140054791001
			17.757952025472	-22.9764622401456
			17.7954952644265	-22.9389190011911
			17.7954952644265	-22.9013757622367
			17.7954952644265	-22.8638325232822
			17.7954952644265	-22.8262892843277
			17.833038503381	-22.7887460453732
			17.833038503381	-22.7512028064187
			17.833038503381	-22.7136595674642
			17.8705817423355	-22.6761163285097
			17.8705817423355	-22.6385730895552
			17.8705817423355	-22.6010298506008
			17.90812498129	-22.6010298506008
			17.90812498129	-22.5634866116463
			17.90812498129	-22.5259433726918
			17.9456682202445	-22.4884001337373
			17.9456682202445	-22.4508568947828
			17.9832114591989	-22.4133136558283
			17.9832114591989	-22.3757704168738
			17.9832114591989	-22.3382271779194
			18.0207546981534	-22.3006839389649
			18.0207546981534	-22.2631407000104
			18.0582979371079	-22.2255974610559
			18.0958411760624	-22.1880542221014
			18.0958411760624	-22.1505109831469
			18.1333844150169	-22.1129677441924
			18.1333844150169	-22.075424505238
			18.1333844150169	-22.0378812662835
			18.1709276539714	-22.0378812662835
			18.1709276539714	-22.000338027329
			18.1709276539714	-21.9627947883745
			18.2084708929259	-21.9627947883745
			18.2084708929259	-21.92525154942
			18.2460141318804	-21.92525154942
			18.2460141318804	-21.8877083104655
			18.2460141318804	-21.850165071511
			18.2835573708348	-21.850165071511
			18.2835573708348	-21.8126218325565
			18.2835573708348	-21.7750785936021
			18.3211006097893	-21.7750785936021
			18.3211006097893	-21.7375353546476
			18.3586438487438	-21.7375353546476
			18.3586438487438	-21.6999921156931
			18.3961870876983	-21.6624488767386
			18.3961870876983	-21.6249056377841
			18.4337303266528	-21.5873623988296
			18.4712735656073	-21.5498191598751
			18.5088168045618	-21.5122759209207
			18.5463600435162	-21.4747326819662
			18.5839032824707	-21.4371894430117
			18.5839032824707	-21.3996462040572
			18.6214465214252	-21.3996462040572
			18.6214465214252	-21.3621029651027
			18.6589897603797	-21.3245597261482
			18.6589897603797	-21.2870164871937
			18.6965329993342	-21.2870164871937
			18.7340762382887	-21.2494732482393
			18.7340762382887	-21.2119300092848
			18.7716194772432	-21.2119300092848
			18.8091627161976	-21.1743867703303
			18.8091627161976	-21.1368435313758
			18.8467059551521	-21.1368435313758
			18.8467059551521	-21.0993002924213
			18.8842491941066	-21.0617570534668
			18.9217924330611	-21.0617570534668
			18.9217924330611	-21.0242138145123
			18.9593356720156	-21.0242138145123
			18.9968789109701	-20.9866705755579
			19.0344221499246	-20.9491273366034
			19.071965388879	-20.9115840976489
			19.1095086278335	-20.8740408586944
			19.147051866788	-20.8364976197399
			19.1845951057425	-20.7989543807854
			19.222138344697	-20.7614111418309
			19.2596815836515	-20.7614111418309
			19.297224822606	-20.7238679028764
			19.3347680615605	-20.686324663922
			19.3723113005149	-20.686324663922
			19.4098545394694	-20.6487814249675
			19.4473977784239	-20.611238186013
			19.4473977784239	-20.5736949470585
			19.4849410173784	-20.5736949470585
			19.5224842563329	-20.536151708104
			19.5600274952874	-20.4986084691495
			19.5975707342419	-20.4986084691495
			19.6351139731963	-20.461065230195
			19.6726572121508	-20.4235219912406
			19.7102004511053	-20.3859787522861
			19.7477436900598	-20.3859787522861
			19.7852869290143	-20.3484355133316
			19.8228301679688	-20.3484355133316
			19.8603734069233	-20.3108922743771
			19.8979166458777	-20.2733490354226
			19.9354598848322	-20.2733490354226
			19.9730031237867	-20.2358057964681
			20.0105463627412	-20.2358057964681
			20.0480896016957	-20.1982625575136
			20.0856328406502	-20.1607193185592
			20.1231760796047	-20.1607193185592
			20.1607193185592	-20.1231760796047
			20.1982625575136	-20.1231760796047
			20.2358057964681	-20.0856328406502
			20.2733490354226	-20.0480896016957
			20.3108922743771	-20.0480896016957
			20.3484355133316	-20.0105463627412
			20.3859787522861	-20.0105463627412
			20.4235219912406	-19.9730031237867
			20.461065230195	-19.9730031237867
			20.4986084691495	-19.9354598848322
			20.536151708104	-19.9354598848322
			20.5736949470585	-19.8979166458777
			20.611238186013	-19.8979166458777
			20.6487814249675	-19.8603734069233
			20.686324663922	-19.8603734069233
			20.7238679028764	-19.8228301679688
			20.7614111418309	-19.8228301679688
			20.7989543807854	-19.7852869290143
			20.8364976197399	-19.7852869290143
			20.8740408586944	-19.7477436900598
			20.9115840976489	-19.7477436900598
			20.9491273366034	-19.7477436900598
			20.9866705755579	-19.7102004511053
			21.0242138145123	-19.7102004511053
			21.0617570534668	-19.6726572121508
			21.0993002924213	-19.6726572121508
			21.1368435313758	-19.6351139731963
			21.1743867703303	-19.6351139731963
			21.2119300092848	-19.5975707342419
			21.2494732482393	-19.5975707342419
			21.2870164871937	-19.5975707342419
			21.3245597261482	-19.5600274952874
			21.3621029651027	-19.5600274952874
			21.3996462040572	-19.5224842563329
			21.4371894430117	-19.5224842563329
			21.4747326819662	-19.5224842563329
			21.5122759209207	-19.4849410173784
			21.5498191598751	-19.4849410173784
			21.5873623988296	-19.4473977784239
			21.6249056377841	-19.4473977784239
			21.6624488767386	-19.4473977784239
			21.6999921156931	-19.4473977784239
			21.6999921156931	-19.4098545394694
			21.7375353546476	-19.4098545394694
			21.7750785936021	-19.4098545394694
			21.8126218325565	-19.3723113005149
			21.850165071511	-19.3723113005149
			21.8877083104655	-19.3723113005149
			21.92525154942	-19.3347680615605
			21.9627947883745	-19.3347680615605
			22.000338027329	-19.3347680615605
			22.0378812662835	-19.297224822606
			22.075424505238	-19.297224822606
			22.1129677441924	-19.297224822606
			22.1505109831469	-19.2596815836515
			22.1880542221014	-19.2596815836515
			22.2255974610559	-19.2596815836515
			22.2631407000104	-19.222138344697
			22.3006839389649	-19.222138344697
			22.3382271779194	-19.222138344697
			22.3757704168738	-19.1845951057425
			22.4133136558283	-19.1845951057425
			22.4508568947828	-19.1845951057425
			22.4884001337373	-19.147051866788
			22.5259433726918	-19.147051866788
			22.5634866116463	-19.147051866788
			22.6010298506008	-19.147051866788
			22.6385730895552	-19.1095086278335
			22.6761163285097	-19.1095086278335
			22.7136595674642	-19.1095086278335
			22.7512028064187	-19.1095086278335
			22.7887460453732	-19.1095086278335
			22.8262892843277	-19.1095086278335
			22.8638325232822	-19.1095086278335
			22.9013757622367	-19.1095086278335
			22.9389190011911	-19.071965388879
			22.9764622401456	-19.071965388879
			23.0140054791001	-19.071965388879
			23.0515487180546	-19.071965388879
			23.0890919570091	-19.071965388879
			23.1266351959636	-19.071965388879
			23.1641784349181	-19.071965388879
			23.2017216738725	-19.071965388879
			23.239264912827	-19.071965388879
			23.2768081517815	-19.071965388879
			23.314351390736	-19.071965388879
			23.3518946296905	-19.071965388879
			23.389437868645	-19.071965388879
			23.4269811075995	-19.071965388879
			23.4645243465539	-19.0344221499246
			23.5020675855084	-19.0344221499246
			23.5396108244629	-19.0344221499246
			23.5771540634174	-19.0344221499246
			23.6146973023719	-19.0344221499246
			23.6522405413264	-19.0344221499246
			23.6897837802809	-19.0344221499246
			23.7273270192354	-19.0344221499246
			23.7648702581898	-19.0344221499246
			23.8024134971443	-19.0344221499246
			23.8399567360988	-19.0344221499246
			23.8774999750533	-19.0344221499246
			23.9150432140078	-19.0344221499246
			23.9525864529623	-18.9968789109701
			23.9901296919168	-18.9968789109701
			24.0276729308712	-18.9968789109701
			24.0652161698257	-18.9968789109701
			24.1027594087802	-18.9968789109701
			24.1403026477347	-18.9968789109701
			24.1778458866892	-18.9968789109701
			24.2153891256437	-18.9968789109701
			24.2529323645982	-18.9968789109701
			24.2904756035526	-18.9968789109701
			24.3280188425071	-18.9968789109701
			24.3655620814616	-18.9968789109701
			24.4031053204161	-18.9968789109701
			24.4406485593706	-18.9968789109701
			24.4406485593706	-18.9593356720156
			24.4781917983251	-18.9593356720156
			24.5157350372796	-18.9593356720156
			24.553278276234	-18.9593356720156
			24.5908215151885	-18.9593356720156
			24.628364754143	-18.9593356720156
			24.6659079930975	-18.9593356720156
			24.703451232052	-18.9593356720156
			24.7409944710065	-18.9593356720156
			24.778537709961	-18.9593356720156
			24.8160809489155	-18.9593356720156
			24.8536241878699	-18.9593356720156
			24.8911674268244	-18.9593356720156
			24.9287106657789	-18.9593356720156
			24.9662539047334	-18.9217924330611
			25.0037971436879	-18.9217924330611
			25.0413403826424	-18.9217924330611
			25.0788836215969	-18.9217924330611
			25.1164268605513	-18.9217924330611
			25.1539700995058	-18.9217924330611
			25.1915133384603	-18.9217924330611
			25.2290565774148	-18.9217924330611
			25.2665998163693	-18.9217924330611
			25.3041430553238	-18.9217924330611
			25.3416862942783	-18.9217924330611
			25.3792295332327	-18.9217924330611
			25.4167727721872	-18.9217924330611
			25.4543160111417	-18.9217924330611
			25.4543160111417	-18.8842491941066
			25.4918592500962	-18.8842491941066
			25.5294024890507	-18.8842491941066
			25.5669457280052	-18.8842491941066
			25.6044889669597	-18.8842491941066
			25.6420322059142	-18.8842491941066
			25.6795754448686	-18.8842491941066
			25.7171186838231	-18.8842491941066
			25.7546619227776	-18.8842491941066
			25.7922051617321	-18.8842491941066
			25.8297484006866	-18.8842491941066
			25.8672916396411	-18.8842491941066
			25.9048348785956	-18.8842491941066
			25.94237811755	-18.8467059551521
			25.9799213565045	-18.8467059551521
			26.017464595459	-18.8467059551521
			26.0550078344135	-18.8467059551521
			26.092551073368	-18.8467059551521
			26.1300943123225	-18.8467059551521
			26.167637551277	-18.8467059551521
			26.2051807902314	-18.8467059551521
			26.2427240291859	-18.8467059551521
			26.2802672681404	-18.8467059551521
			26.3178105070949	-18.8467059551521
			26.3553537460494	-18.8467059551521
			26.3928969850039	-18.8467059551521
			26.4304402239584	-18.8091627161976
			26.4679834629129	-18.8091627161976
			26.5055267018673	-18.8091627161976
			26.5430699408218	-18.8091627161976
			26.5806131797763	-18.8091627161976
			26.6181564187308	-18.8091627161976
			26.6556996576853	-18.8091627161976
			26.6932428966398	-18.8091627161976
			26.7307861355943	-18.8091627161976
			26.7683293745487	-18.8091627161976
			26.8058726135032	-18.8091627161976
			26.8434158524577	-18.8091627161976
			26.8809590914122	-18.8091627161976
			26.9185023303667	-18.7716194772432
			26.9560455693212	-18.7716194772432
			26.9935888082757	-18.7716194772432
			27.0311320472301	-18.7716194772432
			27.0686752861846	-18.7716194772432
			27.1062185251391	-18.7716194772432
			27.1437617640936	-18.7716194772432
			27.1813050030481	-18.7716194772432
			27.2188482420026	-18.7716194772432
			27.2563914809571	-18.7716194772432
			27.2939347199116	-18.7716194772432
			27.331477958866	-18.7716194772432
			27.3690211978205	-18.7716194772432
			27.406564436775	-18.7716194772432
			27.406564436775	-18.7340762382887
			27.4441076757295	-18.7340762382887
			27.481650914684	-18.7340762382887
			27.5191941536385	-18.7340762382887
			27.556737392593	-18.7340762382887
			27.5942806315474	-18.7340762382887
			27.6318238705019	-18.7340762382887
			27.6693671094564	-18.7340762382887
			27.7069103484109	-18.7340762382887
			27.7444535873654	-18.7340762382887
			27.7819968263199	-18.7340762382887
			27.8195400652744	-18.7340762382887
			27.8570833042288	-18.7340762382887
			27.8946265431833	-18.6965329993342
			27.9321697821378	-18.6965329993342
			27.9697130210923	-18.6965329993342
			28.0072562600468	-18.6965329993342
			28.0447994990013	-18.6965329993342
			28.0823427379558	-18.6965329993342
			28.1198859769103	-18.6965329993342
			28.1574292158647	-18.6965329993342
			28.1949724548192	-18.6965329993342
			28.2325156937737	-18.6965329993342
			28.2700589327282	-18.6965329993342
			28.3076021716827	-18.6965329993342
			28.3451454106372	-18.6965329993342
			28.3826886495917	-18.6589897603797
			28.4202318885461	-18.6589897603797
			28.4577751275006	-18.6589897603797
			28.4953183664551	-18.6589897603797
			28.5328616054096	-18.6589897603797
			28.5704048443641	-18.6589897603797
			28.6079480833186	-18.6589897603797
			28.6454913222731	-18.6589897603797
			28.6830345612275	-18.6589897603797
			28.720577800182	-18.6589897603797
			28.7581210391365	-18.6589897603797
			28.795664278091	-18.6589897603797
			28.8332075170455	-18.6214465214252
			28.870750756	-18.6214465214252
			28.9082939949545	-18.6214465214252
			28.945837233909	-18.6214465214252
			28.9833804728634	-18.6214465214252
			29.0209237118179	-18.6214465214252
			29.0584669507724	-18.6214465214252
			29.0960101897269	-18.6214465214252
			29.1335534286814	-18.6214465214252
			29.1710966676359	-18.6214465214252
			29.2086399065904	-18.6214465214252
			29.2461831455448	-18.6214465214252
			29.2837263844993	-18.6214465214252
			29.3212696234538	-18.5839032824707
			29.3588128624083	-18.5839032824707
			29.3963561013628	-18.5839032824707
			29.4338993403173	-18.5839032824707
			29.4714425792718	-18.5839032824707
			29.5089858182262	-18.5839032824707
			29.5465290571807	-18.5839032824707
			29.5840722961352	-18.5839032824707
			29.6216155350897	-18.5839032824707
			29.6591587740442	-18.5839032824707
			29.6967020129987	-18.5839032824707
			29.7342452519532	-18.5839032824707
			29.7342452519532	-18.5463600435162
			29.7717884909076	-18.5463600435162
			29.8093317298621	-18.5463600435162
			29.8468749688166	-18.5463600435162
			29.8844182077711	-18.5463600435162
			29.9219614467256	-18.5463600435162
			29.9595046856801	-18.5463600435162
			29.9970479246346	-18.5463600435162
			30.0345911635891	-18.5463600435162
			30.0721344025435	-18.5463600435162
			30.109677641498	-18.5463600435162
			30.1472208804525	-18.5463600435162
			30.184764119407	-18.5463600435162
			30.2223073583615	-18.5088168045618
			30.259850597316	-18.5088168045618
			30.2973938362705	-18.5088168045618
			30.3349370752249	-18.5088168045618
			30.3724803141794	-18.5088168045618
			30.4100235531339	-18.5088168045618
			30.4475667920884	-18.5088168045618
			30.4851100310429	-18.5088168045618
			30.5226532699974	-18.5088168045618
			30.5601965089519	-18.5088168045618
			30.5977397479063	-18.5088168045618
			30.6352829868608	-18.5088168045618
			30.6728262258153	-18.4712735656073
			30.7103694647698	-18.4712735656073
			30.7479127037243	-18.4712735656073
			30.7854559426788	-18.4712735656073
			30.8229991816333	-18.4712735656073
			30.8605424205878	-18.4712735656073
			30.8980856595422	-18.4712735656073
			30.9356288984967	-18.4712735656073
			30.9731721374512	-18.4712735656073
			31.0107153764057	-18.4712735656073
			31.0482586153602	-18.4712735656073
			31.0858018543147	-18.4712735656073
			31.1233450932692	-18.4337303266528
			31.1608883322236	-18.4337303266528
			31.1984315711781	-18.4337303266528
			31.2359748101326	-18.4337303266528
			31.2735180490871	-18.4337303266528
			31.3110612880416	-18.4337303266528
			31.3486045269961	-18.4337303266528
			31.3861477659506	-18.4337303266528
			31.423691004905	-18.4337303266528
			31.4612342438595	-18.4337303266528
			31.498777482814	-18.4337303266528
			31.5363207217685	-18.4337303266528
			31.5363207217685	-18.3961870876983
			31.573863960723	-18.3961870876983
			31.6114071996775	-18.3961870876983
			31.648950438632	-18.3961870876983
			31.6864936775865	-18.3961870876983
			31.7240369165409	-18.3961870876983
			31.7615801554954	-18.3961870876983
			31.7991233944499	-18.3961870876983
			31.8366666334044	-18.3961870876983
			31.8742098723589	-18.3961870876983
			31.9117531113134	-18.3961870876983
			31.9492963502679	-18.3961870876983
			31.9868395892223	-18.3586438487438
			32.0243828281768	-18.3586438487438
			32.0619260671313	-18.3586438487438
			32.0994693060858	-18.3586438487438
			32.1370125450403	-18.3586438487438
			32.1745557839948	-18.3586438487438
			32.2120990229493	-18.3586438487438
			32.2496422619037	-18.3586438487438
			32.2871855008582	-18.3586438487438
			32.3247287398127	-18.3586438487438
			32.3622719787672	-18.3586438487438
			32.3998152177217	-18.3586438487438
			32.4373584566762	-18.3211006097893
			32.4749016956307	-18.3211006097893
			32.5124449345851	-18.3211006097893
			32.5499881735396	-18.3211006097893
			32.5875314124941	-18.3211006097893
			32.6250746514486	-18.3211006097893
			32.6626178904031	-18.3211006097893
			32.7001611293576	-18.3211006097893
			32.7377043683121	-18.3211006097893
			32.7752476072666	-18.3211006097893
			32.812790846221	-18.3211006097893
			32.8503340851755	-18.2835573708348
			32.88787732413	-18.2835573708348
			32.9254205630845	-18.2835573708348
			32.962963802039	-18.2835573708348
			33.0005070409935	-18.2835573708348
			33.038050279948	-18.2835573708348
			33.0755935189024	-18.2835573708348
			33.1131367578569	-18.2835573708348
			33.1506799968114	-18.2835573708348
			33.1882232357659	-18.2835573708348
			33.2257664747204	-18.2835573708348
			33.2633097136749	-18.2460141318804
			33.3008529526294	-18.2460141318804
			33.3383961915838	-18.2460141318804
			33.3759394305383	-18.2460141318804
			33.4134826694928	-18.2460141318804
			33.4510259084473	-18.2460141318804
		</Snout_dorsal>
		<Dorsal_adipose type=matrix rownames=FALSE colnames=FALSE nrow=283 ncol=2 as.numeric=TRUE >
			33.4510259084473	-18.2460141318804
			33.4885691474018	-18.2460141318804
			33.5261123863563	-18.2460141318804
			33.5636556253108	-18.2460141318804
			33.6011988642652	-18.2835573708348
			33.6387421032197	-18.2835573708348
			33.6762853421742	-18.2835573708348
			33.7138285811287	-18.2835573708348
			33.7513718200832	-18.2835573708348
			33.7889150590377	-18.2835573708348
			33.8264582979922	-18.3211006097893
			33.8640015369467	-18.3211006097893
			33.9015447759011	-18.3211006097893
			33.9390880148556	-18.3211006097893
			33.9766312538101	-18.3211006097893
			34.0141744927646	-18.3586438487438
			34.0517177317191	-18.3586438487438
			34.0892609706736	-18.3586438487438
			34.1268042096281	-18.3586438487438
			34.1643474485825	-18.3586438487438
			34.201890687537	-18.3586438487438
			34.2394339264915	-18.3961870876983
			34.276977165446	-18.3961870876983
			34.3145204044005	-18.3961870876983
			34.352063643355	-18.3961870876983
			34.3896068823095	-18.3961870876983
			34.4271501212639	-18.4337303266528
			34.4646933602184	-18.4337303266528
			34.5022365991729	-18.4337303266528
			34.5397798381274	-18.4337303266528
			34.5773230770819	-18.4337303266528
			34.6148663160364	-18.4712735656073
			34.6524095549909	-18.4712735656073
			34.6899527939454	-18.4712735656073
			34.7274960328998	-18.4712735656073
			34.7650392718543	-18.4712735656073
			34.8025825108088	-18.5088168045618
			34.8401257497633	-18.5088168045618
			34.8776689887178	-18.5088168045618
			34.9152122276723	-18.5088168045618
			34.9527554666268	-18.5088168045618
			34.9902987055812	-18.5463600435162
			35.0278419445357	-18.5463600435162
			35.0653851834902	-18.5463600435162
			35.1029284224447	-18.5463600435162
			35.1404716613992	-18.5463600435162
			35.1780149003537	-18.5839032824707
			35.2155581393082	-18.5839032824707
			35.2531013782626	-18.5839032824707
			35.2906446172171	-18.5839032824707
			35.3281878561716	-18.5839032824707
			35.3657310951261	-18.6214465214252
			35.4032743340806	-18.6214465214252
			35.4408175730351	-18.6214465214252
			35.4783608119896	-18.6214465214252
			35.5159040509441	-18.6214465214252
			35.5534472898985	-18.6589897603797
			35.590990528853	-18.6589897603797
			35.6285337678075	-18.6589897603797
			35.666077006762	-18.6589897603797
			35.7036202457165	-18.6965329993342
			35.741163484671	-18.6965329993342
			35.7787067236255	-18.6965329993342
			35.8162499625799	-18.6965329993342
			35.8537932015344	-18.6965329993342
			35.8913364404889	-18.7340762382887
			35.9288796794434	-18.7340762382887
			35.9664229183979	-18.7340762382887
			36.0039661573524	-18.7340762382887
			36.0415093963069	-18.7340762382887
			36.0790526352613	-18.7716194772432
			36.1165958742158	-18.7716194772432
			36.1541391131703	-18.7716194772432
			36.1916823521248	-18.7716194772432
			36.2292255910793	-18.8091627161976
			36.2667688300338	-18.8091627161976
			36.3043120689883	-18.8091627161976
			36.3418553079428	-18.8091627161976
			36.3793985468972	-18.8467059551521
			36.4169417858517	-18.8467059551521
			36.4544850248062	-18.8467059551521
			36.4920282637607	-18.8467059551521
			36.5295715027152	-18.8467059551521
			36.5671147416697	-18.8842491941066
			36.6046579806242	-18.8842491941066
			36.6422012195786	-18.8842491941066
			36.6797444585331	-18.8842491941066
			36.7172876974876	-18.9217924330611
			36.7548309364421	-18.9217924330611
			36.7923741753966	-18.9217924330611
			36.8299174143511	-18.9217924330611
			36.8674606533056	-18.9593356720156
			36.90500389226	-18.9593356720156
			36.9425471312145	-18.9593356720156
			36.980090370169	-18.9593356720156
			37.0176336091235	-18.9968789109701
			37.055176848078	-18.9968789109701
			37.0927200870325	-18.9968789109701
			37.130263325987	-18.9968789109701
			37.1678065649415	-19.0344221499246
			37.2053498038959	-19.0344221499246
			37.2428930428504	-19.0344221499246
			37.2804362818049	-19.0344221499246
			37.3179795207594	-19.071965388879
			37.3555227597139	-19.071965388879
			37.3930659986684	-19.071965388879
			37.4306092376229	-19.071965388879
			37.4681524765773	-19.1095086278335
			37.5056957155318	-19.1095086278335
			37.5432389544863	-19.1095086278335
			37.5807821934408	-19.147051866788
			37.6183254323953	-19.147051866788
			37.6558686713498	-19.147051866788
			37.6934119103043	-19.147051866788
			37.7309551492587	-19.1845951057425
			37.7684983882132	-19.1845951057425
			37.8060416271677	-19.1845951057425
			37.8435848661222	-19.1845951057425
			37.8811281050767	-19.222138344697
			37.9186713440312	-19.222138344697
			37.9562145829857	-19.222138344697
			37.9937578219402	-19.222138344697
			38.0313010608946	-19.2596815836515
			38.0688442998491	-19.2596815836515
			38.1063875388036	-19.2596815836515
			38.1439307777581	-19.297224822606
			38.1814740167126	-19.297224822606
			38.2190172556671	-19.297224822606
			38.2565604946216	-19.297224822606
			38.294103733576	-19.3347680615605
			38.3316469725305	-19.3347680615605
			38.369190211485	-19.3347680615605
			38.4067334504395	-19.3723113005149
			38.444276689394	-19.3723113005149
			38.4818199283485	-19.3723113005149
			38.519363167303	-19.3723113005149
			38.5569064062574	-19.4098545394694
			38.5944496452119	-19.4098545394694
			38.6319928841664	-19.4098545394694
			38.6695361231209	-19.4473977784239
			38.7070793620754	-19.4473977784239
			38.7446226010299	-19.4473977784239
			38.7821658399844	-19.4473977784239
			38.8197090789388	-19.4849410173784
			38.8572523178933	-19.4849410173784
			38.8947955568478	-19.4849410173784
			38.9323387958023	-19.5224842563329
			38.9698820347568	-19.5224842563329
			39.0074252737113	-19.5224842563329
			39.0449685126658	-19.5224842563329
			39.0825117516203	-19.5600274952874
			39.1200549905747	-19.5600274952874
			39.1575982295292	-19.5600274952874
			39.1951414684837	-19.5600274952874
			39.2326847074382	-19.5600274952874
			39.2702279463927	-19.5600274952874
			39.3077711853472	-19.5975707342419
			39.3453144243017	-19.5975707342419
			39.3828576632561	-19.5975707342419
			39.4204009022106	-19.5975707342419
			39.4579441411651	-19.5975707342419
			39.4954873801196	-19.5975707342419
			39.5330306190741	-19.5975707342419
			39.5705738580286	-19.5975707342419
			39.6081170969831	-19.5975707342419
			39.6456603359375	-19.6351139731963
			39.683203574892	-19.6351139731963
			39.7207468138465	-19.6351139731963
			39.758290052801	-19.6351139731963
			39.7958332917555	-19.6351139731963
			39.83337653071	-19.6351139731963
			39.8709197696645	-19.6351139731963
			39.908463008619	-19.6351139731963
			39.9460062475734	-19.6726572121508
			39.9835494865279	-19.6726572121508
			40.0210927254824	-19.6726572121508
			40.0586359644369	-19.6726572121508
			40.0961792033914	-19.6726572121508
			40.1337224423459	-19.6726572121508
			40.1712656813004	-19.6726572121508
			40.2088089202548	-19.6726572121508
			40.2463521592093	-19.6726572121508
			40.2838953981638	-19.7102004511053
			40.3214386371183	-19.7102004511053
			40.3589818760728	-19.7102004511053
			40.3965251150273	-19.7102004511053
			40.4340683539818	-19.7102004511053
			40.4716115929362	-19.7102004511053
			40.5091548318907	-19.7102004511053
			40.5466980708452	-19.7477436900598
			40.5842413097997	-19.7477436900598
			40.6217845487542	-19.7477436900598
			40.6593277877087	-19.7477436900598
			40.6968710266632	-19.7477436900598
			40.7344142656177	-19.7477436900598
			40.7719575045721	-19.7477436900598
			40.8095007435266	-19.7477436900598
			40.8470439824811	-19.7852869290143
			40.8845872214356	-19.7852869290143
			40.9221304603901	-19.7852869290143
			40.9596736993446	-19.7852869290143
			40.9972169382991	-19.7852869290143
			41.0347601772535	-19.7852869290143
			41.072303416208	-19.8228301679688
			41.1098466551625	-19.8228301679688
			41.147389894117	-19.8228301679688
			41.1849331330715	-19.8228301679688
			41.222476372026	-19.8228301679688
			41.2600196109805	-19.8228301679688
			41.2975628499349	-19.8228301679688
			41.3351060888894	-19.8603734069233
			41.3726493278439	-19.8603734069233
			41.4101925667984	-19.8603734069233
			41.4477358057529	-19.8603734069233
			41.4852790447074	-19.8603734069233
			41.5228222836619	-19.8603734069233
			41.5603655226164	-19.8979166458777
			41.5979087615708	-19.8979166458777
			41.6354520005253	-19.8979166458777
			41.6729952394798	-19.8979166458777
			41.7105384784343	-19.8979166458777
			41.7480817173888	-19.8979166458777
			41.7856249563433	-19.9354598848322
			41.8231681952978	-19.9354598848322
			41.8607114342522	-19.9354598848322
			41.8982546732067	-19.9354598848322
			41.9357979121612	-19.9354598848322
			41.9733411511157	-19.9354598848322
			41.9733411511157	-19.9730031237867
			42.0108843900702	-19.9730031237867
			42.0484276290247	-19.9730031237867
			42.0859708679792	-19.9730031237867
			42.1235141069336	-19.9730031237867
			42.1610573458881	-19.9730031237867
			42.1986005848426	-20.0105463627412
			42.2361438237971	-20.0105463627412
			42.2736870627516	-20.0105463627412
			42.3112303017061	-20.0105463627412
			42.3487735406606	-20.0105463627412
			42.3863167796151	-20.0105463627412
			42.4238600185695	-20.0480896016957
			42.461403257524	-20.0480896016957
			42.4989464964785	-20.0480896016957
			42.536489735433	-20.0480896016957
			42.5740329743875	-20.0480896016957
			42.611576213342	-20.0480896016957
			42.6491194522965	-20.0856328406502
			42.6866626912509	-20.0856328406502
			42.7242059302054	-20.0856328406502
			42.7617491691599	-20.0856328406502
			42.7992924081144	-20.0856328406502
			42.8368356470689	-20.0856328406502
			42.8743788860234	-20.0856328406502
			42.9119221249779	-20.1231760796047
			42.9494653639323	-20.1231760796047
			42.9870086028868	-20.1231760796047
			43.0245518418413	-20.1231760796047
			43.0620950807958	-20.1231760796047
			43.0996383197503	-20.1231760796047
			43.1371815587048	-20.1231760796047
			43.1747247976593	-20.1231760796047
			43.2122680366138	-20.1607193185592
			43.2498112755682	-20.1607193185592
			43.2873545145227	-20.1607193185592
			43.3248977534772	-20.1607193185592
			43.3624409924317	-20.1607193185592
			43.3999842313862	-20.1607193185592
			43.4375274703407	-20.1607193185592
			43.4750707092952	-20.1607193185592
			43.5126139482496	-20.1607193185592
			43.5501571872041	-20.1607193185592
			43.5877004261586	-20.1607193185592
			43.6252436651131	-20.1982625575136
			43.6627869040676	-20.1982625575136
			43.7003301430221	-20.1982625575136
			43.7378733819766	-20.1982625575136
			43.775416620931	-20.1982625575136
			43.8129598598855	-20.1982625575136
			43.85050309884	-20.1982625575136
			43.8880463377945	-20.1982625575136
			43.925589576749	-20.1982625575136
			43.9631328157035	-20.1982625575136
			44.000676054658	-20.1982625575136
		</Dorsal_adipose>
		<Adipose_caudal type=matrix rownames=FALSE colnames=FALSE nrow=144 ncol=2 as.numeric=TRUE >
			44.000676054658	-20.1982625575136
			44.0382192936124	-20.1982625575136
			44.0757625325669	-20.2358057964681
			44.1133057715214	-20.2358057964681
			44.1508490104759	-20.2358057964681
			44.1883922494304	-20.2733490354226
			44.2259354883849	-20.2733490354226
			44.2634787273394	-20.2733490354226
			44.2634787273394	-20.3108922743771
			44.3010219662939	-20.3108922743771
			44.3385652052483	-20.3108922743771
			44.3385652052483	-20.3484355133316
			44.3761084442028	-20.3484355133316
			44.4136516831573	-20.3484355133316
			44.4511949221118	-20.3859787522861
			44.4887381610663	-20.4235219912406
			44.5262814000208	-20.4235219912406
			44.5262814000208	-20.461065230195
			44.5638246389753	-20.461065230195
			44.6013678779297	-20.4986084691495
			44.6013678779297	-20.536151708104
			44.6389111168842	-20.536151708104
			44.6389111168842	-20.5736949470585
			44.6764543558387	-20.611238186013
			44.7139975947932	-20.6487814249675
			44.7515408337477	-20.686324663922
			44.7890840727022	-20.686324663922
			44.8266273116567	-20.686324663922
			44.8641705506111	-20.686324663922
			44.9017137895656	-20.686324663922
			44.9392570285201	-20.7238679028764
			44.9768002674746	-20.7238679028764
			45.0143435064291	-20.7238679028764
			45.0518867453836	-20.7238679028764
			45.0518867453836	-20.7614111418309
			45.0894299843381	-20.7614111418309
			45.1269732232926	-20.7614111418309
			45.164516462247	-20.7614111418309
			45.2020597012015	-20.7614111418309
			45.239602940156	-20.7989543807854
			45.2771461791105	-20.7989543807854
			45.314689418065	-20.7989543807854
			45.3522326570195	-20.7989543807854
			45.389775895974	-20.7989543807854
			45.4273191349284	-20.8364976197399
			45.4648623738829	-20.8364976197399
			45.5024056128374	-20.8364976197399
			45.5399488517919	-20.8364976197399
			45.5774920907464	-20.8740408586944
			45.6150353297009	-20.8740408586944
			45.6525785686554	-20.8740408586944
			45.6901218076098	-20.8740408586944
			45.7276650465643	-20.8740408586944
			45.7652082855188	-20.9115840976489
			45.8027515244733	-20.9115840976489
			45.8402947634278	-20.9115840976489
			45.8778380023823	-20.9115840976489
			45.9153812413368	-20.9115840976489
			45.9529244802913	-20.9491273366034
			45.9904677192457	-20.9491273366034
			46.0280109582002	-20.9491273366034
			46.0655541971547	-20.9491273366034
			46.1030974361092	-20.9866705755579
			46.1406406750637	-20.9866705755579
			46.1781839140182	-20.9866705755579
			46.2157271529727	-20.9866705755579
			46.2532703919271	-20.9866705755579
			46.2908136308816	-21.0242138145123
			46.3283568698361	-21.0242138145123
			46.3659001087906	-21.0242138145123
			46.4034433477451	-21.0242138145123
			46.4409865866996	-21.0242138145123
			46.4785298256541	-21.0617570534668
			46.5160730646085	-21.0617570534668
			46.553616303563	-21.0617570534668
			46.5911595425175	-21.0617570534668
			46.628702781472	-21.0617570534668
			46.6662460204265	-21.0993002924213
			46.703789259381	-21.0993002924213
			46.7413324983355	-21.0993002924213
			46.77887573729	-21.0993002924213
			46.8164189762444	-21.0993002924213
			46.8539622151989	-21.1368435313758
			46.8915054541534	-21.1368435313758
			46.9290486931079	-21.1368435313758
			46.9665919320624	-21.1368435313758
			47.0041351710169	-21.1368435313758
			47.0416784099714	-21.1743867703303
			47.0792216489258	-21.1743867703303
			47.1167648878803	-21.1743867703303
			47.1543081268348	-21.1743867703303
			47.1918513657893	-21.1743867703303
			47.2293946047438	-21.1743867703303
			47.2669378436983	-21.2119300092848
			47.3044810826528	-21.2119300092848
			47.3420243216072	-21.2119300092848
			47.3795675605617	-21.2119300092848
			47.4171107995162	-21.2119300092848
			47.4546540384707	-21.2494732482393
			47.4921972774252	-21.2494732482393
			47.5297405163797	-21.2494732482393
			47.5672837553342	-21.2494732482393
			47.6048269942887	-21.2494732482393
			47.6423702332431	-21.2494732482393
			47.6799134721976	-21.2870164871937
			47.7174567111521	-21.2870164871937
			47.7549999501066	-21.2870164871937
			47.7925431890611	-21.2870164871937
			47.8300864280156	-21.2870164871937
			47.8676296669701	-21.2870164871937
			47.9051729059245	-21.2870164871937
			47.942716144879	-21.2494732482393
			47.9802593838335	-21.2494732482393
			48.017802622788	-21.2494732482393
			48.0553458617425	-21.2494732482393
			48.092889100697	-21.2494732482393
			48.1304323396515	-21.2494732482393
			48.1679755786059	-21.2494732482393
			48.2055188175604	-21.2494732482393
			48.2430620565149	-21.2494732482393
			48.2806052954694	-21.2494732482393
			48.3181485344239	-21.2494732482393
			48.3556917733784	-21.2494732482393
			48.3932350123329	-21.2494732482393
			48.4307782512874	-21.2494732482393
			48.4683214902418	-21.2494732482393
			48.5058647291963	-21.2494732482393
			48.5434079681508	-21.2494732482393
			48.5809512071053	-21.2494732482393
			48.6184944460598	-21.2494732482393
			48.6560376850143	-21.2494732482393
			48.6935809239688	-21.2494732482393
			48.7311241629232	-21.2494732482393
			48.7686674018777	-21.2494732482393
			48.8062106408322	-21.2494732482393
			48.8437538797867	-21.2494732482393
			48.8812971187412	-21.2494732482393
			48.9188403576957	-21.2870164871937
			48.9563835966502	-21.2870164871937
			48.9939268356046	-21.2870164871937
			49.0314700745591	-21.3245597261482
			49.0690133135136	-21.3245597261482
			49.1065565524681	-21.3621029651027
			49.1440997914226	-21.3996462040572
		</Adipose_caudal>
		<Caudal_anal type=matrix rownames=FALSE colnames=FALSE nrow=250 ncol=2 as.numeric=TRUE >
			48.9939268356046	-25.5669457280052
			48.9563835966502	-25.5669457280052
			48.9188403576957	-25.5669457280052
			48.8812971187412	-25.6044889669597
			48.8437538797867	-25.6044889669597
			48.8062106408322	-25.6044889669597
			48.7686674018777	-25.6044889669597
			48.7311241629232	-25.6044889669597
			48.6935809239688	-25.6044889669597
			48.6560376850143	-25.6044889669597
			48.6184944460598	-25.6044889669597
			48.5809512071053	-25.6044889669597
			48.5434079681508	-25.6044889669597
			48.5058647291963	-25.6044889669597
			48.4683214902418	-25.6044889669597
			48.4307782512874	-25.6044889669597
			48.3932350123329	-25.6044889669597
			48.3556917733784	-25.6044889669597
			48.3181485344239	-25.6044889669597
			48.2806052954694	-25.5669457280052
			48.2430620565149	-25.5669457280052
			48.2055188175604	-25.5669457280052
			48.1679755786059	-25.5669457280052
			48.1304323396515	-25.5669457280052
			48.092889100697	-25.5669457280052
			48.0553458617425	-25.5669457280052
			48.0553458617425	-25.5294024890507
			48.017802622788	-25.5294024890507
			47.9802593838335	-25.5294024890507
			47.942716144879	-25.5294024890507
			47.9051729059245	-25.5294024890507
			47.8676296669701	-25.5294024890507
			47.8300864280156	-25.4918592500962
			47.7925431890611	-25.4918592500962
			47.7549999501066	-25.4918592500962
			47.7174567111521	-25.4918592500962
			47.6799134721976	-25.4543160111417
			47.6423702332431	-25.4543160111417
			47.6048269942887	-25.4543160111417
			47.5672837553342	-25.4543160111417
			47.5297405163797	-25.4543160111417
			47.4921972774252	-25.4543160111417
			47.4546540384707	-25.4167727721872
			47.4171107995162	-25.4167727721872
			47.3795675605617	-25.4167727721872
			47.3420243216072	-25.4167727721872
			47.3044810826528	-25.4167727721872
			47.2669378436983	-25.4167727721872
			47.2293946047438	-25.4167727721872
			47.1918513657893	-25.4167727721872
			47.1543081268348	-25.4167727721872
			47.1167648878803	-25.4167727721872
			47.0792216489258	-25.4167727721872
			47.0416784099714	-25.4167727721872
			47.0041351710169	-25.4167727721872
			46.9665919320624	-25.4167727721872
			46.9290486931079	-25.4167727721872
			46.8915054541534	-25.4167727721872
			46.8539622151989	-25.4167727721872
			46.8164189762444	-25.4167727721872
			46.77887573729	-25.4167727721872
			46.7413324983355	-25.4167727721872
			46.703789259381	-25.4167727721872
			46.6662460204265	-25.4167727721872
			46.628702781472	-25.4167727721872
			46.5911595425175	-25.4543160111417
			46.553616303563	-25.4543160111417
			46.5160730646085	-25.4543160111417
			46.4785298256541	-25.4543160111417
			46.4409865866996	-25.4543160111417
			46.4034433477451	-25.4543160111417
			46.3659001087906	-25.4543160111417
			46.3283568698361	-25.4918592500962
			46.2908136308816	-25.4918592500962
			46.2532703919271	-25.4918592500962
			46.2157271529727	-25.4918592500962
			46.1781839140182	-25.4918592500962
			46.1406406750637	-25.4918592500962
			46.1030974361092	-25.5294024890507
			46.0655541971547	-25.5294024890507
			46.0280109582002	-25.5294024890507
			45.9904677192457	-25.5294024890507
			45.9529244802913	-25.5294024890507
			45.9153812413368	-25.5669457280052
			45.8778380023823	-25.5669457280052
			45.8402947634278	-25.5669457280052
			45.8027515244733	-25.5669457280052
			45.7652082855188	-25.6044889669597
			45.7276650465643	-25.6044889669597
			45.6901218076098	-25.6044889669597
			45.6525785686554	-25.6044889669597
			45.6150353297009	-25.6420322059142
			45.5774920907464	-25.6420322059142
			45.5399488517919	-25.6420322059142
			45.5024056128374	-25.6420322059142
			45.4648623738829	-25.6795754448686
			45.4273191349284	-25.6795754448686
			45.389775895974	-25.6795754448686
			45.3522326570195	-25.7171186838231
			45.314689418065	-25.7171186838231
			45.2771461791105	-25.7171186838231
			45.239602940156	-25.7171186838231
			45.2020597012015	-25.7546619227776
			45.164516462247	-25.7546619227776
			45.1269732232926	-25.7546619227776
			45.0894299843381	-25.7546619227776
			45.0518867453836	-25.7922051617321
			45.0143435064291	-25.7922051617321
			44.9768002674746	-25.7922051617321
			44.9392570285201	-25.7922051617321
			44.9017137895656	-25.8297484006866
			44.8641705506111	-25.8297484006866
			44.8266273116567	-25.8672916396411
			44.7890840727022	-25.8672916396411
			44.7515408337477	-25.8672916396411
			44.7139975947932	-25.8672916396411
			44.6764543558387	-25.8672916396411
			44.6389111168842	-25.9048348785956
			44.6013678779297	-25.9048348785956
			44.5638246389753	-25.9048348785956
			44.5262814000208	-25.94237811755
			44.4887381610663	-25.94237811755
			44.4511949221118	-25.94237811755
			44.4136516831573	-25.94237811755
			44.3761084442028	-25.9799213565045
			44.3385652052483	-25.9799213565045
			44.3010219662939	-25.9799213565045
			44.2634787273394	-25.9799213565045
			44.2259354883849	-25.9799213565045
			44.1883922494304	-26.017464595459
			44.1508490104759	-26.017464595459
			44.1133057715214	-26.017464595459
			44.0757625325669	-26.017464595459
			44.0382192936124	-26.0550078344135
			44.000676054658	-26.0550078344135
			43.9631328157035	-26.0550078344135
			43.925589576749	-26.0550078344135
			43.8880463377945	-26.092551073368
			43.85050309884	-26.092551073368
			43.8129598598855	-26.092551073368
			43.775416620931	-26.092551073368
			43.7378733819766	-26.1300943123225
			43.7003301430221	-26.1300943123225
			43.6627869040676	-26.1300943123225
			43.6252436651131	-26.1300943123225
			43.5877004261586	-26.1300943123225
			43.5501571872041	-26.167637551277
			43.5126139482496	-26.167637551277
			43.4750707092952	-26.167637551277
			43.4375274703407	-26.167637551277
			43.3999842313862	-26.2051807902314
			43.3624409924317	-26.2051807902314
			43.3248977534772	-26.2051807902314
			43.2873545145227	-26.2051807902314
			43.2498112755682	-26.2051807902314
			43.2122680366138	-26.2427240291859
			43.1747247976593	-26.2427240291859
			43.1371815587048	-26.2427240291859
			43.0996383197503	-26.2427240291859
			43.0620950807958	-26.2427240291859
			43.0245518418413	-26.2802672681404
			42.9870086028868	-26.2802672681404
			42.9494653639323	-26.2802672681404
			42.9119221249779	-26.2802672681404
			42.8743788860234	-26.2802672681404
			42.8368356470689	-26.3178105070949
			42.7992924081144	-26.3178105070949
			42.7617491691599	-26.3178105070949
			42.7242059302054	-26.3178105070949
			42.6866626912509	-26.3178105070949
			42.6491194522965	-26.3553537460494
			42.611576213342	-26.3553537460494
			42.5740329743875	-26.3553537460494
			42.536489735433	-26.3553537460494
			42.4989464964785	-26.3553537460494
			42.461403257524	-26.3553537460494
			42.4238600185695	-26.3928969850039
			42.3863167796151	-26.3928969850039
			42.3487735406606	-26.3928969850039
			42.3112303017061	-26.3928969850039
			42.2736870627516	-26.3928969850039
			42.2361438237971	-26.3928969850039
			42.1986005848426	-26.4304402239584
			42.1610573458881	-26.4304402239584
			42.1235141069336	-26.4304402239584
			42.0859708679792	-26.4304402239584
			42.0484276290247	-26.4304402239584
			42.0108843900702	-26.4304402239584
			41.9733411511157	-26.4679834629129
			41.9357979121612	-26.4679834629129
			41.8982546732067	-26.4679834629129
			41.8607114342522	-26.4679834629129
			41.8231681952978	-26.4679834629129
			41.7856249563433	-26.4679834629129
			41.7480817173888	-26.4679834629129
			41.7105384784343	-26.5055267018673
			41.6729952394798	-26.5055267018673
			41.6354520005253	-26.5055267018673
			41.5979087615708	-26.5055267018673
			41.5603655226164	-26.5055267018673
			41.5228222836619	-26.5055267018673
			41.4852790447074	-26.5055267018673
			41.4477358057529	-26.5055267018673
			41.4101925667984	-26.5430699408218
			41.3726493278439	-26.5430699408218
			41.3351060888894	-26.5430699408218
			41.2975628499349	-26.5430699408218
			41.2600196109805	-26.5430699408218
			41.222476372026	-26.5430699408218
			41.1849331330715	-26.5430699408218
			41.147389894117	-26.5806131797763
			41.1098466551625	-26.5806131797763
			41.072303416208	-26.5806131797763
			41.0347601772535	-26.5806131797763
			40.9972169382991	-26.5806131797763
			40.9596736993446	-26.5806131797763
			40.9221304603901	-26.5806131797763
			40.8845872214356	-26.5806131797763
			40.8470439824811	-26.5806131797763
			40.8095007435266	-26.5806131797763
			40.7719575045721	-26.5806131797763
			40.7344142656177	-26.6181564187308
			40.6968710266632	-26.6181564187308
			40.6593277877087	-26.6181564187308
			40.6217845487542	-26.6181564187308
			40.5842413097997	-26.6181564187308
			40.5466980708452	-26.6181564187308
			40.5091548318907	-26.6181564187308
			40.4716115929362	-26.6181564187308
			40.4340683539818	-26.6181564187308
			40.3965251150273	-26.6181564187308
			40.3589818760728	-26.6181564187308
			40.3214386371183	-26.6181564187308
			40.2838953981638	-26.6181564187308
			40.2463521592093	-26.6181564187308
			40.2088089202548	-26.6556996576853
			40.1712656813004	-26.6556996576853
			40.1337224423459	-26.6556996576853
			40.0961792033914	-26.6556996576853
			40.0586359644369	-26.6556996576853
			40.0210927254824	-26.6556996576853
			39.9835494865279	-26.6556996576853
			39.9460062475734	-26.6556996576853
			39.908463008619	-26.6556996576853
			39.8709197696645	-26.6556996576853
			39.83337653071	-26.6556996576853
			39.7958332917555	-26.6556996576853
			39.758290052801	-26.6556996576853
			39.7207468138465	-26.6556996576853
			39.683203574892	-26.6556996576853
		</Caudal_anal>
	</curves.scaled>
	<ruler.points type=matrix rownames=TRUE colnames=FALSE nrow=3 ncol=2 as.numeric=TRUE >
		Ruler point 1	531	780
		Ruler point 2	662	805
		Ruler point 3	793	828
	</ruler.points>
</shapes>

