<shapes type=list>
	<ruler.pixel type=vector names=FALSE length=1 as.numeric=TRUE >128.164932595344</ruler.pixel>
	<ruler.interval type=vector names=FALSE length=1 as.numeric=TRUE >5</ruler.interval>
	<scaling.units type=vector names=FALSE length=1 as.numeric=FALSE >mm</scaling.units>
	<scaling type=vector names=FALSE length=1 as.numeric=TRUE >0.0390122313393363</scaling>
	<landmarks.pixel type=matrix rownames=TRUE colnames=FALSE nrow=11 ncol=2 as.numeric=TRUE >
		Anterior_eye	453	608
		Posterior_eye	568	613
		Posterior_Maxilla	626	711
		Anterior_Maxilla	434	627
		Dorsal_fin_insertion	867	461
		Adipose_fin_insertion	1156	519
		Dorsal_caudal	1309	553
		Ventral_caudal	1311	684
		Anal_fin_insertion	1041	714
		Pelvic_fin_insertion	855	703
		Pectoral_fin_insertion	735	685
	</landmarks.pixel>
	<landmarks.scaled type=matrix rownames=TRUE colnames=FALSE nrow=11 ncol=2 as.numeric=TRUE >
		Anterior_eye	17.6725407967194	-23.7194366543165
		Posterior_eye	22.158947400743	-23.9144978110132
		Posterior_Maxilla	24.4216568184245	-27.7376964822681
		Anterior_Maxilla	16.931308401272	-24.4606690497639
		Dorsal_fin_insertion	33.8236045712046	-17.984638647434
		Adipose_fin_insertion	45.0981394282728	-20.2473480651156
		Dorsal_caudal	51.0670108231913	-21.573763930653
		Ventral_caudal	51.1450352858699	-26.6843662361061
		Anal_fin_insertion	40.6117328242491	-27.8547331762861
		Pelvic_fin_insertion	33.3554577951326	-27.4255986315534
		Pectoral_fin_insertion	28.6739900344122	-26.7233784674454
	</landmarks.scaled>
	<curves.control type=list>
		<Snout_dorsal type=matrix rownames=FALSE colnames=FALSE nrow=7 ncol=2 as.numeric=TRUE >
			434	627
			439	553
			522	508
			584	481
			698	480
			803	477
			867	461
		</Snout_dorsal>
		<Dorsal_adipose type=matrix rownames=FALSE colnames=FALSE nrow=5 ncol=2 as.numeric=TRUE >
			867	461
			928	477
			1037	498
			1097	524
			1156	519
		</Dorsal_adipose>
		<Adipose_caudal type=matrix rownames=FALSE colnames=FALSE nrow=7 ncol=2 as.numeric=TRUE >
			1156	519
			1186	521
			1184	538
			1234	549
			1269	553
			1296	549
			1309	553
		</Adipose_caudal>
		<Caudal_anal type=matrix rownames=FALSE colnames=FALSE nrow=9 ncol=2 as.numeric=TRUE >
			1311	684
			1300	689
			1265	678
			1248	673
			1219	684
			1198	690
			1150	696
			1083	705
			1041	714
		</Caudal_anal>
	</curves.control>
	<curves.pixel type=list>
		<Snout_dorsal type=matrix rownames=FALSE colnames=FALSE nrow=491 ncol=2 as.numeric=TRUE >
			434	627
			434	626
			434	625
			434	624
			434	623
			434	622
			435	621
			435	620
			435	619
			435	618
			435	617
			435	616
			435	615
			436	614
			436	613
			436	612
			436	611
			436	610
			436	609
			437	608
			437	607
			437	606
			437	605
			438	604
			438	603
			438	602
			438	601
			439	601
			439	600
			439	599
			439	598
			440	597
			440	596
			440	595
			441	594
			441	593
			441	592
			442	591
			442	590
			443	589
			443	588
			443	587
			444	586
			444	585
			445	584
			445	583
			445	582
			446	581
			446	580
			447	579
			447	578
			448	577
			448	576
			449	575
			449	574
			450	574
			450	573
			451	572
			451	571
			452	570
			453	569
			453	568
			454	567
			454	566
			455	565
			456	564
			457	563
			458	562
			458	561
			459	560
			459	559
			460	559
			460	558
			461	557
			462	556
			463	555
			464	554
			464	553
			465	552
			466	551
			467	550
			468	549
			469	548
			470	547
			471	546
			471	545
			472	544
			473	543
			474	543
			475	542
			476	541
			477	540
			478	539
			478	538
			479	538
			480	537
			481	536
			482	535
			483	534
			484	533
			485	533
			486	532
			487	531
			488	530
			489	529
			490	529
			491	528
			492	527
			493	526
			494	526
			495	525
			496	524
			497	523
			498	522
			499	522
			500	521
			501	521
			501	520
			502	520
			503	519
			504	519
			505	518
			506	518
			507	517
			507	516
			508	516
			509	515
			510	515
			511	514
			512	514
			513	513
			514	512
			515	512
			516	511
			517	510
			518	510
			519	510
			519	509
			520	509
			521	509
			521	508
			522	508
			523	508
			524	507
			525	507
			526	506
			527	506
			528	506
			529	505
			530	505
			531	504
			532	504
			533	504
			534	503
			535	503
			536	502
			537	502
			538	502
			539	501
			540	501
			541	501
			542	500
			543	500
			544	500
			545	499
			546	499
			547	499
			548	499
			549	498
			550	498
			551	498
			552	497
			553	497
			554	497
			555	496
			556	496
			557	496
			558	496
			559	495
			560	495
			561	495
			562	495
			563	494
			564	494
			565	494
			566	494
			567	493
			568	493
			569	493
			570	493
			571	492
			572	492
			573	492
			574	492
			575	492
			576	491
			577	491
			578	491
			579	491
			580	491
			581	490
			582	490
			583	490
			584	490
			585	490
			586	489
			587	489
			588	489
			589	489
			590	489
			591	489
			592	488
			593	488
			594	488
			595	488
			596	488
			597	488
			598	487
			599	487
			600	487
			601	487
			602	487
			603	487
			604	486
			605	486
			606	486
			607	486
			608	486
			609	486
			610	486
			611	485
			612	485
			613	485
			614	485
			615	485
			616	485
			617	485
			618	485
			619	485
			620	484
			621	484
			622	484
			623	484
			624	484
			625	484
			626	484
			627	484
			628	484
			629	483
			630	483
			631	483
			632	483
			633	483
			634	483
			635	483
			636	483
			637	483
			638	483
			639	483
			640	482
			641	482
			642	482
			643	482
			644	482
			645	482
			646	482
			647	482
			648	482
			649	482
			650	482
			651	482
			652	482
			653	482
			654	481
			655	481
			656	481
			657	481
			658	481
			659	481
			660	481
			661	481
			662	481
			663	481
			664	481
			665	481
			666	481
			667	481
			668	481
			669	481
			670	481
			671	481
			672	481
			673	481
			674	481
			675	481
			675	480
			676	480
			677	480
			678	480
			679	480
			680	480
			681	480
			682	480
			683	480
			684	480
			685	480
			686	480
			687	480
			688	480
			689	480
			690	480
			691	480
			692	480
			693	480
			694	480
			695	480
			696	480
			697	480
			698	480
			699	480
			700	480
			701	480
			702	480
			703	480
			704	480
			705	480
			706	480
			707	480
			708	480
			709	480
			710	480
			711	480
			712	480
			713	479
			714	479
			715	479
			716	479
			717	479
			718	479
			719	479
			720	479
			721	479
			722	479
			723	479
			724	479
			725	479
			726	479
			727	479
			728	479
			729	479
			730	479
			731	479
			732	479
			733	479
			734	479
			735	478
			736	478
			737	478
			738	478
			739	478
			740	478
			741	478
			742	478
			743	478
			744	478
			745	478
			746	478
			747	478
			748	478
			749	478
			750	478
			751	478
			751	477
			752	477
			753	477
			754	477
			755	477
			756	477
			757	477
			758	477
			759	477
			760	477
			761	477
			762	477
			763	477
			764	476
			765	476
			766	476
			767	476
			768	476
			769	476
			770	476
			771	476
			772	476
			773	476
			774	476
			775	476
			776	475
			777	475
			778	475
			779	475
			780	475
			781	475
			782	475
			783	475
			784	475
			785	475
			786	474
			787	474
			788	474
			789	474
			790	474
			791	474
			792	474
			793	474
			794	474
			795	473
			796	473
			797	473
			798	473
			799	473
			800	473
			801	473
			802	473
			803	473
			804	472
			805	472
			806	472
			807	472
			808	472
			809	472
			810	472
			811	471
			812	471
			813	471
			814	471
			815	471
			816	471
			817	471
			818	470
			819	470
			820	470
			821	470
			822	470
			823	470
			824	470
			825	469
			826	469
			827	469
			828	469
			829	469
			830	469
			831	468
			832	468
			833	468
			834	468
			835	468
			836	468
			837	467
			838	467
			839	467
			840	467
			841	467
			842	466
			843	466
			844	466
			845	466
			846	466
			847	465
			848	465
			849	465
			850	465
			851	465
			852	464
			853	464
			854	464
			855	464
			856	464
			856	463
			857	463
			858	463
			859	463
			860	463
			861	462
			862	462
			863	462
			864	462
			865	462
			865	461
			866	461
			867	461
		</Snout_dorsal>
		<Dorsal_adipose type=matrix rownames=FALSE colnames=FALSE nrow=294 ncol=2 as.numeric=TRUE >
			867	461
			868	461
			869	461
			869	462
			870	462
			871	462
			872	462
			873	463
			874	463
			875	463
			876	463
			877	464
			878	464
			879	464
			880	464
			881	465
			882	465
			883	465
			884	465
			885	466
			886	466
			887	466
			888	466
			889	467
			890	467
			891	467
			892	467
			893	468
			894	468
			895	468
			896	468
			897	468
			898	469
			899	469
			900	469
			901	469
			902	470
			903	470
			904	470
			905	470
			906	471
			907	471
			908	471
			909	471
			910	472
			911	472
			912	472
			913	472
			914	473
			915	473
			916	473
			917	473
			918	473
			919	474
			920	474
			921	474
			922	474
			923	475
			924	475
			925	475
			926	475
			927	475
			928	476
			929	476
			930	476
			931	476
			932	476
			933	477
			934	477
			935	477
			936	477
			937	478
			938	478
			939	478
			940	478
			941	478
			942	479
			943	479
			944	479
			945	479
			946	480
			947	480
			948	480
			949	480
			950	480
			951	481
			952	481
			953	481
			954	481
			955	481
			956	482
			957	482
			958	482
			959	482
			960	483
			961	483
			962	483
			963	483
			964	483
			965	484
			966	484
			967	484
			968	484
			969	484
			970	485
			971	485
			972	485
			973	485
			974	485
			975	486
			976	486
			977	486
			978	486
			979	486
			979	487
			980	487
			981	487
			982	487
			983	487
			984	488
			985	488
			986	488
			987	488
			988	488
			989	488
			990	489
			991	489
			992	489
			993	489
			994	490
			995	490
			996	490
			997	490
			998	490
			999	491
			1000	491
			1001	491
			1002	491
			1003	491
			1004	492
			1005	492
			1006	492
			1007	492
			1008	492
			1009	493
			1010	493
			1011	493
			1012	493
			1013	493
			1014	493
			1015	494
			1016	494
			1017	494
			1018	494
			1019	494
			1020	495
			1021	495
			1022	495
			1023	495
			1024	496
			1025	496
			1026	496
			1027	496
			1028	496
			1029	496
			1030	497
			1031	497
			1032	497
			1033	497
			1034	497
			1035	498
			1036	498
			1037	498
			1038	498
			1038	499
			1039	499
			1040	499
			1041	500
			1042	500
			1043	501
			1044	501
			1045	502
			1046	502
			1047	502
			1048	502
			1048	503
			1049	503
			1050	503
			1051	504
			1052	504
			1053	504
			1054	505
			1055	505
			1056	505
			1057	506
			1058	506
			1059	507
			1060	507
			1061	507
			1062	508
			1063	508
			1064	508
			1065	509
			1066	509
			1067	509
			1068	509
			1069	510
			1070	510
			1071	510
			1072	511
			1073	511
			1074	511
			1075	511
			1076	512
			1077	512
			1078	512
			1079	513
			1080	513
			1081	513
			1082	513
			1083	513
			1084	514
			1085	514
			1086	514
			1087	514
			1088	515
			1089	515
			1090	515
			1091	515
			1092	515
			1093	516
			1094	516
			1095	516
			1096	516
			1097	516
			1098	517
			1099	517
			1100	517
			1101	517
			1102	517
			1103	517
			1104	517
			1105	518
			1106	518
			1107	518
			1108	518
			1109	518
			1110	518
			1111	518
			1112	518
			1113	519
			1114	519
			1115	519
			1116	519
			1117	519
			1118	519
			1119	519
			1120	519
			1121	519
			1122	519
			1123	519
			1124	519
			1125	520
			1126	520
			1127	520
			1128	520
			1129	520
			1130	520
			1131	520
			1132	520
			1133	520
			1134	520
			1135	520
			1136	520
			1137	520
			1138	520
			1139	520
			1140	520
			1141	520
			1142	520
			1143	520
			1144	520
			1145	520
			1146	520
			1147	520
			1148	520
			1149	519
			1150	519
			1151	519
			1152	519
			1153	519
			1154	519
			1155	519
			1156	519
		</Dorsal_adipose>
		<Adipose_caudal type=matrix rownames=FALSE colnames=FALSE nrow=164 ncol=2 as.numeric=TRUE >
			1156	519
			1157	519
			1158	519
			1159	519
			1160	519
			1161	519
			1162	520
			1163	520
			1164	520
			1165	520
			1166	520
			1167	520
			1168	521
			1169	521
			1170	521
			1171	522
			1172	522
			1173	522
			1174	522
			1174	523
			1175	523
			1176	523
			1177	524
			1178	525
			1179	525
			1180	526
			1181	527
			1182	528
			1183	529
			1183	530
			1183	531
			1183	532
			1184	532
			1184	533
			1184	534
			1184	535
			1184	536
			1184	537
			1185	538
			1186	538
			1187	539
			1188	539
			1189	539
			1190	539
			1191	540
			1192	540
			1193	540
			1194	540
			1195	540
			1196	541
			1197	541
			1198	541
			1199	541
			1200	541
			1201	542
			1202	542
			1203	542
			1204	542
			1205	542
			1206	543
			1207	543
			1208	543
			1209	543
			1210	543
			1210	544
			1211	544
			1212	544
			1213	544
			1214	544
			1215	545
			1216	545
			1217	545
			1218	545
			1219	545
			1220	545
			1221	546
			1222	546
			1223	546
			1224	546
			1225	546
			1226	547
			1227	547
			1228	547
			1229	547
			1230	547
			1231	547
			1232	548
			1233	548
			1234	548
			1235	548
			1236	548
			1237	548
			1238	549
			1239	549
			1240	549
			1241	549
			1242	549
			1243	549
			1244	550
			1245	550
			1246	550
			1247	550
			1248	550
			1249	550
			1250	551
			1251	551
			1252	551
			1253	551
			1254	551
			1255	551
			1256	551
			1257	551
			1258	552
			1259	552
			1260	552
			1261	552
			1262	552
			1263	552
			1264	552
			1265	553
			1266	553
			1267	553
			1268	553
			1269	553
			1270	553
			1271	553
			1272	553
			1273	552
			1274	552
			1275	552
			1276	552
			1277	552
			1278	552
			1279	552
			1280	552
			1281	552
			1282	551
			1283	551
			1284	551
			1285	551
			1286	551
			1287	551
			1288	551
			1289	551
			1290	551
			1291	551
			1292	551
			1293	551
			1294	551
			1295	551
			1296	551
			1297	551
			1298	551
			1299	551
			1300	551
			1301	551
			1302	552
			1303	552
			1304	552
			1305	552
			1306	552
			1307	552
			1308	553
			1309	553
		</Adipose_caudal>
		<Caudal_anal type=matrix rownames=FALSE colnames=FALSE nrow=275 ncol=2 as.numeric=TRUE >
			1311	684
			1310	684
			1310	685
			1309	685
			1308	685
			1307	685
			1306	685
			1305	685
			1304	686
			1303	686
			1302	686
			1301	686
			1300	686
			1299	685
			1298	685
			1297	685
			1296	685
			1295	685
			1294	685
			1293	685
			1292	685
			1291	685
			1290	684
			1289	684
			1288	684
			1287	684
			1286	684
			1285	683
			1284	683
			1283	683
			1282	683
			1281	683
			1280	682
			1279	682
			1278	682
			1277	681
			1276	681
			1275	681
			1274	681
			1273	680
			1272	680
			1271	680
			1270	680
			1269	679
			1268	679
			1267	679
			1266	678
			1265	678
			1264	678
			1263	678
			1262	677
			1261	677
			1260	677
			1259	677
			1258	677
			1257	677
			1256	677
			1255	676
			1254	676
			1253	676
			1252	676
			1251	676
			1250	677
			1249	677
			1248	677
			1247	677
			1246	677
			1245	677
			1244	677
			1243	677
			1242	678
			1241	678
			1240	678
			1239	678
			1238	678
			1237	678
			1236	679
			1235	679
			1234	679
			1233	679
			1232	680
			1231	680
			1230	680
			1229	680
			1228	681
			1227	681
			1226	681
			1225	682
			1224	682
			1223	683
			1222	683
			1221	683
			1220	684
			1219	684
			1218	684
			1217	684
			1216	685
			1215	685
			1214	685
			1213	686
			1212	686
			1211	686
			1210	686
			1209	686
			1208	687
			1207	687
			1206	687
			1205	687
			1204	688
			1203	688
			1202	688
			1201	688
			1200	688
			1199	689
			1198	689
			1197	689
			1196	689
			1195	689
			1194	689
			1193	690
			1192	690
			1191	690
			1190	690
			1189	690
			1188	690
			1187	691
			1186	691
			1185	691
			1184	691
			1183	691
			1182	691
			1181	692
			1180	692
			1179	692
			1178	692
			1177	692
			1176	693
			1175	693
			1174	693
			1173	693
			1172	693
			1171	693
			1170	693
			1169	694
			1168	694
			1167	694
			1166	694
			1165	694
			1164	694
			1163	694
			1162	694
			1161	695
			1160	695
			1159	695
			1158	695
			1157	695
			1156	695
			1155	695
			1154	695
			1153	696
			1152	696
			1151	696
			1150	696
			1149	696
			1148	696
			1147	696
			1146	696
			1146	697
			1145	697
			1144	697
			1143	697
			1142	697
			1141	697
			1140	697
			1139	698
			1138	698
			1137	698
			1136	698
			1135	698
			1134	698
			1133	698
			1132	698
			1131	699
			1130	699
			1129	699
			1128	699
			1127	699
			1126	699
			1125	699
			1125	700
			1124	700
			1123	700
			1122	700
			1121	700
			1120	700
			1119	700
			1118	701
			1117	701
			1116	701
			1115	701
			1114	701
			1113	701
			1112	701
			1111	702
			1110	702
			1109	702
			1108	702
			1107	702
			1106	702
			1105	702
			1104	703
			1103	703
			1102	703
			1101	703
			1100	703
			1099	703
			1098	704
			1097	704
			1096	704
			1095	704
			1094	704
			1093	704
			1092	705
			1091	705
			1090	705
			1089	705
			1088	705
			1087	705
			1086	705
			1086	706
			1085	706
			1084	706
			1083	706
			1082	706
			1081	706
			1080	707
			1079	707
			1078	707
			1077	707
			1076	707
			1075	707
			1074	708
			1073	708
			1072	708
			1071	708
			1070	708
			1069	709
			1068	709
			1067	709
			1066	709
			1065	709
			1064	709
			1063	710
			1062	710
			1061	710
			1060	710
			1059	710
			1058	711
			1057	711
			1056	711
			1055	711
			1054	711
			1053	712
			1052	712
			1051	712
			1050	712
			1049	712
			1048	713
			1047	713
			1046	713
			1045	713
			1044	713
			1043	714
			1042	714
			1041	714
		</Caudal_anal>
	</curves.pixel>
	<curves.scaled type=list>
		<Snout_dorsal type=matrix rownames=FALSE colnames=FALSE nrow=491 ncol=2 as.numeric=TRUE >
			16.931308401272	-24.4606690497639
			16.931308401272	-24.4216568184245
			16.931308401272	-24.3826445870852
			16.931308401272	-24.3436323557459
			16.931308401272	-24.3046201244065
			16.931308401272	-24.2656078930672
			16.9703206326113	-24.2265956617279
			16.9703206326113	-24.1875834303885
			16.9703206326113	-24.1485711990492
			16.9703206326113	-24.1095589677099
			16.9703206326113	-24.0705467363705
			16.9703206326113	-24.0315345050312
			16.9703206326113	-23.9925222736918
			17.0093328639506	-23.9535100423525
			17.0093328639506	-23.9144978110132
			17.0093328639506	-23.8754855796738
			17.0093328639506	-23.8364733483345
			17.0093328639506	-23.7974611169952
			17.0093328639506	-23.7584488856558
			17.04834509529	-23.7194366543165
			17.04834509529	-23.6804244229772
			17.04834509529	-23.6414121916378
			17.04834509529	-23.6023999602985
			17.0873573266293	-23.5633877289591
			17.0873573266293	-23.5243754976198
			17.0873573266293	-23.4853632662805
			17.0873573266293	-23.4463510349411
			17.1263695579686	-23.4463510349411
			17.1263695579686	-23.4073388036018
			17.1263695579686	-23.3683265722625
			17.1263695579686	-23.3293143409231
			17.165381789308	-23.2903021095838
			17.165381789308	-23.2512898782445
			17.165381789308	-23.2122776469051
			17.2043940206473	-23.1732654155658
			17.2043940206473	-23.1342531842264
			17.2043940206473	-23.0952409528871
			17.2434062519867	-23.0562287215478
			17.2434062519867	-23.0172164902084
			17.282418483326	-22.9782042588691
			17.282418483326	-22.9391920275298
			17.282418483326	-22.9001797961904
			17.3214307146653	-22.8611675648511
			17.3214307146653	-22.8221553335118
			17.3604429460047	-22.7831431021724
			17.3604429460047	-22.7441308708331
			17.3604429460047	-22.7051186394937
			17.399455177344	-22.6661064081544
			17.399455177344	-22.6270941768151
			17.4384674086833	-22.5880819454757
			17.4384674086833	-22.5490697141364
			17.4774796400227	-22.5100574827971
			17.4774796400227	-22.4710452514577
			17.516491871362	-22.4320330201184
			17.516491871362	-22.3930207887791
			17.5555041027013	-22.3930207887791
			17.5555041027013	-22.3540085574397
			17.5945163340407	-22.3149963261004
			17.5945163340407	-22.275984094761
			17.63352856538	-22.2369718634217
			17.6725407967194	-22.1979596320824
			17.6725407967194	-22.158947400743
			17.7115530280587	-22.1199351694037
			17.7115530280587	-22.0809229380644
			17.750565259398	-22.041910706725
			17.7895774907374	-22.0028984753857
			17.8285897220767	-21.9638862440464
			17.867601953416	-21.924874012707
			17.867601953416	-21.8858617813677
			17.9066141847554	-21.8468495500283
			17.9066141847554	-21.807837318689
			17.9456264160947	-21.807837318689
			17.9456264160947	-21.7688250873497
			17.984638647434	-21.7298128560103
			18.0236508787734	-21.690800624671
			18.0626631101127	-21.6517883933317
			18.1016753414521	-21.6127761619923
			18.1016753414521	-21.573763930653
			18.1406875727914	-21.5347516993137
			18.1796998041307	-21.4957394679743
			18.2187120354701	-21.456727236635
			18.2577242668094	-21.4177150052956
			18.2967364981487	-21.3787027739563
			18.3357487294881	-21.339690542617
			18.3747609608274	-21.3006783112776
			18.3747609608274	-21.2616660799383
			18.4137731921667	-21.222653848599
			18.4527854235061	-21.1836416172596
			18.4917976548454	-21.1836416172596
			18.5308098861848	-21.1446293859203
			18.5698221175241	-21.105617154581
			18.6088343488634	-21.0666049232416
			18.6478465802028	-21.0275926919023
			18.6478465802028	-20.9885804605629
			18.6868588115421	-20.9885804605629
			18.7258710428814	-20.9495682292236
			18.7648832742208	-20.9105559978843
			18.8038955055601	-20.8715437665449
			18.8429077368994	-20.8325315352056
			18.8819199682388	-20.7935193038663
			18.9209321995781	-20.7935193038663
			18.9599444309175	-20.7545070725269
			18.9989566622568	-20.7154948411876
			19.0379688935961	-20.6764826098483
			19.0769811249355	-20.6374703785089
			19.1159933562748	-20.6374703785089
			19.1550055876141	-20.5984581471696
			19.1940178189535	-20.5594459158302
			19.2330300502928	-20.5204336844909
			19.2720422816321	-20.5204336844909
			19.3110545129715	-20.4814214531516
			19.3500667443108	-20.4424092218122
			19.3890789756502	-20.4033969904729
			19.4280912069895	-20.3643847591336
			19.4671034383288	-20.3643847591336
			19.5061156696682	-20.3253725277942
			19.5451279010075	-20.3253725277942
			19.5451279010075	-20.2863602964549
			19.5841401323468	-20.2863602964549
			19.6231523636862	-20.2473480651156
			19.6621645950255	-20.2473480651156
			19.7011768263648	-20.2083358337762
			19.7401890577042	-20.2083358337762
			19.7792012890435	-20.1693236024369
			19.7792012890435	-20.1303113710975
			19.8182135203829	-20.1303113710975
			19.8572257517222	-20.0912991397582
			19.8962379830615	-20.0912991397582
			19.9352502144009	-20.0522869084189
			19.9742624457402	-20.0522869084189
			20.0132746770795	-20.0132746770795
			20.0522869084189	-19.9742624457402
			20.0912991397582	-19.9742624457402
			20.1303113710975	-19.9352502144009
			20.1693236024369	-19.8962379830615
			20.2083358337762	-19.8962379830615
			20.2473480651156	-19.8962379830615
			20.2473480651156	-19.8572257517222
			20.2863602964549	-19.8572257517222
			20.3253725277942	-19.8572257517222
			20.3253725277942	-19.8182135203829
			20.3643847591336	-19.8182135203829
			20.4033969904729	-19.8182135203829
			20.4424092218122	-19.7792012890435
			20.4814214531516	-19.7792012890435
			20.5204336844909	-19.7401890577042
			20.5594459158302	-19.7401890577042
			20.5984581471696	-19.7401890577042
			20.6374703785089	-19.7011768263648
			20.6764826098483	-19.7011768263648
			20.7154948411876	-19.6621645950255
			20.7545070725269	-19.6621645950255
			20.7935193038663	-19.6621645950255
			20.8325315352056	-19.6231523636862
			20.8715437665449	-19.6231523636862
			20.9105559978843	-19.5841401323468
			20.9495682292236	-19.5841401323468
			20.9885804605629	-19.5841401323468
			21.0275926919023	-19.5451279010075
			21.0666049232416	-19.5451279010075
			21.105617154581	-19.5451279010075
			21.1446293859203	-19.5061156696682
			21.1836416172596	-19.5061156696682
			21.222653848599	-19.5061156696682
			21.2616660799383	-19.4671034383288
			21.3006783112776	-19.4671034383288
			21.339690542617	-19.4671034383288
			21.3787027739563	-19.4671034383288
			21.4177150052956	-19.4280912069895
			21.456727236635	-19.4280912069895
			21.4957394679743	-19.4280912069895
			21.5347516993137	-19.3890789756502
			21.573763930653	-19.3890789756502
			21.6127761619923	-19.3890789756502
			21.6517883933317	-19.3500667443108
			21.690800624671	-19.3500667443108
			21.7298128560103	-19.3500667443108
			21.7688250873497	-19.3500667443108
			21.807837318689	-19.3110545129715
			21.8468495500283	-19.3110545129715
			21.8858617813677	-19.3110545129715
			21.924874012707	-19.3110545129715
			21.9638862440464	-19.2720422816321
			22.0028984753857	-19.2720422816321
			22.041910706725	-19.2720422816321
			22.0809229380644	-19.2720422816321
			22.1199351694037	-19.2330300502928
			22.158947400743	-19.2330300502928
			22.1979596320824	-19.2330300502928
			22.2369718634217	-19.2330300502928
			22.275984094761	-19.1940178189535
			22.3149963261004	-19.1940178189535
			22.3540085574397	-19.1940178189535
			22.3930207887791	-19.1940178189535
			22.4320330201184	-19.1940178189535
			22.4710452514577	-19.1550055876141
			22.5100574827971	-19.1550055876141
			22.5490697141364	-19.1550055876141
			22.5880819454757	-19.1550055876141
			22.6270941768151	-19.1550055876141
			22.6661064081544	-19.1159933562748
			22.7051186394937	-19.1159933562748
			22.7441308708331	-19.1159933562748
			22.7831431021724	-19.1159933562748
			22.8221553335118	-19.1159933562748
			22.8611675648511	-19.0769811249355
			22.9001797961904	-19.0769811249355
			22.9391920275298	-19.0769811249355
			22.9782042588691	-19.0769811249355
			23.0172164902084	-19.0769811249355
			23.0562287215478	-19.0769811249355
			23.0952409528871	-19.0379688935961
			23.1342531842264	-19.0379688935961
			23.1732654155658	-19.0379688935961
			23.2122776469051	-19.0379688935961
			23.2512898782445	-19.0379688935961
			23.2903021095838	-19.0379688935961
			23.3293143409231	-18.9989566622568
			23.3683265722625	-18.9989566622568
			23.4073388036018	-18.9989566622568
			23.4463510349411	-18.9989566622568
			23.4853632662805	-18.9989566622568
			23.5243754976198	-18.9989566622568
			23.5633877289591	-18.9599444309175
			23.6023999602985	-18.9599444309175
			23.6414121916378	-18.9599444309175
			23.6804244229772	-18.9599444309175
			23.7194366543165	-18.9599444309175
			23.7584488856558	-18.9599444309175
			23.7974611169952	-18.9599444309175
			23.8364733483345	-18.9209321995781
			23.8754855796738	-18.9209321995781
			23.9144978110132	-18.9209321995781
			23.9535100423525	-18.9209321995781
			23.9925222736918	-18.9209321995781
			24.0315345050312	-18.9209321995781
			24.0705467363705	-18.9209321995781
			24.1095589677099	-18.9209321995781
			24.1485711990492	-18.9209321995781
			24.1875834303885	-18.8819199682388
			24.2265956617279	-18.8819199682388
			24.2656078930672	-18.8819199682388
			24.3046201244065	-18.8819199682388
			24.3436323557459	-18.8819199682388
			24.3826445870852	-18.8819199682388
			24.4216568184245	-18.8819199682388
			24.4606690497639	-18.8819199682388
			24.4996812811032	-18.8819199682388
			24.5386935124426	-18.8429077368994
			24.5777057437819	-18.8429077368994
			24.6167179751212	-18.8429077368994
			24.6557302064606	-18.8429077368994
			24.6947424377999	-18.8429077368994
			24.7337546691392	-18.8429077368994
			24.7727669004786	-18.8429077368994
			24.8117791318179	-18.8429077368994
			24.8507913631572	-18.8429077368994
			24.8898035944966	-18.8429077368994
			24.9288158258359	-18.8429077368994
			24.9678280571753	-18.8038955055601
			25.0068402885146	-18.8038955055601
			25.0458525198539	-18.8038955055601
			25.0848647511933	-18.8038955055601
			25.1238769825326	-18.8038955055601
			25.1628892138719	-18.8038955055601
			25.2019014452113	-18.8038955055601
			25.2409136765506	-18.8038955055601
			25.2799259078899	-18.8038955055601
			25.3189381392293	-18.8038955055601
			25.3579503705686	-18.8038955055601
			25.396962601908	-18.8038955055601
			25.4359748332473	-18.8038955055601
			25.4749870645866	-18.8038955055601
			25.513999295926	-18.7648832742208
			25.5530115272653	-18.7648832742208
			25.5920237586046	-18.7648832742208
			25.631035989944	-18.7648832742208
			25.6700482212833	-18.7648832742208
			25.7090604526226	-18.7648832742208
			25.748072683962	-18.7648832742208
			25.7870849153013	-18.7648832742208
			25.8260971466407	-18.7648832742208
			25.86510937798	-18.7648832742208
			25.9041216093193	-18.7648832742208
			25.9431338406587	-18.7648832742208
			25.982146071998	-18.7648832742208
			26.0211583033373	-18.7648832742208
			26.0601705346767	-18.7648832742208
			26.099182766016	-18.7648832742208
			26.1381949973553	-18.7648832742208
			26.1772072286947	-18.7648832742208
			26.216219460034	-18.7648832742208
			26.2552316913733	-18.7648832742208
			26.2942439227127	-18.7648832742208
			26.333256154052	-18.7648832742208
			26.333256154052	-18.7258710428814
			26.3722683853914	-18.7258710428814
			26.4112806167307	-18.7258710428814
			26.45029284807	-18.7258710428814
			26.4893050794094	-18.7258710428814
			26.5283173107487	-18.7258710428814
			26.567329542088	-18.7258710428814
			26.6063417734274	-18.7258710428814
			26.6453540047667	-18.7258710428814
			26.6843662361061	-18.7258710428814
			26.7233784674454	-18.7258710428814
			26.7623906987847	-18.7258710428814
			26.8014029301241	-18.7258710428814
			26.8404151614634	-18.7258710428814
			26.8794273928027	-18.7258710428814
			26.9184396241421	-18.7258710428814
			26.9574518554814	-18.7258710428814
			26.9964640868207	-18.7258710428814
			27.0354763181601	-18.7258710428814
			27.0744885494994	-18.7258710428814
			27.1135007808387	-18.7258710428814
			27.1525130121781	-18.7258710428814
			27.1915252435174	-18.7258710428814
			27.2305374748568	-18.7258710428814
			27.2695497061961	-18.7258710428814
			27.3085619375354	-18.7258710428814
			27.3475741688748	-18.7258710428814
			27.3865864002141	-18.7258710428814
			27.4255986315534	-18.7258710428814
			27.4646108628928	-18.7258710428814
			27.5036230942321	-18.7258710428814
			27.5426353255714	-18.7258710428814
			27.5816475569108	-18.7258710428814
			27.6206597882501	-18.7258710428814
			27.6596720195895	-18.7258710428814
			27.6986842509288	-18.7258710428814
			27.7376964822681	-18.7258710428814
			27.7767087136075	-18.7258710428814
			27.8157209449468	-18.6868588115421
			27.8547331762861	-18.6868588115421
			27.8937454076255	-18.6868588115421
			27.9327576389648	-18.6868588115421
			27.9717698703042	-18.6868588115421
			28.0107821016435	-18.6868588115421
			28.0497943329828	-18.6868588115421
			28.0888065643222	-18.6868588115421
			28.1278187956615	-18.6868588115421
			28.1668310270008	-18.6868588115421
			28.2058432583402	-18.6868588115421
			28.2448554896795	-18.6868588115421
			28.2838677210188	-18.6868588115421
			28.3228799523582	-18.6868588115421
			28.3618921836975	-18.6868588115421
			28.4009044150368	-18.6868588115421
			28.4399166463762	-18.6868588115421
			28.4789288777155	-18.6868588115421
			28.5179411090549	-18.6868588115421
			28.5569533403942	-18.6868588115421
			28.5959655717335	-18.6868588115421
			28.6349778030729	-18.6868588115421
			28.6739900344122	-18.6478465802028
			28.7130022657515	-18.6478465802028
			28.7520144970909	-18.6478465802028
			28.7910267284302	-18.6478465802028
			28.8300389597695	-18.6478465802028
			28.8690511911089	-18.6478465802028
			28.9080634224482	-18.6478465802028
			28.9470756537876	-18.6478465802028
			28.9860878851269	-18.6478465802028
			29.0251001164662	-18.6478465802028
			29.0641123478056	-18.6478465802028
			29.1031245791449	-18.6478465802028
			29.1421368104842	-18.6478465802028
			29.1811490418236	-18.6478465802028
			29.2201612731629	-18.6478465802028
			29.2591735045022	-18.6478465802028
			29.2981857358416	-18.6478465802028
			29.2981857358416	-18.6088343488634
			29.3371979671809	-18.6088343488634
			29.3762101985203	-18.6088343488634
			29.4152224298596	-18.6088343488634
			29.4542346611989	-18.6088343488634
			29.4932468925383	-18.6088343488634
			29.5322591238776	-18.6088343488634
			29.5712713552169	-18.6088343488634
			29.6102835865563	-18.6088343488634
			29.6492958178956	-18.6088343488634
			29.6883080492349	-18.6088343488634
			29.7273202805743	-18.6088343488634
			29.7663325119136	-18.6088343488634
			29.805344743253	-18.5698221175241
			29.8443569745923	-18.5698221175241
			29.8833692059316	-18.5698221175241
			29.922381437271	-18.5698221175241
			29.9613936686103	-18.5698221175241
			30.0004058999496	-18.5698221175241
			30.039418131289	-18.5698221175241
			30.0784303626283	-18.5698221175241
			30.1174425939676	-18.5698221175241
			30.156454825307	-18.5698221175241
			30.1954670566463	-18.5698221175241
			30.2344792879857	-18.5698221175241
			30.273491519325	-18.5308098861848
			30.3125037506643	-18.5308098861848
			30.3515159820037	-18.5308098861848
			30.390528213343	-18.5308098861848
			30.4295404446823	-18.5308098861848
			30.4685526760217	-18.5308098861848
			30.507564907361	-18.5308098861848
			30.5465771387003	-18.5308098861848
			30.5855893700397	-18.5308098861848
			30.624601601379	-18.5308098861848
			30.6636138327184	-18.4917976548454
			30.7026260640577	-18.4917976548454
			30.741638295397	-18.4917976548454
			30.7806505267364	-18.4917976548454
			30.8196627580757	-18.4917976548454
			30.858674989415	-18.4917976548454
			30.8976872207544	-18.4917976548454
			30.9366994520937	-18.4917976548454
			30.975711683433	-18.4917976548454
			31.0147239147724	-18.4527854235061
			31.0537361461117	-18.4527854235061
			31.0927483774511	-18.4527854235061
			31.1317606087904	-18.4527854235061
			31.1707728401297	-18.4527854235061
			31.2097850714691	-18.4527854235061
			31.2487973028084	-18.4527854235061
			31.2878095341477	-18.4527854235061
			31.3268217654871	-18.4527854235061
			31.3658339968264	-18.4137731921667
			31.4048462281657	-18.4137731921667
			31.4438584595051	-18.4137731921667
			31.4828706908444	-18.4137731921667
			31.5218829221838	-18.4137731921667
			31.5608951535231	-18.4137731921667
			31.5999073848624	-18.4137731921667
			31.6389196162018	-18.3747609608274
			31.6779318475411	-18.3747609608274
			31.7169440788804	-18.3747609608274
			31.7559563102198	-18.3747609608274
			31.7949685415591	-18.3747609608274
			31.8339807728984	-18.3747609608274
			31.8729930042378	-18.3747609608274
			31.9120052355771	-18.3357487294881
			31.9510174669165	-18.3357487294881
			31.9900296982558	-18.3357487294881
			32.0290419295951	-18.3357487294881
			32.0680541609345	-18.3357487294881
			32.1070663922738	-18.3357487294881
			32.1460786236131	-18.3357487294881
			32.1850908549525	-18.2967364981487
			32.2241030862918	-18.2967364981487
			32.2631153176311	-18.2967364981487
			32.3021275489705	-18.2967364981487
			32.3411397803098	-18.2967364981487
			32.3801520116492	-18.2967364981487
			32.4191642429885	-18.2577242668094
			32.4581764743278	-18.2577242668094
			32.4971887056672	-18.2577242668094
			32.5362009370065	-18.2577242668094
			32.5752131683458	-18.2577242668094
			32.6142253996852	-18.2577242668094
			32.6532376310245	-18.2187120354701
			32.6922498623638	-18.2187120354701
			32.7312620937032	-18.2187120354701
			32.7702743250425	-18.2187120354701
			32.8092865563819	-18.2187120354701
			32.8482987877212	-18.1796998041307
			32.8873110190605	-18.1796998041307
			32.9263232503999	-18.1796998041307
			32.9653354817392	-18.1796998041307
			33.0043477130785	-18.1796998041307
			33.0433599444179	-18.1406875727914
			33.0823721757572	-18.1406875727914
			33.1213844070965	-18.1406875727914
			33.1603966384359	-18.1406875727914
			33.1994088697752	-18.1406875727914
			33.2384211011146	-18.1016753414521
			33.2774333324539	-18.1016753414521
			33.3164455637932	-18.1016753414521
			33.3554577951326	-18.1016753414521
			33.3944700264719	-18.1016753414521
			33.3944700264719	-18.0626631101127
			33.4334822578112	-18.0626631101127
			33.4724944891506	-18.0626631101127
			33.5115067204899	-18.0626631101127
			33.5505189518292	-18.0626631101127
			33.5895311831686	-18.0236508787734
			33.6285434145079	-18.0236508787734
			33.6675556458473	-18.0236508787734
			33.7065678771866	-18.0236508787734
			33.7455801085259	-18.0236508787734
			33.7455801085259	-17.984638647434
			33.7845923398653	-17.984638647434
			33.8236045712046	-17.984638647434
		</Snout_dorsal>
		<Dorsal_adipose type=matrix rownames=FALSE colnames=FALSE nrow=294 ncol=2 as.numeric=TRUE >
			33.8236045712046	-17.984638647434
			33.8626168025439	-17.984638647434
			33.9016290338833	-17.984638647434
			33.9016290338833	-18.0236508787734
			33.9406412652226	-18.0236508787734
			33.9796534965619	-18.0236508787734
			34.0186657279013	-18.0236508787734
			34.0576779592406	-18.0626631101127
			34.09669019058	-18.0626631101127
			34.1357024219193	-18.0626631101127
			34.1747146532586	-18.0626631101127
			34.213726884598	-18.1016753414521
			34.2527391159373	-18.1016753414521
			34.2917513472766	-18.1016753414521
			34.330763578616	-18.1016753414521
			34.3697758099553	-18.1406875727914
			34.4087880412946	-18.1406875727914
			34.447800272634	-18.1406875727914
			34.4868125039733	-18.1406875727914
			34.5258247353127	-18.1796998041307
			34.564836966652	-18.1796998041307
			34.6038491979913	-18.1796998041307
			34.6428614293307	-18.1796998041307
			34.68187366067	-18.2187120354701
			34.7208858920093	-18.2187120354701
			34.7598981233487	-18.2187120354701
			34.798910354688	-18.2187120354701
			34.8379225860273	-18.2577242668094
			34.8769348173667	-18.2577242668094
			34.915947048706	-18.2577242668094
			34.9549592800454	-18.2577242668094
			34.9939715113847	-18.2577242668094
			35.032983742724	-18.2967364981487
			35.0719959740634	-18.2967364981487
			35.1110082054027	-18.2967364981487
			35.150020436742	-18.2967364981487
			35.1890326680814	-18.3357487294881
			35.2280448994207	-18.3357487294881
			35.26705713076	-18.3357487294881
			35.3060693620994	-18.3357487294881
			35.3450815934387	-18.3747609608274
			35.3840938247781	-18.3747609608274
			35.4231060561174	-18.3747609608274
			35.4621182874567	-18.3747609608274
			35.5011305187961	-18.4137731921667
			35.5401427501354	-18.4137731921667
			35.5791549814747	-18.4137731921667
			35.6181672128141	-18.4137731921667
			35.6571794441534	-18.4527854235061
			35.6961916754927	-18.4527854235061
			35.7352039068321	-18.4527854235061
			35.7742161381714	-18.4527854235061
			35.8132283695108	-18.4527854235061
			35.8522406008501	-18.4917976548454
			35.8912528321894	-18.4917976548454
			35.9302650635288	-18.4917976548454
			35.9692772948681	-18.4917976548454
			36.0082895262074	-18.5308098861848
			36.0473017575468	-18.5308098861848
			36.0863139888861	-18.5308098861848
			36.1253262202254	-18.5308098861848
			36.1643384515648	-18.5308098861848
			36.2033506829041	-18.5698221175241
			36.2423629142435	-18.5698221175241
			36.2813751455828	-18.5698221175241
			36.3203873769221	-18.5698221175241
			36.3593996082615	-18.5698221175241
			36.3984118396008	-18.6088343488634
			36.4374240709401	-18.6088343488634
			36.4764363022795	-18.6088343488634
			36.5154485336188	-18.6088343488634
			36.5544607649581	-18.6478465802028
			36.5934729962975	-18.6478465802028
			36.6324852276368	-18.6478465802028
			36.6714974589761	-18.6478465802028
			36.7105096903155	-18.6478465802028
			36.7495219216548	-18.6868588115421
			36.7885341529942	-18.6868588115421
			36.8275463843335	-18.6868588115421
			36.8665586156728	-18.6868588115421
			36.9055708470122	-18.7258710428814
			36.9445830783515	-18.7258710428814
			36.9835953096908	-18.7258710428814
			37.0226075410302	-18.7258710428814
			37.0616197723695	-18.7258710428814
			37.1006320037089	-18.7648832742208
			37.1396442350482	-18.7648832742208
			37.1786564663875	-18.7648832742208
			37.2176686977269	-18.7648832742208
			37.2566809290662	-18.7648832742208
			37.2956931604055	-18.8038955055601
			37.3347053917449	-18.8038955055601
			37.3737176230842	-18.8038955055601
			37.4127298544235	-18.8038955055601
			37.4517420857629	-18.8429077368994
			37.4907543171022	-18.8429077368994
			37.5297665484416	-18.8429077368994
			37.5687787797809	-18.8429077368994
			37.6077910111202	-18.8429077368994
			37.6468032424596	-18.8819199682388
			37.6858154737989	-18.8819199682388
			37.7248277051382	-18.8819199682388
			37.7638399364776	-18.8819199682388
			37.8028521678169	-18.8819199682388
			37.8418643991562	-18.9209321995781
			37.8808766304956	-18.9209321995781
			37.9198888618349	-18.9209321995781
			37.9589010931742	-18.9209321995781
			37.9979133245136	-18.9209321995781
			38.0369255558529	-18.9599444309175
			38.0759377871923	-18.9599444309175
			38.1149500185316	-18.9599444309175
			38.1539622498709	-18.9599444309175
			38.1929744812103	-18.9599444309175
			38.1929744812103	-18.9989566622568
			38.2319867125496	-18.9989566622568
			38.2709989438889	-18.9989566622568
			38.3100111752283	-18.9989566622568
			38.3490234065676	-18.9989566622568
			38.388035637907	-19.0379688935961
			38.4270478692463	-19.0379688935961
			38.4660601005856	-19.0379688935961
			38.505072331925	-19.0379688935961
			38.5440845632643	-19.0379688935961
			38.5830967946036	-19.0379688935961
			38.622109025943	-19.0769811249355
			38.6611212572823	-19.0769811249355
			38.7001334886216	-19.0769811249355
			38.739145719961	-19.0769811249355
			38.7781579513003	-19.1159933562748
			38.8171701826397	-19.1159933562748
			38.856182413979	-19.1159933562748
			38.8951946453183	-19.1159933562748
			38.9342068766577	-19.1159933562748
			38.973219107997	-19.1550055876141
			39.0122313393363	-19.1550055876141
			39.0512435706757	-19.1550055876141
			39.090255802015	-19.1550055876141
			39.1292680333543	-19.1550055876141
			39.1682802646937	-19.1940178189535
			39.207292496033	-19.1940178189535
			39.2463047273723	-19.1940178189535
			39.2853169587117	-19.1940178189535
			39.324329190051	-19.1940178189535
			39.3633414213904	-19.2330300502928
			39.4023536527297	-19.2330300502928
			39.441365884069	-19.2330300502928
			39.4803781154084	-19.2330300502928
			39.5193903467477	-19.2330300502928
			39.558402578087	-19.2330300502928
			39.5974148094264	-19.2720422816321
			39.6364270407657	-19.2720422816321
			39.6754392721051	-19.2720422816321
			39.7144515034444	-19.2720422816321
			39.7534637347837	-19.2720422816321
			39.7924759661231	-19.3110545129715
			39.8314881974624	-19.3110545129715
			39.8705004288017	-19.3110545129715
			39.9095126601411	-19.3110545129715
			39.9485248914804	-19.3500667443108
			39.9875371228197	-19.3500667443108
			40.0265493541591	-19.3500667443108
			40.0655615854984	-19.3500667443108
			40.1045738168377	-19.3500667443108
			40.1435860481771	-19.3500667443108
			40.1825982795164	-19.3890789756502
			40.2216105108558	-19.3890789756502
			40.2606227421951	-19.3890789756502
			40.2996349735344	-19.3890789756502
			40.3386472048738	-19.3890789756502
			40.3776594362131	-19.4280912069895
			40.4166716675524	-19.4280912069895
			40.4556838988918	-19.4280912069895
			40.4946961302311	-19.4280912069895
			40.4946961302311	-19.4671034383288
			40.5337083615704	-19.4671034383288
			40.5727205929098	-19.4671034383288
			40.6117328242491	-19.5061156696682
			40.6507450555885	-19.5061156696682
			40.6897572869278	-19.5451279010075
			40.7287695182671	-19.5451279010075
			40.7677817496065	-19.5841401323468
			40.8067939809458	-19.5841401323468
			40.8458062122851	-19.5841401323468
			40.8848184436245	-19.5841401323468
			40.8848184436245	-19.6231523636862
			40.9238306749638	-19.6231523636862
			40.9628429063031	-19.6231523636862
			41.0018551376425	-19.6621645950255
			41.0408673689818	-19.6621645950255
			41.0798796003212	-19.6621645950255
			41.1188918316605	-19.7011768263648
			41.1579040629998	-19.7011768263648
			41.1969162943392	-19.7011768263648
			41.2359285256785	-19.7401890577042
			41.2749407570178	-19.7401890577042
			41.3139529883572	-19.7792012890435
			41.3529652196965	-19.7792012890435
			41.3919774510358	-19.7792012890435
			41.4309896823752	-19.8182135203829
			41.4700019137145	-19.8182135203829
			41.5090141450539	-19.8182135203829
			41.5480263763932	-19.8572257517222
			41.5870386077325	-19.8572257517222
			41.6260508390719	-19.8572257517222
			41.6650630704112	-19.8572257517222
			41.7040753017505	-19.8962379830615
			41.7430875330899	-19.8962379830615
			41.7820997644292	-19.8962379830615
			41.8211119957685	-19.9352502144009
			41.8601242271079	-19.9352502144009
			41.8991364584472	-19.9352502144009
			41.9381486897866	-19.9352502144009
			41.9771609211259	-19.9742624457402
			42.0161731524652	-19.9742624457402
			42.0551853838046	-19.9742624457402
			42.0941976151439	-20.0132746770795
			42.1332098464832	-20.0132746770795
			42.1722220778226	-20.0132746770795
			42.2112343091619	-20.0132746770795
			42.2502465405012	-20.0132746770795
			42.2892587718406	-20.0522869084189
			42.3282710031799	-20.0522869084189
			42.3672832345193	-20.0522869084189
			42.4062954658586	-20.0522869084189
			42.4453076971979	-20.0912991397582
			42.4843199285373	-20.0912991397582
			42.5233321598766	-20.0912991397582
			42.5623443912159	-20.0912991397582
			42.6013566225553	-20.0912991397582
			42.6403688538946	-20.1303113710975
			42.6793810852339	-20.1303113710975
			42.7183933165733	-20.1303113710975
			42.7574055479126	-20.1303113710975
			42.796417779252	-20.1303113710975
			42.8354300105913	-20.1693236024369
			42.8744422419306	-20.1693236024369
			42.91345447327	-20.1693236024369
			42.9524667046093	-20.1693236024369
			42.9914789359486	-20.1693236024369
			43.030491167288	-20.1693236024369
			43.0695033986273	-20.1693236024369
			43.1085156299666	-20.2083358337762
			43.147527861306	-20.2083358337762
			43.1865400926453	-20.2083358337762
			43.2255523239847	-20.2083358337762
			43.264564555324	-20.2083358337762
			43.3035767866633	-20.2083358337762
			43.3425890180027	-20.2083358337762
			43.381601249342	-20.2083358337762
			43.4206134806813	-20.2473480651156
			43.4596257120207	-20.2473480651156
			43.49863794336	-20.2473480651156
			43.5376501746993	-20.2473480651156
			43.5766624060387	-20.2473480651156
			43.615674637378	-20.2473480651156
			43.6546868687174	-20.2473480651156
			43.6936991000567	-20.2473480651156
			43.732711331396	-20.2473480651156
			43.7717235627354	-20.2473480651156
			43.8107357940747	-20.2473480651156
			43.849748025414	-20.2473480651156
			43.8887602567534	-20.2863602964549
			43.9277724880927	-20.2863602964549
			43.966784719432	-20.2863602964549
			44.0057969507714	-20.2863602964549
			44.0448091821107	-20.2863602964549
			44.0838214134501	-20.2863602964549
			44.1228336447894	-20.2863602964549
			44.1618458761287	-20.2863602964549
			44.2008581074681	-20.2863602964549
			44.2398703388074	-20.2863602964549
			44.2788825701467	-20.2863602964549
			44.3178948014861	-20.2863602964549
			44.3569070328254	-20.2863602964549
			44.3959192641647	-20.2863602964549
			44.4349314955041	-20.2863602964549
			44.4739437268434	-20.2863602964549
			44.5129559581828	-20.2863602964549
			44.5519681895221	-20.2863602964549
			44.5909804208614	-20.2863602964549
			44.6299926522008	-20.2863602964549
			44.6690048835401	-20.2863602964549
			44.7080171148794	-20.2863602964549
			44.7470293462188	-20.2863602964549
			44.7860415775581	-20.2863602964549
			44.8250538088974	-20.2473480651156
			44.8640660402368	-20.2473480651156
			44.9030782715761	-20.2473480651156
			44.9420905029155	-20.2473480651156
			44.9811027342548	-20.2473480651156
			45.0201149655941	-20.2473480651156
			45.0591271969335	-20.2473480651156
			45.0981394282728	-20.2473480651156
		</Dorsal_adipose>
		<Adipose_caudal type=matrix rownames=FALSE colnames=FALSE nrow=164 ncol=2 as.numeric=TRUE >
			45.0981394282728	-20.2473480651156
			45.1371516596121	-20.2473480651156
			45.1761638909515	-20.2473480651156
			45.2151761222908	-20.2473480651156
			45.2541883536301	-20.2473480651156
			45.2932005849695	-20.2473480651156
			45.3322128163088	-20.2863602964549
			45.3712250476482	-20.2863602964549
			45.4102372789875	-20.2863602964549
			45.4492495103268	-20.2863602964549
			45.4882617416662	-20.2863602964549
			45.5272739730055	-20.2863602964549
			45.5662862043448	-20.3253725277942
			45.6052984356842	-20.3253725277942
			45.6443106670235	-20.3253725277942
			45.6833228983628	-20.3643847591336
			45.7223351297022	-20.3643847591336
			45.7613473610415	-20.3643847591336
			45.8003595923809	-20.3643847591336
			45.8003595923809	-20.4033969904729
			45.8393718237202	-20.4033969904729
			45.8783840550595	-20.4033969904729
			45.9173962863989	-20.4424092218122
			45.9564085177382	-20.4814214531516
			45.9954207490775	-20.4814214531516
			46.0344329804169	-20.5204336844909
			46.0734452117562	-20.5594459158302
			46.1124574430955	-20.5984581471696
			46.1514696744349	-20.6374703785089
			46.1514696744349	-20.6764826098483
			46.1514696744349	-20.7154948411876
			46.1514696744349	-20.7545070725269
			46.1904819057742	-20.7545070725269
			46.1904819057742	-20.7935193038663
			46.1904819057742	-20.8325315352056
			46.1904819057742	-20.8715437665449
			46.1904819057742	-20.9105559978843
			46.1904819057742	-20.9495682292236
			46.2294941371136	-20.9885804605629
			46.2685063684529	-20.9885804605629
			46.3075185997922	-21.0275926919023
			46.3465308311316	-21.0275926919023
			46.3855430624709	-21.0275926919023
			46.4245552938102	-21.0275926919023
			46.4635675251496	-21.0666049232416
			46.5025797564889	-21.0666049232416
			46.5415919878282	-21.0666049232416
			46.5806042191676	-21.0666049232416
			46.6196164505069	-21.0666049232416
			46.6586286818463	-21.105617154581
			46.6976409131856	-21.105617154581
			46.7366531445249	-21.105617154581
			46.7756653758643	-21.105617154581
			46.8146776072036	-21.105617154581
			46.8536898385429	-21.1446293859203
			46.8927020698823	-21.1446293859203
			46.9317143012216	-21.1446293859203
			46.9707265325609	-21.1446293859203
			47.0097387639003	-21.1446293859203
			47.0487509952396	-21.1836416172596
			47.087763226579	-21.1836416172596
			47.1267754579183	-21.1836416172596
			47.1657876892576	-21.1836416172596
			47.204799920597	-21.1836416172596
			47.204799920597	-21.222653848599
			47.2438121519363	-21.222653848599
			47.2828243832756	-21.222653848599
			47.321836614615	-21.222653848599
			47.3608488459543	-21.222653848599
			47.3998610772936	-21.2616660799383
			47.438873308633	-21.2616660799383
			47.4778855399723	-21.2616660799383
			47.5168977713117	-21.2616660799383
			47.555910002651	-21.2616660799383
			47.5949222339903	-21.2616660799383
			47.6339344653297	-21.3006783112776
			47.672946696669	-21.3006783112776
			47.7119589280083	-21.3006783112776
			47.7509711593477	-21.3006783112776
			47.789983390687	-21.3006783112776
			47.8289956220263	-21.339690542617
			47.8680078533657	-21.339690542617
			47.907020084705	-21.339690542617
			47.9460323160444	-21.339690542617
			47.9850445473837	-21.339690542617
			48.024056778723	-21.339690542617
			48.0630690100624	-21.3787027739563
			48.1020812414017	-21.3787027739563
			48.141093472741	-21.3787027739563
			48.1801057040804	-21.3787027739563
			48.2191179354197	-21.3787027739563
			48.258130166759	-21.3787027739563
			48.2971423980984	-21.4177150052956
			48.3361546294377	-21.4177150052956
			48.375166860777	-21.4177150052956
			48.4141790921164	-21.4177150052956
			48.4531913234557	-21.4177150052956
			48.4922035547951	-21.4177150052956
			48.5312157861344	-21.456727236635
			48.5702280174737	-21.456727236635
			48.6092402488131	-21.456727236635
			48.6482524801524	-21.456727236635
			48.6872647114917	-21.456727236635
			48.7262769428311	-21.456727236635
			48.7652891741704	-21.4957394679743
			48.8043014055097	-21.4957394679743
			48.8433136368491	-21.4957394679743
			48.8823258681884	-21.4957394679743
			48.9213380995278	-21.4957394679743
			48.9603503308671	-21.4957394679743
			48.9993625622064	-21.4957394679743
			49.0383747935458	-21.4957394679743
			49.0773870248851	-21.5347516993137
			49.1163992562244	-21.5347516993137
			49.1554114875638	-21.5347516993137
			49.1944237189031	-21.5347516993137
			49.2334359502425	-21.5347516993137
			49.2724481815818	-21.5347516993137
			49.3114604129211	-21.5347516993137
			49.3504726442605	-21.573763930653
			49.3894848755998	-21.573763930653
			49.4284971069391	-21.573763930653
			49.4675093382785	-21.573763930653
			49.5065215696178	-21.573763930653
			49.5455338009571	-21.573763930653
			49.5845460322965	-21.573763930653
			49.6235582636358	-21.573763930653
			49.6625704949751	-21.5347516993137
			49.7015827263145	-21.5347516993137
			49.7405949576538	-21.5347516993137
			49.7796071889932	-21.5347516993137
			49.8186194203325	-21.5347516993137
			49.8576316516718	-21.5347516993137
			49.8966438830112	-21.5347516993137
			49.9356561143505	-21.5347516993137
			49.9746683456898	-21.5347516993137
			50.0136805770292	-21.4957394679743
			50.0526928083685	-21.4957394679743
			50.0917050397078	-21.4957394679743
			50.1307172710472	-21.4957394679743
			50.1697295023865	-21.4957394679743
			50.2087417337259	-21.4957394679743
			50.2477539650652	-21.4957394679743
			50.2867661964045	-21.4957394679743
			50.3257784277439	-21.4957394679743
			50.3647906590832	-21.4957394679743
			50.4038028904225	-21.4957394679743
			50.4428151217619	-21.4957394679743
			50.4818273531012	-21.4957394679743
			50.5208395844406	-21.4957394679743
			50.5598518157799	-21.4957394679743
			50.5988640471192	-21.4957394679743
			50.6378762784586	-21.4957394679743
			50.6768885097979	-21.4957394679743
			50.7159007411372	-21.4957394679743
			50.7549129724766	-21.4957394679743
			50.7939252038159	-21.5347516993137
			50.8329374351552	-21.5347516993137
			50.8719496664946	-21.5347516993137
			50.9109618978339	-21.5347516993137
			50.9499741291732	-21.5347516993137
			50.9889863605126	-21.5347516993137
			51.0279985918519	-21.573763930653
			51.0670108231913	-21.573763930653
		</Adipose_caudal>
		<Caudal_anal type=matrix rownames=FALSE colnames=FALSE nrow=275 ncol=2 as.numeric=TRUE >
			51.1450352858699	-26.6843662361061
			51.1060230545306	-26.6843662361061
			51.1060230545306	-26.7233784674454
			51.0670108231913	-26.7233784674454
			51.0279985918519	-26.7233784674454
			50.9889863605126	-26.7233784674454
			50.9499741291732	-26.7233784674454
			50.9109618978339	-26.7233784674454
			50.8719496664946	-26.7623906987847
			50.8329374351552	-26.7623906987847
			50.7939252038159	-26.7623906987847
			50.7549129724766	-26.7623906987847
			50.7159007411372	-26.7623906987847
			50.6768885097979	-26.7233784674454
			50.6378762784586	-26.7233784674454
			50.5988640471192	-26.7233784674454
			50.5598518157799	-26.7233784674454
			50.5208395844406	-26.7233784674454
			50.4818273531012	-26.7233784674454
			50.4428151217619	-26.7233784674454
			50.4038028904225	-26.7233784674454
			50.3647906590832	-26.7233784674454
			50.3257784277439	-26.6843662361061
			50.2867661964045	-26.6843662361061
			50.2477539650652	-26.6843662361061
			50.2087417337259	-26.6843662361061
			50.1697295023865	-26.6843662361061
			50.1307172710472	-26.6453540047667
			50.0917050397078	-26.6453540047667
			50.0526928083685	-26.6453540047667
			50.0136805770292	-26.6453540047667
			49.9746683456898	-26.6453540047667
			49.9356561143505	-26.6063417734274
			49.8966438830112	-26.6063417734274
			49.8576316516718	-26.6063417734274
			49.8186194203325	-26.567329542088
			49.7796071889932	-26.567329542088
			49.7405949576538	-26.567329542088
			49.7015827263145	-26.567329542088
			49.6625704949751	-26.5283173107487
			49.6235582636358	-26.5283173107487
			49.5845460322965	-26.5283173107487
			49.5455338009571	-26.5283173107487
			49.5065215696178	-26.4893050794094
			49.4675093382785	-26.4893050794094
			49.4284971069391	-26.4893050794094
			49.3894848755998	-26.45029284807
			49.3504726442605	-26.45029284807
			49.3114604129211	-26.45029284807
			49.2724481815818	-26.45029284807
			49.2334359502425	-26.4112806167307
			49.1944237189031	-26.4112806167307
			49.1554114875638	-26.4112806167307
			49.1163992562244	-26.4112806167307
			49.0773870248851	-26.4112806167307
			49.0383747935458	-26.4112806167307
			48.9993625622064	-26.4112806167307
			48.9603503308671	-26.3722683853914
			48.9213380995278	-26.3722683853914
			48.8823258681884	-26.3722683853914
			48.8433136368491	-26.3722683853914
			48.8043014055097	-26.3722683853914
			48.7652891741704	-26.4112806167307
			48.7262769428311	-26.4112806167307
			48.6872647114917	-26.4112806167307
			48.6482524801524	-26.4112806167307
			48.6092402488131	-26.4112806167307
			48.5702280174737	-26.4112806167307
			48.5312157861344	-26.4112806167307
			48.4922035547951	-26.4112806167307
			48.4531913234557	-26.45029284807
			48.4141790921164	-26.45029284807
			48.375166860777	-26.45029284807
			48.3361546294377	-26.45029284807
			48.2971423980984	-26.45029284807
			48.258130166759	-26.45029284807
			48.2191179354197	-26.4893050794094
			48.1801057040804	-26.4893050794094
			48.141093472741	-26.4893050794094
			48.1020812414017	-26.4893050794094
			48.0630690100624	-26.5283173107487
			48.024056778723	-26.5283173107487
			47.9850445473837	-26.5283173107487
			47.9460323160444	-26.5283173107487
			47.907020084705	-26.567329542088
			47.8680078533657	-26.567329542088
			47.8289956220263	-26.567329542088
			47.789983390687	-26.6063417734274
			47.7509711593477	-26.6063417734274
			47.7119589280083	-26.6453540047667
			47.672946696669	-26.6453540047667
			47.6339344653297	-26.6453540047667
			47.5949222339903	-26.6843662361061
			47.555910002651	-26.6843662361061
			47.5168977713117	-26.6843662361061
			47.4778855399723	-26.6843662361061
			47.438873308633	-26.7233784674454
			47.3998610772936	-26.7233784674454
			47.3608488459543	-26.7233784674454
			47.321836614615	-26.7623906987847
			47.2828243832756	-26.7623906987847
			47.2438121519363	-26.7623906987847
			47.204799920597	-26.7623906987847
			47.1657876892576	-26.7623906987847
			47.1267754579183	-26.8014029301241
			47.087763226579	-26.8014029301241
			47.0487509952396	-26.8014029301241
			47.0097387639003	-26.8014029301241
			46.9707265325609	-26.8404151614634
			46.9317143012216	-26.8404151614634
			46.8927020698823	-26.8404151614634
			46.8536898385429	-26.8404151614634
			46.8146776072036	-26.8404151614634
			46.7756653758643	-26.8794273928027
			46.7366531445249	-26.8794273928027
			46.6976409131856	-26.8794273928027
			46.6586286818463	-26.8794273928027
			46.6196164505069	-26.8794273928027
			46.5806042191676	-26.8794273928027
			46.5415919878282	-26.9184396241421
			46.5025797564889	-26.9184396241421
			46.4635675251496	-26.9184396241421
			46.4245552938102	-26.9184396241421
			46.3855430624709	-26.9184396241421
			46.3465308311316	-26.9184396241421
			46.3075185997922	-26.9574518554814
			46.2685063684529	-26.9574518554814
			46.2294941371136	-26.9574518554814
			46.1904819057742	-26.9574518554814
			46.1514696744349	-26.9574518554814
			46.1124574430955	-26.9574518554814
			46.0734452117562	-26.9964640868207
			46.0344329804169	-26.9964640868207
			45.9954207490775	-26.9964640868207
			45.9564085177382	-26.9964640868207
			45.9173962863989	-26.9964640868207
			45.8783840550595	-27.0354763181601
			45.8393718237202	-27.0354763181601
			45.8003595923809	-27.0354763181601
			45.7613473610415	-27.0354763181601
			45.7223351297022	-27.0354763181601
			45.6833228983628	-27.0354763181601
			45.6443106670235	-27.0354763181601
			45.6052984356842	-27.0744885494994
			45.5662862043448	-27.0744885494994
			45.5272739730055	-27.0744885494994
			45.4882617416662	-27.0744885494994
			45.4492495103268	-27.0744885494994
			45.4102372789875	-27.0744885494994
			45.3712250476482	-27.0744885494994
			45.3322128163088	-27.0744885494994
			45.2932005849695	-27.1135007808387
			45.2541883536301	-27.1135007808387
			45.2151761222908	-27.1135007808387
			45.1761638909515	-27.1135007808387
			45.1371516596121	-27.1135007808387
			45.0981394282728	-27.1135007808387
			45.0591271969335	-27.1135007808387
			45.0201149655941	-27.1135007808387
			44.9811027342548	-27.1525130121781
			44.9420905029155	-27.1525130121781
			44.9030782715761	-27.1525130121781
			44.8640660402368	-27.1525130121781
			44.8250538088974	-27.1525130121781
			44.7860415775581	-27.1525130121781
			44.7470293462188	-27.1525130121781
			44.7080171148794	-27.1525130121781
			44.7080171148794	-27.1915252435174
			44.6690048835401	-27.1915252435174
			44.6299926522008	-27.1915252435174
			44.5909804208614	-27.1915252435174
			44.5519681895221	-27.1915252435174
			44.5129559581828	-27.1915252435174
			44.4739437268434	-27.1915252435174
			44.4349314955041	-27.2305374748568
			44.3959192641647	-27.2305374748568
			44.3569070328254	-27.2305374748568
			44.3178948014861	-27.2305374748568
			44.2788825701467	-27.2305374748568
			44.2398703388074	-27.2305374748568
			44.2008581074681	-27.2305374748568
			44.1618458761287	-27.2305374748568
			44.1228336447894	-27.2695497061961
			44.0838214134501	-27.2695497061961
			44.0448091821107	-27.2695497061961
			44.0057969507714	-27.2695497061961
			43.966784719432	-27.2695497061961
			43.9277724880927	-27.2695497061961
			43.8887602567534	-27.2695497061961
			43.8887602567534	-27.3085619375354
			43.849748025414	-27.3085619375354
			43.8107357940747	-27.3085619375354
			43.7717235627354	-27.3085619375354
			43.732711331396	-27.3085619375354
			43.6936991000567	-27.3085619375354
			43.6546868687174	-27.3085619375354
			43.615674637378	-27.3475741688748
			43.5766624060387	-27.3475741688748
			43.5376501746993	-27.3475741688748
			43.49863794336	-27.3475741688748
			43.4596257120207	-27.3475741688748
			43.4206134806813	-27.3475741688748
			43.381601249342	-27.3475741688748
			43.3425890180027	-27.3865864002141
			43.3035767866633	-27.3865864002141
			43.264564555324	-27.3865864002141
			43.2255523239847	-27.3865864002141
			43.1865400926453	-27.3865864002141
			43.147527861306	-27.3865864002141
			43.1085156299666	-27.3865864002141
			43.0695033986273	-27.4255986315534
			43.030491167288	-27.4255986315534
			42.9914789359486	-27.4255986315534
			42.9524667046093	-27.4255986315534
			42.91345447327	-27.4255986315534
			42.8744422419306	-27.4255986315534
			42.8354300105913	-27.4646108628928
			42.796417779252	-27.4646108628928
			42.7574055479126	-27.4646108628928
			42.7183933165733	-27.4646108628928
			42.6793810852339	-27.4646108628928
			42.6403688538946	-27.4646108628928
			42.6013566225553	-27.5036230942321
			42.5623443912159	-27.5036230942321
			42.5233321598766	-27.5036230942321
			42.4843199285373	-27.5036230942321
			42.4453076971979	-27.5036230942321
			42.4062954658586	-27.5036230942321
			42.3672832345193	-27.5036230942321
			42.3672832345193	-27.5426353255714
			42.3282710031799	-27.5426353255714
			42.2892587718406	-27.5426353255714
			42.2502465405012	-27.5426353255714
			42.2112343091619	-27.5426353255714
			42.1722220778226	-27.5426353255714
			42.1332098464832	-27.5816475569108
			42.0941976151439	-27.5816475569108
			42.0551853838046	-27.5816475569108
			42.0161731524652	-27.5816475569108
			41.9771609211259	-27.5816475569108
			41.9381486897866	-27.5816475569108
			41.8991364584472	-27.6206597882501
			41.8601242271079	-27.6206597882501
			41.8211119957685	-27.6206597882501
			41.7820997644292	-27.6206597882501
			41.7430875330899	-27.6206597882501
			41.7040753017505	-27.6596720195895
			41.6650630704112	-27.6596720195895
			41.6260508390719	-27.6596720195895
			41.5870386077325	-27.6596720195895
			41.5480263763932	-27.6596720195895
			41.5090141450539	-27.6596720195895
			41.4700019137145	-27.6986842509288
			41.4309896823752	-27.6986842509288
			41.3919774510358	-27.6986842509288
			41.3529652196965	-27.6986842509288
			41.3139529883572	-27.6986842509288
			41.2749407570178	-27.7376964822681
			41.2359285256785	-27.7376964822681
			41.1969162943392	-27.7376964822681
			41.1579040629998	-27.7376964822681
			41.1188918316605	-27.7376964822681
			41.0798796003212	-27.7767087136075
			41.0408673689818	-27.7767087136075
			41.0018551376425	-27.7767087136075
			40.9628429063031	-27.7767087136075
			40.9238306749638	-27.7767087136075
			40.8848184436245	-27.8157209449468
			40.8458062122851	-27.8157209449468
			40.8067939809458	-27.8157209449468
			40.7677817496065	-27.8157209449468
			40.7287695182671	-27.8157209449468
			40.6897572869278	-27.8547331762861
			40.6507450555885	-27.8547331762861
			40.6117328242491	-27.8547331762861
		</Caudal_anal>
	</curves.scaled>
	<ruler.points type=matrix rownames=TRUE colnames=FALSE nrow=3 ncol=2 as.numeric=TRUE >
		Ruler point 1	793	802
		Ruler point 2	921	809
		Ruler point 3	1049	815
	</ruler.points>
</shapes>

