<shapes type=list>
	<ruler.pixel type=vector names=FALSE length=1 as.numeric=TRUE >137.617217624587</ruler.pixel>
	<ruler.interval type=vector names=FALSE length=1 as.numeric=TRUE >5</ruler.interval>
	<scaling.units type=vector names=FALSE length=1 as.numeric=FALSE >mm</scaling.units>
	<scaling type=vector names=FALSE length=1 as.numeric=TRUE >0.0363326630657493</scaling>
	<landmarks.pixel type=matrix rownames=TRUE colnames=FALSE nrow=11 ncol=2 as.numeric=TRUE >
		Anterior_eye	871	1029
		Posterior_eye	997	1030
		Posterior_Maxilla	1052	1133
		Anterior_Maxilla	850	1046
		Dorsal_fin_insertion	1395	876
		Adipose_fin_insertion	1791	922
		Dorsal_caudal	2011	933
		Ventral_caudal	2019	1067
		Anal_fin_insertion	1650	1140
		Pelvic_fin_insertion	1404	1151
		Pectoral_fin_insertion	1170	1119
	</landmarks.pixel>
	<landmarks.scaled type=matrix rownames=TRUE colnames=FALSE nrow=11 ncol=2 as.numeric=TRUE >
		Anterior_eye	31.6457495302676	-37.386310294656
		Posterior_eye	36.223665076552	-37.4226429577218
		Posterior_Maxilla	38.2219615451682	-41.1649072534939
		Anterior_Maxilla	30.8827636058869	-38.0039655667738
		Dorsal_fin_insertion	50.6840649767203	-31.8274128455964
		Adipose_fin_insertion	65.071799550757	-33.4987153466208
		Dorsal_caudal	73.0649854252218	-33.8983746403441
		Ventral_caudal	73.3556467297478	-38.7669514911545
		Anal_fin_insertion	59.9488940584863	-41.4192358949542
		Pelvic_fin_insertion	51.011058944312	-41.8188951886774
		Pectoral_fin_insertion	42.5092157869267	-40.6562499705735
	</landmarks.scaled>
	<curves.control type=list>
		<Snout_dorsal type=matrix rownames=FALSE colnames=FALSE nrow=7 ncol=2 as.numeric=TRUE >
			850	1046
			851	934
			1016	893
			1132	878
			1246	883
			1332	888
			1395	876
		</Snout_dorsal>
		<Dorsal_adipose type=matrix rownames=FALSE colnames=FALSE nrow=5 ncol=2 as.numeric=TRUE >
			1395	876
			1466	901
			1587	914
			1697	930
			1791	922
		</Dorsal_adipose>
		<Adipose_caudal type=matrix rownames=FALSE colnames=FALSE nrow=7 ncol=2 as.numeric=TRUE >
			1791	922
			1818	923
			1820	933
			1905	941
			1971	935
			1998	926
			2011	933
		</Adipose_caudal>
		<Caudal_anal type=matrix rownames=FALSE colnames=FALSE nrow=7 ncol=2 as.numeric=TRUE >
			2019	1067
			2009	1068
			1991	1065
			1933	1063
			1827	1092
			1733	1120
			1650	1140
		</Caudal_anal>
	</curves.control>
	<curves.pixel type=list>
		<Snout_dorsal type=matrix rownames=FALSE colnames=FALSE nrow=611 ncol=2 as.numeric=TRUE >
			850	1046
			850	1045
			850	1044
			850	1043
			850	1042
			850	1041
			850	1040
			850	1039
			850	1038
			850	1037
			850	1036
			851	1035
			851	1034
			851	1033
			851	1032
			851	1031
			851	1030
			851	1029
			851	1028
			851	1027
			852	1026
			852	1025
			852	1024
			852	1023
			852	1022
			853	1021
			853	1020
			853	1019
			853	1018
			853	1017
			854	1016
			854	1015
			854	1014
			854	1013
			855	1012
			855	1011
			855	1010
			855	1009
			856	1008
			856	1007
			856	1006
			856	1005
			857	1005
			857	1004
			857	1003
			858	1002
			858	1001
			858	1000
			859	1000
			859	999
			859	998
			860	997
			860	996
			860	995
			861	995
			861	994
			861	993
			862	992
			862	991
			863	991
			863	990
			863	989
			864	988
			864	987
			865	987
			865	986
			865	985
			866	984
			867	983
			867	982
			868	981
			868	980
			869	979
			870	978
			870	977
			871	976
			871	975
			872	975
			873	974
			873	973
			874	972
			875	971
			875	970
			876	969
			877	968
			878	967
			879	966
			880	965
			880	964
			881	963
			882	962
			883	961
			884	960
			885	959
			886	958
			887	957
			888	956
			889	955
			890	954
			891	953
			892	952
			893	951
			894	950
			895	949
			896	948
			897	947
			898	946
			899	945
			900	944
			901	944
			902	943
			903	943
			903	942
			904	942
			905	941
			906	940
			907	939
			908	938
			909	938
			910	937
			911	937
			912	936
			913	935
			914	935
			915	934
			916	934
			916	933
			917	932
			918	932
			919	931
			920	931
			921	930
			922	929
			923	929
			924	928
			925	928
			926	927
			927	927
			928	926
			929	925
			930	925
			931	924
			932	924
			933	923
			934	923
			935	922
			936	922
			937	921
			938	921
			939	920
			940	920
			941	919
			942	919
			943	918
			944	918
			945	918
			945	917
			946	917
			947	916
			948	916
			949	916
			949	915
			950	915
			951	915
			952	914
			953	914
			954	914
			954	913
			955	913
			956	912
			957	912
			958	912
			959	911
			960	911
			961	910
			962	910
			963	909
			964	909
			965	909
			966	908
			967	908
			968	908
			969	907
			970	907
			971	907
			972	906
			973	906
			974	906
			975	905
			976	905
			977	905
			978	904
			979	904
			980	904
			981	903
			982	903
			983	903
			984	902
			985	902
			986	902
			987	901
			988	901
			989	901
			990	900
			991	900
			992	900
			993	899
			994	899
			995	899
			996	898
			997	898
			998	898
			999	898
			1000	897
			1001	897
			1002	897
			1003	896
			1004	896
			1005	896
			1006	896
			1007	895
			1008	895
			1009	895
			1010	895
			1011	894
			1012	894
			1013	894
			1014	893
			1015	893
			1016	893
			1017	893
			1018	893
			1019	893
			1020	892
			1021	892
			1022	892
			1023	892
			1024	892
			1025	892
			1026	892
			1027	892
			1028	891
			1029	891
			1030	891
			1031	891
			1032	891
			1033	891
			1034	891
			1035	891
			1036	891
			1037	890
			1038	890
			1039	890
			1040	890
			1041	890
			1042	890
			1043	890
			1044	890
			1045	890
			1046	889
			1047	889
			1048	889
			1049	889
			1050	889
			1051	889
			1052	889
			1053	889
			1054	889
			1055	888
			1056	888
			1057	888
			1058	888
			1059	888
			1060	888
			1061	888
			1062	888
			1063	888
			1064	888
			1065	888
			1066	887
			1067	887
			1068	887
			1069	887
			1070	887
			1071	887
			1072	887
			1073	887
			1074	887
			1075	887
			1076	887
			1077	886
			1078	886
			1079	886
			1080	886
			1081	886
			1082	886
			1083	886
			1084	886
			1085	886
			1086	886
			1087	886
			1088	886
			1089	886
			1090	885
			1091	885
			1092	885
			1093	885
			1094	885
			1095	885
			1096	885
			1097	885
			1098	885
			1099	885
			1100	885
			1101	885
			1102	885
			1103	885
			1104	884
			1105	884
			1106	884
			1107	884
			1108	884
			1109	884
			1110	884
			1111	884
			1112	884
			1113	884
			1114	884
			1115	884
			1116	884
			1117	884
			1118	884
			1119	884
			1120	884
			1121	884
			1122	883
			1123	883
			1124	883
			1125	883
			1126	883
			1127	883
			1128	883
			1129	883
			1130	883
			1131	883
			1132	883
			1133	883
			1134	883
			1135	883
			1136	883
			1137	883
			1138	883
			1139	883
			1140	883
			1141	883
			1142	883
			1143	883
			1144	883
			1145	882
			1146	882
			1147	882
			1148	882
			1149	882
			1150	882
			1151	882
			1152	882
			1153	882
			1154	882
			1155	882
			1156	882
			1157	882
			1158	882
			1159	882
			1160	882
			1161	882
			1162	882
			1163	882
			1164	882
			1165	882
			1166	882
			1167	882
			1168	882
			1169	882
			1170	882
			1171	882
			1172	882
			1173	882
			1174	882
			1175	882
			1176	882
			1177	882
			1178	882
			1179	882
			1180	882
			1181	882
			1182	882
			1183	882
			1184	882
			1185	882
			1186	882
			1187	882
			1188	882
			1189	882
			1190	882
			1191	882
			1192	882
			1193	882
			1194	882
			1195	882
			1196	882
			1197	882
			1198	882
			1199	882
			1200	882
			1201	882
			1202	882
			1203	882
			1204	882
			1205	882
			1206	882
			1207	882
			1208	882
			1209	882
			1210	882
			1211	882
			1212	882
			1213	882
			1214	882
			1215	882
			1216	882
			1217	882
			1218	882
			1219	882
			1220	882
			1221	882
			1222	882
			1223	882
			1224	882
			1225	882
			1226	882
			1227	882
			1228	882
			1229	882
			1230	882
			1231	882
			1232	882
			1233	882
			1234	883
			1235	883
			1236	883
			1237	883
			1238	883
			1239	883
			1240	883
			1241	883
			1242	883
			1243	883
			1244	883
			1245	883
			1246	883
			1247	883
			1248	883
			1249	883
			1250	883
			1251	883
			1252	883
			1253	883
			1254	883
			1255	884
			1256	884
			1257	884
			1258	884
			1259	884
			1260	884
			1261	884
			1262	884
			1263	884
			1264	884
			1265	884
			1266	884
			1267	884
			1268	884
			1269	884
			1270	884
			1271	884
			1272	884
			1273	884
			1274	884
			1275	884
			1276	884
			1277	884
			1278	884
			1279	884
			1280	884
			1281	884
			1282	884
			1283	884
			1284	884
			1285	884
			1286	884
			1287	884
			1288	884
			1289	884
			1290	884
			1291	884
			1292	884
			1293	884
			1294	884
			1295	884
			1296	884
			1297	884
			1298	884
			1299	884
			1300	884
			1301	884
			1302	884
			1303	884
			1304	884
			1305	884
			1306	884
			1307	884
			1308	884
			1309	884
			1310	884
			1311	884
			1312	884
			1313	884
			1314	884
			1315	884
			1316	884
			1317	884
			1318	884
			1319	884
			1320	884
			1321	884
			1322	884
			1323	884
			1324	884
			1325	884
			1326	884
			1327	884
			1328	884
			1329	884
			1330	884
			1331	884
			1332	883
			1333	883
			1334	883
			1335	883
			1336	883
			1337	883
			1338	883
			1339	883
			1340	883
			1341	883
			1342	883
			1343	883
			1344	883
			1345	883
			1346	882
			1347	882
			1348	882
			1349	882
			1350	882
			1351	882
			1352	882
			1353	882
			1354	882
			1355	882
			1356	882
			1357	882
			1357	881
			1358	881
			1359	881
			1360	881
			1361	881
			1362	881
			1363	881
			1364	881
			1365	881
			1366	881
			1366	880
			1367	880
			1368	880
			1369	880
			1370	880
			1371	880
			1372	880
			1373	880
			1374	879
			1375	879
			1376	879
			1377	879
			1378	879
			1379	879
			1380	879
			1381	878
			1382	878
			1383	878
			1384	878
			1385	878
			1386	878
			1387	877
			1388	877
			1389	877
			1390	877
			1391	877
			1392	877
			1393	876
			1394	876
			1395	876
		</Snout_dorsal>
		<Dorsal_adipose type=matrix rownames=FALSE colnames=FALSE nrow=399 ncol=2 as.numeric=TRUE >
			1395	876
			1396	876
			1397	877
			1398	877
			1399	877
			1400	878
			1401	878
			1402	879
			1403	879
			1404	879
			1405	879
			1406	880
			1407	880
			1408	880
			1409	881
			1410	881
			1411	881
			1412	881
			1412	882
			1413	882
			1414	882
			1415	882
			1416	883
			1417	883
			1418	883
			1419	884
			1420	884
			1421	884
			1422	885
			1423	885
			1424	885
			1425	885
			1426	886
			1427	886
			1428	886
			1429	887
			1430	887
			1431	887
			1432	887
			1433	888
			1434	888
			1435	888
			1436	888
			1437	889
			1438	889
			1439	889
			1440	889
			1441	890
			1442	890
			1443	890
			1444	890
			1445	891
			1446	891
			1447	891
			1448	891
			1449	892
			1450	892
			1451	892
			1452	892
			1453	893
			1454	893
			1455	893
			1456	893
			1457	893
			1458	894
			1459	894
			1460	894
			1461	894
			1462	894
			1463	895
			1464	895
			1465	895
			1466	895
			1467	896
			1468	896
			1469	896
			1470	896
			1471	896
			1472	897
			1473	897
			1474	897
			1475	897
			1476	897
			1477	898
			1478	898
			1479	898
			1480	898
			1481	898
			1482	899
			1483	899
			1484	899
			1485	899
			1486	899
			1487	900
			1488	900
			1489	900
			1490	900
			1491	900
			1492	901
			1493	901
			1494	901
			1495	901
			1496	901
			1497	901
			1498	902
			1499	902
			1500	902
			1501	902
			1502	902
			1503	903
			1504	903
			1505	903
			1506	903
			1507	903
			1508	903
			1509	903
			1510	904
			1511	904
			1512	904
			1513	904
			1514	904
			1515	904
			1516	905
			1517	905
			1518	905
			1519	905
			1520	905
			1521	906
			1522	906
			1523	906
			1524	906
			1525	906
			1526	906
			1527	906
			1528	907
			1529	907
			1530	907
			1531	907
			1532	907
			1533	907
			1534	907
			1535	908
			1536	908
			1537	908
			1538	908
			1539	908
			1540	908
			1541	908
			1542	909
			1543	909
			1544	909
			1545	909
			1546	909
			1547	909
			1548	909
			1549	909
			1550	910
			1551	910
			1552	910
			1553	910
			1554	910
			1555	910
			1556	910
			1557	911
			1558	911
			1559	911
			1560	911
			1561	911
			1562	911
			1563	911
			1564	911
			1565	912
			1566	912
			1567	912
			1568	912
			1569	912
			1570	912
			1571	912
			1572	912
			1573	912
			1574	913
			1575	913
			1576	913
			1577	913
			1578	913
			1579	913
			1580	913
			1581	913
			1582	914
			1583	914
			1584	914
			1585	914
			1586	914
			1587	914
			1588	914
			1589	914
			1590	914
			1591	915
			1592	915
			1593	915
			1594	915
			1595	915
			1596	915
			1597	915
			1598	916
			1599	916
			1600	916
			1601	916
			1602	916
			1603	916
			1604	916
			1605	916
			1606	917
			1607	917
			1608	917
			1609	917
			1610	917
			1611	917
			1612	917
			1613	917
			1613	918
			1614	918
			1615	918
			1616	918
			1617	918
			1618	918
			1619	918
			1620	918
			1621	918
			1622	919
			1623	919
			1624	919
			1625	919
			1626	919
			1627	919
			1628	919
			1629	919
			1630	919
			1631	919
			1632	920
			1633	920
			1634	920
			1635	920
			1636	920
			1637	920
			1638	920
			1639	920
			1640	920
			1641	920
			1642	921
			1643	921
			1644	921
			1645	921
			1646	921
			1647	921
			1648	921
			1649	921
			1650	921
			1651	921
			1652	921
			1653	922
			1654	922
			1655	922
			1656	922
			1657	922
			1658	922
			1659	922
			1660	922
			1661	922
			1662	922
			1663	922
			1664	922
			1665	922
			1666	923
			1667	923
			1668	923
			1669	923
			1670	923
			1671	923
			1672	923
			1673	923
			1674	923
			1675	923
			1676	923
			1677	923
			1678	923
			1679	923
			1680	923
			1681	923
			1682	924
			1683	924
			1684	924
			1685	924
			1686	924
			1687	924
			1688	924
			1689	924
			1690	924
			1691	924
			1692	924
			1693	924
			1694	924
			1695	924
			1696	924
			1697	924
			1698	924
			1699	924
			1700	924
			1701	924
			1702	924
			1703	924
			1704	924
			1705	924
			1706	924
			1707	924
			1708	924
			1709	924
			1710	924
			1711	925
			1712	925
			1713	925
			1714	925
			1715	925
			1716	925
			1717	925
			1718	925
			1719	925
			1720	925
			1721	925
			1722	925
			1723	925
			1724	925
			1725	925
			1726	925
			1727	925
			1728	925
			1729	925
			1730	925
			1731	925
			1732	925
			1733	925
			1734	925
			1735	925
			1736	925
			1737	925
			1738	925
			1739	925
			1740	925
			1741	925
			1742	925
			1743	925
			1744	924
			1745	924
			1746	924
			1747	924
			1748	924
			1749	924
			1750	924
			1751	924
			1752	924
			1753	924
			1754	924
			1755	924
			1756	924
			1757	924
			1758	924
			1759	924
			1760	924
			1761	924
			1762	924
			1763	924
			1764	924
			1765	924
			1766	924
			1767	924
			1768	924
			1769	924
			1770	923
			1771	923
			1772	923
			1773	923
			1774	923
			1775	923
			1776	923
			1777	923
			1778	923
			1779	923
			1780	923
			1781	923
			1782	923
			1783	923
			1784	923
			1785	922
			1786	922
			1787	922
			1788	922
			1789	922
			1790	922
			1791	922
		</Dorsal_adipose>
		<Adipose_caudal type=matrix rownames=FALSE colnames=FALSE nrow=223 ncol=2 as.numeric=TRUE >
			1791	922
			1792	922
			1793	922
			1794	922
			1795	922
			1796	922
			1797	922
			1798	922
			1799	923
			1800	923
			1801	923
			1802	923
			1803	923
			1804	923
			1805	923
			1806	924
			1807	924
			1808	924
			1809	924
			1810	925
			1811	925
			1812	925
			1813	926
			1814	926
			1815	927
			1816	928
			1817	929
			1818	929
			1819	930
			1819	931
			1820	932
			1821	933
			1822	933
			1823	933
			1824	933
			1825	933
			1825	934
			1826	934
			1827	934
			1828	934
			1829	934
			1830	934
			1831	934
			1832	934
			1833	934
			1834	934
			1835	934
			1836	934
			1837	935
			1838	935
			1839	935
			1840	935
			1841	935
			1842	935
			1843	935
			1844	935
			1845	935
			1846	935
			1847	935
			1848	935
			1849	935
			1850	935
			1851	935
			1852	936
			1853	936
			1854	936
			1855	936
			1856	936
			1857	936
			1858	936
			1859	936
			1860	936
			1861	936
			1862	936
			1863	936
			1864	936
			1865	936
			1866	936
			1867	936
			1868	936
			1869	937
			1870	937
			1871	937
			1872	937
			1873	937
			1874	937
			1875	937
			1876	937
			1877	937
			1878	937
			1879	937
			1880	937
			1881	937
			1882	937
			1883	937
			1884	937
			1885	937
			1886	937
			1887	937
			1888	937
			1889	937
			1890	937
			1891	937
			1892	937
			1893	937
			1894	937
			1895	937
			1896	937
			1897	937
			1898	937
			1899	937
			1900	938
			1901	938
			1902	938
			1903	938
			1904	938
			1905	938
			1906	938
			1907	938
			1908	938
			1909	938
			1910	938
			1911	938
			1912	938
			1913	938
			1914	938
			1915	938
			1916	938
			1917	938
			1918	938
			1919	938
			1920	938
			1921	938
			1922	937
			1923	937
			1924	937
			1925	937
			1926	937
			1927	937
			1928	937
			1929	937
			1930	937
			1931	937
			1932	937
			1933	937
			1934	937
			1935	937
			1936	937
			1937	937
			1938	937
			1939	937
			1940	937
			1941	937
			1942	937
			1943	937
			1944	937
			1945	937
			1946	937
			1947	937
			1948	937
			1949	937
			1950	937
			1951	936
			1952	936
			1953	936
			1954	936
			1955	936
			1956	936
			1957	936
			1958	936
			1959	936
			1960	936
			1961	936
			1962	936
			1963	936
			1964	936
			1965	935
			1966	935
			1967	935
			1968	935
			1969	935
			1970	935
			1971	935
			1972	935
			1973	934
			1974	934
			1975	934
			1976	933
			1977	933
			1978	933
			1979	933
			1980	932
			1981	932
			1982	932
			1983	932
			1984	931
			1985	931
			1986	931
			1987	931
			1988	931
			1989	931
			1990	930
			1991	930
			1992	930
			1993	930
			1994	930
			1995	930
			1996	930
			1997	930
			1998	930
			1999	930
			2000	930
			2001	930
			2002	930
			2003	930
			2004	931
			2005	931
			2006	931
			2007	931
			2008	932
			2009	932
			2010	933
			2011	933
		</Adipose_caudal>
		<Caudal_anal type=matrix rownames=FALSE colnames=FALSE nrow=374 ncol=2 as.numeric=TRUE >
			2019	1067
			2018	1067
			2017	1067
			2016	1067
			2015	1067
			2014	1067
			2013	1067
			2012	1067
			2011	1067
			2010	1067
			2009	1067
			2008	1067
			2007	1067
			2006	1067
			2005	1067
			2004	1067
			2003	1067
			2002	1067
			2001	1066
			2000	1066
			1999	1066
			1998	1066
			1997	1066
			1996	1066
			1995	1066
			1994	1066
			1993	1065
			1992	1065
			1991	1065
			1990	1065
			1989	1065
			1988	1065
			1987	1065
			1986	1065
			1985	1065
			1984	1065
			1983	1065
			1982	1065
			1981	1065
			1980	1065
			1979	1065
			1978	1065
			1977	1065
			1976	1065
			1975	1065
			1974	1065
			1973	1065
			1972	1065
			1971	1065
			1970	1065
			1969	1065
			1968	1065
			1967	1065
			1966	1065
			1965	1065
			1964	1066
			1963	1066
			1962	1066
			1961	1066
			1960	1066
			1959	1066
			1958	1066
			1957	1066
			1956	1066
			1955	1066
			1954	1066
			1953	1067
			1952	1067
			1951	1067
			1950	1067
			1949	1067
			1948	1067
			1947	1067
			1946	1067
			1945	1067
			1944	1067
			1943	1068
			1942	1068
			1941	1068
			1940	1068
			1939	1068
			1938	1068
			1937	1068
			1936	1068
			1935	1069
			1934	1069
			1933	1069
			1932	1069
			1931	1069
			1930	1069
			1929	1069
			1928	1070
			1927	1070
			1926	1070
			1925	1070
			1924	1070
			1923	1070
			1922	1071
			1921	1071
			1920	1071
			1919	1071
			1918	1071
			1917	1071
			1916	1072
			1915	1072
			1914	1072
			1913	1072
			1912	1072
			1911	1073
			1910	1073
			1909	1073
			1908	1073
			1907	1073
			1906	1073
			1905	1074
			1904	1074
			1903	1074
			1902	1074
			1901	1074
			1900	1075
			1899	1075
			1898	1075
			1897	1075
			1896	1075
			1895	1076
			1894	1076
			1893	1076
			1892	1076
			1891	1076
			1890	1077
			1889	1077
			1888	1077
			1887	1077
			1886	1077
			1885	1078
			1884	1078
			1883	1078
			1882	1078
			1881	1079
			1880	1079
			1879	1079
			1878	1079
			1877	1079
			1876	1080
			1875	1080
			1874	1080
			1873	1080
			1872	1081
			1871	1081
			1870	1081
			1869	1081
			1868	1082
			1867	1082
			1866	1082
			1865	1082
			1864	1082
			1863	1083
			1862	1083
			1861	1083
			1860	1083
			1860	1084
			1859	1084
			1858	1084
			1857	1084
			1856	1084
			1856	1085
			1855	1085
			1854	1085
			1853	1085
			1852	1085
			1851	1086
			1850	1086
			1849	1086
			1848	1086
			1847	1087
			1846	1087
			1845	1087
			1844	1087
			1843	1088
			1842	1088
			1841	1088
			1840	1088
			1839	1089
			1838	1089
			1837	1089
			1836	1090
			1835	1090
			1834	1090
			1833	1090
			1832	1091
			1831	1091
			1830	1091
			1829	1091
			1828	1092
			1827	1092
			1826	1092
			1825	1092
			1825	1093
			1824	1093
			1823	1093
			1822	1094
			1821	1094
			1820	1094
			1819	1094
			1818	1095
			1817	1095
			1816	1095
			1815	1096
			1814	1096
			1813	1096
			1812	1096
			1812	1097
			1811	1097
			1810	1097
			1809	1097
			1808	1098
			1807	1098
			1806	1098
			1805	1098
			1804	1099
			1803	1099
			1802	1099
			1801	1100
			1800	1100
			1799	1100
			1798	1100
			1797	1101
			1796	1101
			1795	1102
			1794	1102
			1793	1102
			1792	1102
			1791	1103
			1790	1103
			1789	1103
			1788	1103
			1787	1104
			1786	1104
			1785	1104
			1784	1105
			1783	1105
			1782	1105
			1781	1105
			1780	1106
			1779	1106
			1778	1106
			1777	1107
			1776	1107
			1775	1107
			1774	1107
			1773	1108
			1772	1108
			1771	1108
			1770	1108
			1769	1109
			1768	1109
			1767	1109
			1766	1110
			1765	1110
			1764	1110
			1763	1110
			1762	1111
			1761	1111
			1760	1111
			1759	1112
			1758	1112
			1757	1112
			1756	1112
			1755	1113
			1754	1113
			1753	1113
			1752	1114
			1751	1114
			1750	1114
			1749	1114
			1748	1115
			1747	1115
			1746	1115
			1745	1115
			1744	1116
			1743	1116
			1742	1116
			1741	1117
			1740	1117
			1739	1117
			1738	1117
			1737	1118
			1736	1118
			1735	1118
			1734	1118
			1733	1119
			1732	1119
			1731	1119
			1730	1120
			1729	1120
			1728	1120
			1727	1120
			1726	1121
			1725	1121
			1724	1121
			1723	1121
			1722	1122
			1721	1122
			1720	1122
			1719	1123
			1718	1123
			1717	1123
			1716	1123
			1715	1124
			1714	1124
			1713	1124
			1712	1124
			1711	1125
			1710	1125
			1709	1125
			1708	1125
			1707	1126
			1706	1126
			1705	1126
			1704	1127
			1703	1127
			1702	1127
			1701	1127
			1700	1128
			1699	1128
			1698	1128
			1697	1128
			1696	1129
			1695	1129
			1694	1129
			1693	1129
			1692	1130
			1691	1130
			1690	1130
			1689	1130
			1688	1131
			1687	1131
			1686	1131
			1685	1131
			1684	1132
			1683	1132
			1682	1132
			1681	1132
			1680	1133
			1679	1133
			1678	1133
			1677	1133
			1676	1134
			1675	1134
			1674	1134
			1673	1134
			1672	1135
			1671	1135
			1670	1135
			1669	1135
			1668	1136
			1667	1136
			1666	1136
			1665	1136
			1664	1137
			1663	1137
			1662	1137
			1661	1137
			1660	1138
			1659	1138
			1658	1138
			1657	1138
			1656	1139
			1655	1139
			1654	1139
			1653	1139
			1652	1140
			1651	1140
			1650	1140
		</Caudal_anal>
	</curves.pixel>
	<curves.scaled type=list>
		<Snout_dorsal type=matrix rownames=FALSE colnames=FALSE nrow=611 ncol=2 as.numeric=TRUE >
			30.8827636058869	-38.0039655667738
			30.8827636058869	-37.967632903708
			30.8827636058869	-37.9313002406423
			30.8827636058869	-37.8949675775765
			30.8827636058869	-37.8586349145108
			30.8827636058869	-37.822302251445
			30.8827636058869	-37.7859695883793
			30.8827636058869	-37.7496369253135
			30.8827636058869	-37.7133042622478
			30.8827636058869	-37.676971599182
			30.8827636058869	-37.6406389361163
			30.9190962689526	-37.6043062730505
			30.9190962689526	-37.5679736099848
			30.9190962689526	-37.531640946919
			30.9190962689526	-37.4953082838533
			30.9190962689526	-37.4589756207875
			30.9190962689526	-37.4226429577218
			30.9190962689526	-37.386310294656
			30.9190962689526	-37.3499776315903
			30.9190962689526	-37.3136449685245
			30.9554289320184	-37.2773123054588
			30.9554289320184	-37.240979642393
			30.9554289320184	-37.2046469793273
			30.9554289320184	-37.1683143162615
			30.9554289320184	-37.1319816531958
			30.9917615950841	-37.09564899013
			30.9917615950841	-37.0593163270643
			30.9917615950841	-37.0229836639985
			30.9917615950841	-36.9866510009328
			30.9917615950841	-36.950318337867
			31.0280942581499	-36.9139856748013
			31.0280942581499	-36.8776530117355
			31.0280942581499	-36.8413203486698
			31.0280942581499	-36.804987685604
			31.0644269212156	-36.7686550225383
			31.0644269212156	-36.7323223594725
			31.0644269212156	-36.6959896964068
			31.0644269212156	-36.659657033341
			31.1007595842814	-36.6233243702753
			31.1007595842814	-36.5869917072095
			31.1007595842814	-36.5506590441438
			31.1007595842814	-36.514326381078
			31.1370922473471	-36.514326381078
			31.1370922473471	-36.4779937180123
			31.1370922473471	-36.4416610549465
			31.1734249104129	-36.4053283918808
			31.1734249104129	-36.368995728815
			31.1734249104129	-36.3326630657493
			31.2097575734786	-36.3326630657493
			31.2097575734786	-36.2963304026835
			31.2097575734786	-36.2599977396178
			31.2460902365444	-36.223665076552
			31.2460902365444	-36.1873324134863
			31.2460902365444	-36.1509997504205
			31.2824228996101	-36.1509997504205
			31.2824228996101	-36.1146670873548
			31.2824228996101	-36.078334424289
			31.3187555626759	-36.0420017612233
			31.3187555626759	-36.0056690981575
			31.3550882257416	-36.0056690981575
			31.3550882257416	-35.9693364350918
			31.3550882257416	-35.933003772026
			31.3914208888074	-35.8966711089603
			31.3914208888074	-35.8603384458945
			31.4277535518731	-35.8603384458945
			31.4277535518731	-35.8240057828288
			31.4277535518731	-35.787673119763
			31.4640862149389	-35.7513404566973
			31.5004188780046	-35.7150077936315
			31.5004188780046	-35.6786751305658
			31.5367515410704	-35.6423424675001
			31.5367515410704	-35.6060098044343
			31.5730842041361	-35.5696771413686
			31.6094168672019	-35.5333444783028
			31.6094168672019	-35.4970118152371
			31.6457495302676	-35.4606791521713
			31.6457495302676	-35.4243464891056
			31.6820821933334	-35.4243464891056
			31.7184148563991	-35.3880138260398
			31.7184148563991	-35.3516811629741
			31.7547475194649	-35.3153484999083
			31.7910801825306	-35.2790158368426
			31.7910801825306	-35.2426831737768
			31.8274128455964	-35.2063505107111
			31.8637455086621	-35.1700178476453
			31.9000781717279	-35.1336851845796
			31.9364108347936	-35.0973525215138
			31.9727434978594	-35.0610198584481
			31.9727434978594	-35.0246871953823
			32.0090761609251	-34.9883545323166
			32.0454088239909	-34.9520218692508
			32.0817414870566	-34.9156892061851
			32.1180741501224	-34.8793565431193
			32.1544068131881	-34.8430238800536
			32.1907394762539	-34.8066912169878
			32.2270721393196	-34.7703585539221
			32.2634048023854	-34.7340258908563
			32.2997374654511	-34.6976932277906
			32.3360701285169	-34.6613605647248
			32.3724027915826	-34.6250279016591
			32.4087354546484	-34.5886952385933
			32.4450681177141	-34.5523625755276
			32.4814007807799	-34.5160299124618
			32.5177334438456	-34.4796972493961
			32.5540661069114	-34.4433645863303
			32.5903987699771	-34.4070319232646
			32.6267314330429	-34.3706992601988
			32.6630640961086	-34.3343665971331
			32.6993967591744	-34.2980339340673
			32.7357294222401	-34.2980339340673
			32.7720620853059	-34.2617012710016
			32.8083947483716	-34.2617012710016
			32.8083947483716	-34.2253686079358
			32.8447274114374	-34.2253686079358
			32.8810600745031	-34.1890359448701
			32.9173927375689	-34.1527032818043
			32.9537254006346	-34.1163706187386
			32.9900580637004	-34.0800379556728
			33.0263907267661	-34.0800379556728
			33.0627233898319	-34.0437052926071
			33.0990560528976	-34.0437052926071
			33.1353887159634	-34.0073726295413
			33.1717213790291	-33.9710399664756
			33.2080540420949	-33.9710399664756
			33.2443867051606	-33.9347073034098
			33.2807193682264	-33.9347073034098
			33.2807193682264	-33.8983746403441
			33.3170520312921	-33.8620419772783
			33.3533846943578	-33.8620419772783
			33.3897173574236	-33.8257093142126
			33.4260500204893	-33.8257093142126
			33.4623826835551	-33.7893766511468
			33.4987153466208	-33.7530439880811
			33.5350480096866	-33.7530439880811
			33.5713806727523	-33.7167113250153
			33.6077133358181	-33.7167113250153
			33.6440459988838	-33.6803786619496
			33.6803786619496	-33.6803786619496
			33.7167113250153	-33.6440459988838
			33.7530439880811	-33.6077133358181
			33.7893766511468	-33.6077133358181
			33.8257093142126	-33.5713806727523
			33.8620419772783	-33.5713806727523
			33.8983746403441	-33.5350480096866
			33.9347073034098	-33.5350480096866
			33.9710399664756	-33.4987153466208
			34.0073726295413	-33.4987153466208
			34.0437052926071	-33.4623826835551
			34.0800379556728	-33.4623826835551
			34.1163706187386	-33.4260500204893
			34.1527032818043	-33.4260500204893
			34.1890359448701	-33.3897173574236
			34.2253686079358	-33.3897173574236
			34.2617012710016	-33.3533846943578
			34.2980339340673	-33.3533846943578
			34.3343665971331	-33.3533846943578
			34.3343665971331	-33.3170520312921
			34.3706992601988	-33.3170520312921
			34.4070319232646	-33.2807193682264
			34.4433645863303	-33.2807193682264
			34.4796972493961	-33.2807193682264
			34.4796972493961	-33.2443867051606
			34.5160299124618	-33.2443867051606
			34.5523625755276	-33.2443867051606
			34.5886952385933	-33.2080540420949
			34.6250279016591	-33.2080540420949
			34.6613605647248	-33.2080540420949
			34.6613605647248	-33.1717213790291
			34.6976932277906	-33.1717213790291
			34.7340258908563	-33.1353887159634
			34.7703585539221	-33.1353887159634
			34.8066912169878	-33.1353887159634
			34.8430238800536	-33.0990560528976
			34.8793565431193	-33.0990560528976
			34.9156892061851	-33.0627233898319
			34.9520218692508	-33.0627233898319
			34.9883545323166	-33.0263907267661
			35.0246871953823	-33.0263907267661
			35.0610198584481	-33.0263907267661
			35.0973525215138	-32.9900580637004
			35.1336851845796	-32.9900580637004
			35.1700178476453	-32.9900580637004
			35.2063505107111	-32.9537254006346
			35.2426831737768	-32.9537254006346
			35.2790158368426	-32.9537254006346
			35.3153484999083	-32.9173927375689
			35.3516811629741	-32.9173927375689
			35.3880138260398	-32.9173927375689
			35.4243464891056	-32.8810600745031
			35.4606791521713	-32.8810600745031
			35.4970118152371	-32.8810600745031
			35.5333444783028	-32.8447274114374
			35.5696771413686	-32.8447274114374
			35.6060098044343	-32.8447274114374
			35.6423424675001	-32.8083947483716
			35.6786751305658	-32.8083947483716
			35.7150077936315	-32.8083947483716
			35.7513404566973	-32.7720620853059
			35.787673119763	-32.7720620853059
			35.8240057828288	-32.7720620853059
			35.8603384458945	-32.7357294222401
			35.8966711089603	-32.7357294222401
			35.933003772026	-32.7357294222401
			35.9693364350918	-32.6993967591744
			36.0056690981575	-32.6993967591744
			36.0420017612233	-32.6993967591744
			36.078334424289	-32.6630640961086
			36.1146670873548	-32.6630640961086
			36.1509997504205	-32.6630640961086
			36.1873324134863	-32.6267314330429
			36.223665076552	-32.6267314330429
			36.2599977396178	-32.6267314330429
			36.2963304026835	-32.6267314330429
			36.3326630657493	-32.5903987699771
			36.368995728815	-32.5903987699771
			36.4053283918808	-32.5903987699771
			36.4416610549465	-32.5540661069114
			36.4779937180123	-32.5540661069114
			36.514326381078	-32.5540661069114
			36.5506590441438	-32.5540661069114
			36.5869917072095	-32.5177334438456
			36.6233243702753	-32.5177334438456
			36.659657033341	-32.5177334438456
			36.6959896964068	-32.5177334438456
			36.7323223594725	-32.4814007807799
			36.7686550225383	-32.4814007807799
			36.804987685604	-32.4814007807799
			36.8413203486698	-32.4450681177141
			36.8776530117355	-32.4450681177141
			36.9139856748013	-32.4450681177141
			36.950318337867	-32.4450681177141
			36.9866510009328	-32.4450681177141
			37.0229836639985	-32.4450681177141
			37.0593163270643	-32.4087354546484
			37.09564899013	-32.4087354546484
			37.1319816531958	-32.4087354546484
			37.1683143162615	-32.4087354546484
			37.2046469793273	-32.4087354546484
			37.240979642393	-32.4087354546484
			37.2773123054588	-32.4087354546484
			37.3136449685245	-32.4087354546484
			37.3499776315903	-32.3724027915826
			37.386310294656	-32.3724027915826
			37.4226429577218	-32.3724027915826
			37.4589756207875	-32.3724027915826
			37.4953082838533	-32.3724027915826
			37.531640946919	-32.3724027915826
			37.5679736099848	-32.3724027915826
			37.6043062730505	-32.3724027915826
			37.6406389361163	-32.3724027915826
			37.676971599182	-32.3360701285169
			37.7133042622478	-32.3360701285169
			37.7496369253135	-32.3360701285169
			37.7859695883793	-32.3360701285169
			37.822302251445	-32.3360701285169
			37.8586349145108	-32.3360701285169
			37.8949675775765	-32.3360701285169
			37.9313002406423	-32.3360701285169
			37.967632903708	-32.3360701285169
			38.0039655667738	-32.2997374654511
			38.0402982298395	-32.2997374654511
			38.0766308929053	-32.2997374654511
			38.112963555971	-32.2997374654511
			38.1492962190368	-32.2997374654511
			38.1856288821025	-32.2997374654511
			38.2219615451682	-32.2997374654511
			38.258294208234	-32.2997374654511
			38.2946268712997	-32.2997374654511
			38.3309595343655	-32.2634048023854
			38.3672921974312	-32.2634048023854
			38.403624860497	-32.2634048023854
			38.4399575235627	-32.2634048023854
			38.4762901866285	-32.2634048023854
			38.5126228496942	-32.2634048023854
			38.54895551276	-32.2634048023854
			38.5852881758257	-32.2634048023854
			38.6216208388915	-32.2634048023854
			38.6579535019572	-32.2634048023854
			38.694286165023	-32.2634048023854
			38.7306188280887	-32.2270721393196
			38.7669514911545	-32.2270721393196
			38.8032841542202	-32.2270721393196
			38.839616817286	-32.2270721393196
			38.8759494803517	-32.2270721393196
			38.9122821434175	-32.2270721393196
			38.9486148064832	-32.2270721393196
			38.984947469549	-32.2270721393196
			39.0212801326147	-32.2270721393196
			39.0576127956805	-32.2270721393196
			39.0939454587462	-32.2270721393196
			39.130278121812	-32.1907394762539
			39.1666107848777	-32.1907394762539
			39.2029434479435	-32.1907394762539
			39.2392761110092	-32.1907394762539
			39.275608774075	-32.1907394762539
			39.3119414371407	-32.1907394762539
			39.3482741002065	-32.1907394762539
			39.3846067632722	-32.1907394762539
			39.420939426338	-32.1907394762539
			39.4572720894037	-32.1907394762539
			39.4936047524695	-32.1907394762539
			39.5299374155352	-32.1907394762539
			39.566270078601	-32.1907394762539
			39.6026027416667	-32.1544068131881
			39.6389354047325	-32.1544068131881
			39.6752680677982	-32.1544068131881
			39.711600730864	-32.1544068131881
			39.7479333939297	-32.1544068131881
			39.7842660569955	-32.1544068131881
			39.8205987200612	-32.1544068131881
			39.856931383127	-32.1544068131881
			39.8932640461927	-32.1544068131881
			39.9295967092585	-32.1544068131881
			39.9659293723242	-32.1544068131881
			40.00226203539	-32.1544068131881
			40.0385946984557	-32.1544068131881
			40.0749273615215	-32.1544068131881
			40.1112600245872	-32.1180741501224
			40.147592687653	-32.1180741501224
			40.1839253507187	-32.1180741501224
			40.2202580137845	-32.1180741501224
			40.2565906768502	-32.1180741501224
			40.292923339916	-32.1180741501224
			40.3292560029817	-32.1180741501224
			40.3655886660475	-32.1180741501224
			40.4019213291132	-32.1180741501224
			40.438253992179	-32.1180741501224
			40.4745866552447	-32.1180741501224
			40.5109193183105	-32.1180741501224
			40.5472519813762	-32.1180741501224
			40.583584644442	-32.1180741501224
			40.6199173075077	-32.1180741501224
			40.6562499705735	-32.1180741501224
			40.6925826336392	-32.1180741501224
			40.728915296705	-32.1180741501224
			40.7652479597707	-32.0817414870566
			40.8015806228365	-32.0817414870566
			40.8379132859022	-32.0817414870566
			40.874245948968	-32.0817414870566
			40.9105786120337	-32.0817414870566
			40.9469112750994	-32.0817414870566
			40.9832439381652	-32.0817414870566
			41.0195766012309	-32.0817414870566
			41.0559092642967	-32.0817414870566
			41.0922419273624	-32.0817414870566
			41.1285745904282	-32.0817414870566
			41.1649072534939	-32.0817414870566
			41.2012399165597	-32.0817414870566
			41.2375725796254	-32.0817414870566
			41.2739052426912	-32.0817414870566
			41.3102379057569	-32.0817414870566
			41.3465705688227	-32.0817414870566
			41.3829032318884	-32.0817414870566
			41.4192358949542	-32.0817414870566
			41.4555685580199	-32.0817414870566
			41.4919012210857	-32.0817414870566
			41.5282338841514	-32.0817414870566
			41.5645665472172	-32.0817414870566
			41.6008992102829	-32.0454088239909
			41.6372318733487	-32.0454088239909
			41.6735645364144	-32.0454088239909
			41.7098971994802	-32.0454088239909
			41.7462298625459	-32.0454088239909
			41.7825625256117	-32.0454088239909
			41.8188951886774	-32.0454088239909
			41.8552278517432	-32.0454088239909
			41.8915605148089	-32.0454088239909
			41.9278931778747	-32.0454088239909
			41.9642258409404	-32.0454088239909
			42.0005585040062	-32.0454088239909
			42.0368911670719	-32.0454088239909
			42.0732238301377	-32.0454088239909
			42.1095564932034	-32.0454088239909
			42.1458891562692	-32.0454088239909
			42.1822218193349	-32.0454088239909
			42.2185544824007	-32.0454088239909
			42.2548871454664	-32.0454088239909
			42.2912198085322	-32.0454088239909
			42.3275524715979	-32.0454088239909
			42.3638851346637	-32.0454088239909
			42.4002177977294	-32.0454088239909
			42.4365504607952	-32.0454088239909
			42.4728831238609	-32.0454088239909
			42.5092157869267	-32.0454088239909
			42.5455484499924	-32.0454088239909
			42.5818811130582	-32.0454088239909
			42.6182137761239	-32.0454088239909
			42.6545464391897	-32.0454088239909
			42.6908791022554	-32.0454088239909
			42.7272117653212	-32.0454088239909
			42.7635444283869	-32.0454088239909
			42.7998770914527	-32.0454088239909
			42.8362097545184	-32.0454088239909
			42.8725424175842	-32.0454088239909
			42.9088750806499	-32.0454088239909
			42.9452077437157	-32.0454088239909
			42.9815404067814	-32.0454088239909
			43.0178730698472	-32.0454088239909
			43.0542057329129	-32.0454088239909
			43.0905383959787	-32.0454088239909
			43.1268710590444	-32.0454088239909
			43.1632037221102	-32.0454088239909
			43.1995363851759	-32.0454088239909
			43.2358690482417	-32.0454088239909
			43.2722017113074	-32.0454088239909
			43.3085343743732	-32.0454088239909
			43.3448670374389	-32.0454088239909
			43.3811997005047	-32.0454088239909
			43.4175323635704	-32.0454088239909
			43.4538650266362	-32.0454088239909
			43.4901976897019	-32.0454088239909
			43.5265303527677	-32.0454088239909
			43.5628630158334	-32.0454088239909
			43.5991956788992	-32.0454088239909
			43.6355283419649	-32.0454088239909
			43.6718610050306	-32.0454088239909
			43.7081936680964	-32.0454088239909
			43.7445263311621	-32.0454088239909
			43.7808589942279	-32.0454088239909
			43.8171916572936	-32.0454088239909
			43.8535243203594	-32.0454088239909
			43.8898569834251	-32.0454088239909
			43.9261896464909	-32.0454088239909
			43.9625223095566	-32.0454088239909
			43.9988549726224	-32.0454088239909
			44.0351876356881	-32.0454088239909
			44.0715202987539	-32.0454088239909
			44.1078529618196	-32.0454088239909
			44.1441856248854	-32.0454088239909
			44.1805182879511	-32.0454088239909
			44.2168509510169	-32.0454088239909
			44.2531836140826	-32.0454088239909
			44.2895162771484	-32.0454088239909
			44.3258489402141	-32.0454088239909
			44.3621816032799	-32.0454088239909
			44.3985142663456	-32.0454088239909
			44.4348469294114	-32.0454088239909
			44.4711795924771	-32.0454088239909
			44.5075122555429	-32.0454088239909
			44.5438449186086	-32.0454088239909
			44.5801775816744	-32.0454088239909
			44.6165102447401	-32.0454088239909
			44.6528429078059	-32.0454088239909
			44.6891755708716	-32.0454088239909
			44.7255082339374	-32.0454088239909
			44.7618408970031	-32.0454088239909
			44.7981735600689	-32.0454088239909
			44.8345062231346	-32.0817414870566
			44.8708388862004	-32.0817414870566
			44.9071715492661	-32.0817414870566
			44.9435042123319	-32.0817414870566
			44.9798368753976	-32.0817414870566
			45.0161695384634	-32.0817414870566
			45.0525022015291	-32.0817414870566
			45.0888348645949	-32.0817414870566
			45.1251675276606	-32.0817414870566
			45.1615001907264	-32.0817414870566
			45.1978328537921	-32.0817414870566
			45.2341655168579	-32.0817414870566
			45.2704981799236	-32.0817414870566
			45.3068308429894	-32.0817414870566
			45.3431635060551	-32.0817414870566
			45.3794961691209	-32.0817414870566
			45.4158288321866	-32.0817414870566
			45.4521614952524	-32.0817414870566
			45.4884941583181	-32.0817414870566
			45.5248268213839	-32.0817414870566
			45.5611594844496	-32.0817414870566
			45.5974921475154	-32.1180741501224
			45.6338248105811	-32.1180741501224
			45.6701574736469	-32.1180741501224
			45.7064901367126	-32.1180741501224
			45.7428227997784	-32.1180741501224
			45.7791554628441	-32.1180741501224
			45.8154881259099	-32.1180741501224
			45.8518207889756	-32.1180741501224
			45.8881534520414	-32.1180741501224
			45.9244861151071	-32.1180741501224
			45.9608187781729	-32.1180741501224
			45.9971514412386	-32.1180741501224
			46.0334841043043	-32.1180741501224
			46.0698167673701	-32.1180741501224
			46.1061494304358	-32.1180741501224
			46.1424820935016	-32.1180741501224
			46.1788147565673	-32.1180741501224
			46.2151474196331	-32.1180741501224
			46.2514800826988	-32.1180741501224
			46.2878127457646	-32.1180741501224
			46.3241454088303	-32.1180741501224
			46.3604780718961	-32.1180741501224
			46.3968107349618	-32.1180741501224
			46.4331433980276	-32.1180741501224
			46.4694760610933	-32.1180741501224
			46.5058087241591	-32.1180741501224
			46.5421413872248	-32.1180741501224
			46.5784740502906	-32.1180741501224
			46.6148067133563	-32.1180741501224
			46.6511393764221	-32.1180741501224
			46.6874720394878	-32.1180741501224
			46.7238047025536	-32.1180741501224
			46.7601373656193	-32.1180741501224
			46.7964700286851	-32.1180741501224
			46.8328026917508	-32.1180741501224
			46.8691353548166	-32.1180741501224
			46.9054680178823	-32.1180741501224
			46.9418006809481	-32.1180741501224
			46.9781333440138	-32.1180741501224
			47.0144660070796	-32.1180741501224
			47.0507986701453	-32.1180741501224
			47.0871313332111	-32.1180741501224
			47.1234639962768	-32.1180741501224
			47.1597966593426	-32.1180741501224
			47.1961293224083	-32.1180741501224
			47.2324619854741	-32.1180741501224
			47.2687946485398	-32.1180741501224
			47.3051273116056	-32.1180741501224
			47.3414599746713	-32.1180741501224
			47.3777926377371	-32.1180741501224
			47.4141253008028	-32.1180741501224
			47.4504579638686	-32.1180741501224
			47.4867906269343	-32.1180741501224
			47.5231232900001	-32.1180741501224
			47.5594559530658	-32.1180741501224
			47.5957886161316	-32.1180741501224
			47.6321212791973	-32.1180741501224
			47.6684539422631	-32.1180741501224
			47.7047866053288	-32.1180741501224
			47.7411192683946	-32.1180741501224
			47.7774519314603	-32.1180741501224
			47.8137845945261	-32.1180741501224
			47.8501172575918	-32.1180741501224
			47.8864499206576	-32.1180741501224
			47.9227825837233	-32.1180741501224
			47.9591152467891	-32.1180741501224
			47.9954479098548	-32.1180741501224
			48.0317805729206	-32.1180741501224
			48.0681132359863	-32.1180741501224
			48.1044458990521	-32.1180741501224
			48.1407785621178	-32.1180741501224
			48.1771112251836	-32.1180741501224
			48.2134438882493	-32.1180741501224
			48.2497765513151	-32.1180741501224
			48.2861092143808	-32.1180741501224
			48.3224418774466	-32.1180741501224
			48.3587745405123	-32.1180741501224
			48.395107203578	-32.0817414870566
			48.4314398666438	-32.0817414870566
			48.4677725297095	-32.0817414870566
			48.5041051927753	-32.0817414870566
			48.540437855841	-32.0817414870566
			48.5767705189068	-32.0817414870566
			48.6131031819725	-32.0817414870566
			48.6494358450383	-32.0817414870566
			48.685768508104	-32.0817414870566
			48.7221011711698	-32.0817414870566
			48.7584338342355	-32.0817414870566
			48.7947664973013	-32.0817414870566
			48.831099160367	-32.0817414870566
			48.8674318234328	-32.0817414870566
			48.9037644864985	-32.0454088239909
			48.9400971495643	-32.0454088239909
			48.97642981263	-32.0454088239909
			49.0127624756958	-32.0454088239909
			49.0490951387615	-32.0454088239909
			49.0854278018273	-32.0454088239909
			49.121760464893	-32.0454088239909
			49.1580931279588	-32.0454088239909
			49.1944257910245	-32.0454088239909
			49.2307584540903	-32.0454088239909
			49.267091117156	-32.0454088239909
			49.3034237802218	-32.0454088239909
			49.3034237802218	-32.0090761609251
			49.3397564432875	-32.0090761609251
			49.3760891063533	-32.0090761609251
			49.412421769419	-32.0090761609251
			49.4487544324848	-32.0090761609251
			49.4850870955505	-32.0090761609251
			49.5214197586163	-32.0090761609251
			49.557752421682	-32.0090761609251
			49.5940850847478	-32.0090761609251
			49.6304177478135	-32.0090761609251
			49.6304177478135	-31.9727434978594
			49.6667504108793	-31.9727434978594
			49.703083073945	-31.9727434978594
			49.7394157370108	-31.9727434978594
			49.7757484000765	-31.9727434978594
			49.8120810631423	-31.9727434978594
			49.848413726208	-31.9727434978594
			49.8847463892738	-31.9727434978594
			49.9210790523395	-31.9364108347936
			49.9574117154053	-31.9364108347936
			49.993744378471	-31.9364108347936
			50.0300770415368	-31.9364108347936
			50.0664097046025	-31.9364108347936
			50.1027423676683	-31.9364108347936
			50.139075030734	-31.9364108347936
			50.1754076937998	-31.9000781717279
			50.2117403568655	-31.9000781717279
			50.2480730199313	-31.9000781717279
			50.284405682997	-31.9000781717279
			50.3207383460628	-31.9000781717279
			50.3570710091285	-31.9000781717279
			50.3934036721943	-31.8637455086621
			50.42973633526	-31.8637455086621
			50.4660689983258	-31.8637455086621
			50.5024016613915	-31.8637455086621
			50.5387343244573	-31.8637455086621
			50.575066987523	-31.8637455086621
			50.6113996505888	-31.8274128455964
			50.6477323136545	-31.8274128455964
			50.6840649767203	-31.8274128455964
		</Snout_dorsal>
		<Dorsal_adipose type=matrix rownames=FALSE colnames=FALSE nrow=399 ncol=2 as.numeric=TRUE >
			50.6840649767203	-31.8274128455964
			50.720397639786	-31.8274128455964
			50.7567303028518	-31.8637455086621
			50.7930629659175	-31.8637455086621
			50.8293956289833	-31.8637455086621
			50.865728292049	-31.9000781717279
			50.9020609551148	-31.9000781717279
			50.9383936181805	-31.9364108347936
			50.9747262812463	-31.9364108347936
			51.011058944312	-31.9364108347936
			51.0473916073778	-31.9364108347936
			51.0837242704435	-31.9727434978594
			51.1200569335092	-31.9727434978594
			51.156389596575	-31.9727434978594
			51.1927222596407	-32.0090761609251
			51.2290549227065	-32.0090761609251
			51.2653875857722	-32.0090761609251
			51.301720248838	-32.0090761609251
			51.301720248838	-32.0454088239909
			51.3380529119037	-32.0454088239909
			51.3743855749695	-32.0454088239909
			51.4107182380352	-32.0454088239909
			51.447050901101	-32.0817414870566
			51.4833835641667	-32.0817414870566
			51.5197162272325	-32.0817414870566
			51.5560488902982	-32.1180741501224
			51.592381553364	-32.1180741501224
			51.6287142164297	-32.1180741501224
			51.6650468794955	-32.1544068131881
			51.7013795425612	-32.1544068131881
			51.737712205627	-32.1544068131881
			51.7740448686927	-32.1544068131881
			51.8103775317585	-32.1907394762539
			51.8467101948242	-32.1907394762539
			51.88304285789	-32.1907394762539
			51.9193755209557	-32.2270721393196
			51.9557081840215	-32.2270721393196
			51.9920408470872	-32.2270721393196
			52.028373510153	-32.2270721393196
			52.0647061732187	-32.2634048023854
			52.1010388362845	-32.2634048023854
			52.1373714993502	-32.2634048023854
			52.173704162416	-32.2634048023854
			52.2100368254817	-32.2997374654511
			52.2463694885475	-32.2997374654511
			52.2827021516132	-32.2997374654511
			52.319034814679	-32.2997374654511
			52.3553674777447	-32.3360701285169
			52.3917001408105	-32.3360701285169
			52.4280328038762	-32.3360701285169
			52.464365466942	-32.3360701285169
			52.5006981300077	-32.3724027915826
			52.5370307930735	-32.3724027915826
			52.5733634561392	-32.3724027915826
			52.609696119205	-32.3724027915826
			52.6460287822707	-32.4087354546484
			52.6823614453365	-32.4087354546484
			52.7186941084022	-32.4087354546484
			52.755026771468	-32.4087354546484
			52.7913594345337	-32.4450681177141
			52.8276920975995	-32.4450681177141
			52.8640247606652	-32.4450681177141
			52.900357423731	-32.4450681177141
			52.9366900867967	-32.4450681177141
			52.9730227498625	-32.4814007807799
			53.0093554129282	-32.4814007807799
			53.045688075994	-32.4814007807799
			53.0820207390597	-32.4814007807799
			53.1183534021255	-32.4814007807799
			53.1546860651912	-32.5177334438456
			53.191018728257	-32.5177334438456
			53.2273513913227	-32.5177334438456
			53.2636840543885	-32.5177334438456
			53.3000167174542	-32.5540661069114
			53.33634938052	-32.5540661069114
			53.3726820435857	-32.5540661069114
			53.4090147066515	-32.5540661069114
			53.4453473697172	-32.5540661069114
			53.481680032783	-32.5903987699771
			53.5180126958487	-32.5903987699771
			53.5543453589145	-32.5903987699771
			53.5906780219802	-32.5903987699771
			53.627010685046	-32.5903987699771
			53.6633433481117	-32.6267314330429
			53.6996760111775	-32.6267314330429
			53.7360086742432	-32.6267314330429
			53.772341337309	-32.6267314330429
			53.8086740003747	-32.6267314330429
			53.8450066634404	-32.6630640961086
			53.8813393265062	-32.6630640961086
			53.9176719895719	-32.6630640961086
			53.9540046526377	-32.6630640961086
			53.9903373157034	-32.6630640961086
			54.0266699787692	-32.6993967591744
			54.0630026418349	-32.6993967591744
			54.0993353049007	-32.6993967591744
			54.1356679679664	-32.6993967591744
			54.1720006310322	-32.6993967591744
			54.2083332940979	-32.7357294222401
			54.2446659571637	-32.7357294222401
			54.2809986202294	-32.7357294222401
			54.3173312832952	-32.7357294222401
			54.3536639463609	-32.7357294222401
			54.3899966094267	-32.7357294222401
			54.4263292724924	-32.7720620853059
			54.4626619355582	-32.7720620853059
			54.4989945986239	-32.7720620853059
			54.5353272616897	-32.7720620853059
			54.5716599247554	-32.7720620853059
			54.6079925878212	-32.8083947483716
			54.6443252508869	-32.8083947483716
			54.6806579139527	-32.8083947483716
			54.7169905770184	-32.8083947483716
			54.7533232400842	-32.8083947483716
			54.7896559031499	-32.8083947483716
			54.8259885662157	-32.8083947483716
			54.8623212292814	-32.8447274114374
			54.8986538923472	-32.8447274114374
			54.9349865554129	-32.8447274114374
			54.9713192184787	-32.8447274114374
			55.0076518815444	-32.8447274114374
			55.0439845446102	-32.8447274114374
			55.0803172076759	-32.8810600745031
			55.1166498707417	-32.8810600745031
			55.1529825338074	-32.8810600745031
			55.1893151968732	-32.8810600745031
			55.2256478599389	-32.8810600745031
			55.2619805230047	-32.9173927375689
			55.2983131860704	-32.9173927375689
			55.3346458491362	-32.9173927375689
			55.3709785122019	-32.9173927375689
			55.4073111752677	-32.9173927375689
			55.4436438383334	-32.9173927375689
			55.4799765013992	-32.9173927375689
			55.5163091644649	-32.9537254006346
			55.5526418275307	-32.9537254006346
			55.5889744905964	-32.9537254006346
			55.6253071536622	-32.9537254006346
			55.6616398167279	-32.9537254006346
			55.6979724797937	-32.9537254006346
			55.7343051428594	-32.9537254006346
			55.7706378059252	-32.9900580637004
			55.8069704689909	-32.9900580637004
			55.8433031320567	-32.9900580637004
			55.8796357951224	-32.9900580637004
			55.9159684581882	-32.9900580637004
			55.9523011212539	-32.9900580637004
			55.9886337843197	-32.9900580637004
			56.0249664473854	-33.0263907267661
			56.0612991104512	-33.0263907267661
			56.0976317735169	-33.0263907267661
			56.1339644365827	-33.0263907267661
			56.1702970996484	-33.0263907267661
			56.2066297627142	-33.0263907267661
			56.2429624257799	-33.0263907267661
			56.2792950888457	-33.0263907267661
			56.3156277519114	-33.0627233898319
			56.3519604149771	-33.0627233898319
			56.3882930780429	-33.0627233898319
			56.4246257411086	-33.0627233898319
			56.4609584041744	-33.0627233898319
			56.4972910672401	-33.0627233898319
			56.5336237303059	-33.0627233898319
			56.5699563933716	-33.0990560528976
			56.6062890564374	-33.0990560528976
			56.6426217195031	-33.0990560528976
			56.6789543825689	-33.0990560528976
			56.7152870456346	-33.0990560528976
			56.7516197087004	-33.0990560528976
			56.7879523717661	-33.0990560528976
			56.8242850348319	-33.0990560528976
			56.8606176978976	-33.1353887159634
			56.8969503609634	-33.1353887159634
			56.9332830240291	-33.1353887159634
			56.9696156870949	-33.1353887159634
			57.0059483501606	-33.1353887159634
			57.0422810132264	-33.1353887159634
			57.0786136762921	-33.1353887159634
			57.1149463393579	-33.1353887159634
			57.1512790024236	-33.1353887159634
			57.1876116654894	-33.1717213790291
			57.2239443285551	-33.1717213790291
			57.2602769916209	-33.1717213790291
			57.2966096546866	-33.1717213790291
			57.3329423177524	-33.1717213790291
			57.3692749808181	-33.1717213790291
			57.4056076438839	-33.1717213790291
			57.4419403069496	-33.1717213790291
			57.4782729700154	-33.2080540420949
			57.5146056330811	-33.2080540420949
			57.5509382961469	-33.2080540420949
			57.5872709592126	-33.2080540420949
			57.6236036222784	-33.2080540420949
			57.6599362853441	-33.2080540420949
			57.6962689484099	-33.2080540420949
			57.7326016114756	-33.2080540420949
			57.7689342745414	-33.2080540420949
			57.8052669376071	-33.2443867051606
			57.8415996006729	-33.2443867051606
			57.8779322637386	-33.2443867051606
			57.9142649268044	-33.2443867051606
			57.9505975898701	-33.2443867051606
			57.9869302529359	-33.2443867051606
			58.0232629160016	-33.2443867051606
			58.0595955790674	-33.2807193682264
			58.0959282421331	-33.2807193682264
			58.1322609051989	-33.2807193682264
			58.1685935682646	-33.2807193682264
			58.2049262313304	-33.2807193682264
			58.2412588943961	-33.2807193682264
			58.2775915574619	-33.2807193682264
			58.3139242205276	-33.2807193682264
			58.3502568835934	-33.3170520312921
			58.3865895466591	-33.3170520312921
			58.4229222097249	-33.3170520312921
			58.4592548727906	-33.3170520312921
			58.4955875358564	-33.3170520312921
			58.5319201989221	-33.3170520312921
			58.5682528619879	-33.3170520312921
			58.6045855250536	-33.3170520312921
			58.6045855250536	-33.3533846943578
			58.6409181881194	-33.3533846943578
			58.6772508511851	-33.3533846943578
			58.7135835142508	-33.3533846943578
			58.7499161773166	-33.3533846943578
			58.7862488403823	-33.3533846943578
			58.8225815034481	-33.3533846943578
			58.8589141665138	-33.3533846943578
			58.8952468295796	-33.3533846943578
			58.9315794926453	-33.3897173574236
			58.9679121557111	-33.3897173574236
			59.0042448187768	-33.3897173574236
			59.0405774818426	-33.3897173574236
			59.0769101449083	-33.3897173574236
			59.1132428079741	-33.3897173574236
			59.1495754710398	-33.3897173574236
			59.1859081341056	-33.3897173574236
			59.2222407971713	-33.3897173574236
			59.2585734602371	-33.3897173574236
			59.2949061233028	-33.4260500204893
			59.3312387863686	-33.4260500204893
			59.3675714494343	-33.4260500204893
			59.4039041125001	-33.4260500204893
			59.4402367755658	-33.4260500204893
			59.4765694386316	-33.4260500204893
			59.5129021016973	-33.4260500204893
			59.5492347647631	-33.4260500204893
			59.5855674278288	-33.4260500204893
			59.6219000908946	-33.4260500204893
			59.6582327539603	-33.4623826835551
			59.6945654170261	-33.4623826835551
			59.7308980800918	-33.4623826835551
			59.7672307431576	-33.4623826835551
			59.8035634062233	-33.4623826835551
			59.8398960692891	-33.4623826835551
			59.8762287323548	-33.4623826835551
			59.9125613954206	-33.4623826835551
			59.9488940584863	-33.4623826835551
			59.9852267215521	-33.4623826835551
			60.0215593846178	-33.4623826835551
			60.0578920476836	-33.4987153466208
			60.0942247107493	-33.4987153466208
			60.1305573738151	-33.4987153466208
			60.1668900368808	-33.4987153466208
			60.2032226999466	-33.4987153466208
			60.2395553630123	-33.4987153466208
			60.2758880260781	-33.4987153466208
			60.3122206891438	-33.4987153466208
			60.3485533522096	-33.4987153466208
			60.3848860152753	-33.4987153466208
			60.4212186783411	-33.4987153466208
			60.4575513414068	-33.4987153466208
			60.4938840044726	-33.4987153466208
			60.5302166675383	-33.5350480096866
			60.5665493306041	-33.5350480096866
			60.6028819936698	-33.5350480096866
			60.6392146567356	-33.5350480096866
			60.6755473198013	-33.5350480096866
			60.7118799828671	-33.5350480096866
			60.7482126459328	-33.5350480096866
			60.7845453089986	-33.5350480096866
			60.8208779720643	-33.5350480096866
			60.8572106351301	-33.5350480096866
			60.8935432981958	-33.5350480096866
			60.9298759612616	-33.5350480096866
			60.9662086243273	-33.5350480096866
			61.0025412873931	-33.5350480096866
			61.0388739504588	-33.5350480096866
			61.0752066135246	-33.5350480096866
			61.1115392765903	-33.5713806727523
			61.1478719396561	-33.5713806727523
			61.1842046027218	-33.5713806727523
			61.2205372657875	-33.5713806727523
			61.2568699288533	-33.5713806727523
			61.293202591919	-33.5713806727523
			61.3295352549848	-33.5713806727523
			61.3658679180505	-33.5713806727523
			61.4022005811163	-33.5713806727523
			61.438533244182	-33.5713806727523
			61.4748659072478	-33.5713806727523
			61.5111985703135	-33.5713806727523
			61.5475312333793	-33.5713806727523
			61.583863896445	-33.5713806727523
			61.6201965595108	-33.5713806727523
			61.6565292225765	-33.5713806727523
			61.6928618856423	-33.5713806727523
			61.729194548708	-33.5713806727523
			61.7655272117738	-33.5713806727523
			61.8018598748395	-33.5713806727523
			61.8381925379053	-33.5713806727523
			61.874525200971	-33.5713806727523
			61.9108578640368	-33.5713806727523
			61.9471905271025	-33.5713806727523
			61.9835231901683	-33.5713806727523
			62.019855853234	-33.5713806727523
			62.0561885162998	-33.5713806727523
			62.0925211793655	-33.5713806727523
			62.1288538424313	-33.5713806727523
			62.165186505497	-33.6077133358181
			62.2015191685628	-33.6077133358181
			62.2378518316285	-33.6077133358181
			62.2741844946943	-33.6077133358181
			62.31051715776	-33.6077133358181
			62.3468498208258	-33.6077133358181
			62.3831824838915	-33.6077133358181
			62.4195151469573	-33.6077133358181
			62.455847810023	-33.6077133358181
			62.4921804730888	-33.6077133358181
			62.5285131361545	-33.6077133358181
			62.5648457992203	-33.6077133358181
			62.601178462286	-33.6077133358181
			62.6375111253518	-33.6077133358181
			62.6738437884175	-33.6077133358181
			62.7101764514833	-33.6077133358181
			62.746509114549	-33.6077133358181
			62.7828417776148	-33.6077133358181
			62.8191744406805	-33.6077133358181
			62.8555071037463	-33.6077133358181
			62.891839766812	-33.6077133358181
			62.9281724298778	-33.6077133358181
			62.9645050929435	-33.6077133358181
			63.0008377560093	-33.6077133358181
			63.037170419075	-33.6077133358181
			63.0735030821408	-33.6077133358181
			63.1098357452065	-33.6077133358181
			63.1461684082723	-33.6077133358181
			63.182501071338	-33.6077133358181
			63.2188337344038	-33.6077133358181
			63.2551663974695	-33.6077133358181
			63.2914990605353	-33.6077133358181
			63.327831723601	-33.6077133358181
			63.3641643866668	-33.5713806727523
			63.4004970497325	-33.5713806727523
			63.4368297127983	-33.5713806727523
			63.473162375864	-33.5713806727523
			63.5094950389298	-33.5713806727523
			63.5458277019955	-33.5713806727523
			63.5821603650613	-33.5713806727523
			63.618493028127	-33.5713806727523
			63.6548256911928	-33.5713806727523
			63.6911583542585	-33.5713806727523
			63.7274910173243	-33.5713806727523
			63.76382368039	-33.5713806727523
			63.8001563434558	-33.5713806727523
			63.8364890065215	-33.5713806727523
			63.8728216695873	-33.5713806727523
			63.909154332653	-33.5713806727523
			63.9454869957187	-33.5713806727523
			63.9818196587845	-33.5713806727523
			64.0181523218503	-33.5713806727523
			64.054484984916	-33.5713806727523
			64.0908176479818	-33.5713806727523
			64.1271503110475	-33.5713806727523
			64.1634829741133	-33.5713806727523
			64.199815637179	-33.5713806727523
			64.2361483002447	-33.5713806727523
			64.2724809633105	-33.5713806727523
			64.3088136263762	-33.5350480096866
			64.345146289442	-33.5350480096866
			64.3814789525077	-33.5350480096866
			64.4178116155735	-33.5350480096866
			64.4541442786392	-33.5350480096866
			64.490476941705	-33.5350480096866
			64.5268096047707	-33.5350480096866
			64.5631422678365	-33.5350480096866
			64.5994749309022	-33.5350480096866
			64.635807593968	-33.5350480096866
			64.6721402570337	-33.5350480096866
			64.7084729200995	-33.5350480096866
			64.7448055831652	-33.5350480096866
			64.781138246231	-33.5350480096866
			64.8174709092967	-33.5350480096866
			64.8538035723625	-33.4987153466208
			64.8901362354282	-33.4987153466208
			64.926468898494	-33.4987153466208
			64.9628015615597	-33.4987153466208
			64.9991342246255	-33.4987153466208
			65.0354668876912	-33.4987153466208
			65.071799550757	-33.4987153466208
		</Dorsal_adipose>
		<Adipose_caudal type=matrix rownames=FALSE colnames=FALSE nrow=223 ncol=2 as.numeric=TRUE >
			65.071799550757	-33.4987153466208
			65.1081322138227	-33.4987153466208
			65.1444648768885	-33.4987153466208
			65.1807975399542	-33.4987153466208
			65.21713020302	-33.4987153466208
			65.2534628660857	-33.4987153466208
			65.2897955291515	-33.4987153466208
			65.3261281922172	-33.4987153466208
			65.362460855283	-33.5350480096866
			65.3987935183487	-33.5350480096866
			65.4351261814145	-33.5350480096866
			65.4714588444802	-33.5350480096866
			65.507791507546	-33.5350480096866
			65.5441241706117	-33.5350480096866
			65.5804568336775	-33.5350480096866
			65.6167894967432	-33.5713806727523
			65.653122159809	-33.5713806727523
			65.6894548228747	-33.5713806727523
			65.7257874859405	-33.5713806727523
			65.7621201490062	-33.6077133358181
			65.798452812072	-33.6077133358181
			65.8347854751377	-33.6077133358181
			65.8711181382035	-33.6440459988838
			65.9074508012692	-33.6440459988838
			65.943783464335	-33.6803786619496
			65.9801161274007	-33.7167113250153
			66.0164487904665	-33.7530439880811
			66.0527814535322	-33.7530439880811
			66.089114116598	-33.7893766511468
			66.089114116598	-33.8257093142126
			66.1254467796637	-33.8620419772783
			66.1617794427295	-33.8983746403441
			66.1981121057952	-33.8983746403441
			66.234444768861	-33.8983746403441
			66.2707774319267	-33.8983746403441
			66.3071100949925	-33.8983746403441
			66.3071100949925	-33.9347073034098
			66.3434427580582	-33.9347073034098
			66.379775421124	-33.9347073034098
			66.4161080841897	-33.9347073034098
			66.4524407472555	-33.9347073034098
			66.4887734103212	-33.9347073034098
			66.525106073387	-33.9347073034098
			66.5614387364527	-33.9347073034098
			66.5977713995185	-33.9347073034098
			66.6341040625842	-33.9347073034098
			66.6704367256499	-33.9347073034098
			66.7067693887157	-33.9347073034098
			66.7431020517814	-33.9710399664756
			66.7794347148472	-33.9710399664756
			66.8157673779129	-33.9710399664756
			66.8521000409787	-33.9710399664756
			66.8884327040444	-33.9710399664756
			66.9247653671102	-33.9710399664756
			66.9610980301759	-33.9710399664756
			66.9974306932417	-33.9710399664756
			67.0337633563074	-33.9710399664756
			67.0700960193732	-33.9710399664756
			67.1064286824389	-33.9710399664756
			67.1427613455047	-33.9710399664756
			67.1790940085704	-33.9710399664756
			67.2154266716362	-33.9710399664756
			67.2517593347019	-33.9710399664756
			67.2880919977677	-34.0073726295413
			67.3244246608334	-34.0073726295413
			67.3607573238992	-34.0073726295413
			67.3970899869649	-34.0073726295413
			67.4334226500307	-34.0073726295413
			67.4697553130964	-34.0073726295413
			67.5060879761622	-34.0073726295413
			67.5424206392279	-34.0073726295413
			67.5787533022937	-34.0073726295413
			67.6150859653594	-34.0073726295413
			67.6514186284252	-34.0073726295413
			67.6877512914909	-34.0073726295413
			67.7240839545567	-34.0073726295413
			67.7604166176224	-34.0073726295413
			67.7967492806882	-34.0073726295413
			67.8330819437539	-34.0073726295413
			67.8694146068197	-34.0073726295413
			67.9057472698854	-34.0437052926071
			67.9420799329512	-34.0437052926071
			67.9784125960169	-34.0437052926071
			68.0147452590827	-34.0437052926071
			68.0510779221484	-34.0437052926071
			68.0874105852142	-34.0437052926071
			68.1237432482799	-34.0437052926071
			68.1600759113457	-34.0437052926071
			68.1964085744114	-34.0437052926071
			68.2327412374772	-34.0437052926071
			68.2690739005429	-34.0437052926071
			68.3054065636087	-34.0437052926071
			68.3417392266744	-34.0437052926071
			68.3780718897402	-34.0437052926071
			68.4144045528059	-34.0437052926071
			68.4507372158717	-34.0437052926071
			68.4870698789374	-34.0437052926071
			68.5234025420032	-34.0437052926071
			68.5597352050689	-34.0437052926071
			68.5960678681347	-34.0437052926071
			68.6324005312004	-34.0437052926071
			68.6687331942662	-34.0437052926071
			68.7050658573319	-34.0437052926071
			68.7413985203977	-34.0437052926071
			68.7777311834634	-34.0437052926071
			68.8140638465292	-34.0437052926071
			68.8503965095949	-34.0437052926071
			68.8867291726607	-34.0437052926071
			68.9230618357264	-34.0437052926071
			68.9593944987922	-34.0437052926071
			68.9957271618579	-34.0437052926071
			69.0320598249236	-34.0800379556728
			69.0683924879894	-34.0800379556728
			69.1047251510551	-34.0800379556728
			69.1410578141209	-34.0800379556728
			69.1773904771866	-34.0800379556728
			69.2137231402524	-34.0800379556728
			69.2500558033181	-34.0800379556728
			69.2863884663839	-34.0800379556728
			69.3227211294496	-34.0800379556728
			69.3590537925154	-34.0800379556728
			69.3953864555811	-34.0800379556728
			69.4317191186469	-34.0800379556728
			69.4680517817126	-34.0800379556728
			69.5043844447784	-34.0800379556728
			69.5407171078441	-34.0800379556728
			69.5770497709099	-34.0800379556728
			69.6133824339756	-34.0800379556728
			69.6497150970414	-34.0800379556728
			69.6860477601071	-34.0800379556728
			69.7223804231729	-34.0800379556728
			69.7587130862386	-34.0800379556728
			69.7950457493044	-34.0800379556728
			69.8313784123701	-34.0437052926071
			69.8677110754359	-34.0437052926071
			69.9040437385016	-34.0437052926071
			69.9403764015674	-34.0437052926071
			69.9767090646331	-34.0437052926071
			70.0130417276989	-34.0437052926071
			70.0493743907646	-34.0437052926071
			70.0857070538304	-34.0437052926071
			70.1220397168961	-34.0437052926071
			70.1583723799619	-34.0437052926071
			70.1947050430276	-34.0437052926071
			70.2310377060934	-34.0437052926071
			70.2673703691591	-34.0437052926071
			70.3037030322249	-34.0437052926071
			70.3400356952906	-34.0437052926071
			70.3763683583564	-34.0437052926071
			70.4127010214221	-34.0437052926071
			70.4490336844879	-34.0437052926071
			70.4853663475536	-34.0437052926071
			70.5216990106194	-34.0437052926071
			70.5580316736851	-34.0437052926071
			70.5943643367509	-34.0437052926071
			70.6306969998166	-34.0437052926071
			70.6670296628824	-34.0437052926071
			70.7033623259481	-34.0437052926071
			70.7396949890139	-34.0437052926071
			70.7760276520796	-34.0437052926071
			70.8123603151454	-34.0437052926071
			70.8486929782111	-34.0437052926071
			70.8850256412769	-34.0073726295413
			70.9213583043426	-34.0073726295413
			70.9576909674084	-34.0073726295413
			70.9940236304741	-34.0073726295413
			71.0303562935399	-34.0073726295413
			71.0666889566056	-34.0073726295413
			71.1030216196714	-34.0073726295413
			71.1393542827371	-34.0073726295413
			71.1756869458029	-34.0073726295413
			71.2120196088686	-34.0073726295413
			71.2483522719344	-34.0073726295413
			71.2846849350001	-34.0073726295413
			71.3210175980659	-34.0073726295413
			71.3573502611316	-34.0073726295413
			71.3936829241973	-33.9710399664756
			71.4300155872631	-33.9710399664756
			71.4663482503288	-33.9710399664756
			71.5026809133946	-33.9710399664756
			71.5390135764603	-33.9710399664756
			71.5753462395261	-33.9710399664756
			71.6116789025918	-33.9710399664756
			71.6480115656576	-33.9710399664756
			71.6843442287233	-33.9347073034098
			71.7206768917891	-33.9347073034098
			71.7570095548548	-33.9347073034098
			71.7933422179206	-33.8983746403441
			71.8296748809863	-33.8983746403441
			71.8660075440521	-33.8983746403441
			71.9023402071178	-33.8983746403441
			71.9386728701836	-33.8620419772783
			71.9750055332493	-33.8620419772783
			72.0113381963151	-33.8620419772783
			72.0476708593808	-33.8620419772783
			72.0840035224466	-33.8257093142126
			72.1203361855123	-33.8257093142126
			72.1566688485781	-33.8257093142126
			72.1930015116438	-33.8257093142126
			72.2293341747096	-33.8257093142126
			72.2656668377753	-33.8257093142126
			72.3019995008411	-33.7893766511468
			72.3383321639068	-33.7893766511468
			72.3746648269726	-33.7893766511468
			72.4109974900383	-33.7893766511468
			72.4473301531041	-33.7893766511468
			72.4836628161698	-33.7893766511468
			72.5199954792356	-33.7893766511468
			72.5563281423013	-33.7893766511468
			72.5926608053671	-33.7893766511468
			72.6289934684328	-33.7893766511468
			72.6653261314986	-33.7893766511468
			72.7016587945643	-33.7893766511468
			72.7379914576301	-33.7893766511468
			72.7743241206958	-33.7893766511468
			72.8106567837616	-33.8257093142126
			72.8469894468273	-33.8257093142126
			72.8833221098931	-33.8257093142126
			72.9196547729588	-33.8257093142126
			72.9559874360246	-33.8620419772783
			72.9923200990903	-33.8620419772783
			73.0286527621561	-33.8983746403441
			73.0649854252218	-33.8983746403441
		</Adipose_caudal>
		<Caudal_anal type=matrix rownames=FALSE colnames=FALSE nrow=374 ncol=2 as.numeric=TRUE >
			73.3556467297478	-38.7669514911545
			73.3193140666821	-38.7669514911545
			73.2829814036163	-38.7669514911545
			73.2466487405506	-38.7669514911545
			73.2103160774848	-38.7669514911545
			73.1739834144191	-38.7669514911545
			73.1376507513533	-38.7669514911545
			73.1013180882876	-38.7669514911545
			73.0649854252218	-38.7669514911545
			73.0286527621561	-38.7669514911545
			72.9923200990903	-38.7669514911545
			72.9559874360246	-38.7669514911545
			72.9196547729588	-38.7669514911545
			72.8833221098931	-38.7669514911545
			72.8469894468273	-38.7669514911545
			72.8106567837616	-38.7669514911545
			72.7743241206958	-38.7669514911545
			72.7379914576301	-38.7669514911545
			72.7016587945643	-38.7306188280887
			72.6653261314986	-38.7306188280887
			72.6289934684328	-38.7306188280887
			72.5926608053671	-38.7306188280887
			72.5563281423013	-38.7306188280887
			72.5199954792356	-38.7306188280887
			72.4836628161698	-38.7306188280887
			72.4473301531041	-38.7306188280887
			72.4109974900383	-38.694286165023
			72.3746648269726	-38.694286165023
			72.3383321639068	-38.694286165023
			72.3019995008411	-38.694286165023
			72.2656668377753	-38.694286165023
			72.2293341747096	-38.694286165023
			72.1930015116438	-38.694286165023
			72.1566688485781	-38.694286165023
			72.1203361855123	-38.694286165023
			72.0840035224466	-38.694286165023
			72.0476708593808	-38.694286165023
			72.0113381963151	-38.694286165023
			71.9750055332493	-38.694286165023
			71.9386728701836	-38.694286165023
			71.9023402071178	-38.694286165023
			71.8660075440521	-38.694286165023
			71.8296748809863	-38.694286165023
			71.7933422179206	-38.694286165023
			71.7570095548548	-38.694286165023
			71.7206768917891	-38.694286165023
			71.6843442287233	-38.694286165023
			71.6480115656576	-38.694286165023
			71.6116789025918	-38.694286165023
			71.5753462395261	-38.694286165023
			71.5390135764603	-38.694286165023
			71.5026809133946	-38.694286165023
			71.4663482503288	-38.694286165023
			71.4300155872631	-38.694286165023
			71.3936829241973	-38.694286165023
			71.3573502611316	-38.7306188280887
			71.3210175980659	-38.7306188280887
			71.2846849350001	-38.7306188280887
			71.2483522719344	-38.7306188280887
			71.2120196088686	-38.7306188280887
			71.1756869458029	-38.7306188280887
			71.1393542827371	-38.7306188280887
			71.1030216196714	-38.7306188280887
			71.0666889566056	-38.7306188280887
			71.0303562935399	-38.7306188280887
			70.9940236304741	-38.7306188280887
			70.9576909674084	-38.7669514911545
			70.9213583043426	-38.7669514911545
			70.8850256412769	-38.7669514911545
			70.8486929782111	-38.7669514911545
			70.8123603151454	-38.7669514911545
			70.7760276520796	-38.7669514911545
			70.7396949890139	-38.7669514911545
			70.7033623259481	-38.7669514911545
			70.6670296628824	-38.7669514911545
			70.6306969998166	-38.7669514911545
			70.5943643367509	-38.8032841542202
			70.5580316736851	-38.8032841542202
			70.5216990106194	-38.8032841542202
			70.4853663475536	-38.8032841542202
			70.4490336844879	-38.8032841542202
			70.4127010214221	-38.8032841542202
			70.3763683583564	-38.8032841542202
			70.3400356952906	-38.8032841542202
			70.3037030322249	-38.839616817286
			70.2673703691591	-38.839616817286
			70.2310377060934	-38.839616817286
			70.1947050430276	-38.839616817286
			70.1583723799619	-38.839616817286
			70.1220397168961	-38.839616817286
			70.0857070538304	-38.839616817286
			70.0493743907646	-38.8759494803517
			70.0130417276989	-38.8759494803517
			69.9767090646331	-38.8759494803517
			69.9403764015674	-38.8759494803517
			69.9040437385016	-38.8759494803517
			69.8677110754359	-38.8759494803517
			69.8313784123701	-38.9122821434175
			69.7950457493044	-38.9122821434175
			69.7587130862386	-38.9122821434175
			69.7223804231729	-38.9122821434175
			69.6860477601071	-38.9122821434175
			69.6497150970414	-38.9122821434175
			69.6133824339756	-38.9486148064832
			69.5770497709099	-38.9486148064832
			69.5407171078441	-38.9486148064832
			69.5043844447784	-38.9486148064832
			69.4680517817126	-38.9486148064832
			69.4317191186469	-38.984947469549
			69.3953864555811	-38.984947469549
			69.3590537925154	-38.984947469549
			69.3227211294496	-38.984947469549
			69.2863884663839	-38.984947469549
			69.2500558033181	-38.984947469549
			69.2137231402524	-39.0212801326147
			69.1773904771866	-39.0212801326147
			69.1410578141209	-39.0212801326147
			69.1047251510551	-39.0212801326147
			69.0683924879894	-39.0212801326147
			69.0320598249236	-39.0576127956805
			68.9957271618579	-39.0576127956805
			68.9593944987922	-39.0576127956805
			68.9230618357264	-39.0576127956805
			68.8867291726607	-39.0576127956805
			68.8503965095949	-39.0939454587462
			68.8140638465292	-39.0939454587462
			68.7777311834634	-39.0939454587462
			68.7413985203977	-39.0939454587462
			68.7050658573319	-39.0939454587462
			68.6687331942662	-39.130278121812
			68.6324005312004	-39.130278121812
			68.5960678681347	-39.130278121812
			68.5597352050689	-39.130278121812
			68.5234025420032	-39.130278121812
			68.4870698789374	-39.1666107848777
			68.4507372158717	-39.1666107848777
			68.4144045528059	-39.1666107848777
			68.3780718897402	-39.1666107848777
			68.3417392266744	-39.2029434479435
			68.3054065636087	-39.2029434479435
			68.2690739005429	-39.2029434479435
			68.2327412374772	-39.2029434479435
			68.1964085744114	-39.2029434479435
			68.1600759113457	-39.2392761110092
			68.1237432482799	-39.2392761110092
			68.0874105852142	-39.2392761110092
			68.0510779221484	-39.2392761110092
			68.0147452590827	-39.275608774075
			67.9784125960169	-39.275608774075
			67.9420799329512	-39.275608774075
			67.9057472698854	-39.275608774075
			67.8694146068197	-39.3119414371407
			67.8330819437539	-39.3119414371407
			67.7967492806882	-39.3119414371407
			67.7604166176224	-39.3119414371407
			67.7240839545567	-39.3119414371407
			67.6877512914909	-39.3482741002065
			67.6514186284252	-39.3482741002065
			67.6150859653594	-39.3482741002065
			67.5787533022937	-39.3482741002065
			67.5787533022937	-39.3846067632722
			67.5424206392279	-39.3846067632722
			67.5060879761622	-39.3846067632722
			67.4697553130964	-39.3846067632722
			67.4334226500307	-39.3846067632722
			67.4334226500307	-39.420939426338
			67.3970899869649	-39.420939426338
			67.3607573238992	-39.420939426338
			67.3244246608334	-39.420939426338
			67.2880919977677	-39.420939426338
			67.2517593347019	-39.4572720894037
			67.2154266716362	-39.4572720894037
			67.1790940085704	-39.4572720894037
			67.1427613455047	-39.4572720894037
			67.1064286824389	-39.4936047524695
			67.0700960193732	-39.4936047524695
			67.0337633563074	-39.4936047524695
			66.9974306932417	-39.4936047524695
			66.9610980301759	-39.5299374155352
			66.9247653671102	-39.5299374155352
			66.8884327040444	-39.5299374155352
			66.8521000409787	-39.5299374155352
			66.8157673779129	-39.566270078601
			66.7794347148472	-39.566270078601
			66.7431020517814	-39.566270078601
			66.7067693887157	-39.6026027416667
			66.6704367256499	-39.6026027416667
			66.6341040625842	-39.6026027416667
			66.5977713995185	-39.6026027416667
			66.5614387364527	-39.6389354047325
			66.525106073387	-39.6389354047325
			66.4887734103212	-39.6389354047325
			66.4524407472555	-39.6389354047325
			66.4161080841897	-39.6752680677982
			66.379775421124	-39.6752680677982
			66.3434427580582	-39.6752680677982
			66.3071100949925	-39.6752680677982
			66.3071100949925	-39.711600730864
			66.2707774319267	-39.711600730864
			66.234444768861	-39.711600730864
			66.1981121057952	-39.7479333939297
			66.1617794427295	-39.7479333939297
			66.1254467796637	-39.7479333939297
			66.089114116598	-39.7479333939297
			66.0527814535322	-39.7842660569955
			66.0164487904665	-39.7842660569955
			65.9801161274007	-39.7842660569955
			65.943783464335	-39.8205987200612
			65.9074508012692	-39.8205987200612
			65.8711181382035	-39.8205987200612
			65.8347854751377	-39.8205987200612
			65.8347854751377	-39.856931383127
			65.798452812072	-39.856931383127
			65.7621201490062	-39.856931383127
			65.7257874859405	-39.856931383127
			65.6894548228747	-39.8932640461927
			65.653122159809	-39.8932640461927
			65.6167894967432	-39.8932640461927
			65.5804568336775	-39.8932640461927
			65.5441241706117	-39.9295967092585
			65.507791507546	-39.9295967092585
			65.4714588444802	-39.9295967092585
			65.4351261814145	-39.9659293723242
			65.3987935183487	-39.9659293723242
			65.362460855283	-39.9659293723242
			65.3261281922172	-39.9659293723242
			65.2897955291515	-40.00226203539
			65.2534628660857	-40.00226203539
			65.21713020302	-40.0385946984557
			65.1807975399542	-40.0385946984557
			65.1444648768885	-40.0385946984557
			65.1081322138227	-40.0385946984557
			65.071799550757	-40.0749273615215
			65.0354668876912	-40.0749273615215
			64.9991342246255	-40.0749273615215
			64.9628015615597	-40.0749273615215
			64.926468898494	-40.1112600245872
			64.8901362354282	-40.1112600245872
			64.8538035723625	-40.1112600245872
			64.8174709092967	-40.147592687653
			64.781138246231	-40.147592687653
			64.7448055831652	-40.147592687653
			64.7084729200995	-40.147592687653
			64.6721402570337	-40.1839253507187
			64.635807593968	-40.1839253507187
			64.5994749309022	-40.1839253507187
			64.5631422678365	-40.2202580137845
			64.5268096047707	-40.2202580137845
			64.490476941705	-40.2202580137845
			64.4541442786392	-40.2202580137845
			64.4178116155735	-40.2565906768502
			64.3814789525077	-40.2565906768502
			64.345146289442	-40.2565906768502
			64.3088136263762	-40.2565906768502
			64.2724809633105	-40.292923339916
			64.2361483002447	-40.292923339916
			64.199815637179	-40.292923339916
			64.1634829741133	-40.3292560029817
			64.1271503110475	-40.3292560029817
			64.0908176479818	-40.3292560029817
			64.054484984916	-40.3292560029817
			64.0181523218503	-40.3655886660475
			63.9818196587845	-40.3655886660475
			63.9454869957187	-40.3655886660475
			63.909154332653	-40.4019213291132
			63.8728216695873	-40.4019213291132
			63.8364890065215	-40.4019213291132
			63.8001563434558	-40.4019213291132
			63.76382368039	-40.438253992179
			63.7274910173243	-40.438253992179
			63.6911583542585	-40.438253992179
			63.6548256911928	-40.4745866552447
			63.618493028127	-40.4745866552447
			63.5821603650613	-40.4745866552447
			63.5458277019955	-40.4745866552447
			63.5094950389298	-40.5109193183105
			63.473162375864	-40.5109193183105
			63.4368297127983	-40.5109193183105
			63.4004970497325	-40.5109193183105
			63.3641643866668	-40.5472519813762
			63.327831723601	-40.5472519813762
			63.2914990605353	-40.5472519813762
			63.2551663974695	-40.583584644442
			63.2188337344038	-40.583584644442
			63.182501071338	-40.583584644442
			63.1461684082723	-40.583584644442
			63.1098357452065	-40.6199173075077
			63.0735030821408	-40.6199173075077
			63.037170419075	-40.6199173075077
			63.0008377560093	-40.6199173075077
			62.9645050929435	-40.6562499705735
			62.9281724298778	-40.6562499705735
			62.891839766812	-40.6562499705735
			62.8555071037463	-40.6925826336392
			62.8191744406805	-40.6925826336392
			62.7828417776148	-40.6925826336392
			62.746509114549	-40.6925826336392
			62.7101764514833	-40.728915296705
			62.6738437884175	-40.728915296705
			62.6375111253518	-40.728915296705
			62.601178462286	-40.728915296705
			62.5648457992203	-40.7652479597707
			62.5285131361545	-40.7652479597707
			62.4921804730888	-40.7652479597707
			62.455847810023	-40.8015806228365
			62.4195151469573	-40.8015806228365
			62.3831824838915	-40.8015806228365
			62.3468498208258	-40.8015806228365
			62.31051715776	-40.8379132859022
			62.2741844946943	-40.8379132859022
			62.2378518316285	-40.8379132859022
			62.2015191685628	-40.8379132859022
			62.165186505497	-40.874245948968
			62.1288538424313	-40.874245948968
			62.0925211793655	-40.874245948968
			62.0561885162998	-40.874245948968
			62.019855853234	-40.9105786120337
			61.9835231901683	-40.9105786120337
			61.9471905271025	-40.9105786120337
			61.9108578640368	-40.9469112750994
			61.874525200971	-40.9469112750994
			61.8381925379053	-40.9469112750994
			61.8018598748395	-40.9469112750994
			61.7655272117738	-40.9832439381652
			61.729194548708	-40.9832439381652
			61.6928618856423	-40.9832439381652
			61.6565292225765	-40.9832439381652
			61.6201965595108	-41.0195766012309
			61.583863896445	-41.0195766012309
			61.5475312333793	-41.0195766012309
			61.5111985703135	-41.0195766012309
			61.4748659072478	-41.0559092642967
			61.438533244182	-41.0559092642967
			61.4022005811163	-41.0559092642967
			61.3658679180505	-41.0559092642967
			61.3295352549848	-41.0922419273624
			61.293202591919	-41.0922419273624
			61.2568699288533	-41.0922419273624
			61.2205372657875	-41.0922419273624
			61.1842046027218	-41.1285745904282
			61.1478719396561	-41.1285745904282
			61.1115392765903	-41.1285745904282
			61.0752066135246	-41.1285745904282
			61.0388739504588	-41.1649072534939
			61.0025412873931	-41.1649072534939
			60.9662086243273	-41.1649072534939
			60.9298759612616	-41.1649072534939
			60.8935432981958	-41.2012399165597
			60.8572106351301	-41.2012399165597
			60.8208779720643	-41.2012399165597
			60.7845453089986	-41.2012399165597
			60.7482126459328	-41.2375725796254
			60.7118799828671	-41.2375725796254
			60.6755473198013	-41.2375725796254
			60.6392146567356	-41.2375725796254
			60.6028819936698	-41.2739052426912
			60.5665493306041	-41.2739052426912
			60.5302166675383	-41.2739052426912
			60.4938840044726	-41.2739052426912
			60.4575513414068	-41.3102379057569
			60.4212186783411	-41.3102379057569
			60.3848860152753	-41.3102379057569
			60.3485533522096	-41.3102379057569
			60.3122206891438	-41.3465705688227
			60.2758880260781	-41.3465705688227
			60.2395553630123	-41.3465705688227
			60.2032226999466	-41.3465705688227
			60.1668900368808	-41.3829032318884
			60.1305573738151	-41.3829032318884
			60.0942247107493	-41.3829032318884
			60.0578920476836	-41.3829032318884
			60.0215593846178	-41.4192358949542
			59.9852267215521	-41.4192358949542
			59.9488940584863	-41.4192358949542
		</Caudal_anal>
	</curves.scaled>
	<ruler.points type=matrix rownames=TRUE colnames=FALSE nrow=3 ncol=2 as.numeric=TRUE >
		Ruler point 1	1122	1594
		Ruler point 2	1268	1612
		Ruler point 3	1395	1629
	</ruler.points>
</shapes>

