<shapes type=list>
	<ruler.pixel type=vector names=FALSE length=1 as.numeric=TRUE >121.87083251949</ruler.pixel>
	<ruler.interval type=vector names=FALSE length=1 as.numeric=TRUE >5</ruler.interval>
	<scaling.units type=vector names=FALSE length=1 as.numeric=FALSE >mm</scaling.units>
	<scaling type=vector names=FALSE length=1 as.numeric=TRUE >0.0410270439335875</scaling>
	<landmarks.pixel type=matrix rownames=TRUE colnames=FALSE nrow=11 ncol=2 as.numeric=TRUE >
		Anterior_eye	773	650
		Posterior_eye	914	652
		Posterior_Maxilla	971	736
		Anterior_Maxilla	767	704
		Dorsal_fin_insertion	1290	468
		Adipose_fin_insertion	1693	548
		Dorsal_caudal	1902	567
		Ventral_caudal	1903	693
		Anal_fin_insertion	1512	747
		Pelvic_fin_insertion	1267	723
		Pectoral_fin_insertion	1093	687
	</landmarks.pixel>
	<landmarks.scaled type=matrix rownames=TRUE colnames=FALSE nrow=11 ncol=2 as.numeric=TRUE >
		Anterior_eye	31.7139049606631	-26.6675785568319
		Posterior_eye	37.498718155299	-26.749632644699
		Posterior_Maxilla	39.8372596595134	-30.1959043351204
		Anterior_Maxilla	31.4677426970616	-28.8830389292456
		Dorsal_fin_insertion	52.9248866743279	-19.2006565609189
		Adipose_fin_insertion	69.4587853795636	-22.4828200756059
		Dorsal_caudal	78.0334375616834	-23.2623339103441
		Ventral_caudal	78.074464605617	-28.4317414459761
		Anal_fin_insertion	62.0328904275843	-30.6472018183898
		Pelvic_fin_insertion	51.9812646638553	-29.6625527639838
		Pectoral_fin_insertion	44.8425590194111	-28.1855791823746
	</landmarks.scaled>
	<curves.control type=list>
		<Snout_dorsal type=matrix rownames=FALSE colnames=FALSE nrow=7 ncol=2 as.numeric=TRUE >
			767	704
			730	605
			835	545
			932	502
			1116	483
			1231	482
			1290	468
		</Snout_dorsal>
		<Dorsal_adipose type=matrix rownames=FALSE colnames=FALSE nrow=5 ncol=2 as.numeric=TRUE >
			1290	468
			1387	503
			1504	542
			1659	566
			1693	548
		</Dorsal_adipose>
		<Adipose_caudal type=matrix rownames=FALSE colnames=FALSE nrow=7 ncol=2 as.numeric=TRUE >
			1693	548
			1710	551
			1713	562
			1797	578
			1883	569
			1896	562
			1902	567
		</Adipose_caudal>
		<Caudal_anal type=matrix rownames=FALSE colnames=FALSE nrow=7 ncol=2 as.numeric=TRUE >
			1903	693
			1897	698
			1863	691
			1794	692
			1732	701
			1618	727
			1512	747
		</Caudal_anal>
	</curves.control>
	<curves.pixel type=list>
		<Snout_dorsal type=matrix rownames=FALSE colnames=FALSE nrow=640 ncol=2 as.numeric=TRUE >
			767	704
			767	703
			766	702
			766	701
			766	700
			765	699
			765	698
			764	697
			764	696
			764	695
			764	694
			763	694
			763	693
			763	692
			763	691
			762	690
			762	689
			762	688
			762	687
			761	686
			761	685
			761	684
			761	683
			760	682
			760	681
			760	680
			760	679
			760	678
			759	677
			759	676
			759	675
			759	674
			759	673
			759	672
			758	671
			758	670
			758	669
			758	668
			758	667
			758	666
			758	665
			758	664
			758	663
			758	662
			757	661
			757	660
			757	659
			757	658
			757	657
			757	656
			757	655
			757	654
			757	653
			757	652
			757	651
			757	650
			758	649
			758	648
			758	647
			758	646
			758	645
			758	644
			758	643
			758	642
			758	641
			758	640
			759	639
			759	638
			759	637
			759	636
			759	635
			759	634
			760	633
			760	632
			760	631
			760	630
			761	629
			761	628
			761	627
			761	626
			762	625
			762	624
			762	623
			763	622
			763	621
			763	620
			764	619
			764	618
			764	617
			765	616
			765	615
			766	615
			766	614
			766	613
			767	612
			767	611
			768	610
			768	609
			769	608
			769	607
			770	606
			771	605
			771	604
			772	603
			772	602
			773	601
			774	600
			774	599
			775	598
			775	597
			776	596
			777	595
			778	594
			778	593
			779	592
			780	591
			780	590
			781	589
			782	588
			783	587
			784	586
			784	585
			785	584
			786	583
			787	582
			788	581
			789	580
			789	579
			790	578
			791	578
			792	577
			793	576
			794	575
			795	574
			796	573
			797	572
			798	571
			799	570
			800	569
			801	569
			802	568
			803	567
			804	566
			805	565
			806	564
			807	563
			808	563
			809	562
			810	561
			811	560
			812	560
			813	559
			814	558
			815	558
			816	557
			817	557
			817	556
			818	555
			819	555
			820	554
			821	554
			822	553
			823	552
			824	552
			825	551
			826	551
			827	550
			827	549
			828	549
			829	548
			830	548
			831	547
			832	547
			833	546
			834	545
			835	545
			836	544
			837	544
			838	544
			839	543
			840	543
			841	542
			842	542
			843	542
			844	541
			845	541
			846	540
			847	540
			848	540
			848	539
			849	539
			850	539
			851	538
			852	538
			853	537
			854	537
			855	537
			856	536
			857	536
			858	535
			859	535
			860	535
			861	534
			862	534
			863	534
			864	533
			865	533
			866	532
			867	532
			868	532
			869	532
			869	531
			870	531
			871	531
			872	531
			873	530
			874	530
			875	530
			876	529
			877	529
			878	529
			879	528
			880	528
			881	528
			882	527
			883	527
			884	526
			885	526
			886	526
			887	526
			888	525
			889	525
			890	525
			891	524
			892	524
			893	524
			894	524
			894	523
			895	523
			896	523
			897	523
			898	522
			899	522
			900	522
			901	521
			902	521
			903	521
			904	520
			905	520
			906	520
			907	520
			908	519
			909	519
			910	519
			911	519
			911	518
			912	518
			913	518
			914	518
			915	517
			916	517
			917	517
			918	517
			919	516
			920	516
			921	516
			922	516
			923	515
			924	515
			925	515
			926	515
			927	514
			928	514
			929	514
			930	514
			931	513
			932	513
			933	513
			934	513
			935	512
			936	512
			937	512
			938	512
			939	511
			940	511
			941	511
			942	511
			943	510
			944	510
			945	510
			946	510
			947	510
			948	509
			949	509
			950	509
			951	509
			952	508
			953	508
			954	508
			955	508
			956	507
			957	507
			958	507
			959	507
			960	507
			961	506
			962	506
			963	506
			964	506
			965	506
			966	505
			967	505
			968	505
			969	505
			970	505
			971	504
			972	504
			973	504
			974	504
			975	504
			976	503
			977	503
			978	503
			979	503
			980	503
			981	502
			982	502
			983	502
			984	502
			985	502
			986	501
			987	501
			988	501
			989	501
			990	501
			991	500
			992	500
			993	500
			994	500
			995	500
			996	500
			997	499
			998	499
			999	499
			1000	499
			1001	499
			1002	499
			1003	498
			1004	498
			1005	498
			1006	498
			1007	498
			1008	498
			1008	497
			1009	497
			1010	497
			1011	497
			1012	497
			1013	497
			1014	496
			1015	496
			1016	496
			1017	496
			1018	496
			1019	496
			1020	496
			1021	495
			1022	495
			1023	495
			1024	495
			1025	495
			1026	495
			1027	494
			1028	494
			1029	494
			1030	494
			1031	494
			1032	494
			1033	493
			1034	493
			1035	493
			1036	493
			1037	493
			1038	493
			1039	493
			1040	492
			1041	492
			1042	492
			1043	492
			1044	492
			1045	492
			1046	491
			1047	491
			1048	491
			1049	491
			1050	491
			1051	491
			1052	491
			1053	490
			1054	490
			1055	490
			1056	490
			1057	490
			1058	490
			1059	490
			1060	490
			1061	490
			1061	489
			1062	489
			1063	489
			1064	489
			1065	489
			1066	489
			1067	489
			1068	489
			1069	488
			1070	488
			1071	488
			1072	488
			1073	488
			1074	488
			1075	488
			1076	488
			1076	487
			1077	487
			1078	487
			1079	487
			1080	487
			1081	487
			1082	487
			1083	487
			1084	487
			1085	486
			1086	486
			1087	486
			1088	486
			1089	486
			1090	486
			1091	486
			1092	486
			1093	486
			1094	485
			1095	485
			1096	485
			1097	485
			1098	485
			1099	485
			1100	485
			1101	485
			1102	485
			1103	484
			1104	484
			1105	484
			1106	484
			1107	484
			1108	484
			1109	484
			1110	484
			1111	484
			1112	483
			1113	483
			1114	483
			1115	483
			1116	483
			1117	483
			1118	483
			1119	483
			1120	483
			1121	483
			1122	483
			1123	483
			1124	483
			1125	483
			1126	483
			1127	483
			1128	483
			1129	483
			1130	483
			1131	483
			1132	483
			1133	483
			1134	483
			1135	483
			1136	483
			1137	483
			1138	483
			1139	483
			1140	483
			1141	483
			1142	483
			1143	483
			1144	483
			1145	483
			1146	483
			1146	482
			1147	482
			1148	482
			1149	482
			1150	482
			1151	482
			1152	482
			1153	482
			1154	482
			1155	482
			1156	482
			1157	482
			1158	482
			1159	482
			1160	482
			1161	482
			1162	482
			1163	482
			1164	482
			1165	482
			1166	482
			1167	482
			1168	482
			1169	482
			1170	482
			1171	482
			1172	482
			1173	482
			1174	482
			1174	481
			1175	481
			1176	481
			1177	481
			1178	481
			1179	481
			1180	481
			1181	481
			1182	481
			1183	481
			1184	481
			1185	481
			1186	481
			1187	481
			1188	481
			1189	481
			1190	481
			1191	481
			1192	481
			1193	481
			1194	480
			1195	480
			1196	480
			1197	480
			1198	480
			1199	480
			1200	480
			1201	480
			1202	480
			1203	480
			1204	480
			1205	480
			1206	480
			1207	480
			1208	479
			1209	479
			1210	479
			1211	479
			1212	479
			1213	479
			1214	479
			1215	479
			1216	479
			1217	479
			1218	479
			1219	479
			1220	478
			1221	478
			1222	478
			1223	478
			1224	478
			1225	478
			1226	478
			1227	478
			1228	478
			1229	478
			1230	478
			1231	477
			1232	477
			1233	477
			1234	477
			1235	477
			1236	477
			1237	477
			1238	477
			1239	477
			1240	476
			1241	476
			1242	476
			1243	476
			1244	476
			1245	476
			1246	476
			1247	476
			1248	475
			1249	475
			1250	475
			1251	475
			1252	475
			1253	475
			1254	475
			1255	474
			1256	474
			1257	474
			1258	474
			1259	474
			1260	474
			1261	474
			1262	473
			1263	473
			1264	473
			1265	473
			1266	473
			1267	473
			1268	472
			1269	472
			1270	472
			1271	472
			1272	472
			1273	471
			1274	471
			1275	471
			1276	471
			1277	471
			1278	471
			1279	470
			1280	470
			1281	470
			1282	470
			1283	469
			1284	469
			1285	469
			1286	469
			1287	469
			1288	469
			1289	468
			1290	468
		</Snout_dorsal>
		<Dorsal_adipose type=matrix rownames=FALSE colnames=FALSE nrow=415 ncol=2 as.numeric=TRUE >
			1290	468
			1291	468
			1292	469
			1293	469
			1294	469
			1295	470
			1296	470
			1297	470
			1297	471
			1298	471
			1299	471
			1300	472
			1301	472
			1302	472
			1303	473
			1304	473
			1305	473
			1306	474
			1307	474
			1308	474
			1309	475
			1310	475
			1311	475
			1312	476
			1313	476
			1314	476
			1314	477
			1315	477
			1316	477
			1317	478
			1318	478
			1319	478
			1320	479
			1321	479
			1322	480
			1323	480
			1324	480
			1325	481
			1326	481
			1327	481
			1328	482
			1329	482
			1330	482
			1331	483
			1332	483
			1333	483
			1334	484
			1335	484
			1336	484
			1337	485
			1338	485
			1339	485
			1340	486
			1341	486
			1342	486
			1343	487
			1344	487
			1345	487
			1345	488
			1346	488
			1347	488
			1348	489
			1349	489
			1350	490
			1351	490
			1352	490
			1353	491
			1354	491
			1355	491
			1356	492
			1357	492
			1358	492
			1359	493
			1360	493
			1361	493
			1362	494
			1363	494
			1364	494
			1365	495
			1366	495
			1367	495
			1368	496
			1369	496
			1370	496
			1371	497
			1372	497
			1373	498
			1374	498
			1375	498
			1376	499
			1377	499
			1378	499
			1379	500
			1380	500
			1381	500
			1382	501
			1383	501
			1384	501
			1385	502
			1386	502
			1387	502
			1388	503
			1389	503
			1390	503
			1391	504
			1392	504
			1393	504
			1394	505
			1395	505
			1396	505
			1396	506
			1397	506
			1398	506
			1399	506
			1400	507
			1401	507
			1402	507
			1403	508
			1404	508
			1405	509
			1406	509
			1407	509
			1408	510
			1409	510
			1410	510
			1411	511
			1412	511
			1413	511
			1414	511
			1414	512
			1415	512
			1416	512
			1417	513
			1418	513
			1419	513
			1420	514
			1421	514
			1422	514
			1423	515
			1424	515
			1425	515
			1426	516
			1427	516
			1428	516
			1429	517
			1430	517
			1431	517
			1431	518
			1432	518
			1433	518
			1434	519
			1435	519
			1436	519
			1437	519
			1438	520
			1439	520
			1440	520
			1441	521
			1442	521
			1443	521
			1444	522
			1445	522
			1446	522
			1447	523
			1448	523
			1449	523
			1450	524
			1451	524
			1452	524
			1453	525
			1454	525
			1455	526
			1456	526
			1457	526
			1458	526
			1458	527
			1459	527
			1460	527
			1461	528
			1462	528
			1463	528
			1464	529
			1465	529
			1466	529
			1467	529
			1468	530
			1469	530
			1470	531
			1471	531
			1472	531
			1473	532
			1474	532
			1475	532
			1476	533
			1477	533
			1478	533
			1479	534
			1480	534
			1481	534
			1482	535
			1483	535
			1484	535
			1485	536
			1486	536
			1487	536
			1488	537
			1489	537
			1490	537
			1491	538
			1492	538
			1493	538
			1494	539
			1495	539
			1496	539
			1497	540
			1498	540
			1499	540
			1500	541
			1501	541
			1502	541
			1503	542
			1504	542
			1505	542
			1506	542
			1507	542
			1508	543
			1509	543
			1510	543
			1511	543
			1512	543
			1513	543
			1514	544
			1515	544
			1516	544
			1517	544
			1518	544
			1519	544
			1520	544
			1521	545
			1522	545
			1523	545
			1524	545
			1525	545
			1526	545
			1527	545
			1528	546
			1529	546
			1530	546
			1531	546
			1532	546
			1533	546
			1534	546
			1535	547
			1536	547
			1537	547
			1538	547
			1539	547
			1540	547
			1541	547
			1542	548
			1543	548
			1544	548
			1545	548
			1546	548
			1547	548
			1548	548
			1549	548
			1550	548
			1550	549
			1551	549
			1552	549
			1553	549
			1554	549
			1555	549
			1556	549
			1557	549
			1558	550
			1559	550
			1560	550
			1561	550
			1562	550
			1563	550
			1564	550
			1565	550
			1566	551
			1567	551
			1568	551
			1569	551
			1570	551
			1571	551
			1572	551
			1573	551
			1574	551
			1575	551
			1576	552
			1577	552
			1578	552
			1579	552
			1580	552
			1581	552
			1582	552
			1583	552
			1584	552
			1585	553
			1586	553
			1587	553
			1588	553
			1589	553
			1590	553
			1591	553
			1592	553
			1593	553
			1594	553
			1595	553
			1596	553
			1597	554
			1598	554
			1599	554
			1600	554
			1601	554
			1602	554
			1603	554
			1604	554
			1605	554
			1606	554
			1607	554
			1608	554
			1609	554
			1610	555
			1611	555
			1612	555
			1613	555
			1614	555
			1615	555
			1616	555
			1617	555
			1618	555
			1619	555
			1620	555
			1621	555
			1622	555
			1623	555
			1624	555
			1625	555
			1626	555
			1627	555
			1628	555
			1629	555
			1629	556
			1630	556
			1631	556
			1632	556
			1633	556
			1634	556
			1635	556
			1636	556
			1637	556
			1638	556
			1639	556
			1640	556
			1641	556
			1642	556
			1643	556
			1644	556
			1645	556
			1646	556
			1647	556
			1648	556
			1649	556
			1650	556
			1651	556
			1652	556
			1653	556
			1653	555
			1654	555
			1655	555
			1656	555
			1657	555
			1658	555
			1659	555
			1660	555
			1661	555
			1662	555
			1663	555
			1664	555
			1665	555
			1666	555
			1667	555
			1667	554
			1668	554
			1669	554
			1670	554
			1671	554
			1672	554
			1673	554
			1674	554
			1675	553
			1676	553
			1677	553
			1678	553
			1679	553
			1680	553
			1681	552
			1682	552
			1683	552
			1684	551
			1685	551
			1686	551
			1687	551
			1688	550
			1689	550
			1690	549
			1691	549
			1692	549
			1693	548
		</Dorsal_adipose>
		<Adipose_caudal type=matrix rownames=FALSE colnames=FALSE nrow=216 ncol=2 as.numeric=TRUE >
			1693	548
			1694	548
			1695	548
			1696	549
			1697	549
			1698	549
			1699	550
			1700	550
			1701	550
			1702	551
			1703	551
			1704	551
			1704	552
			1705	552
			1706	553
			1707	553
			1708	554
			1709	555
			1710	556
			1711	557
			1711	558
			1712	559
			1712	560
			1713	561
			1713	562
			1714	562
			1715	562
			1716	563
			1717	563
			1718	563
			1719	563
			1720	563
			1721	564
			1722	564
			1723	564
			1724	564
			1725	564
			1726	564
			1727	565
			1728	565
			1729	565
			1730	565
			1731	565
			1732	565
			1733	565
			1734	566
			1735	566
			1736	566
			1737	566
			1738	566
			1739	566
			1740	567
			1741	567
			1742	567
			1743	567
			1744	567
			1745	567
			1746	567
			1747	567
			1748	568
			1749	568
			1750	568
			1751	568
			1752	568
			1753	568
			1754	568
			1755	568
			1756	569
			1757	569
			1758	569
			1759	569
			1760	569
			1761	569
			1762	569
			1763	569
			1764	569
			1765	569
			1766	570
			1767	570
			1768	570
			1769	570
			1770	570
			1771	570
			1772	570
			1773	570
			1774	570
			1775	570
			1776	570
			1777	571
			1778	571
			1779	571
			1780	571
			1781	571
			1782	571
			1783	571
			1784	571
			1785	571
			1786	571
			1787	571
			1788	571
			1789	571
			1790	571
			1791	571
			1792	571
			1793	572
			1794	572
			1795	572
			1796	572
			1797	572
			1798	572
			1799	572
			1800	572
			1801	572
			1802	572
			1803	572
			1804	572
			1805	572
			1806	572
			1807	572
			1808	572
			1809	572
			1810	572
			1811	572
			1812	572
			1813	572
			1814	572
			1815	572
			1816	572
			1817	572
			1818	572
			1819	572
			1820	572
			1821	572
			1822	572
			1823	572
			1824	572
			1825	572
			1826	572
			1827	572
			1828	572
			1829	572
			1830	572
			1831	572
			1832	572
			1833	572
			1834	572
			1835	572
			1836	572
			1837	572
			1838	572
			1839	572
			1840	572
			1841	572
			1842	572
			1843	572
			1844	572
			1845	572
			1846	572
			1847	572
			1848	572
			1849	572
			1850	572
			1851	571
			1852	571
			1853	571
			1854	571
			1855	571
			1856	571
			1857	571
			1858	571
			1859	571
			1860	571
			1861	571
			1862	571
			1863	571
			1864	571
			1865	571
			1866	571
			1867	570
			1868	570
			1869	570
			1870	570
			1871	570
			1872	570
			1873	570
			1874	570
			1875	570
			1876	570
			1877	570
			1878	570
			1878	569
			1879	569
			1880	569
			1881	569
			1882	569
			1883	569
			1884	569
			1884	568
			1885	568
			1886	568
			1887	567
			1888	567
			1889	566
			1890	566
			1891	566
			1892	565
			1893	565
			1894	565
			1895	565
			1896	565
			1897	565
			1898	565
			1899	565
			1900	566
			1901	566
			1902	567
		</Adipose_caudal>
		<Caudal_anal type=matrix rownames=FALSE colnames=FALSE nrow=398 ncol=2 as.numeric=TRUE >
			1903	693
			1902	694
			1901	694
			1900	694
			1899	695
			1898	695
			1897	695
			1896	695
			1895	695
			1894	695
			1893	695
			1892	695
			1891	695
			1890	695
			1889	695
			1888	695
			1887	695
			1886	695
			1885	695
			1884	695
			1883	694
			1882	694
			1881	694
			1880	694
			1879	694
			1878	694
			1877	694
			1876	693
			1875	693
			1874	693
			1873	693
			1872	693
			1871	693
			1870	692
			1869	692
			1868	692
			1867	692
			1866	692
			1865	691
			1864	691
			1863	691
			1862	691
			1861	691
			1860	691
			1859	691
			1858	691
			1857	691
			1856	691
			1855	691
			1854	691
			1853	691
			1852	691
			1851	691
			1850	691
			1849	691
			1848	691
			1847	691
			1846	691
			1845	691
			1844	691
			1843	691
			1842	691
			1841	692
			1840	692
			1839	692
			1838	692
			1837	692
			1836	692
			1835	692
			1834	692
			1833	692
			1832	692
			1831	692
			1830	692
			1829	692
			1828	692
			1827	692
			1826	692
			1825	692
			1824	692
			1823	692
			1822	692
			1821	692
			1820	692
			1819	692
			1818	693
			1817	693
			1816	693
			1815	693
			1814	693
			1813	693
			1812	693
			1811	693
			1810	693
			1809	693
			1808	693
			1807	693
			1806	693
			1805	693
			1804	693
			1803	693
			1802	694
			1801	694
			1800	694
			1799	694
			1798	694
			1797	694
			1796	694
			1795	694
			1794	694
			1793	694
			1792	694
			1791	694
			1790	694
			1789	695
			1788	695
			1787	695
			1786	695
			1785	695
			1784	695
			1783	695
			1782	695
			1781	695
			1780	695
			1779	695
			1778	696
			1777	696
			1776	696
			1775	696
			1774	696
			1773	696
			1772	696
			1771	696
			1770	696
			1769	696
			1768	696
			1767	697
			1766	697
			1765	697
			1764	697
			1763	697
			1762	697
			1761	697
			1760	697
			1759	698
			1758	698
			1757	698
			1756	698
			1755	698
			1754	698
			1753	698
			1752	698
			1751	698
			1750	699
			1749	699
			1748	699
			1747	699
			1746	699
			1745	699
			1744	699
			1743	699
			1742	700
			1741	700
			1740	700
			1739	700
			1738	700
			1737	700
			1736	700
			1735	701
			1734	701
			1733	701
			1732	701
			1731	701
			1730	702
			1729	702
			1728	702
			1727	702
			1726	702
			1725	703
			1724	703
			1723	703
			1722	703
			1721	704
			1720	704
			1719	704
			1718	704
			1717	704
			1716	705
			1715	705
			1714	705
			1713	705
			1712	705
			1712	706
			1711	706
			1710	706
			1709	706
			1708	707
			1707	707
			1706	707
			1705	707
			1704	707
			1703	708
			1702	708
			1701	708
			1700	708
			1699	708
			1698	709
			1697	709
			1696	709
			1695	709
			1694	709
			1693	710
			1692	710
			1691	710
			1690	711
			1689	711
			1688	711
			1687	711
			1686	711
			1685	712
			1684	712
			1683	712
			1682	712
			1681	712
			1681	713
			1680	713
			1679	713
			1678	713
			1677	713
			1676	714
			1675	714
			1674	714
			1673	714
			1672	714
			1671	715
			1670	715
			1669	715
			1668	715
			1667	715
			1666	716
			1665	716
			1664	716
			1663	716
			1662	717
			1661	717
			1660	717
			1659	717
			1658	717
			1657	718
			1656	718
			1655	718
			1654	718
			1653	718
			1652	719
			1651	719
			1650	719
			1649	719
			1648	720
			1647	720
			1646	720
			1645	720
			1644	720
			1643	721
			1642	721
			1641	721
			1640	721
			1639	721
			1639	722
			1638	722
			1637	722
			1636	722
			1635	722
			1634	722
			1634	723
			1633	723
			1632	723
			1631	723
			1630	723
			1629	724
			1628	724
			1627	724
			1626	724
			1625	725
			1624	725
			1623	725
			1622	725
			1621	725
			1620	726
			1619	726
			1618	726
			1617	726
			1616	726
			1615	727
			1614	727
			1613	727
			1612	727
			1611	727
			1610	728
			1609	728
			1608	728
			1607	728
			1606	728
			1605	729
			1604	729
			1603	729
			1602	729
			1601	729
			1600	730
			1599	730
			1598	730
			1597	730
			1596	730
			1595	731
			1594	731
			1593	731
			1592	731
			1591	731
			1590	732
			1589	732
			1588	732
			1587	732
			1586	732
			1585	733
			1584	733
			1583	733
			1582	733
			1581	733
			1580	734
			1579	734
			1578	734
			1577	734
			1576	734
			1575	735
			1574	735
			1573	735
			1572	735
			1571	735
			1570	736
			1569	736
			1568	736
			1567	736
			1566	737
			1565	737
			1564	737
			1563	737
			1562	737
			1561	738
			1560	738
			1559	738
			1558	738
			1557	738
			1556	738
			1556	739
			1555	739
			1554	739
			1553	739
			1552	739
			1551	739
			1551	740
			1550	740
			1549	740
			1548	740
			1547	740
			1546	740
			1545	741
			1544	741
			1543	741
			1542	741
			1541	741
			1540	742
			1539	742
			1538	742
			1537	742
			1536	742
			1535	743
			1534	743
			1533	743
			1532	743
			1531	743
			1530	744
			1529	744
			1528	744
			1527	744
			1526	744
			1525	745
			1524	745
			1523	745
			1522	745
			1521	745
			1520	746
			1519	746
			1518	746
			1517	746
			1516	746
			1515	746
			1514	747
			1513	747
			1512	747
		</Caudal_anal>
	</curves.pixel>
	<curves.scaled type=list>
		<Snout_dorsal type=matrix rownames=FALSE colnames=FALSE nrow=640 ncol=2 as.numeric=TRUE >
			31.4677426970616	-28.8830389292456
			31.4677426970616	-28.842011885312
			31.426715653128	-28.8009848413784
			31.426715653128	-28.7599577974448
			31.426715653128	-28.7189307535112
			31.3856886091944	-28.6779037095777
			31.3856886091944	-28.6368766656441
			31.3446615652608	-28.5958496217105
			31.3446615652608	-28.5548225777769
			31.3446615652608	-28.5137955338433
			31.3446615652608	-28.4727684899097
			31.3036345213273	-28.4727684899097
			31.3036345213273	-28.4317414459761
			31.3036345213273	-28.3907144020425
			31.3036345213273	-28.349687358109
			31.2626074773937	-28.3086603141754
			31.2626074773937	-28.2676332702418
			31.2626074773937	-28.2266062263082
			31.2626074773937	-28.1855791823746
			31.2215804334601	-28.144552138441
			31.2215804334601	-28.1035250945074
			31.2215804334601	-28.0624980505738
			31.2215804334601	-28.0214710066403
			31.1805533895265	-27.9804439627067
			31.1805533895265	-27.9394169187731
			31.1805533895265	-27.8983898748395
			31.1805533895265	-27.8573628309059
			31.1805533895265	-27.8163357869723
			31.1395263455929	-27.7753087430387
			31.1395263455929	-27.7342816991051
			31.1395263455929	-27.6932546551716
			31.1395263455929	-27.652227611238
			31.1395263455929	-27.6112005673044
			31.1395263455929	-27.5701735233708
			31.0984993016593	-27.5291464794372
			31.0984993016593	-27.4881194355036
			31.0984993016593	-27.44709239157
			31.0984993016593	-27.4060653476364
			31.0984993016593	-27.3650383037029
			31.0984993016593	-27.3240112597693
			31.0984993016593	-27.2829842158357
			31.0984993016593	-27.2419571719021
			31.0984993016593	-27.2009301279685
			31.0984993016593	-27.1599030840349
			31.0574722577257	-27.1188760401013
			31.0574722577257	-27.0778489961677
			31.0574722577257	-27.0368219522342
			31.0574722577257	-26.9957949083006
			31.0574722577257	-26.954767864367
			31.0574722577257	-26.9137408204334
			31.0574722577257	-26.8727137764998
			31.0574722577257	-26.8316867325662
			31.0574722577257	-26.7906596886326
			31.0574722577257	-26.749632644699
			31.0574722577257	-26.7086056007655
			31.0574722577257	-26.6675785568319
			31.0984993016593	-26.6265515128983
			31.0984993016593	-26.5855244689647
			31.0984993016593	-26.5444974250311
			31.0984993016593	-26.5034703810975
			31.0984993016593	-26.4624433371639
			31.0984993016593	-26.4214162932303
			31.0984993016593	-26.3803892492968
			31.0984993016593	-26.3393622053632
			31.0984993016593	-26.2983351614296
			31.0984993016593	-26.257308117496
			31.1395263455929	-26.2162810735624
			31.1395263455929	-26.1752540296288
			31.1395263455929	-26.1342269856952
			31.1395263455929	-26.0931999417616
			31.1395263455929	-26.0521728978281
			31.1395263455929	-26.0111458538945
			31.1805533895265	-25.9701188099609
			31.1805533895265	-25.9290917660273
			31.1805533895265	-25.8880647220937
			31.1805533895265	-25.8470376781601
			31.2215804334601	-25.8060106342265
			31.2215804334601	-25.7649835902929
			31.2215804334601	-25.7239565463594
			31.2215804334601	-25.6829295024258
			31.2626074773937	-25.6419024584922
			31.2626074773937	-25.6008754145586
			31.2626074773937	-25.559848370625
			31.3036345213273	-25.5188213266914
			31.3036345213273	-25.4777942827578
			31.3036345213273	-25.4367672388242
			31.3446615652608	-25.3957401948907
			31.3446615652608	-25.3547131509571
			31.3446615652608	-25.3136861070235
			31.3856886091944	-25.2726590630899
			31.3856886091944	-25.2316320191563
			31.426715653128	-25.2316320191563
			31.426715653128	-25.1906049752227
			31.426715653128	-25.1495779312891
			31.4677426970616	-25.1085508873555
			31.4677426970616	-25.067523843422
			31.5087697409952	-25.0264967994884
			31.5087697409952	-24.9854697555548
			31.5497967849288	-24.9444427116212
			31.5497967849288	-24.9034156676876
			31.5908238288624	-24.862388623754
			31.631850872796	-24.8213615798204
			31.631850872796	-24.7803345358868
			31.6728779167295	-24.7393074919533
			31.6728779167295	-24.6982804480197
			31.7139049606631	-24.6572534040861
			31.7549320045967	-24.6162263601525
			31.7549320045967	-24.5751993162189
			31.7959590485303	-24.5341722722853
			31.7959590485303	-24.4931452283517
			31.8369860924639	-24.4521181844181
			31.8780131363975	-24.4110911404846
			31.9190401803311	-24.370064096551
			31.9190401803311	-24.3290370526174
			31.9600672242647	-24.2880100086838
			32.0010942681982	-24.2469829647502
			32.0010942681982	-24.2059559208166
			32.0421213121318	-24.164928876883
			32.0831483560654	-24.1239018329494
			32.124175399999	-24.0828747890159
			32.1652024439326	-24.0418477450823
			32.1652024439326	-24.0008207011487
			32.2062294878662	-23.9597936572151
			32.2472565317998	-23.9187666132815
			32.2882835757334	-23.8777395693479
			32.3293106196669	-23.8367125254143
			32.3703376636005	-23.7956854814807
			32.3703376636005	-23.7546584375472
			32.4113647075341	-23.7136313936136
			32.4523917514677	-23.7136313936136
			32.4934187954013	-23.67260434968
			32.5344458393349	-23.6315773057464
			32.5754728832685	-23.5905502618128
			32.616499927202	-23.5495232178792
			32.6575269711356	-23.5084961739456
			32.6985540150692	-23.467469130012
			32.7395810590028	-23.4264420860785
			32.7806081029364	-23.3854150421449
			32.82163514687	-23.3443879982113
			32.8626621908036	-23.3443879982113
			32.9036892347372	-23.3033609542777
			32.9447162786707	-23.2623339103441
			32.9857433226043	-23.2213068664105
			33.0267703665379	-23.1802798224769
			33.0677974104715	-23.1392527785433
			33.1088244544051	-23.0982257346098
			33.1498514983387	-23.0982257346098
			33.1908785422723	-23.0571986906762
			33.2319055862059	-23.0161716467426
			33.2729326301395	-22.975144602809
			33.313959674073	-22.975144602809
			33.3549867180066	-22.9341175588754
			33.3960137619402	-22.8930905149418
			33.4370408058738	-22.8930905149418
			33.4780678498074	-22.8520634710082
			33.519094893741	-22.8520634710082
			33.519094893741	-22.8110364270746
			33.5601219376746	-22.7700093831411
			33.6011489816081	-22.7700093831411
			33.6421760255417	-22.7289823392075
			33.6832030694753	-22.7289823392075
			33.7242301134089	-22.6879552952739
			33.7652571573425	-22.6469282513403
			33.8062842012761	-22.6469282513403
			33.8473112452097	-22.6059012074067
			33.8883382891433	-22.6059012074067
			33.9293653330769	-22.5648741634731
			33.9293653330769	-22.5238471195395
			33.9703923770104	-22.5238471195395
			34.011419420944	-22.4828200756059
			34.0524464648776	-22.4828200756059
			34.0934735088112	-22.4417930316724
			34.1345005527448	-22.4417930316724
			34.1755275966784	-22.4007659877388
			34.216554640612	-22.3597389438052
			34.2575816845455	-22.3597389438052
			34.2986087284791	-22.3187118998716
			34.3396357724127	-22.3187118998716
			34.3806628163463	-22.3187118998716
			34.4216898602799	-22.277684855938
			34.4627169042135	-22.277684855938
			34.5037439481471	-22.2366578120044
			34.5447709920807	-22.2366578120044
			34.5857980360142	-22.2366578120044
			34.6268250799478	-22.1956307680708
			34.6678521238814	-22.1956307680708
			34.708879167815	-22.1546037241372
			34.7499062117486	-22.1546037241372
			34.7909332556822	-22.1546037241372
			34.7909332556822	-22.1135766802037
			34.8319602996158	-22.1135766802037
			34.8729873435494	-22.1135766802037
			34.914014387483	-22.0725496362701
			34.9550414314165	-22.0725496362701
			34.9960684753501	-22.0315225923365
			35.0370955192837	-22.0315225923365
			35.0781225632173	-22.0315225923365
			35.1191496071509	-21.9904955484029
			35.1601766510845	-21.9904955484029
			35.2012036950181	-21.9494685044693
			35.2422307389516	-21.9494685044693
			35.2832577828852	-21.9494685044693
			35.3242848268188	-21.9084414605357
			35.3653118707524	-21.9084414605357
			35.406338914686	-21.9084414605357
			35.4473659586196	-21.8674144166021
			35.4883930025532	-21.8674144166021
			35.5294200464868	-21.8263873726685
			35.5704470904204	-21.8263873726685
			35.6114741343539	-21.8263873726685
			35.6525011782875	-21.8263873726685
			35.6525011782875	-21.785360328735
			35.6935282222211	-21.785360328735
			35.7345552661547	-21.785360328735
			35.7755823100883	-21.785360328735
			35.8166093540219	-21.7443332848014
			35.8576363979555	-21.7443332848014
			35.898663441889	-21.7443332848014
			35.9396904858226	-21.7033062408678
			35.9807175297562	-21.7033062408678
			36.0217445736898	-21.7033062408678
			36.0627716176234	-21.6622791969342
			36.103798661557	-21.6622791969342
			36.1448257054906	-21.6622791969342
			36.1858527494242	-21.6212521530006
			36.2268797933577	-21.6212521530006
			36.2679068372913	-21.580225109067
			36.3089338812249	-21.580225109067
			36.3499609251585	-21.580225109067
			36.3909879690921	-21.580225109067
			36.4320150130257	-21.5391980651334
			36.4730420569593	-21.5391980651334
			36.5140691008929	-21.5391980651334
			36.5550961448265	-21.4981710211998
			36.59612318876	-21.4981710211998
			36.6371502326936	-21.4981710211998
			36.6781772766272	-21.4981710211998
			36.6781772766272	-21.4571439772663
			36.7192043205608	-21.4571439772663
			36.7602313644944	-21.4571439772663
			36.801258408428	-21.4571439772663
			36.8422854523616	-21.4161169333327
			36.8833124962951	-21.4161169333327
			36.9243395402287	-21.4161169333327
			36.9653665841623	-21.3750898893991
			37.0063936280959	-21.3750898893991
			37.0474206720295	-21.3750898893991
			37.0884477159631	-21.3340628454655
			37.1294747598967	-21.3340628454655
			37.1705018038303	-21.3340628454655
			37.2115288477639	-21.3340628454655
			37.2525558916974	-21.2930358015319
			37.293582935631	-21.2930358015319
			37.3346099795646	-21.2930358015319
			37.3756370234982	-21.2930358015319
			37.3756370234982	-21.2520087575983
			37.4166640674318	-21.2520087575983
			37.4576911113654	-21.2520087575983
			37.498718155299	-21.2520087575983
			37.5397451992325	-21.2109817136647
			37.5807722431661	-21.2109817136647
			37.6217992870997	-21.2109817136647
			37.6628263310333	-21.2109817136647
			37.7038533749669	-21.1699546697311
			37.7448804189005	-21.1699546697311
			37.7859074628341	-21.1699546697311
			37.8269345067677	-21.1699546697311
			37.8679615507012	-21.1289276257976
			37.9089885946348	-21.1289276257976
			37.9500156385684	-21.1289276257976
			37.991042682502	-21.1289276257976
			38.0320697264356	-21.087900581864
			38.0730967703692	-21.087900581864
			38.1141238143028	-21.087900581864
			38.1551508582364	-21.087900581864
			38.1961779021699	-21.0468735379304
			38.2372049461035	-21.0468735379304
			38.2782319900371	-21.0468735379304
			38.3192590339707	-21.0468735379304
			38.3602860779043	-21.0058464939968
			38.4013131218379	-21.0058464939968
			38.4423401657715	-21.0058464939968
			38.4833672097051	-21.0058464939968
			38.5243942536386	-20.9648194500632
			38.5654212975722	-20.9648194500632
			38.6064483415058	-20.9648194500632
			38.6474753854394	-20.9648194500632
			38.688502429373	-20.9237924061296
			38.7295294733066	-20.9237924061296
			38.7705565172402	-20.9237924061296
			38.8115835611738	-20.9237924061296
			38.8526106051073	-20.9237924061296
			38.8936376490409	-20.882765362196
			38.9346646929745	-20.882765362196
			38.9756917369081	-20.882765362196
			39.0167187808417	-20.882765362196
			39.0577458247753	-20.8417383182624
			39.0987728687089	-20.8417383182624
			39.1397999126425	-20.8417383182624
			39.180826956576	-20.8417383182624
			39.2218540005096	-20.8007112743289
			39.2628810444432	-20.8007112743289
			39.3039080883768	-20.8007112743289
			39.3449351323104	-20.8007112743289
			39.385962176244	-20.8007112743289
			39.4269892201776	-20.7596842303953
			39.4680162641112	-20.7596842303953
			39.5090433080447	-20.7596842303953
			39.5500703519783	-20.7596842303953
			39.5910973959119	-20.7596842303953
			39.6321244398455	-20.7186571864617
			39.6731514837791	-20.7186571864617
			39.7141785277127	-20.7186571864617
			39.7552055716463	-20.7186571864617
			39.7962326155799	-20.7186571864617
			39.8372596595134	-20.6776301425281
			39.878286703447	-20.6776301425281
			39.9193137473806	-20.6776301425281
			39.9603407913142	-20.6776301425281
			40.0013678352478	-20.6776301425281
			40.0423948791814	-20.6366030985945
			40.083421923115	-20.6366030985945
			40.1244489670486	-20.6366030985945
			40.1654760109821	-20.6366030985945
			40.2065030549157	-20.6366030985945
			40.2475300988493	-20.5955760546609
			40.2885571427829	-20.5955760546609
			40.3295841867165	-20.5955760546609
			40.3706112306501	-20.5955760546609
			40.4116382745837	-20.5955760546609
			40.4526653185173	-20.5545490107273
			40.4936923624508	-20.5545490107273
			40.5347194063844	-20.5545490107273
			40.575746450318	-20.5545490107273
			40.6167734942516	-20.5545490107273
			40.6578005381852	-20.5135219667937
			40.6988275821188	-20.5135219667937
			40.7398546260524	-20.5135219667937
			40.780881669986	-20.5135219667937
			40.8219087139195	-20.5135219667937
			40.8629357578531	-20.5135219667937
			40.9039628017867	-20.4724949228602
			40.9449898457203	-20.4724949228602
			40.9860168896539	-20.4724949228602
			41.0270439335875	-20.4724949228602
			41.0680709775211	-20.4724949228602
			41.1090980214547	-20.4724949228602
			41.1501250653882	-20.4314678789266
			41.1911521093218	-20.4314678789266
			41.2321791532554	-20.4314678789266
			41.273206197189	-20.4314678789266
			41.3142332411226	-20.4314678789266
			41.3552602850562	-20.4314678789266
			41.3552602850562	-20.390440834993
			41.3962873289898	-20.390440834993
			41.4373143729234	-20.390440834993
			41.4783414168569	-20.390440834993
			41.5193684607905	-20.390440834993
			41.5603955047241	-20.390440834993
			41.6014225486577	-20.3494137910594
			41.6424495925913	-20.3494137910594
			41.6834766365249	-20.3494137910594
			41.7245036804585	-20.3494137910594
			41.7655307243921	-20.3494137910594
			41.8065577683256	-20.3494137910594
			41.8475848122592	-20.3494137910594
			41.8886118561928	-20.3083867471258
			41.9296389001264	-20.3083867471258
			41.97066594406	-20.3083867471258
			42.0116929879936	-20.3083867471258
			42.0527200319272	-20.3083867471258
			42.0937470758608	-20.3083867471258
			42.1347741197943	-20.2673597031922
			42.1758011637279	-20.2673597031922
			42.2168282076615	-20.2673597031922
			42.2578552515951	-20.2673597031922
			42.2988822955287	-20.2673597031922
			42.3399093394623	-20.2673597031922
			42.3809363833959	-20.2263326592586
			42.4219634273295	-20.2263326592586
			42.462990471263	-20.2263326592586
			42.5040175151966	-20.2263326592586
			42.5450445591302	-20.2263326592586
			42.5860716030638	-20.2263326592586
			42.6270986469974	-20.2263326592586
			42.668125690931	-20.185305615325
			42.7091527348646	-20.185305615325
			42.7501797787982	-20.185305615325
			42.7912068227317	-20.185305615325
			42.8322338666653	-20.185305615325
			42.8732609105989	-20.185305615325
			42.9142879545325	-20.1442785713915
			42.9553149984661	-20.1442785713915
			42.9963420423997	-20.1442785713915
			43.0373690863333	-20.1442785713915
			43.0783961302669	-20.1442785713915
			43.1194231742004	-20.1442785713915
			43.160450218134	-20.1442785713915
			43.2014772620676	-20.1032515274579
			43.2425043060012	-20.1032515274579
			43.2835313499348	-20.1032515274579
			43.3245583938684	-20.1032515274579
			43.365585437802	-20.1032515274579
			43.4066124817356	-20.1032515274579
			43.4476395256691	-20.1032515274579
			43.4886665696027	-20.1032515274579
			43.5296936135363	-20.1032515274579
			43.5296936135363	-20.0622244835243
			43.5707206574699	-20.0622244835243
			43.6117477014035	-20.0622244835243
			43.6527747453371	-20.0622244835243
			43.6938017892707	-20.0622244835243
			43.7348288332043	-20.0622244835243
			43.7758558771378	-20.0622244835243
			43.8168829210714	-20.0622244835243
			43.857909965005	-20.0211974395907
			43.8989370089386	-20.0211974395907
			43.9399640528722	-20.0211974395907
			43.9809910968058	-20.0211974395907
			44.0220181407394	-20.0211974395907
			44.063045184673	-20.0211974395907
			44.1040722286065	-20.0211974395907
			44.1450992725401	-20.0211974395907
			44.1450992725401	-19.9801703956571
			44.1861263164737	-19.9801703956571
			44.2271533604073	-19.9801703956571
			44.2681804043409	-19.9801703956571
			44.3092074482745	-19.9801703956571
			44.3502344922081	-19.9801703956571
			44.3912615361417	-19.9801703956571
			44.4322885800752	-19.9801703956571
			44.4733156240088	-19.9801703956571
			44.5143426679424	-19.9391433517235
			44.555369711876	-19.9391433517235
			44.5963967558096	-19.9391433517235
			44.6374237997432	-19.9391433517235
			44.6784508436768	-19.9391433517235
			44.7194778876104	-19.9391433517235
			44.7605049315439	-19.9391433517235
			44.8015319754775	-19.9391433517235
			44.8425590194111	-19.9391433517235
			44.8835860633447	-19.8981163077899
			44.9246131072783	-19.8981163077899
			44.9656401512119	-19.8981163077899
			45.0066671951455	-19.8981163077899
			45.0476942390791	-19.8981163077899
			45.0887212830126	-19.8981163077899
			45.1297483269462	-19.8981163077899
			45.1707753708798	-19.8981163077899
			45.2118024148134	-19.8981163077899
			45.252829458747	-19.8570892638563
			45.2938565026806	-19.8570892638563
			45.3348835466142	-19.8570892638563
			45.3759105905478	-19.8570892638563
			45.4169376344813	-19.8570892638563
			45.4579646784149	-19.8570892638563
			45.4989917223485	-19.8570892638563
			45.5400187662821	-19.8570892638563
			45.5810458102157	-19.8570892638563
			45.6220728541493	-19.8160622199228
			45.6630998980829	-19.8160622199228
			45.7041269420165	-19.8160622199228
			45.74515398595	-19.8160622199228
			45.7861810298836	-19.8160622199228
			45.8272080738172	-19.8160622199228
			45.8682351177508	-19.8160622199228
			45.9092621616844	-19.8160622199228
			45.950289205618	-19.8160622199228
			45.9913162495516	-19.8160622199228
			46.0323432934852	-19.8160622199228
			46.0733703374187	-19.8160622199228
			46.1143973813523	-19.8160622199228
			46.1554244252859	-19.8160622199228
			46.1964514692195	-19.8160622199228
			46.2374785131531	-19.8160622199228
			46.2785055570867	-19.8160622199228
			46.3195326010203	-19.8160622199228
			46.3605596449539	-19.8160622199228
			46.4015866888874	-19.8160622199228
			46.442613732821	-19.8160622199228
			46.4836407767546	-19.8160622199228
			46.5246678206882	-19.8160622199228
			46.5656948646218	-19.8160622199228
			46.6067219085554	-19.8160622199228
			46.647748952489	-19.8160622199228
			46.6887759964226	-19.8160622199228
			46.7298030403561	-19.8160622199228
			46.7708300842897	-19.8160622199228
			46.8118571282233	-19.8160622199228
			46.8528841721569	-19.8160622199228
			46.8939112160905	-19.8160622199228
			46.9349382600241	-19.8160622199228
			46.9759653039577	-19.8160622199228
			47.0169923478913	-19.8160622199228
			47.0169923478913	-19.7750351759892
			47.0580193918248	-19.7750351759892
			47.0990464357584	-19.7750351759892
			47.140073479692	-19.7750351759892
			47.1811005236256	-19.7750351759892
			47.2221275675592	-19.7750351759892
			47.2631546114928	-19.7750351759892
			47.3041816554264	-19.7750351759892
			47.34520869936	-19.7750351759892
			47.3862357432935	-19.7750351759892
			47.4272627872271	-19.7750351759892
			47.4682898311607	-19.7750351759892
			47.5093168750943	-19.7750351759892
			47.5503439190279	-19.7750351759892
			47.5913709629615	-19.7750351759892
			47.6323980068951	-19.7750351759892
			47.6734250508287	-19.7750351759892
			47.7144520947622	-19.7750351759892
			47.7554791386958	-19.7750351759892
			47.7965061826294	-19.7750351759892
			47.837533226563	-19.7750351759892
			47.8785602704966	-19.7750351759892
			47.9195873144302	-19.7750351759892
			47.9606143583638	-19.7750351759892
			48.0016414022974	-19.7750351759892
			48.0426684462309	-19.7750351759892
			48.0836954901645	-19.7750351759892
			48.1247225340981	-19.7750351759892
			48.1657495780317	-19.7750351759892
			48.1657495780317	-19.7340081320556
			48.2067766219653	-19.7340081320556
			48.2478036658989	-19.7340081320556
			48.2888307098325	-19.7340081320556
			48.3298577537661	-19.7340081320556
			48.3708847976996	-19.7340081320556
			48.4119118416332	-19.7340081320556
			48.4529388855668	-19.7340081320556
			48.4939659295004	-19.7340081320556
			48.534992973434	-19.7340081320556
			48.5760200173676	-19.7340081320556
			48.6170470613012	-19.7340081320556
			48.6580741052348	-19.7340081320556
			48.6991011491683	-19.7340081320556
			48.7401281931019	-19.7340081320556
			48.7811552370355	-19.7340081320556
			48.8221822809691	-19.7340081320556
			48.8632093249027	-19.7340081320556
			48.9042363688363	-19.7340081320556
			48.9452634127699	-19.7340081320556
			48.9862904567035	-19.692981088122
			49.027317500637	-19.692981088122
			49.0683445445706	-19.692981088122
			49.1093715885042	-19.692981088122
			49.1503986324378	-19.692981088122
			49.1914256763714	-19.692981088122
			49.232452720305	-19.692981088122
			49.2734797642386	-19.692981088122
			49.3145068081722	-19.692981088122
			49.3555338521057	-19.692981088122
			49.3965608960393	-19.692981088122
			49.4375879399729	-19.692981088122
			49.4786149839065	-19.692981088122
			49.5196420278401	-19.692981088122
			49.5606690717737	-19.6519540441884
			49.6016961157073	-19.6519540441884
			49.6427231596409	-19.6519540441884
			49.6837502035744	-19.6519540441884
			49.724777247508	-19.6519540441884
			49.7658042914416	-19.6519540441884
			49.8068313353752	-19.6519540441884
			49.8478583793088	-19.6519540441884
			49.8888854232424	-19.6519540441884
			49.929912467176	-19.6519540441884
			49.9709395111096	-19.6519540441884
			50.0119665550431	-19.6519540441884
			50.0529935989767	-19.6109270002548
			50.0940206429103	-19.6109270002548
			50.1350476868439	-19.6109270002548
			50.1760747307775	-19.6109270002548
			50.2171017747111	-19.6109270002548
			50.2581288186447	-19.6109270002548
			50.2991558625783	-19.6109270002548
			50.3401829065118	-19.6109270002548
			50.3812099504454	-19.6109270002548
			50.422236994379	-19.6109270002548
			50.4632640383126	-19.6109270002548
			50.5042910822462	-19.5698999563212
			50.5453181261798	-19.5698999563212
			50.5863451701134	-19.5698999563212
			50.627372214047	-19.5698999563212
			50.6683992579805	-19.5698999563212
			50.7094263019141	-19.5698999563212
			50.7504533458477	-19.5698999563212
			50.7914803897813	-19.5698999563212
			50.8325074337149	-19.5698999563212
			50.8735344776485	-19.5288729123876
			50.9145615215821	-19.5288729123876
			50.9555885655157	-19.5288729123876
			50.9966156094492	-19.5288729123876
			51.0376426533828	-19.5288729123876
			51.0786696973164	-19.5288729123876
			51.11969674125	-19.5288729123876
			51.1607237851836	-19.5288729123876
			51.2017508291172	-19.4878458684541
			51.2427778730508	-19.4878458684541
			51.2838049169844	-19.4878458684541
			51.3248319609179	-19.4878458684541
			51.3658590048515	-19.4878458684541
			51.4068860487851	-19.4878458684541
			51.4479130927187	-19.4878458684541
			51.4889401366523	-19.4468188245205
			51.5299671805859	-19.4468188245205
			51.5709942245195	-19.4468188245205
			51.6120212684531	-19.4468188245205
			51.6530483123866	-19.4468188245205
			51.6940753563202	-19.4468188245205
			51.7351024002538	-19.4468188245205
			51.7761294441874	-19.4057917805869
			51.817156488121	-19.4057917805869
			51.8581835320546	-19.4057917805869
			51.8992105759882	-19.4057917805869
			51.9402376199218	-19.4057917805869
			51.9812646638553	-19.4057917805869
			52.0222917077889	-19.3647647366533
			52.0633187517225	-19.3647647366533
			52.1043457956561	-19.3647647366533
			52.1453728395897	-19.3647647366533
			52.1863998835233	-19.3647647366533
			52.2274269274569	-19.3237376927197
			52.2684539713905	-19.3237376927197
			52.309481015324	-19.3237376927197
			52.3505080592576	-19.3237376927197
			52.3915351031912	-19.3237376927197
			52.4325621471248	-19.3237376927197
			52.4735891910584	-19.2827106487861
			52.514616234992	-19.2827106487861
			52.5556432789256	-19.2827106487861
			52.5966703228592	-19.2827106487861
			52.6376973667927	-19.2416836048525
			52.6787244107263	-19.2416836048525
			52.7197514546599	-19.2416836048525
			52.7607784985935	-19.2416836048525
			52.8018055425271	-19.2416836048525
			52.8428325864607	-19.2416836048525
			52.8838596303943	-19.2006565609189
			52.9248866743279	-19.2006565609189
		</Snout_dorsal>
		<Dorsal_adipose type=matrix rownames=FALSE colnames=FALSE nrow=415 ncol=2 as.numeric=TRUE >
			52.9248866743279	-19.2006565609189
			52.9659137182614	-19.2006565609189
			53.006940762195	-19.2416836048525
			53.0479678061286	-19.2416836048525
			53.0889948500622	-19.2416836048525
			53.1300218939958	-19.2827106487861
			53.1710489379294	-19.2827106487861
			53.212075981863	-19.2827106487861
			53.212075981863	-19.3237376927197
			53.2531030257966	-19.3237376927197
			53.2941300697301	-19.3237376927197
			53.3351571136637	-19.3647647366533
			53.3761841575973	-19.3647647366533
			53.4172112015309	-19.3647647366533
			53.4582382454645	-19.4057917805869
			53.4992652893981	-19.4057917805869
			53.5402923333317	-19.4057917805869
			53.5813193772653	-19.4468188245205
			53.6223464211988	-19.4468188245205
			53.6633734651324	-19.4468188245205
			53.704400509066	-19.4878458684541
			53.7454275529996	-19.4878458684541
			53.7864545969332	-19.4878458684541
			53.8274816408668	-19.5288729123876
			53.8685086848004	-19.5288729123876
			53.909535728734	-19.5288729123876
			53.909535728734	-19.5698999563212
			53.9505627726675	-19.5698999563212
			53.9915898166011	-19.5698999563212
			54.0326168605347	-19.6109270002548
			54.0736439044683	-19.6109270002548
			54.1146709484019	-19.6109270002548
			54.1556979923355	-19.6519540441884
			54.1967250362691	-19.6519540441884
			54.2377520802027	-19.692981088122
			54.2787791241362	-19.692981088122
			54.3198061680698	-19.692981088122
			54.3608332120034	-19.7340081320556
			54.401860255937	-19.7340081320556
			54.4428872998706	-19.7340081320556
			54.4839143438042	-19.7750351759892
			54.5249413877378	-19.7750351759892
			54.5659684316714	-19.7750351759892
			54.6069954756049	-19.8160622199228
			54.6480225195385	-19.8160622199228
			54.6890495634721	-19.8160622199228
			54.7300766074057	-19.8570892638563
			54.7711036513393	-19.8570892638563
			54.8121306952729	-19.8570892638563
			54.8531577392065	-19.8981163077899
			54.8941847831401	-19.8981163077899
			54.9352118270736	-19.8981163077899
			54.9762388710072	-19.9391433517235
			55.0172659149408	-19.9391433517235
			55.0582929588744	-19.9391433517235
			55.099320002808	-19.9801703956571
			55.1403470467416	-19.9801703956571
			55.1813740906752	-19.9801703956571
			55.1813740906752	-20.0211974395907
			55.2224011346088	-20.0211974395907
			55.2634281785423	-20.0211974395907
			55.3044552224759	-20.0622244835243
			55.3454822664095	-20.0622244835243
			55.3865093103431	-20.1032515274579
			55.4275363542767	-20.1032515274579
			55.4685633982103	-20.1032515274579
			55.5095904421439	-20.1442785713915
			55.5506174860775	-20.1442785713915
			55.591644530011	-20.1442785713915
			55.6326715739446	-20.185305615325
			55.6736986178782	-20.185305615325
			55.7147256618118	-20.185305615325
			55.7557527057454	-20.2263326592586
			55.796779749679	-20.2263326592586
			55.8378067936126	-20.2263326592586
			55.8788338375462	-20.2673597031922
			55.9198608814797	-20.2673597031922
			55.9608879254133	-20.2673597031922
			56.0019149693469	-20.3083867471258
			56.0429420132805	-20.3083867471258
			56.0839690572141	-20.3083867471258
			56.1249961011477	-20.3494137910594
			56.1660231450813	-20.3494137910594
			56.2070501890149	-20.3494137910594
			56.2480772329484	-20.390440834993
			56.289104276882	-20.390440834993
			56.3301313208156	-20.4314678789266
			56.3711583647492	-20.4314678789266
			56.4121854086828	-20.4314678789266
			56.4532124526164	-20.4724949228602
			56.49423949655	-20.4724949228602
			56.5352665404836	-20.4724949228602
			56.5762935844171	-20.5135219667937
			56.6173206283507	-20.5135219667937
			56.6583476722843	-20.5135219667937
			56.6993747162179	-20.5545490107273
			56.7404017601515	-20.5545490107273
			56.7814288040851	-20.5545490107273
			56.8224558480187	-20.5955760546609
			56.8634828919523	-20.5955760546609
			56.9045099358858	-20.5955760546609
			56.9455369798194	-20.6366030985945
			56.986564023753	-20.6366030985945
			57.0275910676866	-20.6366030985945
			57.0686181116202	-20.6776301425281
			57.1096451555538	-20.6776301425281
			57.1506721994874	-20.6776301425281
			57.191699243421	-20.7186571864617
			57.2327262873545	-20.7186571864617
			57.2737533312881	-20.7186571864617
			57.2737533312881	-20.7596842303953
			57.3147803752217	-20.7596842303953
			57.3558074191553	-20.7596842303953
			57.3968344630889	-20.7596842303953
			57.4378615070225	-20.8007112743289
			57.4788885509561	-20.8007112743289
			57.5199155948897	-20.8007112743289
			57.5609426388232	-20.8417383182624
			57.6019696827568	-20.8417383182624
			57.6429967266904	-20.882765362196
			57.684023770624	-20.882765362196
			57.7250508145576	-20.882765362196
			57.7660778584912	-20.9237924061296
			57.8071049024248	-20.9237924061296
			57.8481319463584	-20.9237924061296
			57.8891589902919	-20.9648194500632
			57.9301860342255	-20.9648194500632
			57.9712130781591	-20.9648194500632
			58.0122401220927	-20.9648194500632
			58.0122401220927	-21.0058464939968
			58.0532671660263	-21.0058464939968
			58.0942942099599	-21.0058464939968
			58.1353212538935	-21.0468735379304
			58.1763482978271	-21.0468735379304
			58.2173753417606	-21.0468735379304
			58.2584023856942	-21.087900581864
			58.2994294296278	-21.087900581864
			58.3404564735614	-21.087900581864
			58.381483517495	-21.1289276257976
			58.4225105614286	-21.1289276257976
			58.4635376053622	-21.1289276257976
			58.5045646492958	-21.1699546697311
			58.5455916932293	-21.1699546697311
			58.5866187371629	-21.1699546697311
			58.6276457810965	-21.2109817136647
			58.6686728250301	-21.2109817136647
			58.7096998689637	-21.2109817136647
			58.7096998689637	-21.2520087575983
			58.7507269128973	-21.2520087575983
			58.7917539568309	-21.2520087575983
			58.8327810007645	-21.2930358015319
			58.873808044698	-21.2930358015319
			58.9148350886316	-21.2930358015319
			58.9558621325652	-21.2930358015319
			58.9968891764988	-21.3340628454655
			59.0379162204324	-21.3340628454655
			59.078943264366	-21.3340628454655
			59.1199703082996	-21.3750898893991
			59.1609973522332	-21.3750898893991
			59.2020243961667	-21.3750898893991
			59.2430514401003	-21.4161169333327
			59.2840784840339	-21.4161169333327
			59.3251055279675	-21.4161169333327
			59.3661325719011	-21.4571439772663
			59.4071596158347	-21.4571439772663
			59.4481866597683	-21.4571439772663
			59.4892137037019	-21.4981710211998
			59.5302407476354	-21.4981710211998
			59.571267791569	-21.4981710211998
			59.6122948355026	-21.5391980651334
			59.6533218794362	-21.5391980651334
			59.6943489233698	-21.580225109067
			59.7353759673034	-21.580225109067
			59.776403011237	-21.580225109067
			59.8174300551706	-21.580225109067
			59.8174300551706	-21.6212521530006
			59.8584570991041	-21.6212521530006
			59.8994841430377	-21.6212521530006
			59.9405111869713	-21.6622791969342
			59.9815382309049	-21.6622791969342
			60.0225652748385	-21.6622791969342
			60.0635923187721	-21.7033062408678
			60.1046193627057	-21.7033062408678
			60.1456464066393	-21.7033062408678
			60.1866734505728	-21.7033062408678
			60.2277004945064	-21.7443332848014
			60.26872753844	-21.7443332848014
			60.3097545823736	-21.785360328735
			60.3507816263072	-21.785360328735
			60.3918086702408	-21.785360328735
			60.4328357141744	-21.8263873726685
			60.4738627581079	-21.8263873726685
			60.5148898020415	-21.8263873726685
			60.5559168459751	-21.8674144166021
			60.5969438899087	-21.8674144166021
			60.6379709338423	-21.8674144166021
			60.6789979777759	-21.9084414605357
			60.7200250217095	-21.9084414605357
			60.7610520656431	-21.9084414605357
			60.8020791095767	-21.9494685044693
			60.8431061535102	-21.9494685044693
			60.8841331974438	-21.9494685044693
			60.9251602413774	-21.9904955484029
			60.966187285311	-21.9904955484029
			61.0072143292446	-21.9904955484029
			61.0482413731782	-22.0315225923365
			61.0892684171118	-22.0315225923365
			61.1302954610453	-22.0315225923365
			61.1713225049789	-22.0725496362701
			61.2123495489125	-22.0725496362701
			61.2533765928461	-22.0725496362701
			61.2944036367797	-22.1135766802037
			61.3354306807133	-22.1135766802037
			61.3764577246469	-22.1135766802037
			61.4174847685805	-22.1546037241372
			61.4585118125141	-22.1546037241372
			61.4995388564476	-22.1546037241372
			61.5405659003812	-22.1956307680708
			61.5815929443148	-22.1956307680708
			61.6226199882484	-22.1956307680708
			61.663647032182	-22.2366578120044
			61.7046740761156	-22.2366578120044
			61.7457011200492	-22.2366578120044
			61.7867281639828	-22.2366578120044
			61.8277552079163	-22.2366578120044
			61.8687822518499	-22.277684855938
			61.9098092957835	-22.277684855938
			61.9508363397171	-22.277684855938
			61.9918633836507	-22.277684855938
			62.0328904275843	-22.277684855938
			62.0739174715179	-22.277684855938
			62.1149445154514	-22.3187118998716
			62.155971559385	-22.3187118998716
			62.1969986033186	-22.3187118998716
			62.2380256472522	-22.3187118998716
			62.2790526911858	-22.3187118998716
			62.3200797351194	-22.3187118998716
			62.361106779053	-22.3187118998716
			62.4021338229866	-22.3597389438052
			62.4431608669202	-22.3597389438052
			62.4841879108537	-22.3597389438052
			62.5252149547873	-22.3597389438052
			62.5662419987209	-22.3597389438052
			62.6072690426545	-22.3597389438052
			62.6482960865881	-22.3597389438052
			62.6893231305217	-22.4007659877388
			62.7303501744553	-22.4007659877388
			62.7713772183888	-22.4007659877388
			62.8124042623224	-22.4007659877388
			62.853431306256	-22.4007659877388
			62.8944583501896	-22.4007659877388
			62.9354853941232	-22.4007659877388
			62.9765124380568	-22.4417930316724
			63.0175394819904	-22.4417930316724
			63.058566525924	-22.4417930316724
			63.0995935698576	-22.4417930316724
			63.1406206137911	-22.4417930316724
			63.1816476577247	-22.4417930316724
			63.2226747016583	-22.4417930316724
			63.2637017455919	-22.4828200756059
			63.3047287895255	-22.4828200756059
			63.3457558334591	-22.4828200756059
			63.3867828773927	-22.4828200756059
			63.4278099213263	-22.4828200756059
			63.4688369652598	-22.4828200756059
			63.5098640091934	-22.4828200756059
			63.550891053127	-22.4828200756059
			63.5919180970606	-22.4828200756059
			63.5919180970606	-22.5238471195395
			63.6329451409942	-22.5238471195395
			63.6739721849278	-22.5238471195395
			63.7149992288614	-22.5238471195395
			63.7560262727949	-22.5238471195395
			63.7970533167285	-22.5238471195395
			63.8380803606621	-22.5238471195395
			63.8791074045957	-22.5238471195395
			63.9201344485293	-22.5648741634731
			63.9611614924629	-22.5648741634731
			64.0021885363965	-22.5648741634731
			64.0432155803301	-22.5648741634731
			64.0842426242637	-22.5648741634731
			64.1252696681972	-22.5648741634731
			64.1662967121308	-22.5648741634731
			64.2073237560644	-22.5648741634731
			64.248350799998	-22.6059012074067
			64.2893778439316	-22.6059012074067
			64.3304048878652	-22.6059012074067
			64.3714319317988	-22.6059012074067
			64.4124589757323	-22.6059012074067
			64.4534860196659	-22.6059012074067
			64.4945130635995	-22.6059012074067
			64.5355401075331	-22.6059012074067
			64.5765671514667	-22.6059012074067
			64.6175941954003	-22.6059012074067
			64.6586212393339	-22.6469282513403
			64.6996482832675	-22.6469282513403
			64.740675327201	-22.6469282513403
			64.7817023711346	-22.6469282513403
			64.8227294150682	-22.6469282513403
			64.8637564590018	-22.6469282513403
			64.9047835029354	-22.6469282513403
			64.945810546869	-22.6469282513403
			64.9868375908026	-22.6469282513403
			65.0278646347362	-22.6879552952739
			65.0688916786697	-22.6879552952739
			65.1099187226033	-22.6879552952739
			65.1509457665369	-22.6879552952739
			65.1919728104705	-22.6879552952739
			65.2329998544041	-22.6879552952739
			65.2740268983377	-22.6879552952739
			65.3150539422713	-22.6879552952739
			65.3560809862049	-22.6879552952739
			65.3971080301385	-22.6879552952739
			65.438135074072	-22.6879552952739
			65.4791621180056	-22.6879552952739
			65.5201891619392	-22.7289823392075
			65.5612162058728	-22.7289823392075
			65.6022432498064	-22.7289823392075
			65.64327029374	-22.7289823392075
			65.6842973376736	-22.7289823392075
			65.7253243816072	-22.7289823392075
			65.7663514255407	-22.7289823392075
			65.8073784694743	-22.7289823392075
			65.8484055134079	-22.7289823392075
			65.8894325573415	-22.7289823392075
			65.9304596012751	-22.7289823392075
			65.9714866452087	-22.7289823392075
			66.0125136891423	-22.7289823392075
			66.0535407330758	-22.7700093831411
			66.0945677770094	-22.7700093831411
			66.135594820943	-22.7700093831411
			66.1766218648766	-22.7700093831411
			66.2176489088102	-22.7700093831411
			66.2586759527438	-22.7700093831411
			66.2997029966774	-22.7700093831411
			66.340730040611	-22.7700093831411
			66.3817570845445	-22.7700093831411
			66.4227841284781	-22.7700093831411
			66.4638111724117	-22.7700093831411
			66.5048382163453	-22.7700093831411
			66.5458652602789	-22.7700093831411
			66.5868923042125	-22.7700093831411
			66.6279193481461	-22.7700093831411
			66.6689463920797	-22.7700093831411
			66.7099734360132	-22.7700093831411
			66.7510004799468	-22.7700093831411
			66.7920275238804	-22.7700093831411
			66.833054567814	-22.7700093831411
			66.833054567814	-22.8110364270746
			66.8740816117476	-22.8110364270746
			66.9151086556812	-22.8110364270746
			66.9561356996148	-22.8110364270746
			66.9971627435484	-22.8110364270746
			67.038189787482	-22.8110364270746
			67.0792168314155	-22.8110364270746
			67.1202438753491	-22.8110364270746
			67.1612709192827	-22.8110364270746
			67.2022979632163	-22.8110364270746
			67.2433250071499	-22.8110364270746
			67.2843520510835	-22.8110364270746
			67.3253790950171	-22.8110364270746
			67.3664061389507	-22.8110364270746
			67.4074331828842	-22.8110364270746
			67.4484602268178	-22.8110364270746
			67.4894872707514	-22.8110364270746
			67.530514314685	-22.8110364270746
			67.5715413586186	-22.8110364270746
			67.6125684025522	-22.8110364270746
			67.6535954464858	-22.8110364270746
			67.6946224904193	-22.8110364270746
			67.7356495343529	-22.8110364270746
			67.7766765782865	-22.8110364270746
			67.8177036222201	-22.8110364270746
			67.8177036222201	-22.7700093831411
			67.8587306661537	-22.7700093831411
			67.8997577100873	-22.7700093831411
			67.9407847540209	-22.7700093831411
			67.9818117979545	-22.7700093831411
			68.022838841888	-22.7700093831411
			68.0638658858216	-22.7700093831411
			68.1048929297552	-22.7700093831411
			68.1459199736888	-22.7700093831411
			68.1869470176224	-22.7700093831411
			68.227974061556	-22.7700093831411
			68.2690011054896	-22.7700093831411
			68.3100281494232	-22.7700093831411
			68.3510551933567	-22.7700093831411
			68.3920822372903	-22.7700093831411
			68.3920822372903	-22.7289823392075
			68.4331092812239	-22.7289823392075
			68.4741363251575	-22.7289823392075
			68.5151633690911	-22.7289823392075
			68.5561904130247	-22.7289823392075
			68.5972174569583	-22.7289823392075
			68.6382445008919	-22.7289823392075
			68.6792715448255	-22.7289823392075
			68.720298588759	-22.6879552952739
			68.7613256326926	-22.6879552952739
			68.8023526766262	-22.6879552952739
			68.8433797205598	-22.6879552952739
			68.8844067644934	-22.6879552952739
			68.925433808427	-22.6879552952739
			68.9664608523606	-22.6469282513403
			69.0074878962942	-22.6469282513403
			69.0485149402277	-22.6469282513403
			69.0895419841613	-22.6059012074067
			69.1305690280949	-22.6059012074067
			69.1715960720285	-22.6059012074067
			69.2126231159621	-22.6059012074067
			69.2536501598957	-22.5648741634731
			69.2946772038293	-22.5648741634731
			69.3357042477628	-22.5238471195395
			69.3767312916964	-22.5238471195395
			69.41775833563	-22.5238471195395
			69.4587853795636	-22.4828200756059
		</Dorsal_adipose>
		<Adipose_caudal type=matrix rownames=FALSE colnames=FALSE nrow=216 ncol=2 as.numeric=TRUE >
			69.4587853795636	-22.4828200756059
			69.4998124234972	-22.4828200756059
			69.5408394674308	-22.4828200756059
			69.5818665113644	-22.5238471195395
			69.622893555298	-22.5238471195395
			69.6639205992315	-22.5238471195395
			69.7049476431651	-22.5648741634731
			69.7459746870987	-22.5648741634731
			69.7870017310323	-22.5648741634731
			69.8280287749659	-22.6059012074067
			69.8690558188995	-22.6059012074067
			69.9100828628331	-22.6059012074067
			69.9100828628331	-22.6469282513403
			69.9511099067667	-22.6469282513403
			69.9921369507002	-22.6879552952739
			70.0331639946338	-22.6879552952739
			70.0741910385674	-22.7289823392075
			70.115218082501	-22.7700093831411
			70.1562451264346	-22.8110364270746
			70.1972721703682	-22.8520634710082
			70.1972721703682	-22.8930905149418
			70.2382992143018	-22.9341175588754
			70.2382992143018	-22.975144602809
			70.2793262582354	-23.0161716467426
			70.2793262582354	-23.0571986906762
			70.320353302169	-23.0571986906762
			70.3613803461025	-23.0571986906762
			70.4024073900361	-23.0982257346098
			70.4434344339697	-23.0982257346098
			70.4844614779033	-23.0982257346098
			70.5254885218369	-23.0982257346098
			70.5665155657705	-23.0982257346098
			70.6075426097041	-23.1392527785433
			70.6485696536377	-23.1392527785433
			70.6895966975712	-23.1392527785433
			70.7306237415048	-23.1392527785433
			70.7716507854384	-23.1392527785433
			70.812677829372	-23.1392527785433
			70.8537048733056	-23.1802798224769
			70.8947319172392	-23.1802798224769
			70.9357589611728	-23.1802798224769
			70.9767860051063	-23.1802798224769
			71.0178130490399	-23.1802798224769
			71.0588400929735	-23.1802798224769
			71.0998671369071	-23.1802798224769
			71.1408941808407	-23.2213068664105
			71.1819212247743	-23.2213068664105
			71.2229482687079	-23.2213068664105
			71.2639753126415	-23.2213068664105
			71.305002356575	-23.2213068664105
			71.3460294005086	-23.2213068664105
			71.3870564444422	-23.2623339103441
			71.4280834883758	-23.2623339103441
			71.4691105323094	-23.2623339103441
			71.510137576243	-23.2623339103441
			71.5511646201766	-23.2623339103441
			71.5921916641102	-23.2623339103441
			71.6332187080437	-23.2623339103441
			71.6742457519773	-23.2623339103441
			71.7152727959109	-23.3033609542777
			71.7562998398445	-23.3033609542777
			71.7973268837781	-23.3033609542777
			71.8383539277117	-23.3033609542777
			71.8793809716453	-23.3033609542777
			71.9204080155789	-23.3033609542777
			71.9614350595125	-23.3033609542777
			72.002462103446	-23.3033609542777
			72.0434891473796	-23.3443879982113
			72.0845161913132	-23.3443879982113
			72.1255432352468	-23.3443879982113
			72.1665702791804	-23.3443879982113
			72.207597323114	-23.3443879982113
			72.2486243670476	-23.3443879982113
			72.2896514109812	-23.3443879982113
			72.3306784549147	-23.3443879982113
			72.3717054988483	-23.3443879982113
			72.4127325427819	-23.3443879982113
			72.4537595867155	-23.3854150421449
			72.4947866306491	-23.3854150421449
			72.5358136745827	-23.3854150421449
			72.5768407185163	-23.3854150421449
			72.6178677624498	-23.3854150421449
			72.6588948063834	-23.3854150421449
			72.699921850317	-23.3854150421449
			72.7409488942506	-23.3854150421449
			72.7819759381842	-23.3854150421449
			72.8230029821178	-23.3854150421449
			72.8640300260514	-23.3854150421449
			72.905057069985	-23.4264420860785
			72.9460841139185	-23.4264420860785
			72.9871111578521	-23.4264420860785
			73.0281382017857	-23.4264420860785
			73.0691652457193	-23.4264420860785
			73.1101922896529	-23.4264420860785
			73.1512193335865	-23.4264420860785
			73.1922463775201	-23.4264420860785
			73.2332734214537	-23.4264420860785
			73.2743004653872	-23.4264420860785
			73.3153275093208	-23.4264420860785
			73.3563545532544	-23.4264420860785
			73.397381597188	-23.4264420860785
			73.4384086411216	-23.4264420860785
			73.4794356850552	-23.4264420860785
			73.5204627289888	-23.4264420860785
			73.5614897729224	-23.467469130012
			73.602516816856	-23.467469130012
			73.6435438607895	-23.467469130012
			73.6845709047231	-23.467469130012
			73.7255979486567	-23.467469130012
			73.7666249925903	-23.467469130012
			73.8076520365239	-23.467469130012
			73.8486790804575	-23.467469130012
			73.8897061243911	-23.467469130012
			73.9307331683247	-23.467469130012
			73.9717602122582	-23.467469130012
			74.0127872561918	-23.467469130012
			74.0538143001254	-23.467469130012
			74.094841344059	-23.467469130012
			74.1358683879926	-23.467469130012
			74.1768954319262	-23.467469130012
			74.2179224758598	-23.467469130012
			74.2589495197933	-23.467469130012
			74.2999765637269	-23.467469130012
			74.3410036076605	-23.467469130012
			74.3820306515941	-23.467469130012
			74.4230576955277	-23.467469130012
			74.4640847394613	-23.467469130012
			74.5051117833949	-23.467469130012
			74.5461388273285	-23.467469130012
			74.587165871262	-23.467469130012
			74.6281929151956	-23.467469130012
			74.6692199591292	-23.467469130012
			74.7102470030628	-23.467469130012
			74.7512740469964	-23.467469130012
			74.79230109093	-23.467469130012
			74.8333281348636	-23.467469130012
			74.8743551787972	-23.467469130012
			74.9153822227307	-23.467469130012
			74.9564092666643	-23.467469130012
			74.9974363105979	-23.467469130012
			75.0384633545315	-23.467469130012
			75.0794903984651	-23.467469130012
			75.1205174423987	-23.467469130012
			75.1615444863323	-23.467469130012
			75.2025715302659	-23.467469130012
			75.2435985741995	-23.467469130012
			75.284625618133	-23.467469130012
			75.3256526620666	-23.467469130012
			75.3666797060002	-23.467469130012
			75.4077067499338	-23.467469130012
			75.4487337938674	-23.467469130012
			75.489760837801	-23.467469130012
			75.5307878817346	-23.467469130012
			75.5718149256681	-23.467469130012
			75.6128419696017	-23.467469130012
			75.6538690135353	-23.467469130012
			75.6948960574689	-23.467469130012
			75.7359231014025	-23.467469130012
			75.7769501453361	-23.467469130012
			75.8179771892697	-23.467469130012
			75.8590042332033	-23.467469130012
			75.9000312771368	-23.467469130012
			75.9410583210704	-23.4264420860785
			75.982085365004	-23.4264420860785
			76.0231124089376	-23.4264420860785
			76.0641394528712	-23.4264420860785
			76.1051664968048	-23.4264420860785
			76.1461935407384	-23.4264420860785
			76.187220584672	-23.4264420860785
			76.2282476286055	-23.4264420860785
			76.2692746725391	-23.4264420860785
			76.3103017164727	-23.4264420860785
			76.3513287604063	-23.4264420860785
			76.3923558043399	-23.4264420860785
			76.4333828482735	-23.4264420860785
			76.4744098922071	-23.4264420860785
			76.5154369361407	-23.4264420860785
			76.5564639800742	-23.4264420860785
			76.5974910240078	-23.3854150421449
			76.6385180679414	-23.3854150421449
			76.679545111875	-23.3854150421449
			76.7205721558086	-23.3854150421449
			76.7615991997422	-23.3854150421449
			76.8026262436758	-23.3854150421449
			76.8436532876094	-23.3854150421449
			76.884680331543	-23.3854150421449
			76.9257073754765	-23.3854150421449
			76.9667344194101	-23.3854150421449
			77.0077614633437	-23.3854150421449
			77.0487885072773	-23.3854150421449
			77.0487885072773	-23.3443879982113
			77.0898155512109	-23.3443879982113
			77.1308425951445	-23.3443879982113
			77.1718696390781	-23.3443879982113
			77.2128966830116	-23.3443879982113
			77.2539237269452	-23.3443879982113
			77.2949507708788	-23.3443879982113
			77.2949507708788	-23.3033609542777
			77.3359778148124	-23.3033609542777
			77.377004858746	-23.3033609542777
			77.4180319026796	-23.2623339103441
			77.4590589466132	-23.2623339103441
			77.5000859905468	-23.2213068664105
			77.5411130344803	-23.2213068664105
			77.5821400784139	-23.2213068664105
			77.6231671223475	-23.1802798224769
			77.6641941662811	-23.1802798224769
			77.7052212102147	-23.1802798224769
			77.7462482541483	-23.1802798224769
			77.7872752980819	-23.1802798224769
			77.8283023420155	-23.1802798224769
			77.869329385949	-23.1802798224769
			77.9103564298826	-23.1802798224769
			77.9513834738162	-23.2213068664105
			77.9924105177498	-23.2213068664105
			78.0334375616834	-23.2623339103441
		</Adipose_caudal>
		<Caudal_anal type=matrix rownames=FALSE colnames=FALSE nrow=398 ncol=2 as.numeric=TRUE >
			78.074464605617	-28.4317414459761
			78.0334375616834	-28.4727684899097
			77.9924105177498	-28.4727684899097
			77.9513834738162	-28.4727684899097
			77.9103564298826	-28.5137955338433
			77.869329385949	-28.5137955338433
			77.8283023420155	-28.5137955338433
			77.7872752980819	-28.5137955338433
			77.7462482541483	-28.5137955338433
			77.7052212102147	-28.5137955338433
			77.6641941662811	-28.5137955338433
			77.6231671223475	-28.5137955338433
			77.5821400784139	-28.5137955338433
			77.5411130344803	-28.5137955338433
			77.5000859905468	-28.5137955338433
			77.4590589466132	-28.5137955338433
			77.4180319026796	-28.5137955338433
			77.377004858746	-28.5137955338433
			77.3359778148124	-28.5137955338433
			77.2949507708788	-28.5137955338433
			77.2539237269452	-28.4727684899097
			77.2128966830116	-28.4727684899097
			77.1718696390781	-28.4727684899097
			77.1308425951445	-28.4727684899097
			77.0898155512109	-28.4727684899097
			77.0487885072773	-28.4727684899097
			77.0077614633437	-28.4727684899097
			76.9667344194101	-28.4317414459761
			76.9257073754765	-28.4317414459761
			76.884680331543	-28.4317414459761
			76.8436532876094	-28.4317414459761
			76.8026262436758	-28.4317414459761
			76.7615991997422	-28.4317414459761
			76.7205721558086	-28.3907144020425
			76.679545111875	-28.3907144020425
			76.6385180679414	-28.3907144020425
			76.5974910240078	-28.3907144020425
			76.5564639800742	-28.3907144020425
			76.5154369361407	-28.349687358109
			76.4744098922071	-28.349687358109
			76.4333828482735	-28.349687358109
			76.3923558043399	-28.349687358109
			76.3513287604063	-28.349687358109
			76.3103017164727	-28.349687358109
			76.2692746725391	-28.349687358109
			76.2282476286055	-28.349687358109
			76.187220584672	-28.349687358109
			76.1461935407384	-28.349687358109
			76.1051664968048	-28.349687358109
			76.0641394528712	-28.349687358109
			76.0231124089376	-28.349687358109
			75.982085365004	-28.349687358109
			75.9410583210704	-28.349687358109
			75.9000312771368	-28.349687358109
			75.8590042332033	-28.349687358109
			75.8179771892697	-28.349687358109
			75.7769501453361	-28.349687358109
			75.7359231014025	-28.349687358109
			75.6948960574689	-28.349687358109
			75.6538690135353	-28.349687358109
			75.6128419696017	-28.349687358109
			75.5718149256681	-28.349687358109
			75.5307878817346	-28.3907144020425
			75.489760837801	-28.3907144020425
			75.4487337938674	-28.3907144020425
			75.4077067499338	-28.3907144020425
			75.3666797060002	-28.3907144020425
			75.3256526620666	-28.3907144020425
			75.284625618133	-28.3907144020425
			75.2435985741995	-28.3907144020425
			75.2025715302659	-28.3907144020425
			75.1615444863323	-28.3907144020425
			75.1205174423987	-28.3907144020425
			75.0794903984651	-28.3907144020425
			75.0384633545315	-28.3907144020425
			74.9974363105979	-28.3907144020425
			74.9564092666643	-28.3907144020425
			74.9153822227307	-28.3907144020425
			74.8743551787972	-28.3907144020425
			74.8333281348636	-28.3907144020425
			74.79230109093	-28.3907144020425
			74.7512740469964	-28.3907144020425
			74.7102470030628	-28.3907144020425
			74.6692199591292	-28.3907144020425
			74.6281929151956	-28.3907144020425
			74.587165871262	-28.4317414459761
			74.5461388273285	-28.4317414459761
			74.5051117833949	-28.4317414459761
			74.4640847394613	-28.4317414459761
			74.4230576955277	-28.4317414459761
			74.3820306515941	-28.4317414459761
			74.3410036076605	-28.4317414459761
			74.2999765637269	-28.4317414459761
			74.2589495197933	-28.4317414459761
			74.2179224758598	-28.4317414459761
			74.1768954319262	-28.4317414459761
			74.1358683879926	-28.4317414459761
			74.094841344059	-28.4317414459761
			74.0538143001254	-28.4317414459761
			74.0127872561918	-28.4317414459761
			73.9717602122582	-28.4317414459761
			73.9307331683247	-28.4727684899097
			73.8897061243911	-28.4727684899097
			73.8486790804575	-28.4727684899097
			73.8076520365239	-28.4727684899097
			73.7666249925903	-28.4727684899097
			73.7255979486567	-28.4727684899097
			73.6845709047231	-28.4727684899097
			73.6435438607895	-28.4727684899097
			73.602516816856	-28.4727684899097
			73.5614897729224	-28.4727684899097
			73.5204627289888	-28.4727684899097
			73.4794356850552	-28.4727684899097
			73.4384086411216	-28.4727684899097
			73.397381597188	-28.5137955338433
			73.3563545532544	-28.5137955338433
			73.3153275093208	-28.5137955338433
			73.2743004653872	-28.5137955338433
			73.2332734214537	-28.5137955338433
			73.1922463775201	-28.5137955338433
			73.1512193335865	-28.5137955338433
			73.1101922896529	-28.5137955338433
			73.0691652457193	-28.5137955338433
			73.0281382017857	-28.5137955338433
			72.9871111578521	-28.5137955338433
			72.9460841139185	-28.5548225777769
			72.905057069985	-28.5548225777769
			72.8640300260514	-28.5548225777769
			72.8230029821178	-28.5548225777769
			72.7819759381842	-28.5548225777769
			72.7409488942506	-28.5548225777769
			72.699921850317	-28.5548225777769
			72.6588948063834	-28.5548225777769
			72.6178677624498	-28.5548225777769
			72.5768407185163	-28.5548225777769
			72.5358136745827	-28.5548225777769
			72.4947866306491	-28.5958496217105
			72.4537595867155	-28.5958496217105
			72.4127325427819	-28.5958496217105
			72.3717054988483	-28.5958496217105
			72.3306784549147	-28.5958496217105
			72.2896514109812	-28.5958496217105
			72.2486243670476	-28.5958496217105
			72.207597323114	-28.5958496217105
			72.1665702791804	-28.6368766656441
			72.1255432352468	-28.6368766656441
			72.0845161913132	-28.6368766656441
			72.0434891473796	-28.6368766656441
			72.002462103446	-28.6368766656441
			71.9614350595125	-28.6368766656441
			71.9204080155789	-28.6368766656441
			71.8793809716453	-28.6368766656441
			71.8383539277117	-28.6368766656441
			71.7973268837781	-28.6779037095777
			71.7562998398445	-28.6779037095777
			71.7152727959109	-28.6779037095777
			71.6742457519773	-28.6779037095777
			71.6332187080437	-28.6779037095777
			71.5921916641102	-28.6779037095777
			71.5511646201766	-28.6779037095777
			71.510137576243	-28.6779037095777
			71.4691105323094	-28.7189307535112
			71.4280834883758	-28.7189307535112
			71.3870564444422	-28.7189307535112
			71.3460294005086	-28.7189307535112
			71.305002356575	-28.7189307535112
			71.2639753126415	-28.7189307535112
			71.2229482687079	-28.7189307535112
			71.1819212247743	-28.7599577974448
			71.1408941808407	-28.7599577974448
			71.0998671369071	-28.7599577974448
			71.0588400929735	-28.7599577974448
			71.0178130490399	-28.7599577974448
			70.9767860051063	-28.8009848413784
			70.9357589611728	-28.8009848413784
			70.8947319172392	-28.8009848413784
			70.8537048733056	-28.8009848413784
			70.812677829372	-28.8009848413784
			70.7716507854384	-28.842011885312
			70.7306237415048	-28.842011885312
			70.6895966975712	-28.842011885312
			70.6485696536377	-28.842011885312
			70.6075426097041	-28.8830389292456
			70.5665155657705	-28.8830389292456
			70.5254885218369	-28.8830389292456
			70.4844614779033	-28.8830389292456
			70.4434344339697	-28.8830389292456
			70.4024073900361	-28.9240659731792
			70.3613803461025	-28.9240659731792
			70.320353302169	-28.9240659731792
			70.2793262582354	-28.9240659731792
			70.2382992143018	-28.9240659731792
			70.2382992143018	-28.9650930171128
			70.1972721703682	-28.9650930171128
			70.1562451264346	-28.9650930171128
			70.115218082501	-28.9650930171128
			70.0741910385674	-29.0061200610464
			70.0331639946338	-29.0061200610464
			69.9921369507002	-29.0061200610464
			69.9511099067667	-29.0061200610464
			69.9100828628331	-29.0061200610464
			69.8690558188995	-29.0471471049799
			69.8280287749659	-29.0471471049799
			69.7870017310323	-29.0471471049799
			69.7459746870987	-29.0471471049799
			69.7049476431651	-29.0471471049799
			69.6639205992315	-29.0881741489135
			69.622893555298	-29.0881741489135
			69.5818665113644	-29.0881741489135
			69.5408394674308	-29.0881741489135
			69.4998124234972	-29.0881741489135
			69.4587853795636	-29.1292011928471
			69.41775833563	-29.1292011928471
			69.3767312916964	-29.1292011928471
			69.3357042477628	-29.1702282367807
			69.2946772038293	-29.1702282367807
			69.2536501598957	-29.1702282367807
			69.2126231159621	-29.1702282367807
			69.1715960720285	-29.1702282367807
			69.1305690280949	-29.2112552807143
			69.0895419841613	-29.2112552807143
			69.0485149402277	-29.2112552807143
			69.0074878962942	-29.2112552807143
			68.9664608523606	-29.2112552807143
			68.9664608523606	-29.2522823246479
			68.925433808427	-29.2522823246479
			68.8844067644934	-29.2522823246479
			68.8433797205598	-29.2522823246479
			68.8023526766262	-29.2522823246479
			68.7613256326926	-29.2933093685815
			68.720298588759	-29.2933093685815
			68.6792715448255	-29.2933093685815
			68.6382445008919	-29.2933093685815
			68.5972174569583	-29.2933093685815
			68.5561904130247	-29.3343364125151
			68.5151633690911	-29.3343364125151
			68.4741363251575	-29.3343364125151
			68.4331092812239	-29.3343364125151
			68.3920822372903	-29.3343364125151
			68.3510551933567	-29.3753634564486
			68.3100281494232	-29.3753634564486
			68.2690011054896	-29.3753634564486
			68.227974061556	-29.3753634564486
			68.1869470176224	-29.4163905003822
			68.1459199736888	-29.4163905003822
			68.1048929297552	-29.4163905003822
			68.0638658858216	-29.4163905003822
			68.022838841888	-29.4163905003822
			67.9818117979545	-29.4574175443158
			67.9407847540209	-29.4574175443158
			67.8997577100873	-29.4574175443158
			67.8587306661537	-29.4574175443158
			67.8177036222201	-29.4574175443158
			67.7766765782865	-29.4984445882494
			67.7356495343529	-29.4984445882494
			67.6946224904193	-29.4984445882494
			67.6535954464858	-29.4984445882494
			67.6125684025522	-29.539471632183
			67.5715413586186	-29.539471632183
			67.530514314685	-29.539471632183
			67.4894872707514	-29.539471632183
			67.4484602268178	-29.539471632183
			67.4074331828842	-29.5804986761166
			67.3664061389507	-29.5804986761166
			67.3253790950171	-29.5804986761166
			67.2843520510835	-29.5804986761166
			67.2433250071499	-29.5804986761166
			67.2433250071499	-29.6215257200502
			67.2022979632163	-29.6215257200502
			67.1612709192827	-29.6215257200502
			67.1202438753491	-29.6215257200502
			67.0792168314155	-29.6215257200502
			67.038189787482	-29.6215257200502
			67.038189787482	-29.6625527639838
			66.9971627435484	-29.6625527639838
			66.9561356996148	-29.6625527639838
			66.9151086556812	-29.6625527639838
			66.8740816117476	-29.6625527639838
			66.833054567814	-29.7035798079173
			66.7920275238804	-29.7035798079173
			66.7510004799468	-29.7035798079173
			66.7099734360132	-29.7035798079173
			66.6689463920797	-29.7446068518509
			66.6279193481461	-29.7446068518509
			66.5868923042125	-29.7446068518509
			66.5458652602789	-29.7446068518509
			66.5048382163453	-29.7446068518509
			66.4638111724117	-29.7856338957845
			66.4227841284781	-29.7856338957845
			66.3817570845445	-29.7856338957845
			66.340730040611	-29.7856338957845
			66.2997029966774	-29.7856338957845
			66.2586759527438	-29.8266609397181
			66.2176489088102	-29.8266609397181
			66.1766218648766	-29.8266609397181
			66.135594820943	-29.8266609397181
			66.0945677770094	-29.8266609397181
			66.0535407330758	-29.8676879836517
			66.0125136891423	-29.8676879836517
			65.9714866452087	-29.8676879836517
			65.9304596012751	-29.8676879836517
			65.8894325573415	-29.8676879836517
			65.8484055134079	-29.9087150275853
			65.8073784694743	-29.9087150275853
			65.7663514255407	-29.9087150275853
			65.7253243816072	-29.9087150275853
			65.6842973376736	-29.9087150275853
			65.64327029374	-29.9497420715189
			65.6022432498064	-29.9497420715189
			65.5612162058728	-29.9497420715189
			65.5201891619392	-29.9497420715189
			65.4791621180056	-29.9497420715189
			65.438135074072	-29.9907691154525
			65.3971080301385	-29.9907691154525
			65.3560809862049	-29.9907691154525
			65.3150539422713	-29.9907691154525
			65.2740268983377	-29.9907691154525
			65.2329998544041	-30.031796159386
			65.1919728104705	-30.031796159386
			65.1509457665369	-30.031796159386
			65.1099187226033	-30.031796159386
			65.0688916786697	-30.031796159386
			65.0278646347362	-30.0728232033196
			64.9868375908026	-30.0728232033196
			64.945810546869	-30.0728232033196
			64.9047835029354	-30.0728232033196
			64.8637564590018	-30.0728232033196
			64.8227294150682	-30.1138502472532
			64.7817023711346	-30.1138502472532
			64.740675327201	-30.1138502472532
			64.6996482832675	-30.1138502472532
			64.6586212393339	-30.1138502472532
			64.6175941954003	-30.1548772911868
			64.5765671514667	-30.1548772911868
			64.5355401075331	-30.1548772911868
			64.4945130635995	-30.1548772911868
			64.4534860196659	-30.1548772911868
			64.4124589757323	-30.1959043351204
			64.3714319317988	-30.1959043351204
			64.3304048878652	-30.1959043351204
			64.2893778439316	-30.1959043351204
			64.248350799998	-30.236931379054
			64.2073237560644	-30.236931379054
			64.1662967121308	-30.236931379054
			64.1252696681972	-30.236931379054
			64.0842426242637	-30.236931379054
			64.0432155803301	-30.2779584229876
			64.0021885363965	-30.2779584229876
			63.9611614924629	-30.2779584229876
			63.9201344485293	-30.2779584229876
			63.8791074045957	-30.2779584229876
			63.8380803606621	-30.2779584229876
			63.8380803606621	-30.3189854669212
			63.7970533167285	-30.3189854669212
			63.7560262727949	-30.3189854669212
			63.7149992288614	-30.3189854669212
			63.6739721849278	-30.3189854669212
			63.6329451409942	-30.3189854669212
			63.6329451409942	-30.3600125108547
			63.5919180970606	-30.3600125108547
			63.550891053127	-30.3600125108547
			63.5098640091934	-30.3600125108547
			63.4688369652598	-30.3600125108547
			63.4278099213263	-30.3600125108547
			63.3867828773927	-30.4010395547883
			63.3457558334591	-30.4010395547883
			63.3047287895255	-30.4010395547883
			63.2637017455919	-30.4010395547883
			63.2226747016583	-30.4010395547883
			63.1816476577247	-30.4420665987219
			63.1406206137911	-30.4420665987219
			63.0995935698576	-30.4420665987219
			63.058566525924	-30.4420665987219
			63.0175394819904	-30.4420665987219
			62.9765124380568	-30.4830936426555
			62.9354853941232	-30.4830936426555
			62.8944583501896	-30.4830936426555
			62.853431306256	-30.4830936426555
			62.8124042623224	-30.4830936426555
			62.7713772183888	-30.5241206865891
			62.7303501744553	-30.5241206865891
			62.6893231305217	-30.5241206865891
			62.6482960865881	-30.5241206865891
			62.6072690426545	-30.5241206865891
			62.5662419987209	-30.5651477305227
			62.5252149547873	-30.5651477305227
			62.4841879108537	-30.5651477305227
			62.4431608669202	-30.5651477305227
			62.4021338229866	-30.5651477305227
			62.361106779053	-30.6061747744563
			62.3200797351194	-30.6061747744563
			62.2790526911858	-30.6061747744563
			62.2380256472522	-30.6061747744563
			62.1969986033186	-30.6061747744563
			62.155971559385	-30.6061747744563
			62.1149445154514	-30.6472018183898
			62.0739174715179	-30.6472018183898
			62.0328904275843	-30.6472018183898
		</Caudal_anal>
	</curves.scaled>
	<ruler.points type=matrix rownames=TRUE colnames=FALSE nrow=3 ncol=2 as.numeric=TRUE >
		Ruler point 1	957	1019
		Ruler point 2	1088	1029
		Ruler point 3	1200	1038
	</ruler.points>
</shapes>

