<shapes type=list>
	<ruler.pixel type=vector names=FALSE length=1 as.numeric=TRUE >128.534990985927</ruler.pixel>
	<ruler.interval type=vector names=FALSE length=1 as.numeric=TRUE >5</ruler.interval>
	<scaling.units type=vector names=FALSE length=1 as.numeric=FALSE >mm</scaling.units>
	<scaling type=vector names=FALSE length=1 as.numeric=TRUE >0.0388999132582306</scaling>
	<landmarks.pixel type=matrix rownames=TRUE colnames=FALSE nrow=11 ncol=2 as.numeric=TRUE >
		Anterior_eye	513	604
		Posterior_eye	611	606
		Posterior_Maxilla	656	698
		Anterior_Maxilla	502	625
		Dorsal_fin_insertion	889	492
		Adipose_fin_insertion	1158	546
		Dorsal_caudal	1305	577
		Ventral_caudal	1298	699
		Anal_fin_insertion	1052	725
		Pelvic_fin_insertion	893	719
		Pectoral_fin_insertion	766	686
	</landmarks.pixel>
	<landmarks.scaled type=matrix rownames=TRUE colnames=FALSE nrow=11 ncol=2 as.numeric=TRUE >
		Anterior_eye	19.9556555014723	-23.4955476079713
		Posterior_eye	23.7678470007789	-23.5733474344877
		Posterior_Maxilla	25.5183430973993	-27.1521394542449
		Anterior_Maxilla	19.5277564556318	-24.3124457863941
		Dorsal_fin_insertion	34.582022886567	-19.1387573230494
		Adipose_fin_insertion	45.046099553031	-21.2393526389939
		Dorsal_caudal	50.7643868019909	-22.445249949999
		Ventral_caudal	50.4920874091833	-27.1910393675032
		Anal_fin_insertion	40.9227087476586	-28.2024371122172
		Pelvic_fin_insertion	34.7376225395999	-27.9690376326678
		Pectoral_fin_insertion	29.7973335558046	-26.6853404951462
	</landmarks.scaled>
	<curves.control type=list>
		<Snout_dorsal type=matrix rownames=FALSE colnames=FALSE nrow=7 ncol=2 as.numeric=TRUE >
			502	625
			496	569
			573	523
			643	495
			731	499
			843	499
			889	492
		</Snout_dorsal>
		<Dorsal_adipose type=matrix rownames=FALSE colnames=FALSE nrow=5 ncol=2 as.numeric=TRUE >
			889	492
			962	508
			1048	527
			1107	549
			1158	546
		</Dorsal_adipose>
		<Adipose_caudal type=matrix rownames=FALSE colnames=FALSE nrow=7 ncol=2 as.numeric=TRUE >
			1158	546
			1189	554
			1187	564
			1243	582
			1285	580
			1295	575
			1305	577
		</Adipose_caudal>
		<Caudal_anal type=matrix rownames=FALSE colnames=FALSE nrow=7 ncol=2 as.numeric=TRUE >
			1298	699
			1285	705
			1266	699
			1222	696
			1183	705
			1116	717
			1052	725
		</Caudal_anal>
	</curves.control>
	<curves.pixel type=list>
		<Snout_dorsal type=matrix rownames=FALSE colnames=FALSE nrow=440 ncol=2 as.numeric=TRUE >
			502	625
			502	624
			502	623
			502	622
			502	621
			502	620
			502	619
			502	618
			502	617
			502	616
			502	615
			502	614
			502	613
			502	612
			502	611
			502	610
			502	609
			502	608
			502	607
			502	606
			503	605
			503	604
			503	603
			503	602
			503	601
			504	600
			504	599
			504	598
			504	597
			505	596
			505	595
			505	594
			506	593
			506	592
			506	591
			507	590
			507	589
			508	588
			508	587
			508	586
			509	585
			509	584
			510	584
			510	583
			510	582
			511	581
			511	580
			512	579
			512	578
			513	577
			513	576
			514	576
			515	575
			515	574
			516	573
			516	572
			517	571
			518	570
			518	569
			519	569
			520	568
			520	567
			521	566
			522	565
			522	564
			523	563
			524	563
			524	562
			525	561
			526	560
			527	559
			528	558
			528	557
			529	557
			530	556
			531	555
			532	554
			533	553
			533	552
			534	551
			535	551
			536	550
			537	549
			538	548
			539	547
			540	546
			541	546
			542	545
			543	544
			544	543
			545	542
			546	541
			547	541
			548	540
			549	539
			550	538
			551	537
			552	537
			553	536
			554	536
			554	535
			555	535
			556	534
			557	533
			558	533
			559	532
			560	531
			561	531
			561	530
			562	530
			563	529
			564	529
			565	528
			566	527
			567	527
			568	526
			569	526
			570	525
			571	524
			572	524
			573	523
			574	523
			575	522
			576	522
			577	522
			578	521
			579	521
			580	520
			581	520
			582	520
			583	519
			584	519
			585	519
			585	518
			586	518
			587	518
			588	517
			589	517
			590	517
			591	516
			592	516
			593	516
			594	516
			595	515
			596	515
			597	515
			598	514
			599	514
			600	514
			601	513
			602	513
			603	513
			604	512
			605	512
			606	512
			607	512
			608	511
			609	511
			610	511
			611	510
			612	510
			613	510
			614	510
			615	509
			616	509
			617	509
			618	509
			619	508
			620	508
			621	508
			622	508
			623	508
			624	507
			625	507
			626	507
			627	507
			628	506
			629	506
			630	506
			631	506
			632	506
			633	505
			634	505
			635	505
			636	505
			637	505
			638	505
			639	504
			640	504
			641	504
			642	504
			643	504
			644	504
			645	503
			646	503
			647	503
			648	503
			649	503
			650	503
			651	503
			651	502
			652	502
			653	502
			654	502
			655	502
			656	502
			657	502
			658	502
			659	501
			660	501
			661	501
			662	501
			663	501
			664	501
			665	501
			666	501
			667	501
			668	500
			669	500
			670	500
			671	500
			672	500
			673	500
			674	500
			675	500
			676	500
			677	500
			678	500
			679	500
			680	499
			681	499
			682	499
			683	499
			684	499
			685	499
			686	499
			687	499
			688	499
			689	499
			690	499
			691	499
			692	499
			693	499
			694	499
			695	499
			696	499
			697	499
			698	499
			699	499
			700	499
			701	499
			702	499
			703	499
			704	499
			705	499
			706	499
			707	499
			708	499
			709	499
			710	499
			711	499
			712	499
			713	499
			714	499
			715	499
			716	499
			717	499
			718	499
			719	499
			720	499
			721	499
			722	499
			723	499
			724	499
			725	499
			726	499
			727	499
			728	499
			729	499
			730	499
			731	499
			732	499
			733	499
			734	499
			735	499
			736	499
			737	499
			738	499
			739	499
			740	499
			741	499
			742	499
			743	499
			744	499
			745	499
			746	499
			747	499
			748	499
			749	499
			750	499
			751	499
			752	499
			753	499
			754	499
			755	499
			756	499
			757	499
			758	499
			759	499
			760	499
			761	499
			762	499
			763	499
			764	499
			765	499
			766	499
			767	499
			768	499
			769	499
			770	499
			771	499
			772	499
			773	499
			774	499
			775	499
			776	499
			777	499
			778	499
			779	499
			780	499
			781	499
			782	499
			783	499
			784	499
			785	499
			786	499
			787	498
			788	498
			789	498
			790	498
			791	498
			792	498
			793	498
			794	498
			795	498
			796	498
			797	498
			798	498
			799	498
			800	498
			801	498
			802	498
			803	498
			804	498
			805	498
			806	498
			807	498
			808	498
			809	498
			810	498
			811	498
			812	498
			813	498
			814	498
			815	498
			816	498
			817	498
			818	498
			819	498
			820	498
			821	497
			822	497
			823	497
			824	497
			825	497
			826	497
			827	497
			828	497
			829	497
			830	497
			831	497
			832	497
			833	497
			834	497
			835	497
			836	497
			837	497
			838	497
			839	497
			840	497
			841	497
			842	496
			843	496
			844	496
			845	496
			846	496
			847	496
			848	496
			849	496
			850	496
			851	496
			852	496
			853	496
			854	496
			855	496
			856	496
			857	495
			858	495
			859	495
			860	495
			861	495
			862	495
			863	495
			864	495
			865	495
			866	495
			867	495
			868	494
			869	494
			870	494
			871	494
			872	494
			873	494
			874	494
			875	494
			876	494
			877	494
			878	493
			879	493
			880	493
			881	493
			882	493
			883	493
			884	493
			885	493
			886	493
			886	492
			887	492
			888	492
			889	492
		</Snout_dorsal>
		<Dorsal_adipose type=matrix rownames=FALSE colnames=FALSE nrow=274 ncol=2 as.numeric=TRUE >
			889	492
			890	492
			891	492
			892	493
			893	493
			894	493
			895	493
			896	494
			897	494
			898	494
			899	494
			900	494
			901	495
			902	495
			903	495
			904	495
			905	496
			906	496
			907	496
			908	496
			909	496
			910	497
			911	497
			912	497
			913	497
			914	497
			915	498
			916	498
			917	498
			918	498
			919	499
			920	499
			921	499
			922	499
			923	500
			924	500
			925	500
			926	500
			927	500
			928	501
			929	501
			930	501
			931	501
			932	501
			933	502
			934	502
			935	502
			936	502
			937	503
			938	503
			939	503
			940	503
			941	503
			942	504
			943	504
			944	504
			945	504
			946	505
			947	505
			948	505
			949	505
			950	505
			951	506
			952	506
			953	506
			954	506
			955	507
			956	507
			957	507
			958	507
			959	507
			960	508
			961	508
			962	508
			963	508
			964	509
			965	509
			966	509
			967	509
			968	509
			969	509
			970	510
			971	510
			972	510
			973	511
			974	511
			975	511
			976	511
			977	511
			978	512
			979	512
			980	512
			981	512
			982	512
			983	513
			984	513
			985	513
			986	513
			987	513
			988	514
			989	514
			990	514
			991	514
			992	515
			993	515
			994	515
			995	515
			996	515
			996	516
			997	516
			998	516
			999	516
			1000	516
			1001	517
			1002	517
			1003	517
			1004	517
			1005	517
			1005	518
			1006	518
			1007	518
			1008	518
			1009	518
			1010	519
			1011	519
			1012	519
			1013	519
			1014	520
			1015	520
			1016	520
			1017	520
			1018	520
			1019	521
			1020	521
			1021	521
			1022	521
			1023	522
			1024	522
			1025	522
			1026	522
			1027	522
			1028	523
			1029	523
			1030	523
			1031	523
			1032	523
			1033	524
			1034	524
			1035	524
			1036	524
			1037	525
			1038	525
			1039	525
			1040	525
			1041	526
			1042	526
			1043	526
			1044	526
			1045	526
			1046	527
			1047	527
			1048	527
			1049	527
			1050	528
			1051	528
			1052	529
			1053	529
			1054	529
			1055	530
			1056	530
			1057	530
			1058	531
			1059	531
			1060	531
			1061	532
			1062	532
			1063	532
			1064	532
			1065	533
			1066	533
			1067	533
			1068	534
			1069	534
			1070	534
			1071	535
			1072	535
			1073	535
			1074	536
			1075	536
			1076	536
			1077	536
			1078	537
			1079	537
			1080	537
			1081	537
			1081	538
			1082	538
			1083	538
			1084	538
			1085	539
			1086	539
			1087	539
			1088	539
			1089	539
			1090	540
			1091	540
			1092	540
			1093	540
			1094	541
			1095	541
			1096	541
			1097	541
			1098	542
			1099	542
			1100	542
			1101	542
			1102	542
			1103	542
			1104	543
			1105	543
			1106	543
			1107	543
			1108	543
			1109	543
			1110	543
			1110	544
			1111	544
			1112	544
			1113	544
			1114	544
			1115	544
			1116	544
			1117	545
			1118	545
			1119	545
			1120	545
			1121	545
			1122	545
			1123	545
			1124	545
			1125	545
			1126	546
			1127	546
			1128	546
			1129	546
			1130	546
			1131	546
			1132	546
			1133	546
			1134	546
			1135	546
			1136	546
			1137	546
			1138	546
			1139	546
			1140	546
			1141	546
			1142	546
			1143	546
			1144	546
			1145	546
			1146	546
			1147	546
			1148	546
			1149	546
			1150	546
			1151	546
			1152	546
			1153	546
			1154	546
			1155	546
			1156	546
			1157	546
			1158	546
		</Dorsal_adipose>
		<Adipose_caudal type=matrix rownames=FALSE colnames=FALSE nrow=157 ncol=2 as.numeric=TRUE >
			1158	546
			1159	546
			1160	547
			1161	547
			1162	547
			1163	547
			1164	548
			1165	548
			1166	548
			1167	549
			1168	549
			1169	549
			1170	550
			1171	550
			1172	550
			1173	551
			1174	551
			1175	552
			1176	552
			1177	552
			1177	553
			1178	553
			1179	553
			1179	554
			1180	554
			1181	554
			1181	555
			1182	555
			1183	556
			1184	557
			1185	558
			1186	559
			1186	560
			1187	561
			1187	562
			1187	563
			1187	564
			1188	564
			1189	565
			1190	565
			1191	565
			1192	566
			1193	566
			1194	566
			1195	567
			1196	567
			1197	567
			1198	567
			1199	568
			1200	568
			1201	568
			1202	569
			1203	569
			1204	569
			1205	569
			1206	570
			1207	570
			1208	570
			1209	570
			1210	571
			1211	571
			1212	571
			1213	571
			1213	572
			1214	572
			1215	572
			1216	572
			1217	572
			1218	573
			1219	573
			1220	573
			1221	573
			1222	574
			1223	574
			1224	574
			1225	574
			1226	575
			1227	575
			1228	575
			1229	575
			1230	575
			1231	575
			1232	576
			1233	576
			1234	576
			1235	576
			1236	576
			1237	577
			1238	577
			1239	577
			1240	577
			1241	577
			1242	577
			1243	578
			1244	578
			1245	578
			1246	578
			1247	578
			1248	578
			1249	578
			1250	578
			1251	579
			1252	579
			1253	579
			1254	579
			1255	579
			1256	579
			1257	579
			1258	579
			1259	579
			1260	580
			1261	580
			1262	580
			1263	580
			1264	580
			1265	580
			1266	580
			1267	580
			1268	580
			1269	580
			1270	580
			1271	580
			1272	580
			1273	580
			1274	580
			1275	580
			1276	580
			1277	580
			1278	580
			1279	580
			1280	580
			1281	580
			1282	580
			1283	580
			1284	580
			1285	580
			1286	580
			1286	579
			1287	579
			1288	578
			1289	578
			1290	578
			1291	578
			1292	577
			1293	577
			1294	577
			1295	577
			1296	577
			1297	577
			1298	576
			1299	576
			1300	576
			1301	576
			1302	577
			1303	577
			1304	577
			1305	577
		</Adipose_caudal>
		<Caudal_anal type=matrix rownames=FALSE colnames=FALSE nrow=250 ncol=2 as.numeric=TRUE >
			1298	699
			1297	699
			1297	700
			1296	700
			1295	700
			1294	700
			1293	701
			1292	701
			1291	701
			1290	701
			1289	702
			1288	702
			1287	702
			1286	702
			1285	702
			1284	702
			1283	702
			1282	702
			1281	702
			1280	702
			1279	702
			1278	702
			1277	702
			1276	701
			1275	701
			1274	701
			1273	701
			1272	701
			1271	700
			1270	700
			1269	700
			1268	699
			1267	699
			1266	699
			1265	699
			1264	699
			1263	699
			1262	699
			1261	699
			1260	699
			1259	699
			1258	699
			1257	699
			1256	698
			1255	698
			1254	698
			1253	698
			1252	698
			1251	698
			1250	698
			1249	698
			1248	698
			1247	698
			1246	698
			1245	698
			1244	698
			1243	698
			1242	698
			1241	698
			1240	698
			1239	698
			1238	698
			1237	698
			1236	698
			1235	698
			1234	698
			1233	698
			1232	699
			1231	699
			1230	699
			1229	699
			1228	699
			1227	699
			1226	699
			1225	699
			1224	699
			1223	699
			1222	699
			1221	699
			1220	699
			1219	699
			1218	699
			1217	700
			1216	700
			1215	700
			1214	700
			1213	700
			1212	700
			1211	700
			1210	700
			1209	700
			1208	701
			1207	701
			1206	701
			1205	701
			1204	701
			1203	701
			1202	701
			1201	701
			1201	702
			1200	702
			1199	702
			1198	702
			1197	702
			1196	702
			1195	703
			1194	703
			1193	703
			1192	703
			1191	703
			1190	703
			1189	704
			1188	704
			1187	704
			1186	704
			1185	704
			1184	705
			1183	705
			1182	705
			1181	705
			1180	705
			1180	706
			1179	706
			1178	706
			1177	706
			1176	706
			1175	706
			1174	707
			1173	707
			1172	707
			1171	707
			1170	707
			1169	707
			1168	708
			1167	708
			1166	708
			1165	708
			1164	708
			1163	709
			1162	709
			1161	709
			1160	709
			1159	709
			1158	709
			1157	710
			1156	710
			1155	710
			1154	710
			1153	710
			1152	710
			1151	711
			1150	711
			1149	711
			1148	711
			1147	711
			1146	711
			1145	712
			1144	712
			1143	712
			1142	712
			1141	712
			1140	712
			1139	712
			1138	713
			1137	713
			1136	713
			1135	713
			1134	713
			1133	713
			1132	714
			1131	714
			1130	714
			1129	714
			1128	714
			1127	714
			1126	715
			1125	715
			1124	715
			1123	715
			1122	715
			1121	715
			1120	715
			1119	716
			1118	716
			1117	716
			1116	716
			1115	716
			1114	716
			1113	717
			1112	717
			1111	717
			1110	717
			1109	717
			1108	717
			1107	717
			1106	718
			1105	718
			1104	718
			1103	718
			1102	718
			1101	718
			1100	718
			1099	719
			1098	719
			1097	719
			1096	719
			1095	719
			1094	719
			1093	720
			1092	720
			1091	720
			1090	720
			1089	720
			1088	720
			1087	720
			1086	721
			1085	721
			1084	721
			1083	721
			1082	721
			1081	721
			1080	721
			1079	722
			1078	722
			1077	722
			1076	722
			1075	722
			1074	722
			1073	722
			1072	722
			1071	723
			1070	723
			1069	723
			1068	723
			1067	723
			1066	723
			1065	723
			1064	724
			1063	724
			1062	724
			1061	724
			1060	724
			1059	724
			1058	724
			1057	724
			1056	725
			1055	725
			1054	725
			1053	725
			1052	725
		</Caudal_anal>
	</curves.pixel>
	<curves.scaled type=list>
		<Snout_dorsal type=matrix rownames=FALSE colnames=FALSE nrow=440 ncol=2 as.numeric=TRUE >
			19.5277564556318	-24.3124457863941
			19.5277564556318	-24.2735458731359
			19.5277564556318	-24.2346459598777
			19.5277564556318	-24.1957460466194
			19.5277564556318	-24.1568461333612
			19.5277564556318	-24.117946220103
			19.5277564556318	-24.0790463068447
			19.5277564556318	-24.0401463935865
			19.5277564556318	-24.0012464803283
			19.5277564556318	-23.96234656707
			19.5277564556318	-23.9234466538118
			19.5277564556318	-23.8845467405536
			19.5277564556318	-23.8456468272953
			19.5277564556318	-23.8067469140371
			19.5277564556318	-23.7678470007789
			19.5277564556318	-23.7289470875207
			19.5277564556318	-23.6900471742624
			19.5277564556318	-23.6511472610042
			19.5277564556318	-23.612247347746
			19.5277564556318	-23.5733474344877
			19.56665636889	-23.5344475212295
			19.56665636889	-23.4955476079713
			19.56665636889	-23.456647694713
			19.56665636889	-23.4177477814548
			19.56665636889	-23.3788478681966
			19.6055562821482	-23.3399479549383
			19.6055562821482	-23.3010480416801
			19.6055562821482	-23.2621481284219
			19.6055562821482	-23.2232482151637
			19.6444561954064	-23.1843483019054
			19.6444561954064	-23.1454483886472
			19.6444561954064	-23.106548475389
			19.6833561086647	-23.0676485621307
			19.6833561086647	-23.0287486488725
			19.6833561086647	-22.9898487356143
			19.7222560219229	-22.950948822356
			19.7222560219229	-22.9120489090978
			19.7611559351811	-22.8731489958396
			19.7611559351811	-22.8342490825814
			19.7611559351811	-22.7953491693231
			19.8000558484394	-22.7564492560649
			19.8000558484394	-22.7175493428067
			19.8389557616976	-22.7175493428067
			19.8389557616976	-22.6786494295484
			19.8389557616976	-22.6397495162902
			19.8778556749558	-22.600849603032
			19.8778556749558	-22.5619496897737
			19.9167555882141	-22.5230497765155
			19.9167555882141	-22.4841498632573
			19.9556555014723	-22.445249949999
			19.9556555014723	-22.4063500367408
			19.9945554147305	-22.4063500367408
			20.0334553279888	-22.3674501234826
			20.0334553279888	-22.3285502102244
			20.072355241247	-22.2896502969661
			20.072355241247	-22.2507503837079
			20.1112551545052	-22.2118504704497
			20.1501550677634	-22.1729505571914
			20.1501550677634	-22.1340506439332
			20.1890549810217	-22.1340506439332
			20.2279548942799	-22.095150730675
			20.2279548942799	-22.0562508174167
			20.2668548075381	-22.0173509041585
			20.3057547207964	-21.9784509909003
			20.3057547207964	-21.9395510776421
			20.3446546340546	-21.9006511643838
			20.3835545473128	-21.9006511643838
			20.3835545473128	-21.8617512511256
			20.4224544605711	-21.8228513378674
			20.4613543738293	-21.7839514246091
			20.5002542870875	-21.7450515113509
			20.5391542003457	-21.7061515980927
			20.5391542003457	-21.6672516848344
			20.578054113604	-21.6672516848344
			20.6169540268622	-21.6283517715762
			20.6558539401204	-21.589451858318
			20.6947538533787	-21.5505519450597
			20.7336537666369	-21.5116520318015
			20.7336537666369	-21.4727521185433
			20.7725536798951	-21.4338522052851
			20.8114535931534	-21.4338522052851
			20.8503535064116	-21.3949522920268
			20.8892534196698	-21.3560523787686
			20.9281533329281	-21.3171524655104
			20.9670532461863	-21.2782525522521
			21.0059531594445	-21.2393526389939
			21.0448530727027	-21.2393526389939
			21.083752985961	-21.2004527257357
			21.1226528992192	-21.1615528124774
			21.1615528124774	-21.1226528992192
			21.2004527257357	-21.083752985961
			21.2393526389939	-21.0448530727027
			21.2782525522521	-21.0448530727027
			21.3171524655104	-21.0059531594445
			21.3560523787686	-20.9670532461863
			21.3949522920268	-20.9281533329281
			21.4338522052851	-20.8892534196698
			21.4727521185433	-20.8892534196698
			21.5116520318015	-20.8503535064116
			21.5505519450597	-20.8503535064116
			21.5505519450597	-20.8114535931534
			21.589451858318	-20.8114535931534
			21.6283517715762	-20.7725536798951
			21.6672516848344	-20.7336537666369
			21.7061515980927	-20.7336537666369
			21.7450515113509	-20.6947538533787
			21.7839514246091	-20.6558539401204
			21.8228513378674	-20.6558539401204
			21.8228513378674	-20.6169540268622
			21.8617512511256	-20.6169540268622
			21.9006511643838	-20.578054113604
			21.9395510776421	-20.578054113604
			21.9784509909003	-20.5391542003457
			22.0173509041585	-20.5002542870875
			22.0562508174167	-20.5002542870875
			22.095150730675	-20.4613543738293
			22.1340506439332	-20.4613543738293
			22.1729505571914	-20.4224544605711
			22.2118504704497	-20.3835545473128
			22.2507503837079	-20.3835545473128
			22.2896502969661	-20.3446546340546
			22.3285502102244	-20.3446546340546
			22.3674501234826	-20.3057547207964
			22.4063500367408	-20.3057547207964
			22.445249949999	-20.3057547207964
			22.4841498632573	-20.2668548075381
			22.5230497765155	-20.2668548075381
			22.5619496897737	-20.2279548942799
			22.600849603032	-20.2279548942799
			22.6397495162902	-20.2279548942799
			22.6786494295484	-20.1890549810217
			22.7175493428067	-20.1890549810217
			22.7564492560649	-20.1890549810217
			22.7564492560649	-20.1501550677634
			22.7953491693231	-20.1501550677634
			22.8342490825814	-20.1501550677634
			22.8731489958396	-20.1112551545052
			22.9120489090978	-20.1112551545052
			22.950948822356	-20.1112551545052
			22.9898487356143	-20.072355241247
			23.0287486488725	-20.072355241247
			23.0676485621307	-20.072355241247
			23.106548475389	-20.072355241247
			23.1454483886472	-20.0334553279888
			23.1843483019054	-20.0334553279888
			23.2232482151637	-20.0334553279888
			23.2621481284219	-19.9945554147305
			23.3010480416801	-19.9945554147305
			23.3399479549383	-19.9945554147305
			23.3788478681966	-19.9556555014723
			23.4177477814548	-19.9556555014723
			23.456647694713	-19.9556555014723
			23.4955476079713	-19.9167555882141
			23.5344475212295	-19.9167555882141
			23.5733474344877	-19.9167555882141
			23.612247347746	-19.9167555882141
			23.6511472610042	-19.8778556749558
			23.6900471742624	-19.8778556749558
			23.7289470875207	-19.8778556749558
			23.7678470007789	-19.8389557616976
			23.8067469140371	-19.8389557616976
			23.8456468272953	-19.8389557616976
			23.8845467405536	-19.8389557616976
			23.9234466538118	-19.8000558484394
			23.96234656707	-19.8000558484394
			24.0012464803283	-19.8000558484394
			24.0401463935865	-19.8000558484394
			24.0790463068447	-19.7611559351811
			24.117946220103	-19.7611559351811
			24.1568461333612	-19.7611559351811
			24.1957460466194	-19.7611559351811
			24.2346459598777	-19.7611559351811
			24.2735458731359	-19.7222560219229
			24.3124457863941	-19.7222560219229
			24.3513456996523	-19.7222560219229
			24.3902456129106	-19.7222560219229
			24.4291455261688	-19.6833561086647
			24.468045439427	-19.6833561086647
			24.5069453526853	-19.6833561086647
			24.5458452659435	-19.6833561086647
			24.5847451792017	-19.6833561086647
			24.62364509246	-19.6444561954064
			24.6625450057182	-19.6444561954064
			24.7014449189764	-19.6444561954064
			24.7403448322347	-19.6444561954064
			24.7792447454929	-19.6444561954064
			24.8181446587511	-19.6444561954064
			24.8570445720093	-19.6055562821482
			24.8959444852676	-19.6055562821482
			24.9348443985258	-19.6055562821482
			24.973744311784	-19.6055562821482
			25.0126442250423	-19.6055562821482
			25.0515441383005	-19.6055562821482
			25.0904440515587	-19.56665636889
			25.129343964817	-19.56665636889
			25.1682438780752	-19.56665636889
			25.2071437913334	-19.56665636889
			25.2460437045916	-19.56665636889
			25.2849436178499	-19.56665636889
			25.3238435311081	-19.56665636889
			25.3238435311081	-19.5277564556318
			25.3627434443663	-19.5277564556318
			25.4016433576246	-19.5277564556318
			25.4405432708828	-19.5277564556318
			25.479443184141	-19.5277564556318
			25.5183430973993	-19.5277564556318
			25.5572430106575	-19.5277564556318
			25.5961429239157	-19.5277564556318
			25.635042837174	-19.4888565423735
			25.6739427504322	-19.4888565423735
			25.7128426636904	-19.4888565423735
			25.7517425769486	-19.4888565423735
			25.7906424902069	-19.4888565423735
			25.8295424034651	-19.4888565423735
			25.8684423167233	-19.4888565423735
			25.9073422299816	-19.4888565423735
			25.9462421432398	-19.4888565423735
			25.985142056498	-19.4499566291153
			26.0240419697563	-19.4499566291153
			26.0629418830145	-19.4499566291153
			26.1018417962727	-19.4499566291153
			26.140741709531	-19.4499566291153
			26.1796416227892	-19.4499566291153
			26.2185415360474	-19.4499566291153
			26.2574414493056	-19.4499566291153
			26.2963413625639	-19.4499566291153
			26.3352412758221	-19.4499566291153
			26.3741411890803	-19.4499566291153
			26.4130411023386	-19.4499566291153
			26.4519410155968	-19.4110567158571
			26.490840928855	-19.4110567158571
			26.5297408421133	-19.4110567158571
			26.5686407553715	-19.4110567158571
			26.6075406686297	-19.4110567158571
			26.646440581888	-19.4110567158571
			26.6853404951462	-19.4110567158571
			26.7242404084044	-19.4110567158571
			26.7631403216626	-19.4110567158571
			26.8020402349209	-19.4110567158571
			26.8409401481791	-19.4110567158571
			26.8798400614373	-19.4110567158571
			26.9187399746956	-19.4110567158571
			26.9576398879538	-19.4110567158571
			26.996539801212	-19.4110567158571
			27.0354397144703	-19.4110567158571
			27.0743396277285	-19.4110567158571
			27.1132395409867	-19.4110567158571
			27.1521394542449	-19.4110567158571
			27.1910393675032	-19.4110567158571
			27.2299392807614	-19.4110567158571
			27.2688391940196	-19.4110567158571
			27.3077391072779	-19.4110567158571
			27.3466390205361	-19.4110567158571
			27.3855389337943	-19.4110567158571
			27.4244388470526	-19.4110567158571
			27.4633387603108	-19.4110567158571
			27.502238673569	-19.4110567158571
			27.5411385868273	-19.4110567158571
			27.5800385000855	-19.4110567158571
			27.6189384133437	-19.4110567158571
			27.6578383266019	-19.4110567158571
			27.6967382398602	-19.4110567158571
			27.7356381531184	-19.4110567158571
			27.7745380663766	-19.4110567158571
			27.8134379796349	-19.4110567158571
			27.8523378928931	-19.4110567158571
			27.8912378061513	-19.4110567158571
			27.9301377194096	-19.4110567158571
			27.9690376326678	-19.4110567158571
			28.007937545926	-19.4110567158571
			28.0468374591842	-19.4110567158571
			28.0857373724425	-19.4110567158571
			28.1246372857007	-19.4110567158571
			28.1635371989589	-19.4110567158571
			28.2024371122172	-19.4110567158571
			28.2413370254754	-19.4110567158571
			28.2802369387336	-19.4110567158571
			28.3191368519919	-19.4110567158571
			28.3580367652501	-19.4110567158571
			28.3969366785083	-19.4110567158571
			28.4358365917666	-19.4110567158571
			28.4747365050248	-19.4110567158571
			28.513636418283	-19.4110567158571
			28.5525363315412	-19.4110567158571
			28.5914362447995	-19.4110567158571
			28.6303361580577	-19.4110567158571
			28.6692360713159	-19.4110567158571
			28.7081359845742	-19.4110567158571
			28.7470358978324	-19.4110567158571
			28.7859358110906	-19.4110567158571
			28.8248357243489	-19.4110567158571
			28.8637356376071	-19.4110567158571
			28.9026355508653	-19.4110567158571
			28.9415354641236	-19.4110567158571
			28.9804353773818	-19.4110567158571
			29.01933529064	-19.4110567158571
			29.0582352038982	-19.4110567158571
			29.0971351171565	-19.4110567158571
			29.1360350304147	-19.4110567158571
			29.1749349436729	-19.4110567158571
			29.2138348569312	-19.4110567158571
			29.2527347701894	-19.4110567158571
			29.2916346834476	-19.4110567158571
			29.3305345967059	-19.4110567158571
			29.3694345099641	-19.4110567158571
			29.4083344232223	-19.4110567158571
			29.4472343364806	-19.4110567158571
			29.4861342497388	-19.4110567158571
			29.525034162997	-19.4110567158571
			29.5639340762552	-19.4110567158571
			29.6028339895135	-19.4110567158571
			29.6417339027717	-19.4110567158571
			29.6806338160299	-19.4110567158571
			29.7195337292882	-19.4110567158571
			29.7584336425464	-19.4110567158571
			29.7973335558046	-19.4110567158571
			29.8362334690629	-19.4110567158571
			29.8751333823211	-19.4110567158571
			29.9140332955793	-19.4110567158571
			29.9529332088375	-19.4110567158571
			29.9918331220958	-19.4110567158571
			30.030733035354	-19.4110567158571
			30.0696329486122	-19.4110567158571
			30.1085328618705	-19.4110567158571
			30.1474327751287	-19.4110567158571
			30.1863326883869	-19.4110567158571
			30.2252326016452	-19.4110567158571
			30.2641325149034	-19.4110567158571
			30.3030324281616	-19.4110567158571
			30.3419323414199	-19.4110567158571
			30.3808322546781	-19.4110567158571
			30.4197321679363	-19.4110567158571
			30.4586320811945	-19.4110567158571
			30.4975319944528	-19.4110567158571
			30.536431907711	-19.4110567158571
			30.5753318209692	-19.4110567158571
			30.6142317342275	-19.3721568025988
			30.6531316474857	-19.3721568025988
			30.6920315607439	-19.3721568025988
			30.7309314740022	-19.3721568025988
			30.7698313872604	-19.3721568025988
			30.8087313005186	-19.3721568025988
			30.8476312137769	-19.3721568025988
			30.8865311270351	-19.3721568025988
			30.9254310402933	-19.3721568025988
			30.9643309535515	-19.3721568025988
			31.0032308668098	-19.3721568025988
			31.042130780068	-19.3721568025988
			31.0810306933262	-19.3721568025988
			31.1199306065845	-19.3721568025988
			31.1588305198427	-19.3721568025988
			31.1977304331009	-19.3721568025988
			31.2366303463592	-19.3721568025988
			31.2755302596174	-19.3721568025988
			31.3144301728756	-19.3721568025988
			31.3533300861339	-19.3721568025988
			31.3922299993921	-19.3721568025988
			31.4311299126503	-19.3721568025988
			31.4700298259085	-19.3721568025988
			31.5089297391668	-19.3721568025988
			31.547829652425	-19.3721568025988
			31.5867295656832	-19.3721568025988
			31.6256294789415	-19.3721568025988
			31.6645293921997	-19.3721568025988
			31.7034293054579	-19.3721568025988
			31.7423292187162	-19.3721568025988
			31.7812291319744	-19.3721568025988
			31.8201290452326	-19.3721568025988
			31.8590289584908	-19.3721568025988
			31.8979288717491	-19.3721568025988
			31.9368287850073	-19.3332568893406
			31.9757286982655	-19.3332568893406
			32.0146286115238	-19.3332568893406
			32.053528524782	-19.3332568893406
			32.0924284380402	-19.3332568893406
			32.1313283512985	-19.3332568893406
			32.1702282645567	-19.3332568893406
			32.2091281778149	-19.3332568893406
			32.2480280910732	-19.3332568893406
			32.2869280043314	-19.3332568893406
			32.3258279175896	-19.3332568893406
			32.3647278308478	-19.3332568893406
			32.4036277441061	-19.3332568893406
			32.4425276573643	-19.3332568893406
			32.4814275706225	-19.3332568893406
			32.5203274838808	-19.3332568893406
			32.559227397139	-19.3332568893406
			32.5981273103972	-19.3332568893406
			32.6370272236555	-19.3332568893406
			32.6759271369137	-19.3332568893406
			32.7148270501719	-19.3332568893406
			32.7537269634302	-19.2943569760824
			32.7926268766884	-19.2943569760824
			32.8315267899466	-19.2943569760824
			32.8704267032048	-19.2943569760824
			32.9093266164631	-19.2943569760824
			32.9482265297213	-19.2943569760824
			32.9871264429795	-19.2943569760824
			33.0260263562378	-19.2943569760824
			33.064926269496	-19.2943569760824
			33.1038261827542	-19.2943569760824
			33.1427260960125	-19.2943569760824
			33.1816260092707	-19.2943569760824
			33.2205259225289	-19.2943569760824
			33.2594258357871	-19.2943569760824
			33.2983257490454	-19.2943569760824
			33.3372256623036	-19.2554570628241
			33.3761255755618	-19.2554570628241
			33.4150254888201	-19.2554570628241
			33.4539254020783	-19.2554570628241
			33.4928253153365	-19.2554570628241
			33.5317252285948	-19.2554570628241
			33.570625141853	-19.2554570628241
			33.6095250551112	-19.2554570628241
			33.6484249683695	-19.2554570628241
			33.6873248816277	-19.2554570628241
			33.7262247948859	-19.2554570628241
			33.7651247081441	-19.2165571495659
			33.8040246214024	-19.2165571495659
			33.8429245346606	-19.2165571495659
			33.8818244479188	-19.2165571495659
			33.9207243611771	-19.2165571495659
			33.9596242744353	-19.2165571495659
			33.9985241876935	-19.2165571495659
			34.0374241009518	-19.2165571495659
			34.07632401421	-19.2165571495659
			34.1152239274682	-19.2165571495659
			34.1541238407265	-19.1776572363077
			34.1930237539847	-19.1776572363077
			34.2319236672429	-19.1776572363077
			34.2708235805011	-19.1776572363077
			34.3097234937594	-19.1776572363077
			34.3486234070176	-19.1776572363077
			34.3875233202758	-19.1776572363077
			34.4264232335341	-19.1776572363077
			34.4653231467923	-19.1776572363077
			34.4653231467923	-19.1387573230494
			34.5042230600505	-19.1387573230494
			34.5431229733088	-19.1387573230494
			34.582022886567	-19.1387573230494
		</Snout_dorsal>
		<Dorsal_adipose type=matrix rownames=FALSE colnames=FALSE nrow=274 ncol=2 as.numeric=TRUE >
			34.582022886567	-19.1387573230494
			34.6209227998252	-19.1387573230494
			34.6598227130835	-19.1387573230494
			34.6987226263417	-19.1776572363077
			34.7376225395999	-19.1776572363077
			34.7765224528581	-19.1776572363077
			34.8154223661164	-19.1776572363077
			34.8543222793746	-19.2165571495659
			34.8932221926328	-19.2165571495659
			34.9321221058911	-19.2165571495659
			34.9710220191493	-19.2165571495659
			35.0099219324075	-19.2165571495659
			35.0488218456658	-19.2554570628241
			35.087721758924	-19.2554570628241
			35.1266216721822	-19.2554570628241
			35.1655215854404	-19.2554570628241
			35.2044214986987	-19.2943569760824
			35.2433214119569	-19.2943569760824
			35.2822213252151	-19.2943569760824
			35.3211212384734	-19.2943569760824
			35.3600211517316	-19.2943569760824
			35.3989210649898	-19.3332568893406
			35.4378209782481	-19.3332568893406
			35.4767208915063	-19.3332568893406
			35.5156208047645	-19.3332568893406
			35.5545207180228	-19.3332568893406
			35.593420631281	-19.3721568025988
			35.6323205445392	-19.3721568025988
			35.6712204577974	-19.3721568025988
			35.7101203710557	-19.3721568025988
			35.7490202843139	-19.4110567158571
			35.7879201975721	-19.4110567158571
			35.8268201108304	-19.4110567158571
			35.8657200240886	-19.4110567158571
			35.9046199373468	-19.4499566291153
			35.9435198506051	-19.4499566291153
			35.9824197638633	-19.4499566291153
			36.0213196771215	-19.4499566291153
			36.0602195903798	-19.4499566291153
			36.099119503638	-19.4888565423735
			36.1380194168962	-19.4888565423735
			36.1769193301544	-19.4888565423735
			36.2158192434127	-19.4888565423735
			36.2547191566709	-19.4888565423735
			36.2936190699291	-19.5277564556318
			36.3325189831874	-19.5277564556318
			36.3714188964456	-19.5277564556318
			36.4103188097038	-19.5277564556318
			36.4492187229621	-19.56665636889
			36.4881186362203	-19.56665636889
			36.5270185494785	-19.56665636889
			36.5659184627367	-19.56665636889
			36.604818375995	-19.56665636889
			36.6437182892532	-19.6055562821482
			36.6826182025114	-19.6055562821482
			36.7215181157697	-19.6055562821482
			36.7604180290279	-19.6055562821482
			36.7993179422861	-19.6444561954064
			36.8382178555444	-19.6444561954064
			36.8771177688026	-19.6444561954064
			36.9160176820608	-19.6444561954064
			36.9549175953191	-19.6444561954064
			36.9938175085773	-19.6833561086647
			37.0327174218355	-19.6833561086647
			37.0716173350937	-19.6833561086647
			37.110517248352	-19.6833561086647
			37.1494171616102	-19.7222560219229
			37.1883170748684	-19.7222560219229
			37.2272169881267	-19.7222560219229
			37.2661169013849	-19.7222560219229
			37.3050168146431	-19.7222560219229
			37.3439167279014	-19.7611559351811
			37.3828166411596	-19.7611559351811
			37.4217165544178	-19.7611559351811
			37.4606164676761	-19.7611559351811
			37.4995163809343	-19.8000558484394
			37.5384162941925	-19.8000558484394
			37.5773162074507	-19.8000558484394
			37.616216120709	-19.8000558484394
			37.6551160339672	-19.8000558484394
			37.6940159472254	-19.8000558484394
			37.7329158604837	-19.8389557616976
			37.7718157737419	-19.8389557616976
			37.8107156870001	-19.8389557616976
			37.8496156002584	-19.8778556749558
			37.8885155135166	-19.8778556749558
			37.9274154267748	-19.8778556749558
			37.966315340033	-19.8778556749558
			38.0052152532913	-19.8778556749558
			38.0441151665495	-19.9167555882141
			38.0830150798077	-19.9167555882141
			38.121914993066	-19.9167555882141
			38.1608149063242	-19.9167555882141
			38.1997148195824	-19.9167555882141
			38.2386147328407	-19.9556555014723
			38.2775146460989	-19.9556555014723
			38.3164145593571	-19.9556555014723
			38.3553144726154	-19.9556555014723
			38.3942143858736	-19.9556555014723
			38.4331142991318	-19.9945554147305
			38.4720142123901	-19.9945554147305
			38.5109141256483	-19.9945554147305
			38.5498140389065	-19.9945554147305
			38.5887139521647	-20.0334553279888
			38.627613865423	-20.0334553279888
			38.6665137786812	-20.0334553279888
			38.7054136919394	-20.0334553279888
			38.7443136051977	-20.0334553279888
			38.7443136051977	-20.072355241247
			38.7832135184559	-20.072355241247
			38.8221134317141	-20.072355241247
			38.8610133449724	-20.072355241247
			38.8999132582306	-20.072355241247
			38.9388131714888	-20.1112551545052
			38.977713084747	-20.1112551545052
			39.0166129980053	-20.1112551545052
			39.0555129112635	-20.1112551545052
			39.0944128245217	-20.1112551545052
			39.0944128245217	-20.1501550677634
			39.13331273778	-20.1501550677634
			39.1722126510382	-20.1501550677634
			39.2111125642964	-20.1501550677634
			39.2500124775547	-20.1501550677634
			39.2889123908129	-20.1890549810217
			39.3278123040711	-20.1890549810217
			39.3667122173294	-20.1890549810217
			39.4056121305876	-20.1890549810217
			39.4445120438458	-20.2279548942799
			39.483411957104	-20.2279548942799
			39.5223118703623	-20.2279548942799
			39.5612117836205	-20.2279548942799
			39.6001116968787	-20.2279548942799
			39.639011610137	-20.2668548075381
			39.6779115233952	-20.2668548075381
			39.7168114366534	-20.2668548075381
			39.7557113499117	-20.2668548075381
			39.7946112631699	-20.3057547207964
			39.8335111764281	-20.3057547207964
			39.8724110896863	-20.3057547207964
			39.9113110029446	-20.3057547207964
			39.9502109162028	-20.3057547207964
			39.989110829461	-20.3446546340546
			40.0280107427193	-20.3446546340546
			40.0669106559775	-20.3446546340546
			40.1058105692357	-20.3446546340546
			40.144710482494	-20.3446546340546
			40.1836103957522	-20.3835545473128
			40.2225103090104	-20.3835545473128
			40.2614102222687	-20.3835545473128
			40.3003101355269	-20.3835545473128
			40.3392100487851	-20.4224544605711
			40.3781099620433	-20.4224544605711
			40.4170098753016	-20.4224544605711
			40.4559097885598	-20.4224544605711
			40.494809701818	-20.4613543738293
			40.5337096150763	-20.4613543738293
			40.5726095283345	-20.4613543738293
			40.6115094415927	-20.4613543738293
			40.650409354851	-20.4613543738293
			40.6893092681092	-20.5002542870875
			40.7282091813674	-20.5002542870875
			40.7671090946257	-20.5002542870875
			40.8060090078839	-20.5002542870875
			40.8449089211421	-20.5391542003457
			40.8838088344003	-20.5391542003457
			40.9227087476586	-20.578054113604
			40.9616086609168	-20.578054113604
			41.000508574175	-20.578054113604
			41.0394084874333	-20.6169540268622
			41.0783084006915	-20.6169540268622
			41.1172083139497	-20.6169540268622
			41.156108227208	-20.6558539401204
			41.1950081404662	-20.6558539401204
			41.2339080537244	-20.6558539401204
			41.2728079669826	-20.6947538533787
			41.3117078802409	-20.6947538533787
			41.3506077934991	-20.6947538533787
			41.3895077067573	-20.6947538533787
			41.4284076200156	-20.7336537666369
			41.4673075332738	-20.7336537666369
			41.506207446532	-20.7336537666369
			41.5451073597903	-20.7725536798951
			41.5840072730485	-20.7725536798951
			41.6229071863067	-20.7725536798951
			41.661807099565	-20.8114535931534
			41.7007070128232	-20.8114535931534
			41.7396069260814	-20.8114535931534
			41.7785068393396	-20.8503535064116
			41.8174067525979	-20.8503535064116
			41.8563066658561	-20.8503535064116
			41.8952065791143	-20.8503535064116
			41.9341064923726	-20.8892534196698
			41.9730064056308	-20.8892534196698
			42.011906318889	-20.8892534196698
			42.0508062321473	-20.8892534196698
			42.0508062321473	-20.9281533329281
			42.0897061454055	-20.9281533329281
			42.1286060586637	-20.9281533329281
			42.167505971922	-20.9281533329281
			42.2064058851802	-20.9670532461863
			42.2453057984384	-20.9670532461863
			42.2842057116966	-20.9670532461863
			42.3231056249549	-20.9670532461863
			42.3620055382131	-20.9670532461863
			42.4009054514713	-21.0059531594445
			42.4398053647296	-21.0059531594445
			42.4787052779878	-21.0059531594445
			42.517605191246	-21.0059531594445
			42.5565051045043	-21.0448530727027
			42.5954050177625	-21.0448530727027
			42.6343049310207	-21.0448530727027
			42.6732048442789	-21.0448530727027
			42.7121047575372	-21.083752985961
			42.7510046707954	-21.083752985961
			42.7899045840536	-21.083752985961
			42.8288044973119	-21.083752985961
			42.8677044105701	-21.083752985961
			42.9066043238283	-21.083752985961
			42.9455042370866	-21.1226528992192
			42.9844041503448	-21.1226528992192
			43.023304063603	-21.1226528992192
			43.0622039768613	-21.1226528992192
			43.1011038901195	-21.1226528992192
			43.1400038033777	-21.1226528992192
			43.178903716636	-21.1226528992192
			43.178903716636	-21.1615528124774
			43.2178036298942	-21.1615528124774
			43.2567035431524	-21.1615528124774
			43.2956034564106	-21.1615528124774
			43.3345033696689	-21.1615528124774
			43.3734032829271	-21.1615528124774
			43.4123031961853	-21.1615528124774
			43.4512031094436	-21.2004527257357
			43.4901030227018	-21.2004527257357
			43.52900293596	-21.2004527257357
			43.5679028492183	-21.2004527257357
			43.6068027624765	-21.2004527257357
			43.6457026757347	-21.2004527257357
			43.6846025889929	-21.2004527257357
			43.7235025022512	-21.2004527257357
			43.7624024155094	-21.2004527257357
			43.8013023287676	-21.2393526389939
			43.8402022420259	-21.2393526389939
			43.8791021552841	-21.2393526389939
			43.9180020685423	-21.2393526389939
			43.9569019818006	-21.2393526389939
			43.9958018950588	-21.2393526389939
			44.034701808317	-21.2393526389939
			44.0736017215753	-21.2393526389939
			44.1125016348335	-21.2393526389939
			44.1514015480917	-21.2393526389939
			44.1903014613499	-21.2393526389939
			44.2292013746082	-21.2393526389939
			44.2681012878664	-21.2393526389939
			44.3070012011246	-21.2393526389939
			44.3459011143829	-21.2393526389939
			44.3848010276411	-21.2393526389939
			44.4237009408993	-21.2393526389939
			44.4626008541576	-21.2393526389939
			44.5015007674158	-21.2393526389939
			44.540400680674	-21.2393526389939
			44.5793005939323	-21.2393526389939
			44.6182005071905	-21.2393526389939
			44.6571004204487	-21.2393526389939
			44.6960003337069	-21.2393526389939
			44.7349002469652	-21.2393526389939
			44.7738001602234	-21.2393526389939
			44.8127000734816	-21.2393526389939
			44.8515999867399	-21.2393526389939
			44.8904998999981	-21.2393526389939
			44.9293998132563	-21.2393526389939
			44.9682997265146	-21.2393526389939
			45.0071996397728	-21.2393526389939
			45.046099553031	-21.2393526389939
		</Dorsal_adipose>
		<Adipose_caudal type=matrix rownames=FALSE colnames=FALSE nrow=157 ncol=2 as.numeric=TRUE >
			45.046099553031	-21.2393526389939
			45.0849994662892	-21.2393526389939
			45.1238993795475	-21.2782525522521
			45.1627992928057	-21.2782525522521
			45.2016992060639	-21.2782525522521
			45.2405991193222	-21.2782525522521
			45.2794990325804	-21.3171524655104
			45.3183989458386	-21.3171524655104
			45.3572988590969	-21.3171524655104
			45.3961987723551	-21.3560523787686
			45.4350986856133	-21.3560523787686
			45.4739985988716	-21.3560523787686
			45.5128985121298	-21.3949522920268
			45.551798425388	-21.3949522920268
			45.5906983386462	-21.3949522920268
			45.6295982519045	-21.4338522052851
			45.6684981651627	-21.4338522052851
			45.7073980784209	-21.4727521185433
			45.7462979916792	-21.4727521185433
			45.7851979049374	-21.4727521185433
			45.7851979049374	-21.5116520318015
			45.8240978181956	-21.5116520318015
			45.8629977314539	-21.5116520318015
			45.8629977314539	-21.5505519450597
			45.9018976447121	-21.5505519450597
			45.9407975579703	-21.5505519450597
			45.9407975579703	-21.589451858318
			45.9796974712285	-21.589451858318
			46.0185973844868	-21.6283517715762
			46.057497297745	-21.6672516848344
			46.0963972110032	-21.7061515980927
			46.1352971242615	-21.7450515113509
			46.1352971242615	-21.7839514246091
			46.1741970375197	-21.8228513378674
			46.1741970375197	-21.8617512511256
			46.1741970375197	-21.9006511643838
			46.1741970375197	-21.9395510776421
			46.2130969507779	-21.9395510776421
			46.2519968640362	-21.9784509909003
			46.2908967772944	-21.9784509909003
			46.3297966905526	-21.9784509909003
			46.3686966038109	-22.0173509041585
			46.4075965170691	-22.0173509041585
			46.4464964303273	-22.0173509041585
			46.4853963435855	-22.0562508174167
			46.5242962568438	-22.0562508174167
			46.563196170102	-22.0562508174167
			46.6020960833602	-22.0562508174167
			46.6409959966185	-22.095150730675
			46.6798959098767	-22.095150730675
			46.7187958231349	-22.095150730675
			46.7576957363932	-22.1340506439332
			46.7965956496514	-22.1340506439332
			46.8354955629096	-22.1340506439332
			46.8743954761679	-22.1340506439332
			46.9132953894261	-22.1729505571914
			46.9521953026843	-22.1729505571914
			46.9910952159425	-22.1729505571914
			47.0299951292008	-22.1729505571914
			47.068895042459	-22.2118504704497
			47.1077949557172	-22.2118504704497
			47.1466948689755	-22.2118504704497
			47.1855947822337	-22.2118504704497
			47.1855947822337	-22.2507503837079
			47.2244946954919	-22.2507503837079
			47.2633946087502	-22.2507503837079
			47.3022945220084	-22.2507503837079
			47.3411944352666	-22.2507503837079
			47.3800943485248	-22.2896502969661
			47.4189942617831	-22.2896502969661
			47.4578941750413	-22.2896502969661
			47.4967940882995	-22.2896502969661
			47.5356940015578	-22.3285502102244
			47.574593914816	-22.3285502102244
			47.6134938280742	-22.3285502102244
			47.6523937413325	-22.3285502102244
			47.6912936545907	-22.3674501234826
			47.7301935678489	-22.3674501234826
			47.7690934811072	-22.3674501234826
			47.8079933943654	-22.3674501234826
			47.8468933076236	-22.3674501234826
			47.8857932208819	-22.3674501234826
			47.9246931341401	-22.4063500367408
			47.9635930473983	-22.4063500367408
			48.0024929606565	-22.4063500367408
			48.0413928739148	-22.4063500367408
			48.080292787173	-22.4063500367408
			48.1191927004312	-22.445249949999
			48.1580926136895	-22.445249949999
			48.1969925269477	-22.445249949999
			48.2358924402059	-22.445249949999
			48.2747923534642	-22.445249949999
			48.3136922667224	-22.445249949999
			48.3525921799806	-22.4841498632573
			48.3914920932388	-22.4841498632573
			48.4303920064971	-22.4841498632573
			48.4692919197553	-22.4841498632573
			48.5081918330135	-22.4841498632573
			48.5470917462718	-22.4841498632573
			48.58599165953	-22.4841498632573
			48.6248915727882	-22.4841498632573
			48.6637914860465	-22.5230497765155
			48.7026913993047	-22.5230497765155
			48.7415913125629	-22.5230497765155
			48.7804912258212	-22.5230497765155
			48.8193911390794	-22.5230497765155
			48.8582910523376	-22.5230497765155
			48.8971909655958	-22.5230497765155
			48.9360908788541	-22.5230497765155
			48.9749907921123	-22.5230497765155
			49.0138907053705	-22.5619496897737
			49.0527906186288	-22.5619496897737
			49.091690531887	-22.5619496897737
			49.1305904451452	-22.5619496897737
			49.1694903584035	-22.5619496897737
			49.2083902716617	-22.5619496897737
			49.2472901849199	-22.5619496897737
			49.2861900981782	-22.5619496897737
			49.3250900114364	-22.5619496897737
			49.3639899246946	-22.5619496897737
			49.4028898379528	-22.5619496897737
			49.4417897512111	-22.5619496897737
			49.4806896644693	-22.5619496897737
			49.5195895777275	-22.5619496897737
			49.5584894909858	-22.5619496897737
			49.597389404244	-22.5619496897737
			49.6362893175022	-22.5619496897737
			49.6751892307605	-22.5619496897737
			49.7140891440187	-22.5619496897737
			49.7529890572769	-22.5619496897737
			49.7918889705351	-22.5619496897737
			49.8307888837934	-22.5619496897737
			49.8696887970516	-22.5619496897737
			49.9085887103098	-22.5619496897737
			49.9474886235681	-22.5619496897737
			49.9863885368263	-22.5619496897737
			50.0252884500845	-22.5619496897737
			50.0252884500845	-22.5230497765155
			50.0641883633428	-22.5230497765155
			50.103088276601	-22.4841498632573
			50.1419881898592	-22.4841498632573
			50.1808881031175	-22.4841498632573
			50.2197880163757	-22.4841498632573
			50.2586879296339	-22.445249949999
			50.2975878428921	-22.445249949999
			50.3364877561504	-22.445249949999
			50.3753876694086	-22.445249949999
			50.4142875826668	-22.445249949999
			50.4531874959251	-22.445249949999
			50.4920874091833	-22.4063500367408
			50.5309873224415	-22.4063500367408
			50.5698872356998	-22.4063500367408
			50.608787148958	-22.4063500367408
			50.6476870622162	-22.445249949999
			50.6865869754744	-22.445249949999
			50.7254868887327	-22.445249949999
			50.7643868019909	-22.445249949999
		</Adipose_caudal>
		<Caudal_anal type=matrix rownames=FALSE colnames=FALSE nrow=250 ncol=2 as.numeric=TRUE >
			50.4920874091833	-27.1910393675032
			50.4531874959251	-27.1910393675032
			50.4531874959251	-27.2299392807614
			50.4142875826668	-27.2299392807614
			50.3753876694086	-27.2299392807614
			50.3364877561504	-27.2299392807614
			50.2975878428921	-27.2688391940196
			50.2586879296339	-27.2688391940196
			50.2197880163757	-27.2688391940196
			50.1808881031175	-27.2688391940196
			50.1419881898592	-27.3077391072779
			50.103088276601	-27.3077391072779
			50.0641883633428	-27.3077391072779
			50.0252884500845	-27.3077391072779
			49.9863885368263	-27.3077391072779
			49.9474886235681	-27.3077391072779
			49.9085887103098	-27.3077391072779
			49.8696887970516	-27.3077391072779
			49.8307888837934	-27.3077391072779
			49.7918889705351	-27.3077391072779
			49.7529890572769	-27.3077391072779
			49.7140891440187	-27.3077391072779
			49.6751892307605	-27.3077391072779
			49.6362893175022	-27.2688391940196
			49.597389404244	-27.2688391940196
			49.5584894909858	-27.2688391940196
			49.5195895777275	-27.2688391940196
			49.4806896644693	-27.2688391940196
			49.4417897512111	-27.2299392807614
			49.4028898379528	-27.2299392807614
			49.3639899246946	-27.2299392807614
			49.3250900114364	-27.1910393675032
			49.2861900981782	-27.1910393675032
			49.2472901849199	-27.1910393675032
			49.2083902716617	-27.1910393675032
			49.1694903584035	-27.1910393675032
			49.1305904451452	-27.1910393675032
			49.091690531887	-27.1910393675032
			49.0527906186288	-27.1910393675032
			49.0138907053705	-27.1910393675032
			48.9749907921123	-27.1910393675032
			48.9360908788541	-27.1910393675032
			48.8971909655958	-27.1910393675032
			48.8582910523376	-27.1521394542449
			48.8193911390794	-27.1521394542449
			48.7804912258212	-27.1521394542449
			48.7415913125629	-27.1521394542449
			48.7026913993047	-27.1521394542449
			48.6637914860465	-27.1521394542449
			48.6248915727882	-27.1521394542449
			48.58599165953	-27.1521394542449
			48.5470917462718	-27.1521394542449
			48.5081918330135	-27.1521394542449
			48.4692919197553	-27.1521394542449
			48.4303920064971	-27.1521394542449
			48.3914920932388	-27.1521394542449
			48.3525921799806	-27.1521394542449
			48.3136922667224	-27.1521394542449
			48.2747923534642	-27.1521394542449
			48.2358924402059	-27.1521394542449
			48.1969925269477	-27.1521394542449
			48.1580926136895	-27.1521394542449
			48.1191927004312	-27.1521394542449
			48.080292787173	-27.1521394542449
			48.0413928739148	-27.1521394542449
			48.0024929606565	-27.1521394542449
			47.9635930473983	-27.1521394542449
			47.9246931341401	-27.1910393675032
			47.8857932208819	-27.1910393675032
			47.8468933076236	-27.1910393675032
			47.8079933943654	-27.1910393675032
			47.7690934811072	-27.1910393675032
			47.7301935678489	-27.1910393675032
			47.6912936545907	-27.1910393675032
			47.6523937413325	-27.1910393675032
			47.6134938280742	-27.1910393675032
			47.574593914816	-27.1910393675032
			47.5356940015578	-27.1910393675032
			47.4967940882995	-27.1910393675032
			47.4578941750413	-27.1910393675032
			47.4189942617831	-27.1910393675032
			47.3800943485248	-27.1910393675032
			47.3411944352666	-27.2299392807614
			47.3022945220084	-27.2299392807614
			47.2633946087502	-27.2299392807614
			47.2244946954919	-27.2299392807614
			47.1855947822337	-27.2299392807614
			47.1466948689755	-27.2299392807614
			47.1077949557172	-27.2299392807614
			47.068895042459	-27.2299392807614
			47.0299951292008	-27.2299392807614
			46.9910952159425	-27.2688391940196
			46.9521953026843	-27.2688391940196
			46.9132953894261	-27.2688391940196
			46.8743954761679	-27.2688391940196
			46.8354955629096	-27.2688391940196
			46.7965956496514	-27.2688391940196
			46.7576957363932	-27.2688391940196
			46.7187958231349	-27.2688391940196
			46.7187958231349	-27.3077391072779
			46.6798959098767	-27.3077391072779
			46.6409959966185	-27.3077391072779
			46.6020960833602	-27.3077391072779
			46.563196170102	-27.3077391072779
			46.5242962568438	-27.3077391072779
			46.4853963435855	-27.3466390205361
			46.4464964303273	-27.3466390205361
			46.4075965170691	-27.3466390205361
			46.3686966038109	-27.3466390205361
			46.3297966905526	-27.3466390205361
			46.2908967772944	-27.3466390205361
			46.2519968640362	-27.3855389337943
			46.2130969507779	-27.3855389337943
			46.1741970375197	-27.3855389337943
			46.1352971242615	-27.3855389337943
			46.0963972110032	-27.3855389337943
			46.057497297745	-27.4244388470526
			46.0185973844868	-27.4244388470526
			45.9796974712285	-27.4244388470526
			45.9407975579703	-27.4244388470526
			45.9018976447121	-27.4244388470526
			45.9018976447121	-27.4633387603108
			45.8629977314539	-27.4633387603108
			45.8240978181956	-27.4633387603108
			45.7851979049374	-27.4633387603108
			45.7462979916792	-27.4633387603108
			45.7073980784209	-27.4633387603108
			45.6684981651627	-27.502238673569
			45.6295982519045	-27.502238673569
			45.5906983386462	-27.502238673569
			45.551798425388	-27.502238673569
			45.5128985121298	-27.502238673569
			45.4739985988716	-27.502238673569
			45.4350986856133	-27.5411385868273
			45.3961987723551	-27.5411385868273
			45.3572988590969	-27.5411385868273
			45.3183989458386	-27.5411385868273
			45.2794990325804	-27.5411385868273
			45.2405991193222	-27.5800385000855
			45.2016992060639	-27.5800385000855
			45.1627992928057	-27.5800385000855
			45.1238993795475	-27.5800385000855
			45.0849994662892	-27.5800385000855
			45.046099553031	-27.5800385000855
			45.0071996397728	-27.6189384133437
			44.9682997265146	-27.6189384133437
			44.9293998132563	-27.6189384133437
			44.8904998999981	-27.6189384133437
			44.8515999867399	-27.6189384133437
			44.8127000734816	-27.6189384133437
			44.7738001602234	-27.6578383266019
			44.7349002469652	-27.6578383266019
			44.6960003337069	-27.6578383266019
			44.6571004204487	-27.6578383266019
			44.6182005071905	-27.6578383266019
			44.5793005939323	-27.6578383266019
			44.540400680674	-27.6967382398602
			44.5015007674158	-27.6967382398602
			44.4626008541576	-27.6967382398602
			44.4237009408993	-27.6967382398602
			44.3848010276411	-27.6967382398602
			44.3459011143829	-27.6967382398602
			44.3070012011246	-27.6967382398602
			44.2681012878664	-27.7356381531184
			44.2292013746082	-27.7356381531184
			44.1903014613499	-27.7356381531184
			44.1514015480917	-27.7356381531184
			44.1125016348335	-27.7356381531184
			44.0736017215753	-27.7356381531184
			44.034701808317	-27.7745380663766
			43.9958018950588	-27.7745380663766
			43.9569019818006	-27.7745380663766
			43.9180020685423	-27.7745380663766
			43.8791021552841	-27.7745380663766
			43.8402022420259	-27.7745380663766
			43.8013023287676	-27.8134379796349
			43.7624024155094	-27.8134379796349
			43.7235025022512	-27.8134379796349
			43.6846025889929	-27.8134379796349
			43.6457026757347	-27.8134379796349
			43.6068027624765	-27.8134379796349
			43.5679028492183	-27.8134379796349
			43.52900293596	-27.8523378928931
			43.4901030227018	-27.8523378928931
			43.4512031094436	-27.8523378928931
			43.4123031961853	-27.8523378928931
			43.3734032829271	-27.8523378928931
			43.3345033696689	-27.8523378928931
			43.2956034564106	-27.8912378061513
			43.2567035431524	-27.8912378061513
			43.2178036298942	-27.8912378061513
			43.178903716636	-27.8912378061513
			43.1400038033777	-27.8912378061513
			43.1011038901195	-27.8912378061513
			43.0622039768613	-27.8912378061513
			43.023304063603	-27.9301377194096
			42.9844041503448	-27.9301377194096
			42.9455042370866	-27.9301377194096
			42.9066043238283	-27.9301377194096
			42.8677044105701	-27.9301377194096
			42.8288044973119	-27.9301377194096
			42.7899045840536	-27.9301377194096
			42.7510046707954	-27.9690376326678
			42.7121047575372	-27.9690376326678
			42.6732048442789	-27.9690376326678
			42.6343049310207	-27.9690376326678
			42.5954050177625	-27.9690376326678
			42.5565051045043	-27.9690376326678
			42.517605191246	-28.007937545926
			42.4787052779878	-28.007937545926
			42.4398053647296	-28.007937545926
			42.4009054514713	-28.007937545926
			42.3620055382131	-28.007937545926
			42.3231056249549	-28.007937545926
			42.2842057116966	-28.007937545926
			42.2453057984384	-28.0468374591842
			42.2064058851802	-28.0468374591842
			42.167505971922	-28.0468374591842
			42.1286060586637	-28.0468374591842
			42.0897061454055	-28.0468374591842
			42.0508062321473	-28.0468374591842
			42.011906318889	-28.0468374591842
			41.9730064056308	-28.0857373724425
			41.9341064923726	-28.0857373724425
			41.8952065791143	-28.0857373724425
			41.8563066658561	-28.0857373724425
			41.8174067525979	-28.0857373724425
			41.7785068393396	-28.0857373724425
			41.7396069260814	-28.0857373724425
			41.7007070128232	-28.0857373724425
			41.661807099565	-28.1246372857007
			41.6229071863067	-28.1246372857007
			41.5840072730485	-28.1246372857007
			41.5451073597903	-28.1246372857007
			41.506207446532	-28.1246372857007
			41.4673075332738	-28.1246372857007
			41.4284076200156	-28.1246372857007
			41.3895077067573	-28.1635371989589
			41.3506077934991	-28.1635371989589
			41.3117078802409	-28.1635371989589
			41.2728079669826	-28.1635371989589
			41.2339080537244	-28.1635371989589
			41.1950081404662	-28.1635371989589
			41.156108227208	-28.1635371989589
			41.1172083139497	-28.1635371989589
			41.0783084006915	-28.2024371122172
			41.0394084874333	-28.2024371122172
			41.000508574175	-28.2024371122172
			40.9616086609168	-28.2024371122172
			40.9227087476586	-28.2024371122172
		</Caudal_anal>
	</curves.scaled>
	<ruler.points type=matrix rownames=TRUE colnames=FALSE nrow=3 ncol=2 as.numeric=TRUE >
		Ruler point 1	809	791
		Ruler point 2	938	794
		Ruler point 3	1066	797
	</ruler.points>
</shapes>

