<shapes type=list>
	<ruler.pixel type=vector names=FALSE length=1 as.numeric=TRUE >142.056239877684</ruler.pixel>
	<ruler.interval type=vector names=FALSE length=1 as.numeric=TRUE >5</ruler.interval>
	<scaling.units type=vector names=FALSE length=1 as.numeric=FALSE >mm</scaling.units>
	<scaling type=vector names=FALSE length=1 as.numeric=TRUE >0.0351973275113096</scaling>
	<landmarks.pixel type=matrix rownames=TRUE colnames=FALSE nrow=11 ncol=2 as.numeric=TRUE >
		Anterior_eye	751	792
		Posterior_eye	867	790
		Posterior_Maxilla	923	883
		Anterior_Maxilla	740	823
		Dorsal_fin_insertion	1247	624
		Adipose_fin_insertion	1693	710
		Dorsal_caudal	1895	735
		Ventral_caudal	1901	867
		Anal_fin_insertion	1494	906
		Pelvic_fin_insertion	1270	915
		Pectoral_fin_insertion	1062	870
	</landmarks.pixel>
	<landmarks.scaled type=matrix rownames=TRUE colnames=FALSE nrow=11 ncol=2 as.numeric=TRUE >
		Anterior_eye	26.4331929609935	-27.8762833889572
		Posterior_eye	30.5160829523054	-27.8058887339346
		Posterior_Maxilla	32.4871332929388	-31.0792401924864
		Anterior_Maxilla	26.0460223583691	-28.9674005418078
		Dorsal_fin_insertion	43.8910674066031	-21.9631323670572
		Adipose_fin_insertion	59.5890754766472	-24.9901025330298
		Dorsal_caudal	66.6989356339317	-25.8700357208126
		Ventral_caudal	66.9101195989996	-30.5160829523054
		Anal_fin_insertion	52.5848073018966	-31.8887787252465
		Pelvic_fin_insertion	44.7006059393632	-32.2055546728483
		Pectoral_fin_insertion	37.3795618170108	-30.6216749348394
	</landmarks.scaled>
	<curves.control type=list>
		<Snout_dorsal type=matrix rownames=FALSE colnames=FALSE nrow=7 ncol=2 as.numeric=TRUE >
			740	823
			720	706
			869	659
			988	629
			1103	630
			1171	636
			1247	624
		</Snout_dorsal>
		<Dorsal_adipose type=matrix rownames=FALSE colnames=FALSE nrow=5 ncol=2 as.numeric=TRUE >
			1247	624
			1396	649
			1482	676
			1557	696
			1693	710
		</Dorsal_adipose>
		<Adipose_caudal type=matrix rownames=FALSE colnames=FALSE nrow=7 ncol=2 as.numeric=TRUE >
			1693	710
			1713	712
			1718	723
			1800	738
			1867	738
			1888	732
			1895	735
		</Adipose_caudal>
		<Caudal_anal type=matrix rownames=FALSE colnames=FALSE nrow=7 ncol=2 as.numeric=TRUE >
			1901	867
			1893	871
			1865	867
			1776	868
			1701	883
			1597	902
			1494	906
		</Caudal_anal>
	</curves.control>
	<curves.pixel type=list>
		<Snout_dorsal type=matrix rownames=FALSE colnames=FALSE nrow=595 ncol=2 as.numeric=TRUE >
			740	823
			740	822
			740	821
			739	820
			739	819
			739	818
			739	817
			739	816
			739	815
			739	814
			739	813
			739	812
			738	811
			738	810
			738	809
			738	808
			738	807
			738	806
			738	805
			738	804
			738	803
			738	802
			738	801
			738	800
			738	799
			738	798
			738	797
			738	796
			738	795
			738	794
			738	793
			738	792
			738	791
			738	790
			738	789
			738	788
			738	787
			738	786
			738	785
			738	784
			738	783
			738	782
			739	781
			739	780
			739	779
			739	778
			739	777
			739	776
			739	775
			740	774
			740	773
			740	772
			740	771
			740	770
			740	769
			741	768
			741	767
			741	766
			742	765
			742	764
			742	763
			742	762
			743	761
			743	760
			743	759
			744	758
			744	757
			744	756
			745	755
			745	754
			745	753
			746	752
			746	751
			747	750
			747	749
			748	748
			748	747
			748	746
			749	746
			749	745
			749	744
			750	743
			750	742
			751	741
			752	740
			752	739
			752	738
			753	737
			754	736
			755	735
			755	734
			756	733
			756	732
			757	731
			757	730
			758	730
			758	729
			759	728
			760	727
			760	726
			761	725
			762	724
			763	723
			764	722
			764	721
			765	720
			766	719
			767	718
			768	717
			768	716
			769	715
			770	714
			771	714
			772	713
			773	712
			774	711
			775	710
			776	709
			776	708
			777	707
			778	706
			779	706
			780	705
			781	704
			782	703
			783	702
			784	701
			785	701
			786	700
			787	699
			788	698
			789	698
			790	697
			791	696
			792	695
			793	695
			794	694
			795	693
			796	693
			797	692
			798	691
			799	690
			800	690
			801	689
			802	688
			803	688
			804	688
			804	687
			805	687
			806	687
			806	686
			807	686
			808	685
			809	685
			810	684
			811	683
			812	683
			813	682
			814	682
			815	681
			816	681
			817	680
			818	679
			819	679
			820	678
			821	678
			822	677
			823	677
			824	677
			825	676
			826	676
			827	675
			828	675
			829	674
			830	674
			831	673
			832	673
			833	672
			834	672
			835	672
			836	671
			837	671
			838	670
			839	670
			840	669
			841	669
			842	669
			843	668
			844	668
			845	667
			846	667
			847	667
			848	666
			849	666
			850	665
			851	665
			852	665
			853	664
			854	664
			855	664
			856	663
			857	663
			858	663
			859	662
			860	662
			861	662
			862	661
			863	661
			864	661
			865	660
			866	660
			867	660
			868	659
			869	659
			870	659
			871	659
			871	658
			872	658
			873	658
			874	658
			875	657
			876	657
			877	657
			878	657
			879	657
			880	656
			881	656
			882	656
			883	656
			884	655
			885	655
			886	655
			887	655
			888	654
			889	654
			890	654
			891	654
			892	654
			893	653
			894	653
			895	653
			896	653
			897	652
			898	652
			899	652
			900	652
			901	651
			902	651
			903	651
			904	651
			905	651
			906	650
			907	650
			908	650
			909	650
			910	650
			911	649
			912	649
			913	649
			914	649
			915	649
			915	648
			916	648
			917	648
			918	648
			919	648
			920	647
			921	647
			922	647
			923	647
			924	647
			925	647
			926	646
			927	646
			928	646
			929	646
			930	646
			931	645
			932	645
			933	645
			934	645
			935	645
			936	645
			937	644
			938	644
			939	644
			940	644
			941	644
			942	643
			943	643
			944	643
			945	643
			946	643
			947	643
			948	642
			949	642
			950	642
			951	642
			952	642
			953	642
			954	641
			955	641
			956	641
			957	641
			958	641
			959	641
			960	640
			961	640
			962	640
			963	640
			964	640
			965	640
			966	640
			967	639
			968	639
			969	639
			970	639
			971	639
			972	639
			973	639
			974	638
			975	638
			976	638
			977	638
			978	638
			979	638
			980	638
			981	638
			982	637
			983	637
			984	637
			985	637
			986	637
			987	637
			988	637
			989	637
			990	636
			991	636
			992	636
			993	636
			994	636
			995	636
			996	636
			997	636
			998	635
			999	635
			1000	635
			1001	635
			1002	635
			1003	635
			1004	635
			1005	635
			1006	635
			1007	635
			1008	634
			1009	634
			1010	634
			1011	634
			1012	634
			1013	634
			1014	634
			1015	634
			1016	634
			1017	634
			1018	633
			1019	633
			1020	633
			1021	633
			1022	633
			1023	633
			1024	633
			1025	633
			1026	633
			1027	633
			1028	633
			1029	633
			1030	632
			1031	632
			1032	632
			1033	632
			1034	632
			1035	632
			1036	632
			1037	632
			1038	632
			1039	632
			1040	632
			1041	632
			1042	632
			1043	632
			1044	631
			1045	631
			1046	631
			1047	631
			1048	631
			1049	631
			1050	631
			1051	631
			1052	631
			1053	631
			1054	631
			1055	631
			1056	631
			1057	631
			1058	631
			1059	631
			1060	631
			1061	631
			1062	631
			1063	631
			1064	631
			1065	630
			1066	630
			1067	630
			1068	630
			1069	630
			1070	630
			1071	630
			1072	630
			1073	630
			1074	630
			1075	630
			1076	630
			1077	630
			1078	630
			1079	630
			1080	630
			1081	630
			1082	630
			1083	630
			1084	630
			1085	630
			1086	630
			1087	630
			1088	630
			1089	630
			1090	630
			1091	630
			1092	630
			1093	630
			1094	630
			1095	630
			1096	630
			1097	630
			1098	630
			1099	630
			1100	630
			1101	630
			1102	630
			1103	630
			1104	630
			1105	630
			1106	630
			1107	630
			1108	630
			1109	630
			1110	631
			1111	631
			1112	631
			1113	631
			1114	631
			1115	631
			1116	631
			1117	631
			1118	631
			1119	631
			1120	631
			1121	631
			1122	631
			1123	631
			1124	631
			1125	631
			1126	631
			1126	632
			1127	632
			1128	632
			1129	632
			1130	632
			1131	632
			1132	632
			1133	632
			1134	632
			1135	632
			1136	632
			1137	632
			1138	632
			1139	632
			1140	632
			1141	632
			1142	632
			1143	632
			1144	632
			1145	632
			1146	632
			1147	632
			1148	632
			1149	632
			1150	632
			1151	632
			1152	632
			1153	632
			1154	632
			1155	632
			1156	632
			1157	632
			1158	632
			1159	632
			1160	632
			1161	632
			1162	632
			1163	632
			1164	632
			1165	632
			1166	632
			1167	632
			1168	632
			1169	632
			1170	632
			1171	632
			1172	632
			1173	631
			1174	631
			1175	631
			1176	631
			1177	631
			1178	631
			1179	631
			1180	631
			1181	631
			1182	631
			1183	631
			1184	631
			1185	631
			1186	631
			1187	631
			1188	631
			1189	631
			1190	631
			1191	630
			1192	630
			1193	630
			1194	630
			1195	630
			1196	630
			1197	630
			1198	630
			1199	630
			1200	630
			1201	630
			1202	630
			1203	629
			1204	629
			1205	629
			1206	629
			1207	629
			1208	629
			1209	629
			1210	629
			1211	629
			1212	629
			1213	628
			1214	628
			1215	628
			1216	628
			1217	628
			1218	628
			1219	628
			1220	628
			1221	628
			1222	627
			1223	627
			1224	627
			1225	627
			1226	627
			1227	627
			1228	627
			1229	627
			1230	626
			1231	626
			1232	626
			1233	626
			1234	626
			1235	626
			1236	626
			1237	626
			1238	625
			1239	625
			1240	625
			1241	625
			1242	625
			1243	625
			1244	624
			1245	624
			1246	624
			1247	624
		</Snout_dorsal>
		<Dorsal_adipose type=matrix rownames=FALSE colnames=FALSE nrow=455 ncol=2 as.numeric=TRUE >
			1247	624
			1248	624
			1249	624
			1250	624
			1251	625
			1252	625
			1253	625
			1254	625
			1255	625
			1256	626
			1257	626
			1258	626
			1259	626
			1260	626
			1261	626
			1262	626
			1262	627
			1263	627
			1264	627
			1265	627
			1266	627
			1267	627
			1268	628
			1269	628
			1270	628
			1271	628
			1272	628
			1273	628
			1273	629
			1274	629
			1275	629
			1276	629
			1277	629
			1278	629
			1279	629
			1280	630
			1281	630
			1282	630
			1283	630
			1284	630
			1285	631
			1286	631
			1287	631
			1288	631
			1289	631
			1290	632
			1291	632
			1292	632
			1293	632
			1294	632
			1295	632
			1296	633
			1297	633
			1298	633
			1299	633
			1300	633
			1301	634
			1302	634
			1303	634
			1304	634
			1305	634
			1306	634
			1307	635
			1308	635
			1309	635
			1310	635
			1311	635
			1312	636
			1313	636
			1314	636
			1315	636
			1316	636
			1317	637
			1318	637
			1319	637
			1320	637
			1321	637
			1322	638
			1323	638
			1324	638
			1325	638
			1326	638
			1327	638
			1328	639
			1329	639
			1330	639
			1331	639
			1332	639
			1333	640
			1334	640
			1335	640
			1336	640
			1337	641
			1338	641
			1339	641
			1340	641
			1341	641
			1342	641
			1343	642
			1344	642
			1345	642
			1346	642
			1347	642
			1348	643
			1349	643
			1350	643
			1351	643
			1352	643
			1353	644
			1354	644
			1355	644
			1356	644
			1357	644
			1357	645
			1358	645
			1359	645
			1360	645
			1361	645
			1362	646
			1363	646
			1364	646
			1365	646
			1366	646
			1367	647
			1368	647
			1369	647
			1370	647
			1371	647
			1372	648
			1373	648
			1374	648
			1375	648
			1376	649
			1377	649
			1378	649
			1379	649
			1380	649
			1381	650
			1382	650
			1383	650
			1384	650
			1385	651
			1386	651
			1387	651
			1388	651
			1389	651
			1390	652
			1391	652
			1392	652
			1393	652
			1394	653
			1395	653
			1396	653
			1397	653
			1398	654
			1399	654
			1400	654
			1401	654
			1402	654
			1403	655
			1404	655
			1405	655
			1406	655
			1407	656
			1408	656
			1409	656
			1410	656
			1411	657
			1412	657
			1413	657
			1414	657
			1415	658
			1416	658
			1417	658
			1418	658
			1419	659
			1420	659
			1421	659
			1422	659
			1423	660
			1424	660
			1425	660
			1426	660
			1427	660
			1427	661
			1428	661
			1429	661
			1430	661
			1431	662
			1432	662
			1433	662
			1434	662
			1435	663
			1436	663
			1437	663
			1438	663
			1439	664
			1440	664
			1441	664
			1442	665
			1443	665
			1444	665
			1445	665
			1446	666
			1447	666
			1448	666
			1449	666
			1450	667
			1451	667
			1452	667
			1453	667
			1454	668
			1455	668
			1456	668
			1457	669
			1458	669
			1459	669
			1460	669
			1461	670
			1462	670
			1463	670
			1464	671
			1465	671
			1466	671
			1467	672
			1468	672
			1469	672
			1470	672
			1471	673
			1472	673
			1473	673
			1474	674
			1475	674
			1476	674
			1477	674
			1478	675
			1479	675
			1480	675
			1481	676
			1482	676
			1483	676
			1484	677
			1485	677
			1486	677
			1487	677
			1488	678
			1489	678
			1490	678
			1491	678
			1492	679
			1493	679
			1494	679
			1495	679
			1496	679
			1496	680
			1497	680
			1498	680
			1499	680
			1500	681
			1501	681
			1502	681
			1503	681
			1504	681
			1505	682
			1506	682
			1507	682
			1508	682
			1509	683
			1510	683
			1511	683
			1512	683
			1513	683
			1514	684
			1515	684
			1516	684
			1517	684
			1518	684
			1519	685
			1520	685
			1521	685
			1522	685
			1523	686
			1524	686
			1525	686
			1526	686
			1527	686
			1528	687
			1529	687
			1530	687
			1531	687
			1532	687
			1533	688
			1534	688
			1535	688
			1536	688
			1537	688
			1538	689
			1539	689
			1540	689
			1541	689
			1542	689
			1543	689
			1544	690
			1545	690
			1546	690
			1547	690
			1548	690
			1549	691
			1550	691
			1551	691
			1552	691
			1553	691
			1554	691
			1555	692
			1556	692
			1557	692
			1558	692
			1559	692
			1560	692
			1561	693
			1562	693
			1563	693
			1564	693
			1565	693
			1566	693
			1567	694
			1568	694
			1569	694
			1570	694
			1571	694
			1572	694
			1573	695
			1574	695
			1575	695
			1576	695
			1577	695
			1578	695
			1579	696
			1580	696
			1581	696
			1582	696
			1583	696
			1584	696
			1585	696
			1585	697
			1586	697
			1587	697
			1588	697
			1589	697
			1590	697
			1591	697
			1592	697
			1592	698
			1593	698
			1594	698
			1595	698
			1596	698
			1597	698
			1598	698
			1599	699
			1600	699
			1601	699
			1602	699
			1603	699
			1604	699
			1605	699
			1606	700
			1607	700
			1608	700
			1609	700
			1610	700
			1611	700
			1612	700
			1613	700
			1614	701
			1615	701
			1616	701
			1617	701
			1618	701
			1619	701
			1620	701
			1621	702
			1622	702
			1623	702
			1624	702
			1625	702
			1626	702
			1627	702
			1628	702
			1629	703
			1630	703
			1631	703
			1632	703
			1633	703
			1634	703
			1635	703
			1636	704
			1637	704
			1638	704
			1639	704
			1640	704
			1641	704
			1642	704
			1643	704
			1644	705
			1645	705
			1646	705
			1647	705
			1648	705
			1649	705
			1650	705
			1651	705
			1652	705
			1652	706
			1653	706
			1654	706
			1655	706
			1656	706
			1657	706
			1658	706
			1659	706
			1660	706
			1661	707
			1662	707
			1663	707
			1664	707
			1665	707
			1666	707
			1667	707
			1668	707
			1669	707
			1670	707
			1671	708
			1672	708
			1673	708
			1674	708
			1675	708
			1676	708
			1677	708
			1678	708
			1679	709
			1680	709
			1681	709
			1682	709
			1683	709
			1684	709
			1685	709
			1686	709
			1687	709
			1688	710
			1689	710
			1690	710
			1691	710
			1692	710
			1693	710
		</Dorsal_adipose>
		<Adipose_caudal type=matrix rownames=FALSE colnames=FALSE nrow=209 ncol=2 as.numeric=TRUE >
			1693	710
			1694	710
			1695	710
			1696	710
			1697	710
			1698	711
			1699	711
			1700	711
			1701	711
			1702	712
			1703	712
			1704	712
			1705	712
			1705	713
			1706	713
			1707	713
			1708	714
			1709	714
			1710	715
			1711	716
			1712	716
			1713	717
			1714	717
			1714	718
			1715	718
			1715	719
			1716	720
			1717	721
			1718	722
			1718	723
			1719	723
			1720	723
			1721	724
			1722	724
			1723	724
			1724	724
			1725	724
			1726	724
			1727	725
			1728	725
			1729	725
			1730	725
			1731	725
			1732	725
			1733	726
			1734	726
			1735	726
			1736	726
			1737	726
			1738	726
			1739	727
			1740	727
			1741	727
			1742	727
			1743	727
			1744	727
			1745	728
			1746	728
			1747	728
			1748	728
			1749	728
			1750	728
			1751	729
			1752	729
			1753	729
			1754	729
			1755	729
			1756	729
			1757	729
			1758	730
			1759	730
			1760	730
			1761	730
			1762	730
			1763	730
			1764	730
			1765	731
			1766	731
			1767	731
			1768	731
			1769	731
			1770	731
			1771	731
			1772	731
			1772	732
			1773	732
			1774	732
			1775	732
			1776	732
			1777	732
			1778	732
			1779	732
			1780	732
			1781	733
			1782	733
			1783	733
			1784	733
			1785	733
			1786	733
			1787	733
			1788	733
			1789	733
			1790	734
			1791	734
			1792	734
			1793	734
			1794	734
			1795	734
			1796	734
			1797	734
			1798	734
			1799	735
			1800	735
			1801	735
			1802	735
			1803	735
			1804	735
			1805	735
			1806	735
			1807	735
			1808	735
			1809	735
			1810	736
			1811	736
			1812	736
			1813	736
			1814	736
			1815	736
			1816	736
			1817	736
			1818	736
			1819	736
			1820	736
			1821	736
			1822	736
			1823	736
			1823	737
			1824	737
			1825	737
			1826	737
			1827	737
			1828	737
			1829	737
			1830	737
			1831	737
			1832	737
			1833	737
			1834	737
			1835	737
			1836	737
			1837	737
			1838	737
			1839	737
			1840	737
			1841	737
			1842	737
			1843	738
			1844	738
			1845	738
			1846	738
			1847	738
			1848	738
			1849	738
			1850	738
			1851	738
			1852	738
			1853	738
			1854	738
			1855	738
			1856	738
			1857	738
			1858	738
			1859	738
			1860	738
			1861	738
			1862	738
			1863	738
			1864	738
			1865	738
			1866	738
			1867	738
			1868	738
			1869	738
			1870	737
			1871	737
			1872	737
			1873	736
			1874	736
			1875	736
			1876	736
			1877	735
			1878	735
			1879	735
			1880	735
			1881	735
			1882	735
			1883	734
			1884	734
			1885	734
			1886	734
			1887	734
			1888	734
			1889	734
			1890	734
			1891	734
			1892	734
			1893	734
			1894	735
			1895	735
		</Adipose_caudal>
		<Caudal_anal type=matrix rownames=FALSE colnames=FALSE nrow=411 ncol=2 as.numeric=TRUE >
			1901	867
			1900	867
			1899	868
			1898	868
			1897	868
			1896	868
			1895	869
			1894	869
			1893	869
			1892	869
			1891	869
			1890	869
			1889	869
			1888	869
			1887	869
			1886	869
			1885	869
			1884	869
			1883	869
			1882	869
			1881	869
			1880	869
			1879	869
			1878	869
			1878	868
			1877	868
			1876	868
			1875	868
			1874	868
			1873	868
			1872	868
			1871	868
			1870	868
			1869	868
			1868	867
			1867	867
			1866	867
			1865	867
			1864	867
			1863	867
			1862	867
			1861	867
			1860	867
			1859	867
			1858	867
			1857	867
			1856	867
			1855	867
			1854	867
			1853	867
			1852	867
			1851	867
			1850	867
			1849	867
			1848	867
			1847	867
			1846	867
			1845	867
			1844	867
			1843	867
			1842	868
			1841	868
			1840	868
			1839	868
			1838	868
			1837	868
			1836	868
			1835	868
			1834	868
			1833	868
			1832	868
			1831	868
			1830	868
			1829	868
			1828	868
			1827	868
			1826	868
			1825	868
			1824	868
			1823	868
			1822	868
			1821	868
			1820	868
			1819	868
			1818	869
			1817	869
			1816	869
			1815	869
			1814	869
			1813	869
			1812	869
			1811	869
			1810	869
			1809	869
			1808	869
			1807	869
			1806	869
			1805	869
			1804	869
			1803	870
			1802	870
			1801	870
			1800	870
			1799	870
			1798	870
			1797	870
			1796	870
			1795	870
			1794	870
			1793	870
			1792	870
			1791	870
			1790	871
			1789	871
			1788	871
			1787	871
			1786	871
			1785	871
			1784	871
			1783	871
			1782	871
			1781	871
			1780	871
			1779	872
			1778	872
			1777	872
			1776	872
			1775	872
			1774	872
			1773	872
			1772	872
			1771	872
			1770	872
			1769	873
			1768	873
			1767	873
			1766	873
			1765	873
			1764	873
			1763	873
			1762	873
			1761	874
			1760	874
			1759	874
			1758	874
			1757	874
			1756	874
			1755	874
			1754	874
			1753	874
			1752	875
			1751	875
			1750	875
			1749	875
			1748	875
			1747	875
			1746	875
			1745	876
			1744	876
			1743	876
			1742	876
			1741	876
			1740	876
			1739	876
			1738	877
			1737	877
			1736	877
			1735	877
			1734	877
			1733	877
			1732	877
			1732	878
			1731	878
			1730	878
			1729	878
			1728	878
			1727	878
			1726	878
			1725	879
			1724	879
			1723	879
			1722	879
			1721	879
			1720	879
			1719	880
			1718	880
			1717	880
			1716	880
			1715	880
			1714	881
			1713	881
			1712	881
			1711	881
			1710	881
			1709	881
			1708	882
			1707	882
			1706	882
			1705	882
			1704	882
			1703	883
			1702	883
			1701	883
			1700	883
			1699	883
			1698	884
			1697	884
			1696	884
			1695	884
			1694	884
			1693	884
			1692	885
			1691	885
			1690	885
			1689	885
			1688	885
			1687	886
			1686	886
			1685	886
			1684	886
			1683	886
			1682	886
			1681	887
			1680	887
			1679	887
			1678	887
			1677	887
			1676	887
			1675	888
			1674	888
			1673	888
			1672	888
			1671	888
			1670	888
			1669	888
			1668	889
			1667	889
			1666	889
			1665	889
			1664	889
			1663	889
			1662	890
			1661	890
			1660	890
			1659	890
			1658	890
			1657	890
			1656	890
			1655	891
			1654	891
			1653	891
			1652	891
			1651	891
			1650	891
			1649	892
			1648	892
			1647	892
			1646	892
			1645	892
			1644	892
			1643	892
			1642	893
			1641	893
			1640	893
			1639	893
			1638	893
			1637	893
			1636	893
			1635	894
			1634	894
			1633	894
			1632	894
			1631	894
			1630	894
			1629	894
			1628	894
			1628	895
			1627	895
			1626	895
			1625	895
			1624	895
			1623	895
			1622	895
			1621	895
			1620	896
			1619	896
			1618	896
			1617	896
			1616	896
			1615	896
			1614	896
			1613	896
			1612	897
			1611	897
			1610	897
			1609	897
			1608	897
			1607	897
			1606	897
			1605	897
			1604	897
			1603	898
			1602	898
			1601	898
			1600	898
			1599	898
			1598	898
			1597	898
			1596	898
			1595	898
			1594	899
			1593	899
			1592	899
			1591	899
			1590	899
			1589	899
			1588	899
			1587	899
			1586	899
			1585	900
			1584	900
			1583	900
			1582	900
			1581	900
			1580	900
			1579	900
			1578	900
			1577	900
			1576	900
			1575	901
			1574	901
			1573	901
			1572	901
			1571	901
			1570	901
			1569	901
			1568	901
			1567	901
			1566	901
			1565	901
			1564	902
			1563	902
			1562	902
			1561	902
			1560	902
			1559	902
			1558	902
			1557	902
			1556	902
			1555	902
			1554	902
			1553	902
			1552	903
			1551	903
			1550	903
			1549	903
			1548	903
			1547	903
			1546	903
			1545	903
			1544	903
			1543	903
			1542	903
			1541	903
			1540	903
			1539	904
			1538	904
			1537	904
			1536	904
			1535	904
			1534	904
			1533	904
			1532	904
			1531	904
			1530	904
			1529	904
			1528	904
			1527	904
			1526	904
			1525	904
			1524	905
			1523	905
			1522	905
			1521	905
			1520	905
			1519	905
			1518	905
			1517	905
			1516	905
			1515	905
			1514	905
			1513	905
			1512	905
			1511	905
			1510	905
			1509	905
			1508	905
			1507	905
			1506	905
			1505	906
			1504	906
			1503	906
			1502	906
			1501	906
			1500	906
			1499	906
			1498	906
			1497	906
			1496	906
			1495	906
			1494	906
		</Caudal_anal>
	</curves.pixel>
	<curves.scaled type=list>
		<Snout_dorsal type=matrix rownames=FALSE colnames=FALSE nrow=595 ncol=2 as.numeric=TRUE >
			26.0460223583691	-28.9674005418078
			26.0460223583691	-28.9322032142965
			26.0460223583691	-28.8970058867852
			26.0108250308578	-28.8618085592739
			26.0108250308578	-28.8266112317626
			26.0108250308578	-28.7914139042513
			26.0108250308578	-28.7562165767399
			26.0108250308578	-28.7210192492286
			26.0108250308578	-28.6858219217173
			26.0108250308578	-28.650624594206
			26.0108250308578	-28.6154272666947
			26.0108250308578	-28.5802299391834
			25.9756277033465	-28.5450326116721
			25.9756277033465	-28.5098352841608
			25.9756277033465	-28.4746379566495
			25.9756277033465	-28.4394406291382
			25.9756277033465	-28.4042433016269
			25.9756277033465	-28.3690459741155
			25.9756277033465	-28.3338486466042
			25.9756277033465	-28.2986513190929
			25.9756277033465	-28.2634539915816
			25.9756277033465	-28.2282566640703
			25.9756277033465	-28.193059336559
			25.9756277033465	-28.1578620090477
			25.9756277033465	-28.1226646815364
			25.9756277033465	-28.0874673540251
			25.9756277033465	-28.0522700265138
			25.9756277033465	-28.0170726990024
			25.9756277033465	-27.9818753714911
			25.9756277033465	-27.9466780439798
			25.9756277033465	-27.9114807164685
			25.9756277033465	-27.8762833889572
			25.9756277033465	-27.8410860614459
			25.9756277033465	-27.8058887339346
			25.9756277033465	-27.7706914064233
			25.9756277033465	-27.735494078912
			25.9756277033465	-27.7002967514007
			25.9756277033465	-27.6650994238894
			25.9756277033465	-27.629902096378
			25.9756277033465	-27.5947047688667
			25.9756277033465	-27.5595074413554
			25.9756277033465	-27.5243101138441
			26.0108250308578	-27.4891127863328
			26.0108250308578	-27.4539154588215
			26.0108250308578	-27.4187181313102
			26.0108250308578	-27.3835208037989
			26.0108250308578	-27.3483234762876
			26.0108250308578	-27.3131261487763
			26.0108250308578	-27.2779288212649
			26.0460223583691	-27.2427314937536
			26.0460223583691	-27.2075341662423
			26.0460223583691	-27.172336838731
			26.0460223583691	-27.1371395112197
			26.0460223583691	-27.1019421837084
			26.0460223583691	-27.0667448561971
			26.0812196858804	-27.0315475286858
			26.0812196858804	-26.9963502011745
			26.0812196858804	-26.9611528736632
			26.1164170133917	-26.9259555461518
			26.1164170133917	-26.8907582186405
			26.1164170133917	-26.8555608911292
			26.1164170133917	-26.8203635636179
			26.151614340903	-26.7851662361066
			26.151614340903	-26.7499689085953
			26.151614340903	-26.714771581084
			26.1868116684143	-26.6795742535727
			26.1868116684143	-26.6443769260614
			26.1868116684143	-26.6091795985501
			26.2220089959257	-26.5739822710388
			26.2220089959257	-26.5387849435274
			26.2220089959257	-26.5035876160161
			26.257206323437	-26.4683902885048
			26.257206323437	-26.4331929609935
			26.2924036509483	-26.3979956334822
			26.2924036509483	-26.3627983059709
			26.3276009784596	-26.3276009784596
			26.3276009784596	-26.2924036509483
			26.3276009784596	-26.257206323437
			26.3627983059709	-26.257206323437
			26.3627983059709	-26.2220089959257
			26.3627983059709	-26.1868116684143
			26.3979956334822	-26.151614340903
			26.3979956334822	-26.1164170133917
			26.4331929609935	-26.0812196858804
			26.4683902885048	-26.0460223583691
			26.4683902885048	-26.0108250308578
			26.4683902885048	-25.9756277033465
			26.5035876160161	-25.9404303758352
			26.5387849435274	-25.9052330483239
			26.5739822710388	-25.8700357208126
			26.5739822710388	-25.8348383933013
			26.6091795985501	-25.7996410657899
			26.6091795985501	-25.7644437382786
			26.6443769260614	-25.7292464107673
			26.6443769260614	-25.694049083256
			26.6795742535727	-25.694049083256
			26.6795742535727	-25.6588517557447
			26.714771581084	-25.6236544282334
			26.7499689085953	-25.5884571007221
			26.7499689085953	-25.5532597732108
			26.7851662361066	-25.5180624456995
			26.8203635636179	-25.4828651181882
			26.8555608911292	-25.4476677906768
			26.8907582186405	-25.4124704631655
			26.8907582186405	-25.3772731356542
			26.9259555461518	-25.3420758081429
			26.9611528736632	-25.3068784806316
			26.9963502011745	-25.2716811531203
			27.0315475286858	-25.236483825609
			27.0315475286858	-25.2012864980977
			27.0667448561971	-25.1660891705864
			27.1019421837084	-25.1308918430751
			27.1371395112197	-25.1308918430751
			27.172336838731	-25.0956945155637
			27.2075341662423	-25.0604971880524
			27.2427314937536	-25.0252998605411
			27.2779288212649	-24.9901025330298
			27.3131261487763	-24.9549052055185
			27.3131261487763	-24.9197078780072
			27.3483234762876	-24.8845105504959
			27.3835208037989	-24.8493132229846
			27.4187181313102	-24.8493132229846
			27.4539154588215	-24.8141158954733
			27.4891127863328	-24.778918567962
			27.5243101138441	-24.7437212404507
			27.5595074413554	-24.7085239129393
			27.5947047688667	-24.673326585428
			27.629902096378	-24.673326585428
			27.6650994238894	-24.6381292579167
			27.7002967514007	-24.6029319304054
			27.735494078912	-24.5677346028941
			27.7706914064233	-24.5677346028941
			27.8058887339346	-24.5325372753828
			27.8410860614459	-24.4973399478715
			27.8762833889572	-24.4621426203602
			27.9114807164685	-24.4621426203602
			27.9466780439798	-24.4269452928489
			27.9818753714911	-24.3917479653376
			28.0170726990024	-24.3917479653376
			28.0522700265138	-24.3565506378262
			28.0874673540251	-24.3213533103149
			28.1226646815364	-24.2861559828036
			28.1578620090477	-24.2861559828036
			28.193059336559	-24.2509586552923
			28.2282566640703	-24.215761327781
			28.2634539915816	-24.215761327781
			28.2986513190929	-24.215761327781
			28.2986513190929	-24.1805640002697
			28.3338486466042	-24.1805640002697
			28.3690459741155	-24.1805640002697
			28.3690459741155	-24.1453666727584
			28.4042433016269	-24.1453666727584
			28.4394406291382	-24.1101693452471
			28.4746379566495	-24.1101693452471
			28.5098352841608	-24.0749720177358
			28.5450326116721	-24.0397746902245
			28.5802299391834	-24.0397746902245
			28.6154272666947	-24.0045773627132
			28.650624594206	-24.0045773627132
			28.6858219217173	-23.9693800352018
			28.7210192492286	-23.9693800352018
			28.7562165767399	-23.9341827076905
			28.7914139042513	-23.8989853801792
			28.8266112317626	-23.8989853801792
			28.8618085592739	-23.8637880526679
			28.8970058867852	-23.8637880526679
			28.9322032142965	-23.8285907251566
			28.9674005418078	-23.8285907251566
			29.0025978693191	-23.8285907251566
			29.0377951968304	-23.7933933976453
			29.0729925243417	-23.7933933976453
			29.108189851853	-23.758196070134
			29.1433871793644	-23.758196070134
			29.1785845068757	-23.7229987426227
			29.213781834387	-23.7229987426227
			29.2489791618983	-23.6878014151114
			29.2841764894096	-23.6878014151114
			29.3193738169209	-23.6526040876001
			29.3545711444322	-23.6526040876001
			29.3897684719435	-23.6526040876001
			29.4249657994548	-23.6174067600887
			29.4601631269661	-23.6174067600887
			29.4953604544774	-23.5822094325774
			29.5305577819888	-23.5822094325774
			29.5657551095001	-23.5470121050661
			29.6009524370114	-23.5470121050661
			29.6361497645227	-23.5470121050661
			29.671347092034	-23.5118147775548
			29.7065444195453	-23.5118147775548
			29.7417417470566	-23.4766174500435
			29.7769390745679	-23.4766174500435
			29.8121364020792	-23.4766174500435
			29.8473337295905	-23.4414201225322
			29.8825310571019	-23.4414201225322
			29.9177283846132	-23.4062227950209
			29.9529257121245	-23.4062227950209
			29.9881230396358	-23.4062227950209
			30.0233203671471	-23.3710254675096
			30.0585176946584	-23.3710254675096
			30.0937150221697	-23.3710254675096
			30.128912349681	-23.3358281399983
			30.1641096771923	-23.3358281399983
			30.1993070047036	-23.3358281399983
			30.234504332215	-23.300630812487
			30.2697016597263	-23.300630812487
			30.3048989872376	-23.300630812487
			30.3400963147489	-23.2654334849756
			30.3752936422602	-23.2654334849756
			30.4104909697715	-23.2654334849756
			30.4456882972828	-23.2302361574643
			30.4808856247941	-23.2302361574643
			30.5160829523054	-23.2302361574643
			30.5512802798167	-23.195038829953
			30.586477607328	-23.195038829953
			30.6216749348394	-23.195038829953
			30.6568722623507	-23.195038829953
			30.6568722623507	-23.1598415024417
			30.692069589862	-23.1598415024417
			30.7272669173733	-23.1598415024417
			30.7624642448846	-23.1598415024417
			30.7976615723959	-23.1246441749304
			30.8328588999072	-23.1246441749304
			30.8680562274185	-23.1246441749304
			30.9032535549298	-23.1246441749304
			30.9384508824411	-23.1246441749304
			30.9736482099525	-23.0894468474191
			31.0088455374638	-23.0894468474191
			31.0440428649751	-23.0894468474191
			31.0792401924864	-23.0894468474191
			31.1144375199977	-23.0542495199078
			31.149634847509	-23.0542495199078
			31.1848321750203	-23.0542495199078
			31.2200295025316	-23.0542495199078
			31.2552268300429	-23.0190521923965
			31.2904241575542	-23.0190521923965
			31.3256214850656	-23.0190521923965
			31.3608188125769	-23.0190521923965
			31.3960161400882	-23.0190521923965
			31.4312134675995	-22.9838548648852
			31.4664107951108	-22.9838548648852
			31.5016081226221	-22.9838548648852
			31.5368054501334	-22.9838548648852
			31.5720027776447	-22.9486575373739
			31.607200105156	-22.9486575373739
			31.6423974326673	-22.9486575373739
			31.6775947601786	-22.9486575373739
			31.71279208769	-22.9134602098626
			31.7479894152013	-22.9134602098626
			31.7831867427126	-22.9134602098626
			31.8183840702239	-22.9134602098626
			31.8535813977352	-22.9134602098626
			31.8887787252465	-22.8782628823512
			31.9239760527578	-22.8782628823512
			31.9591733802691	-22.8782628823512
			31.9943707077804	-22.8782628823512
			32.0295680352917	-22.8782628823512
			32.0647653628031	-22.8430655548399
			32.0999626903144	-22.8430655548399
			32.1351600178257	-22.8430655548399
			32.170357345337	-22.8430655548399
			32.2055546728483	-22.8430655548399
			32.2055546728483	-22.8078682273286
			32.2407520003596	-22.8078682273286
			32.2759493278709	-22.8078682273286
			32.3111466553822	-22.8078682273286
			32.3463439828935	-22.8078682273286
			32.3815413104048	-22.7726708998173
			32.4167386379161	-22.7726708998173
			32.4519359654275	-22.7726708998173
			32.4871332929388	-22.7726708998173
			32.5223306204501	-22.7726708998173
			32.5575279479614	-22.7726708998173
			32.5927252754727	-22.737473572306
			32.627922602984	-22.737473572306
			32.6631199304953	-22.737473572306
			32.6983172580066	-22.737473572306
			32.7335145855179	-22.737473572306
			32.7687119130292	-22.7022762447947
			32.8039092405406	-22.7022762447947
			32.8391065680519	-22.7022762447947
			32.8743038955632	-22.7022762447947
			32.9095012230745	-22.7022762447947
			32.9446985505858	-22.7022762447947
			32.9798958780971	-22.6670789172834
			33.0150932056084	-22.6670789172834
			33.0502905331197	-22.6670789172834
			33.085487860631	-22.6670789172834
			33.1206851881423	-22.6670789172834
			33.1558825156537	-22.6318815897721
			33.191079843165	-22.6318815897721
			33.2262771706763	-22.6318815897721
			33.2614744981876	-22.6318815897721
			33.2966718256989	-22.6318815897721
			33.3318691532102	-22.6318815897721
			33.3670664807215	-22.5966842622608
			33.4022638082328	-22.5966842622608
			33.4374611357441	-22.5966842622608
			33.4726584632554	-22.5966842622608
			33.5078557907667	-22.5966842622608
			33.5430531182781	-22.5966842622608
			33.5782504457894	-22.5614869347495
			33.6134477733007	-22.5614869347495
			33.648645100812	-22.5614869347495
			33.6838424283233	-22.5614869347495
			33.7190397558346	-22.5614869347495
			33.7542370833459	-22.5614869347495
			33.7894344108572	-22.5262896072381
			33.8246317383685	-22.5262896072381
			33.8598290658798	-22.5262896072381
			33.8950263933911	-22.5262896072381
			33.9302237209025	-22.5262896072381
			33.9654210484138	-22.5262896072381
			34.0006183759251	-22.5262896072381
			34.0358157034364	-22.4910922797268
			34.0710130309477	-22.4910922797268
			34.106210358459	-22.4910922797268
			34.1414076859703	-22.4910922797268
			34.1766050134816	-22.4910922797268
			34.2118023409929	-22.4910922797268
			34.2469996685042	-22.4910922797268
			34.2821969960156	-22.4558949522155
			34.3173943235269	-22.4558949522155
			34.3525916510382	-22.4558949522155
			34.3877889785495	-22.4558949522155
			34.4229863060608	-22.4558949522155
			34.4581836335721	-22.4558949522155
			34.4933809610834	-22.4558949522155
			34.5285782885947	-22.4558949522155
			34.563775616106	-22.4206976247042
			34.5989729436173	-22.4206976247042
			34.6341702711287	-22.4206976247042
			34.66936759864	-22.4206976247042
			34.7045649261513	-22.4206976247042
			34.7397622536626	-22.4206976247042
			34.7749595811739	-22.4206976247042
			34.8101569086852	-22.4206976247042
			34.8453542361965	-22.3855002971929
			34.8805515637078	-22.3855002971929
			34.9157488912191	-22.3855002971929
			34.9509462187304	-22.3855002971929
			34.9861435462417	-22.3855002971929
			35.0213408737531	-22.3855002971929
			35.0565382012644	-22.3855002971929
			35.0917355287757	-22.3855002971929
			35.126932856287	-22.3503029696816
			35.1621301837983	-22.3503029696816
			35.1973275113096	-22.3503029696816
			35.2325248388209	-22.3503029696816
			35.2677221663322	-22.3503029696816
			35.3029194938435	-22.3503029696816
			35.3381168213548	-22.3503029696816
			35.3733141488662	-22.3503029696816
			35.4085114763775	-22.3503029696816
			35.4437088038888	-22.3503029696816
			35.4789061314001	-22.3151056421703
			35.5141034589114	-22.3151056421703
			35.5493007864227	-22.3151056421703
			35.584498113934	-22.3151056421703
			35.6196954414453	-22.3151056421703
			35.6548927689566	-22.3151056421703
			35.6900900964679	-22.3151056421703
			35.7252874239793	-22.3151056421703
			35.7604847514906	-22.3151056421703
			35.7956820790019	-22.3151056421703
			35.8308794065132	-22.279908314659
			35.8660767340245	-22.279908314659
			35.9012740615358	-22.279908314659
			35.9364713890471	-22.279908314659
			35.9716687165584	-22.279908314659
			36.0068660440697	-22.279908314659
			36.042063371581	-22.279908314659
			36.0772606990923	-22.279908314659
			36.1124580266037	-22.279908314659
			36.147655354115	-22.279908314659
			36.1828526816263	-22.279908314659
			36.2180500091376	-22.279908314659
			36.2532473366489	-22.2447109871477
			36.2884446641602	-22.2447109871477
			36.3236419916715	-22.2447109871477
			36.3588393191828	-22.2447109871477
			36.3940366466941	-22.2447109871477
			36.4292339742054	-22.2447109871477
			36.4644313017168	-22.2447109871477
			36.4996286292281	-22.2447109871477
			36.5348259567394	-22.2447109871477
			36.5700232842507	-22.2447109871477
			36.605220611762	-22.2447109871477
			36.6404179392733	-22.2447109871477
			36.6756152667846	-22.2447109871477
			36.7108125942959	-22.2447109871477
			36.7460099218072	-22.2095136596364
			36.7812072493185	-22.2095136596364
			36.8164045768298	-22.2095136596364
			36.8516019043412	-22.2095136596364
			36.8867992318525	-22.2095136596364
			36.9219965593638	-22.2095136596364
			36.9571938868751	-22.2095136596364
			36.9923912143864	-22.2095136596364
			37.0275885418977	-22.2095136596364
			37.062785869409	-22.2095136596364
			37.0979831969203	-22.2095136596364
			37.1331805244316	-22.2095136596364
			37.1683778519429	-22.2095136596364
			37.2035751794543	-22.2095136596364
			37.2387725069656	-22.2095136596364
			37.2739698344769	-22.2095136596364
			37.3091671619882	-22.2095136596364
			37.3443644894995	-22.2095136596364
			37.3795618170108	-22.2095136596364
			37.4147591445221	-22.2095136596364
			37.4499564720334	-22.2095136596364
			37.4851537995447	-22.1743163321251
			37.520351127056	-22.1743163321251
			37.5555484545674	-22.1743163321251
			37.5907457820787	-22.1743163321251
			37.62594310959	-22.1743163321251
			37.6611404371013	-22.1743163321251
			37.6963377646126	-22.1743163321251
			37.7315350921239	-22.1743163321251
			37.7667324196352	-22.1743163321251
			37.8019297471465	-22.1743163321251
			37.8371270746578	-22.1743163321251
			37.8723244021691	-22.1743163321251
			37.9075217296804	-22.1743163321251
			37.9427190571918	-22.1743163321251
			37.9779163847031	-22.1743163321251
			38.0131137122144	-22.1743163321251
			38.0483110397257	-22.1743163321251
			38.083508367237	-22.1743163321251
			38.1187056947483	-22.1743163321251
			38.1539030222596	-22.1743163321251
			38.1891003497709	-22.1743163321251
			38.2242976772822	-22.1743163321251
			38.2594950047935	-22.1743163321251
			38.2946923323048	-22.1743163321251
			38.3298896598162	-22.1743163321251
			38.3650869873275	-22.1743163321251
			38.4002843148388	-22.1743163321251
			38.4354816423501	-22.1743163321251
			38.4706789698614	-22.1743163321251
			38.5058762973727	-22.1743163321251
			38.541073624884	-22.1743163321251
			38.5762709523953	-22.1743163321251
			38.6114682799066	-22.1743163321251
			38.646665607418	-22.1743163321251
			38.6818629349293	-22.1743163321251
			38.7170602624406	-22.1743163321251
			38.7522575899519	-22.1743163321251
			38.7874549174632	-22.1743163321251
			38.8226522449745	-22.1743163321251
			38.8578495724858	-22.1743163321251
			38.8930468999971	-22.1743163321251
			38.9282442275084	-22.1743163321251
			38.9634415550197	-22.1743163321251
			38.998638882531	-22.1743163321251
			39.0338362100424	-22.1743163321251
			39.0690335375537	-22.2095136596364
			39.104230865065	-22.2095136596364
			39.1394281925763	-22.2095136596364
			39.1746255200876	-22.2095136596364
			39.2098228475989	-22.2095136596364
			39.2450201751102	-22.2095136596364
			39.2802175026215	-22.2095136596364
			39.3154148301328	-22.2095136596364
			39.3506121576441	-22.2095136596364
			39.3858094851554	-22.2095136596364
			39.4210068126668	-22.2095136596364
			39.4562041401781	-22.2095136596364
			39.4914014676894	-22.2095136596364
			39.5265987952007	-22.2095136596364
			39.561796122712	-22.2095136596364
			39.5969934502233	-22.2095136596364
			39.6321907777346	-22.2095136596364
			39.6321907777346	-22.2447109871477
			39.6673881052459	-22.2447109871477
			39.7025854327572	-22.2447109871477
			39.7377827602685	-22.2447109871477
			39.7729800877799	-22.2447109871477
			39.8081774152912	-22.2447109871477
			39.8433747428025	-22.2447109871477
			39.8785720703138	-22.2447109871477
			39.9137693978251	-22.2447109871477
			39.9489667253364	-22.2447109871477
			39.9841640528477	-22.2447109871477
			40.019361380359	-22.2447109871477
			40.0545587078703	-22.2447109871477
			40.0897560353816	-22.2447109871477
			40.124953362893	-22.2447109871477
			40.1601506904043	-22.2447109871477
			40.1953480179156	-22.2447109871477
			40.2305453454269	-22.2447109871477
			40.2657426729382	-22.2447109871477
			40.3009400004495	-22.2447109871477
			40.3361373279608	-22.2447109871477
			40.3713346554721	-22.2447109871477
			40.4065319829834	-22.2447109871477
			40.4417293104947	-22.2447109871477
			40.476926638006	-22.2447109871477
			40.5121239655174	-22.2447109871477
			40.5473212930287	-22.2447109871477
			40.58251862054	-22.2447109871477
			40.6177159480513	-22.2447109871477
			40.6529132755626	-22.2447109871477
			40.6881106030739	-22.2447109871477
			40.7233079305852	-22.2447109871477
			40.7585052580965	-22.2447109871477
			40.7937025856078	-22.2447109871477
			40.8288999131191	-22.2447109871477
			40.8640972406304	-22.2447109871477
			40.8992945681418	-22.2447109871477
			40.9344918956531	-22.2447109871477
			40.9696892231644	-22.2447109871477
			41.0048865506757	-22.2447109871477
			41.040083878187	-22.2447109871477
			41.0752812056983	-22.2447109871477
			41.1104785332096	-22.2447109871477
			41.1456758607209	-22.2447109871477
			41.1808731882322	-22.2447109871477
			41.2160705157435	-22.2447109871477
			41.2512678432549	-22.2447109871477
			41.2864651707662	-22.2095136596364
			41.3216624982775	-22.2095136596364
			41.3568598257888	-22.2095136596364
			41.3920571533001	-22.2095136596364
			41.4272544808114	-22.2095136596364
			41.4624518083227	-22.2095136596364
			41.497649135834	-22.2095136596364
			41.5328464633453	-22.2095136596364
			41.5680437908566	-22.2095136596364
			41.603241118368	-22.2095136596364
			41.6384384458793	-22.2095136596364
			41.6736357733906	-22.2095136596364
			41.7088331009019	-22.2095136596364
			41.7440304284132	-22.2095136596364
			41.7792277559245	-22.2095136596364
			41.8144250834358	-22.2095136596364
			41.8496224109471	-22.2095136596364
			41.8848197384584	-22.2095136596364
			41.9200170659697	-22.1743163321251
			41.9552143934811	-22.1743163321251
			41.9904117209924	-22.1743163321251
			42.0256090485037	-22.1743163321251
			42.060806376015	-22.1743163321251
			42.0960037035263	-22.1743163321251
			42.1312010310376	-22.1743163321251
			42.1663983585489	-22.1743163321251
			42.2015956860602	-22.1743163321251
			42.2367930135715	-22.1743163321251
			42.2719903410828	-22.1743163321251
			42.3071876685941	-22.1743163321251
			42.3423849961055	-22.1391190046137
			42.3775823236168	-22.1391190046137
			42.4127796511281	-22.1391190046137
			42.4479769786394	-22.1391190046137
			42.4831743061507	-22.1391190046137
			42.518371633662	-22.1391190046137
			42.5535689611733	-22.1391190046137
			42.5887662886846	-22.1391190046137
			42.6239636161959	-22.1391190046137
			42.6591609437072	-22.1391190046137
			42.6943582712186	-22.1039216771024
			42.7295555987299	-22.1039216771024
			42.7647529262412	-22.1039216771024
			42.7999502537525	-22.1039216771024
			42.8351475812638	-22.1039216771024
			42.8703449087751	-22.1039216771024
			42.9055422362864	-22.1039216771024
			42.9407395637977	-22.1039216771024
			42.975936891309	-22.1039216771024
			43.0111342188203	-22.0687243495911
			43.0463315463317	-22.0687243495911
			43.081528873843	-22.0687243495911
			43.1167262013543	-22.0687243495911
			43.1519235288656	-22.0687243495911
			43.1871208563769	-22.0687243495911
			43.2223181838882	-22.0687243495911
			43.2575155113995	-22.0687243495911
			43.2927128389108	-22.0335270220798
			43.3279101664221	-22.0335270220798
			43.3631074939334	-22.0335270220798
			43.3983048214447	-22.0335270220798
			43.4335021489561	-22.0335270220798
			43.4686994764674	-22.0335270220798
			43.5038968039787	-22.0335270220798
			43.53909413149	-22.0335270220798
			43.5742914590013	-21.9983296945685
			43.6094887865126	-21.9983296945685
			43.6446861140239	-21.9983296945685
			43.6798834415352	-21.9983296945685
			43.7150807690465	-21.9983296945685
			43.7502780965578	-21.9983296945685
			43.7854754240691	-21.9631323670572
			43.8206727515805	-21.9631323670572
			43.8558700790918	-21.9631323670572
			43.8910674066031	-21.9631323670572
		</Snout_dorsal>
		<Dorsal_adipose type=matrix rownames=FALSE colnames=FALSE nrow=455 ncol=2 as.numeric=TRUE >
			43.8910674066031	-21.9631323670572
			43.9262647341144	-21.9631323670572
			43.9614620616257	-21.9631323670572
			43.996659389137	-21.9631323670572
			44.0318567166483	-21.9983296945685
			44.0670540441596	-21.9983296945685
			44.1022513716709	-21.9983296945685
			44.1374486991822	-21.9983296945685
			44.1726460266936	-21.9983296945685
			44.2078433542049	-22.0335270220798
			44.2430406817162	-22.0335270220798
			44.2782380092275	-22.0335270220798
			44.3134353367388	-22.0335270220798
			44.3486326642501	-22.0335270220798
			44.3838299917614	-22.0335270220798
			44.4190273192727	-22.0335270220798
			44.4190273192727	-22.0687243495911
			44.454224646784	-22.0687243495911
			44.4894219742953	-22.0687243495911
			44.5246193018067	-22.0687243495911
			44.559816629318	-22.0687243495911
			44.5950139568293	-22.0687243495911
			44.6302112843406	-22.1039216771024
			44.6654086118519	-22.1039216771024
			44.7006059393632	-22.1039216771024
			44.7358032668745	-22.1039216771024
			44.7710005943858	-22.1039216771024
			44.8061979218971	-22.1039216771024
			44.8061979218971	-22.1391190046137
			44.8413952494084	-22.1391190046137
			44.8765925769197	-22.1391190046137
			44.9117899044311	-22.1391190046137
			44.9469872319424	-22.1391190046137
			44.9821845594537	-22.1391190046137
			45.017381886965	-22.1391190046137
			45.0525792144763	-22.1743163321251
			45.0877765419876	-22.1743163321251
			45.1229738694989	-22.1743163321251
			45.1581711970102	-22.1743163321251
			45.1933685245215	-22.1743163321251
			45.2285658520328	-22.2095136596364
			45.2637631795442	-22.2095136596364
			45.2989605070555	-22.2095136596364
			45.3341578345668	-22.2095136596364
			45.3693551620781	-22.2095136596364
			45.4045524895894	-22.2447109871477
			45.4397498171007	-22.2447109871477
			45.474947144612	-22.2447109871477
			45.5101444721233	-22.2447109871477
			45.5453417996346	-22.2447109871477
			45.5805391271459	-22.2447109871477
			45.6157364546573	-22.279908314659
			45.6509337821686	-22.279908314659
			45.6861311096799	-22.279908314659
			45.7213284371912	-22.279908314659
			45.7565257647025	-22.279908314659
			45.7917230922138	-22.3151056421703
			45.8269204197251	-22.3151056421703
			45.8621177472364	-22.3151056421703
			45.8973150747477	-22.3151056421703
			45.932512402259	-22.3151056421703
			45.9677097297703	-22.3151056421703
			46.0029070572817	-22.3503029696816
			46.038104384793	-22.3503029696816
			46.0733017123043	-22.3503029696816
			46.1084990398156	-22.3503029696816
			46.1436963673269	-22.3503029696816
			46.1788936948382	-22.3855002971929
			46.2140910223495	-22.3855002971929
			46.2492883498608	-22.3855002971929
			46.2844856773721	-22.3855002971929
			46.3196830048834	-22.3855002971929
			46.3548803323947	-22.4206976247042
			46.3900776599061	-22.4206976247042
			46.4252749874174	-22.4206976247042
			46.4604723149287	-22.4206976247042
			46.49566964244	-22.4206976247042
			46.5308669699513	-22.4558949522155
			46.5660642974626	-22.4558949522155
			46.6012616249739	-22.4558949522155
			46.6364589524852	-22.4558949522155
			46.6716562799965	-22.4558949522155
			46.7068536075078	-22.4558949522155
			46.7420509350192	-22.4910922797268
			46.7772482625305	-22.4910922797268
			46.8124455900418	-22.4910922797268
			46.8476429175531	-22.4910922797268
			46.8828402450644	-22.4910922797268
			46.9180375725757	-22.5262896072381
			46.953234900087	-22.5262896072381
			46.9884322275983	-22.5262896072381
			47.0236295551096	-22.5262896072381
			47.0588268826209	-22.5614869347495
			47.0940242101323	-22.5614869347495
			47.1292215376436	-22.5614869347495
			47.1644188651549	-22.5614869347495
			47.1996161926662	-22.5614869347495
			47.2348135201775	-22.5614869347495
			47.2700108476888	-22.5966842622608
			47.3052081752001	-22.5966842622608
			47.3404055027114	-22.5966842622608
			47.3756028302227	-22.5966842622608
			47.410800157734	-22.5966842622608
			47.4459974852453	-22.6318815897721
			47.4811948127567	-22.6318815897721
			47.516392140268	-22.6318815897721
			47.5515894677793	-22.6318815897721
			47.5867867952906	-22.6318815897721
			47.6219841228019	-22.6670789172834
			47.6571814503132	-22.6670789172834
			47.6923787778245	-22.6670789172834
			47.7275761053358	-22.6670789172834
			47.7627734328471	-22.6670789172834
			47.7627734328471	-22.7022762447947
			47.7979707603584	-22.7022762447947
			47.8331680878698	-22.7022762447947
			47.8683654153811	-22.7022762447947
			47.9035627428924	-22.7022762447947
			47.9387600704037	-22.737473572306
			47.973957397915	-22.737473572306
			48.0091547254263	-22.737473572306
			48.0443520529376	-22.737473572306
			48.0795493804489	-22.737473572306
			48.1147467079602	-22.7726708998173
			48.1499440354715	-22.7726708998173
			48.1851413629829	-22.7726708998173
			48.2203386904942	-22.7726708998173
			48.2555360180055	-22.7726708998173
			48.2907333455168	-22.8078682273286
			48.3259306730281	-22.8078682273286
			48.3611280005394	-22.8078682273286
			48.3963253280507	-22.8078682273286
			48.431522655562	-22.8430655548399
			48.4667199830733	-22.8430655548399
			48.5019173105846	-22.8430655548399
			48.537114638096	-22.8430655548399
			48.5723119656073	-22.8430655548399
			48.6075092931186	-22.8782628823512
			48.6427066206299	-22.8782628823512
			48.6779039481412	-22.8782628823512
			48.7131012756525	-22.8782628823512
			48.7482986031638	-22.9134602098626
			48.7834959306751	-22.9134602098626
			48.8186932581864	-22.9134602098626
			48.8538905856977	-22.9134602098626
			48.889087913209	-22.9134602098626
			48.9242852407204	-22.9486575373739
			48.9594825682317	-22.9486575373739
			48.994679895743	-22.9486575373739
			49.0298772232543	-22.9486575373739
			49.0650745507656	-22.9838548648852
			49.1002718782769	-22.9838548648852
			49.1354692057882	-22.9838548648852
			49.1706665332995	-22.9838548648852
			49.2058638608108	-23.0190521923965
			49.2410611883221	-23.0190521923965
			49.2762585158334	-23.0190521923965
			49.3114558433448	-23.0190521923965
			49.3466531708561	-23.0190521923965
			49.3818504983674	-23.0542495199078
			49.4170478258787	-23.0542495199078
			49.45224515339	-23.0542495199078
			49.4874424809013	-23.0542495199078
			49.5226398084126	-23.0894468474191
			49.5578371359239	-23.0894468474191
			49.5930344634352	-23.0894468474191
			49.6282317909465	-23.0894468474191
			49.6634291184579	-23.1246441749304
			49.6986264459692	-23.1246441749304
			49.7338237734805	-23.1246441749304
			49.7690211009918	-23.1246441749304
			49.8042184285031	-23.1598415024417
			49.8394157560144	-23.1598415024417
			49.8746130835257	-23.1598415024417
			49.909810411037	-23.1598415024417
			49.9450077385483	-23.195038829953
			49.9802050660596	-23.195038829953
			50.015402393571	-23.195038829953
			50.0505997210823	-23.195038829953
			50.0857970485936	-23.2302361574643
			50.1209943761049	-23.2302361574643
			50.1561917036162	-23.2302361574643
			50.1913890311275	-23.2302361574643
			50.2265863586388	-23.2302361574643
			50.2265863586388	-23.2654334849756
			50.2617836861501	-23.2654334849756
			50.2969810136614	-23.2654334849756
			50.3321783411727	-23.2654334849756
			50.367375668684	-23.300630812487
			50.4025729961954	-23.300630812487
			50.4377703237067	-23.300630812487
			50.472967651218	-23.300630812487
			50.5081649787293	-23.3358281399983
			50.5433623062406	-23.3358281399983
			50.5785596337519	-23.3358281399983
			50.6137569612632	-23.3358281399983
			50.6489542887745	-23.3710254675096
			50.6841516162858	-23.3710254675096
			50.7193489437971	-23.3710254675096
			50.7545462713084	-23.4062227950209
			50.7897435988198	-23.4062227950209
			50.8249409263311	-23.4062227950209
			50.8601382538424	-23.4062227950209
			50.8953355813537	-23.4414201225322
			50.930532908865	-23.4414201225322
			50.9657302363763	-23.4414201225322
			51.0009275638876	-23.4414201225322
			51.0361248913989	-23.4766174500435
			51.0713222189102	-23.4766174500435
			51.1065195464215	-23.4766174500435
			51.1417168739329	-23.4766174500435
			51.1769142014442	-23.5118147775548
			51.2121115289555	-23.5118147775548
			51.2473088564668	-23.5118147775548
			51.2825061839781	-23.5470121050661
			51.3177035114894	-23.5470121050661
			51.3529008390007	-23.5470121050661
			51.388098166512	-23.5470121050661
			51.4232954940233	-23.5822094325774
			51.4584928215346	-23.5822094325774
			51.493690149046	-23.5822094325774
			51.5288874765573	-23.6174067600887
			51.5640848040686	-23.6174067600887
			51.5992821315799	-23.6174067600887
			51.6344794590912	-23.6526040876001
			51.6696767866025	-23.6526040876001
			51.7048741141138	-23.6526040876001
			51.7400714416251	-23.6526040876001
			51.7752687691364	-23.6878014151114
			51.8104660966477	-23.6878014151114
			51.845663424159	-23.6878014151114
			51.8808607516704	-23.7229987426227
			51.9160580791817	-23.7229987426227
			51.951255406693	-23.7229987426227
			51.9864527342043	-23.7229987426227
			52.0216500617156	-23.758196070134
			52.0568473892269	-23.758196070134
			52.0920447167382	-23.758196070134
			52.1272420442495	-23.7933933976453
			52.1624393717608	-23.7933933976453
			52.1976366992721	-23.7933933976453
			52.2328340267835	-23.8285907251566
			52.2680313542948	-23.8285907251566
			52.3032286818061	-23.8285907251566
			52.3384260093174	-23.8285907251566
			52.3736233368287	-23.8637880526679
			52.40882066434	-23.8637880526679
			52.4440179918513	-23.8637880526679
			52.4792153193626	-23.8637880526679
			52.5144126468739	-23.8989853801792
			52.5496099743852	-23.8989853801792
			52.5848073018966	-23.8989853801792
			52.6200046294079	-23.8989853801792
			52.6552019569192	-23.8989853801792
			52.6552019569192	-23.9341827076905
			52.6903992844305	-23.9341827076905
			52.7255966119418	-23.9341827076905
			52.7607939394531	-23.9341827076905
			52.7959912669644	-23.9693800352018
			52.8311885944757	-23.9693800352018
			52.866385921987	-23.9693800352018
			52.9015832494983	-23.9693800352018
			52.9367805770096	-23.9693800352018
			52.971977904521	-24.0045773627132
			53.0071752320323	-24.0045773627132
			53.0423725595436	-24.0045773627132
			53.0775698870549	-24.0045773627132
			53.1127672145662	-24.0397746902245
			53.1479645420775	-24.0397746902245
			53.1831618695888	-24.0397746902245
			53.2183591971001	-24.0397746902245
			53.2535565246114	-24.0397746902245
			53.2887538521227	-24.0749720177358
			53.3239511796341	-24.0749720177358
			53.3591485071454	-24.0749720177358
			53.3943458346567	-24.0749720177358
			53.429543162168	-24.0749720177358
			53.4647404896793	-24.1101693452471
			53.4999378171906	-24.1101693452471
			53.5351351447019	-24.1101693452471
			53.5703324722132	-24.1101693452471
			53.6055297997245	-24.1453666727584
			53.6407271272358	-24.1453666727584
			53.6759244547471	-24.1453666727584
			53.7111217822585	-24.1453666727584
			53.7463191097698	-24.1453666727584
			53.7815164372811	-24.1805640002697
			53.8167137647924	-24.1805640002697
			53.8519110923037	-24.1805640002697
			53.887108419815	-24.1805640002697
			53.9223057473263	-24.1805640002697
			53.9575030748376	-24.215761327781
			53.9927004023489	-24.215761327781
			54.0278977298602	-24.215761327781
			54.0630950573716	-24.215761327781
			54.0982923848829	-24.215761327781
			54.1334897123942	-24.2509586552923
			54.1686870399055	-24.2509586552923
			54.2038843674168	-24.2509586552923
			54.2390816949281	-24.2509586552923
			54.2742790224394	-24.2509586552923
			54.3094763499507	-24.2509586552923
			54.344673677462	-24.2861559828036
			54.3798710049733	-24.2861559828036
			54.4150683324847	-24.2861559828036
			54.450265659996	-24.2861559828036
			54.4854629875073	-24.2861559828036
			54.5206603150186	-24.3213533103149
			54.5558576425299	-24.3213533103149
			54.5910549700412	-24.3213533103149
			54.6262522975525	-24.3213533103149
			54.6614496250638	-24.3213533103149
			54.6966469525751	-24.3213533103149
			54.7318442800864	-24.3565506378262
			54.7670416075977	-24.3565506378262
			54.8022389351091	-24.3565506378262
			54.8374362626204	-24.3565506378262
			54.8726335901317	-24.3565506378262
			54.907830917643	-24.3565506378262
			54.9430282451543	-24.3917479653376
			54.9782255726656	-24.3917479653376
			55.0134229001769	-24.3917479653376
			55.0486202276882	-24.3917479653376
			55.0838175551995	-24.3917479653376
			55.1190148827108	-24.3917479653376
			55.1542122102222	-24.4269452928489
			55.1894095377335	-24.4269452928489
			55.2246068652448	-24.4269452928489
			55.2598041927561	-24.4269452928489
			55.2950015202674	-24.4269452928489
			55.3301988477787	-24.4269452928489
			55.36539617529	-24.4621426203602
			55.4005935028013	-24.4621426203602
			55.4357908303126	-24.4621426203602
			55.4709881578239	-24.4621426203602
			55.5061854853353	-24.4621426203602
			55.5413828128466	-24.4621426203602
			55.5765801403579	-24.4973399478715
			55.6117774678692	-24.4973399478715
			55.6469747953805	-24.4973399478715
			55.6821721228918	-24.4973399478715
			55.7173694504031	-24.4973399478715
			55.7525667779144	-24.4973399478715
			55.7877641054257	-24.4973399478715
			55.7877641054257	-24.5325372753828
			55.822961432937	-24.5325372753828
			55.8581587604483	-24.5325372753828
			55.8933560879597	-24.5325372753828
			55.928553415471	-24.5325372753828
			55.9637507429823	-24.5325372753828
			55.9989480704936	-24.5325372753828
			56.0341453980049	-24.5325372753828
			56.0341453980049	-24.5677346028941
			56.0693427255162	-24.5677346028941
			56.1045400530275	-24.5677346028941
			56.1397373805388	-24.5677346028941
			56.1749347080501	-24.5677346028941
			56.2101320355614	-24.5677346028941
			56.2453293630727	-24.5677346028941
			56.2805266905841	-24.6029319304054
			56.3157240180954	-24.6029319304054
			56.3509213456067	-24.6029319304054
			56.386118673118	-24.6029319304054
			56.4213160006293	-24.6029319304054
			56.4565133281406	-24.6029319304054
			56.4917106556519	-24.6029319304054
			56.5269079831632	-24.6381292579167
			56.5621053106745	-24.6381292579167
			56.5973026381858	-24.6381292579167
			56.6324999656972	-24.6381292579167
			56.6676972932085	-24.6381292579167
			56.7028946207198	-24.6381292579167
			56.7380919482311	-24.6381292579167
			56.7732892757424	-24.6381292579167
			56.8084866032537	-24.673326585428
			56.843683930765	-24.673326585428
			56.8788812582763	-24.673326585428
			56.9140785857876	-24.673326585428
			56.9492759132989	-24.673326585428
			56.9844732408103	-24.673326585428
			57.0196705683216	-24.673326585428
			57.0548678958329	-24.7085239129393
			57.0900652233442	-24.7085239129393
			57.1252625508555	-24.7085239129393
			57.1604598783668	-24.7085239129393
			57.1956572058781	-24.7085239129393
			57.2308545333894	-24.7085239129393
			57.2660518609007	-24.7085239129393
			57.301249188412	-24.7085239129393
			57.3364465159233	-24.7437212404507
			57.3716438434347	-24.7437212404507
			57.406841170946	-24.7437212404507
			57.4420384984573	-24.7437212404507
			57.4772358259686	-24.7437212404507
			57.5124331534799	-24.7437212404507
			57.5476304809912	-24.7437212404507
			57.5828278085025	-24.778918567962
			57.6180251360138	-24.778918567962
			57.6532224635251	-24.778918567962
			57.6884197910364	-24.778918567962
			57.7236171185478	-24.778918567962
			57.7588144460591	-24.778918567962
			57.7940117735704	-24.778918567962
			57.8292091010817	-24.778918567962
			57.864406428593	-24.8141158954733
			57.8996037561043	-24.8141158954733
			57.9348010836156	-24.8141158954733
			57.9699984111269	-24.8141158954733
			58.0051957386382	-24.8141158954733
			58.0403930661495	-24.8141158954733
			58.0755903936609	-24.8141158954733
			58.1107877211722	-24.8141158954733
			58.1459850486835	-24.8141158954733
			58.1459850486835	-24.8493132229846
			58.1811823761948	-24.8493132229846
			58.2163797037061	-24.8493132229846
			58.2515770312174	-24.8493132229846
			58.2867743587287	-24.8493132229846
			58.32197168624	-24.8493132229846
			58.3571690137513	-24.8493132229846
			58.3923663412626	-24.8493132229846
			58.4275636687739	-24.8493132229846
			58.4627609962853	-24.8845105504959
			58.4979583237966	-24.8845105504959
			58.5331556513079	-24.8845105504959
			58.5683529788192	-24.8845105504959
			58.6035503063305	-24.8845105504959
			58.6387476338418	-24.8845105504959
			58.6739449613531	-24.8845105504959
			58.7091422888644	-24.8845105504959
			58.7443396163757	-24.8845105504959
			58.779536943887	-24.8845105504959
			58.8147342713984	-24.9197078780072
			58.8499315989097	-24.9197078780072
			58.885128926421	-24.9197078780072
			58.9203262539323	-24.9197078780072
			58.9555235814436	-24.9197078780072
			58.9907209089549	-24.9197078780072
			59.0259182364662	-24.9197078780072
			59.0611155639775	-24.9197078780072
			59.0963128914888	-24.9549052055185
			59.1315102190001	-24.9549052055185
			59.1667075465114	-24.9549052055185
			59.2019048740228	-24.9549052055185
			59.2371022015341	-24.9549052055185
			59.2722995290454	-24.9549052055185
			59.3074968565567	-24.9549052055185
			59.342694184068	-24.9549052055185
			59.3778915115793	-24.9549052055185
			59.4130888390906	-24.9901025330298
			59.4482861666019	-24.9901025330298
			59.4834834941132	-24.9901025330298
			59.5186808216245	-24.9901025330298
			59.5538781491359	-24.9901025330298
			59.5890754766472	-24.9901025330298
		</Dorsal_adipose>
		<Adipose_caudal type=matrix rownames=FALSE colnames=FALSE nrow=209 ncol=2 as.numeric=TRUE >
			59.5890754766472	-24.9901025330298
			59.6242728041585	-24.9901025330298
			59.6594701316698	-24.9901025330298
			59.6946674591811	-24.9901025330298
			59.7298647866924	-24.9901025330298
			59.7650621142037	-25.0252998605411
			59.800259441715	-25.0252998605411
			59.8354567692263	-25.0252998605411
			59.8706540967376	-25.0252998605411
			59.905851424249	-25.0604971880524
			59.9410487517603	-25.0604971880524
			59.9762460792716	-25.0604971880524
			60.0114434067829	-25.0604971880524
			60.0114434067829	-25.0956945155637
			60.0466407342942	-25.0956945155637
			60.0818380618055	-25.0956945155637
			60.1170353893168	-25.1308918430751
			60.1522327168281	-25.1308918430751
			60.1874300443394	-25.1660891705864
			60.2226273718507	-25.2012864980977
			60.257824699362	-25.2012864980977
			60.2930220268734	-25.236483825609
			60.3282193543847	-25.236483825609
			60.3282193543847	-25.2716811531203
			60.363416681896	-25.2716811531203
			60.363416681896	-25.3068784806316
			60.3986140094073	-25.3420758081429
			60.4338113369186	-25.3772731356542
			60.4690086644299	-25.4124704631655
			60.4690086644299	-25.4476677906768
			60.5042059919412	-25.4476677906768
			60.5394033194525	-25.4476677906768
			60.5746006469638	-25.4828651181882
			60.6097979744751	-25.4828651181882
			60.6449953019864	-25.4828651181882
			60.6801926294978	-25.4828651181882
			60.7153899570091	-25.4828651181882
			60.7505872845204	-25.4828651181882
			60.7857846120317	-25.5180624456995
			60.820981939543	-25.5180624456995
			60.8561792670543	-25.5180624456995
			60.8913765945656	-25.5180624456995
			60.9265739220769	-25.5180624456995
			60.9617712495882	-25.5180624456995
			60.9969685770996	-25.5532597732108
			61.0321659046109	-25.5532597732108
			61.0673632321222	-25.5532597732108
			61.1025605596335	-25.5532597732108
			61.1377578871448	-25.5532597732108
			61.1729552146561	-25.5532597732108
			61.2081525421674	-25.5884571007221
			61.2433498696787	-25.5884571007221
			61.27854719719	-25.5884571007221
			61.3137445247013	-25.5884571007221
			61.3489418522126	-25.5884571007221
			61.384139179724	-25.5884571007221
			61.4193365072353	-25.6236544282334
			61.4545338347466	-25.6236544282334
			61.4897311622579	-25.6236544282334
			61.5249284897692	-25.6236544282334
			61.5601258172805	-25.6236544282334
			61.5953231447918	-25.6236544282334
			61.6305204723031	-25.6588517557447
			61.6657177998144	-25.6588517557447
			61.7009151273257	-25.6588517557447
			61.736112454837	-25.6588517557447
			61.7713097823484	-25.6588517557447
			61.8065071098597	-25.6588517557447
			61.841704437371	-25.6588517557447
			61.8769017648823	-25.694049083256
			61.9120990923936	-25.694049083256
			61.9472964199049	-25.694049083256
			61.9824937474162	-25.694049083256
			62.0176910749275	-25.694049083256
			62.0528884024388	-25.694049083256
			62.0880857299501	-25.694049083256
			62.1232830574615	-25.7292464107673
			62.1584803849728	-25.7292464107673
			62.1936777124841	-25.7292464107673
			62.2288750399954	-25.7292464107673
			62.2640723675067	-25.7292464107673
			62.299269695018	-25.7292464107673
			62.3344670225293	-25.7292464107673
			62.3696643500406	-25.7292464107673
			62.3696643500406	-25.7644437382786
			62.4048616775519	-25.7644437382786
			62.4400590050632	-25.7644437382786
			62.4752563325746	-25.7644437382786
			62.5104536600859	-25.7644437382786
			62.5456509875972	-25.7644437382786
			62.5808483151085	-25.7644437382786
			62.6160456426198	-25.7644437382786
			62.6512429701311	-25.7644437382786
			62.6864402976424	-25.7996410657899
			62.7216376251537	-25.7996410657899
			62.756834952665	-25.7996410657899
			62.7920322801763	-25.7996410657899
			62.8272296076876	-25.7996410657899
			62.862426935199	-25.7996410657899
			62.8976242627103	-25.7996410657899
			62.9328215902216	-25.7996410657899
			62.9680189177329	-25.7996410657899
			63.0032162452442	-25.8348383933013
			63.0384135727555	-25.8348383933013
			63.0736109002668	-25.8348383933013
			63.1088082277781	-25.8348383933013
			63.1440055552894	-25.8348383933013
			63.1792028828007	-25.8348383933013
			63.214400210312	-25.8348383933013
			63.2495975378234	-25.8348383933013
			63.2847948653347	-25.8348383933013
			63.319992192846	-25.8700357208126
			63.3551895203573	-25.8700357208126
			63.3903868478686	-25.8700357208126
			63.4255841753799	-25.8700357208126
			63.4607815028912	-25.8700357208126
			63.4959788304025	-25.8700357208126
			63.5311761579138	-25.8700357208126
			63.5663734854251	-25.8700357208126
			63.6015708129365	-25.8700357208126
			63.6367681404478	-25.8700357208126
			63.6719654679591	-25.8700357208126
			63.7071627954704	-25.9052330483239
			63.7423601229817	-25.9052330483239
			63.777557450493	-25.9052330483239
			63.8127547780043	-25.9052330483239
			63.8479521055156	-25.9052330483239
			63.8831494330269	-25.9052330483239
			63.9183467605382	-25.9052330483239
			63.9535440880496	-25.9052330483239
			63.9887414155609	-25.9052330483239
			64.0239387430722	-25.9052330483239
			64.0591360705835	-25.9052330483239
			64.0943333980948	-25.9052330483239
			64.1295307256061	-25.9052330483239
			64.1647280531174	-25.9052330483239
			64.1647280531174	-25.9404303758352
			64.1999253806287	-25.9404303758352
			64.23512270814	-25.9404303758352
			64.2703200356513	-25.9404303758352
			64.3055173631627	-25.9404303758352
			64.340714690674	-25.9404303758352
			64.3759120181853	-25.9404303758352
			64.4111093456966	-25.9404303758352
			64.4463066732079	-25.9404303758352
			64.4815040007192	-25.9404303758352
			64.5167013282305	-25.9404303758352
			64.5518986557418	-25.9404303758352
			64.5870959832531	-25.9404303758352
			64.6222933107644	-25.9404303758352
			64.6574906382757	-25.9404303758352
			64.6926879657871	-25.9404303758352
			64.7278852932984	-25.9404303758352
			64.7630826208097	-25.9404303758352
			64.798279948321	-25.9404303758352
			64.8334772758323	-25.9404303758352
			64.8686746033436	-25.9756277033465
			64.9038719308549	-25.9756277033465
			64.9390692583662	-25.9756277033465
			64.9742665858775	-25.9756277033465
			65.0094639133888	-25.9756277033465
			65.0446612409002	-25.9756277033465
			65.0798585684115	-25.9756277033465
			65.1150558959228	-25.9756277033465
			65.1502532234341	-25.9756277033465
			65.1854505509454	-25.9756277033465
			65.2206478784567	-25.9756277033465
			65.255845205968	-25.9756277033465
			65.2910425334793	-25.9756277033465
			65.3262398609906	-25.9756277033465
			65.3614371885019	-25.9756277033465
			65.3966345160133	-25.9756277033465
			65.4318318435246	-25.9756277033465
			65.4670291710359	-25.9756277033465
			65.5022264985472	-25.9756277033465
			65.5374238260585	-25.9756277033465
			65.5726211535698	-25.9756277033465
			65.6078184810811	-25.9756277033465
			65.6430158085924	-25.9756277033465
			65.6782131361037	-25.9756277033465
			65.713410463615	-25.9756277033465
			65.7486077911263	-25.9756277033465
			65.7838051186377	-25.9756277033465
			65.819002446149	-25.9404303758352
			65.8541997736603	-25.9404303758352
			65.8893971011716	-25.9404303758352
			65.9245944286829	-25.9052330483239
			65.9597917561942	-25.9052330483239
			65.9949890837055	-25.9052330483239
			66.0301864112168	-25.9052330483239
			66.0653837387281	-25.8700357208126
			66.1005810662394	-25.8700357208126
			66.1357783937508	-25.8700357208126
			66.1709757212621	-25.8700357208126
			66.2061730487734	-25.8700357208126
			66.2413703762847	-25.8700357208126
			66.276567703796	-25.8348383933013
			66.3117650313073	-25.8348383933013
			66.3469623588186	-25.8348383933013
			66.3821596863299	-25.8348383933013
			66.4173570138412	-25.8348383933013
			66.4525543413525	-25.8348383933013
			66.4877516688639	-25.8348383933013
			66.5229489963751	-25.8348383933013
			66.5581463238865	-25.8348383933013
			66.5933436513978	-25.8348383933013
			66.6285409789091	-25.8348383933013
			66.6637383064204	-25.8700357208126
			66.6989356339317	-25.8700357208126
		</Adipose_caudal>
		<Caudal_anal type=matrix rownames=FALSE colnames=FALSE nrow=411 ncol=2 as.numeric=TRUE >
			66.9101195989996	-30.5160829523054
			66.8749222714882	-30.5160829523054
			66.8397249439769	-30.5512802798167
			66.8045276164656	-30.5512802798167
			66.7693302889543	-30.5512802798167
			66.734132961443	-30.5512802798167
			66.6989356339317	-30.586477607328
			66.6637383064204	-30.586477607328
			66.6285409789091	-30.586477607328
			66.5933436513978	-30.586477607328
			66.5581463238865	-30.586477607328
			66.5229489963751	-30.586477607328
			66.4877516688639	-30.586477607328
			66.4525543413525	-30.586477607328
			66.4173570138412	-30.586477607328
			66.3821596863299	-30.586477607328
			66.3469623588186	-30.586477607328
			66.3117650313073	-30.586477607328
			66.276567703796	-30.586477607328
			66.2413703762847	-30.586477607328
			66.2061730487734	-30.586477607328
			66.1709757212621	-30.586477607328
			66.1357783937508	-30.586477607328
			66.1005810662394	-30.586477607328
			66.1005810662394	-30.5512802798167
			66.0653837387281	-30.5512802798167
			66.0301864112168	-30.5512802798167
			65.9949890837055	-30.5512802798167
			65.9597917561942	-30.5512802798167
			65.9245944286829	-30.5512802798167
			65.8893971011716	-30.5512802798167
			65.8541997736603	-30.5512802798167
			65.819002446149	-30.5512802798167
			65.7838051186377	-30.5512802798167
			65.7486077911263	-30.5160829523054
			65.713410463615	-30.5160829523054
			65.6782131361037	-30.5160829523054
			65.6430158085924	-30.5160829523054
			65.6078184810811	-30.5160829523054
			65.5726211535698	-30.5160829523054
			65.5374238260585	-30.5160829523054
			65.5022264985472	-30.5160829523054
			65.4670291710359	-30.5160829523054
			65.4318318435246	-30.5160829523054
			65.3966345160133	-30.5160829523054
			65.3614371885019	-30.5160829523054
			65.3262398609906	-30.5160829523054
			65.2910425334793	-30.5160829523054
			65.255845205968	-30.5160829523054
			65.2206478784567	-30.5160829523054
			65.1854505509454	-30.5160829523054
			65.1502532234341	-30.5160829523054
			65.1150558959228	-30.5160829523054
			65.0798585684115	-30.5160829523054
			65.0446612409002	-30.5160829523054
			65.0094639133888	-30.5160829523054
			64.9742665858775	-30.5160829523054
			64.9390692583662	-30.5160829523054
			64.9038719308549	-30.5160829523054
			64.8686746033436	-30.5160829523054
			64.8334772758323	-30.5512802798167
			64.798279948321	-30.5512802798167
			64.7630826208097	-30.5512802798167
			64.7278852932984	-30.5512802798167
			64.6926879657871	-30.5512802798167
			64.6574906382757	-30.5512802798167
			64.6222933107644	-30.5512802798167
			64.5870959832531	-30.5512802798167
			64.5518986557418	-30.5512802798167
			64.5167013282305	-30.5512802798167
			64.4815040007192	-30.5512802798167
			64.4463066732079	-30.5512802798167
			64.4111093456966	-30.5512802798167
			64.3759120181853	-30.5512802798167
			64.340714690674	-30.5512802798167
			64.3055173631627	-30.5512802798167
			64.2703200356513	-30.5512802798167
			64.23512270814	-30.5512802798167
			64.1999253806287	-30.5512802798167
			64.1647280531174	-30.5512802798167
			64.1295307256061	-30.5512802798167
			64.0943333980948	-30.5512802798167
			64.0591360705835	-30.5512802798167
			64.0239387430722	-30.5512802798167
			63.9887414155609	-30.586477607328
			63.9535440880496	-30.586477607328
			63.9183467605382	-30.586477607328
			63.8831494330269	-30.586477607328
			63.8479521055156	-30.586477607328
			63.8127547780043	-30.586477607328
			63.777557450493	-30.586477607328
			63.7423601229817	-30.586477607328
			63.7071627954704	-30.586477607328
			63.6719654679591	-30.586477607328
			63.6367681404478	-30.586477607328
			63.6015708129365	-30.586477607328
			63.5663734854251	-30.586477607328
			63.5311761579138	-30.586477607328
			63.4959788304025	-30.586477607328
			63.4607815028912	-30.6216749348394
			63.4255841753799	-30.6216749348394
			63.3903868478686	-30.6216749348394
			63.3551895203573	-30.6216749348394
			63.319992192846	-30.6216749348394
			63.2847948653347	-30.6216749348394
			63.2495975378234	-30.6216749348394
			63.214400210312	-30.6216749348394
			63.1792028828007	-30.6216749348394
			63.1440055552894	-30.6216749348394
			63.1088082277781	-30.6216749348394
			63.0736109002668	-30.6216749348394
			63.0384135727555	-30.6216749348394
			63.0032162452442	-30.6568722623507
			62.9680189177329	-30.6568722623507
			62.9328215902216	-30.6568722623507
			62.8976242627103	-30.6568722623507
			62.862426935199	-30.6568722623507
			62.8272296076876	-30.6568722623507
			62.7920322801763	-30.6568722623507
			62.756834952665	-30.6568722623507
			62.7216376251537	-30.6568722623507
			62.6864402976424	-30.6568722623507
			62.6512429701311	-30.6568722623507
			62.6160456426198	-30.692069589862
			62.5808483151085	-30.692069589862
			62.5456509875972	-30.692069589862
			62.5104536600859	-30.692069589862
			62.4752563325746	-30.692069589862
			62.4400590050632	-30.692069589862
			62.4048616775519	-30.692069589862
			62.3696643500406	-30.692069589862
			62.3344670225293	-30.692069589862
			62.299269695018	-30.692069589862
			62.2640723675067	-30.7272669173733
			62.2288750399954	-30.7272669173733
			62.1936777124841	-30.7272669173733
			62.1584803849728	-30.7272669173733
			62.1232830574615	-30.7272669173733
			62.0880857299501	-30.7272669173733
			62.0528884024388	-30.7272669173733
			62.0176910749275	-30.7272669173733
			61.9824937474162	-30.7624642448846
			61.9472964199049	-30.7624642448846
			61.9120990923936	-30.7624642448846
			61.8769017648823	-30.7624642448846
			61.841704437371	-30.7624642448846
			61.8065071098597	-30.7624642448846
			61.7713097823484	-30.7624642448846
			61.736112454837	-30.7624642448846
			61.7009151273257	-30.7624642448846
			61.6657177998144	-30.7976615723959
			61.6305204723031	-30.7976615723959
			61.5953231447918	-30.7976615723959
			61.5601258172805	-30.7976615723959
			61.5249284897692	-30.7976615723959
			61.4897311622579	-30.7976615723959
			61.4545338347466	-30.7976615723959
			61.4193365072353	-30.8328588999072
			61.384139179724	-30.8328588999072
			61.3489418522126	-30.8328588999072
			61.3137445247013	-30.8328588999072
			61.27854719719	-30.8328588999072
			61.2433498696787	-30.8328588999072
			61.2081525421674	-30.8328588999072
			61.1729552146561	-30.8680562274185
			61.1377578871448	-30.8680562274185
			61.1025605596335	-30.8680562274185
			61.0673632321222	-30.8680562274185
			61.0321659046109	-30.8680562274185
			60.9969685770996	-30.8680562274185
			60.9617712495882	-30.8680562274185
			60.9617712495882	-30.9032535549298
			60.9265739220769	-30.9032535549298
			60.8913765945656	-30.9032535549298
			60.8561792670543	-30.9032535549298
			60.820981939543	-30.9032535549298
			60.7857846120317	-30.9032535549298
			60.7505872845204	-30.9032535549298
			60.7153899570091	-30.9384508824411
			60.6801926294978	-30.9384508824411
			60.6449953019864	-30.9384508824411
			60.6097979744751	-30.9384508824411
			60.5746006469638	-30.9384508824411
			60.5394033194525	-30.9384508824411
			60.5042059919412	-30.9736482099525
			60.4690086644299	-30.9736482099525
			60.4338113369186	-30.9736482099525
			60.3986140094073	-30.9736482099525
			60.363416681896	-30.9736482099525
			60.3282193543847	-31.0088455374638
			60.2930220268734	-31.0088455374638
			60.257824699362	-31.0088455374638
			60.2226273718507	-31.0088455374638
			60.1874300443394	-31.0088455374638
			60.1522327168281	-31.0088455374638
			60.1170353893168	-31.0440428649751
			60.0818380618055	-31.0440428649751
			60.0466407342942	-31.0440428649751
			60.0114434067829	-31.0440428649751
			59.9762460792716	-31.0440428649751
			59.9410487517603	-31.0792401924864
			59.905851424249	-31.0792401924864
			59.8706540967376	-31.0792401924864
			59.8354567692263	-31.0792401924864
			59.800259441715	-31.0792401924864
			59.7650621142037	-31.1144375199977
			59.7298647866924	-31.1144375199977
			59.6946674591811	-31.1144375199977
			59.6594701316698	-31.1144375199977
			59.6242728041585	-31.1144375199977
			59.5890754766472	-31.1144375199977
			59.5538781491359	-31.149634847509
			59.5186808216245	-31.149634847509
			59.4834834941132	-31.149634847509
			59.4482861666019	-31.149634847509
			59.4130888390906	-31.149634847509
			59.3778915115793	-31.1848321750203
			59.342694184068	-31.1848321750203
			59.3074968565567	-31.1848321750203
			59.2722995290454	-31.1848321750203
			59.2371022015341	-31.1848321750203
			59.2019048740228	-31.1848321750203
			59.1667075465114	-31.2200295025316
			59.1315102190001	-31.2200295025316
			59.0963128914888	-31.2200295025316
			59.0611155639775	-31.2200295025316
			59.0259182364662	-31.2200295025316
			58.9907209089549	-31.2200295025316
			58.9555235814436	-31.2552268300429
			58.9203262539323	-31.2552268300429
			58.885128926421	-31.2552268300429
			58.8499315989097	-31.2552268300429
			58.8147342713984	-31.2552268300429
			58.779536943887	-31.2552268300429
			58.7443396163757	-31.2552268300429
			58.7091422888644	-31.2904241575542
			58.6739449613531	-31.2904241575542
			58.6387476338418	-31.2904241575542
			58.6035503063305	-31.2904241575542
			58.5683529788192	-31.2904241575542
			58.5331556513079	-31.2904241575542
			58.4979583237966	-31.3256214850656
			58.4627609962853	-31.3256214850656
			58.4275636687739	-31.3256214850656
			58.3923663412626	-31.3256214850656
			58.3571690137513	-31.3256214850656
			58.32197168624	-31.3256214850656
			58.2867743587287	-31.3256214850656
			58.2515770312174	-31.3608188125769
			58.2163797037061	-31.3608188125769
			58.1811823761948	-31.3608188125769
			58.1459850486835	-31.3608188125769
			58.1107877211722	-31.3608188125769
			58.0755903936609	-31.3608188125769
			58.0403930661495	-31.3960161400882
			58.0051957386382	-31.3960161400882
			57.9699984111269	-31.3960161400882
			57.9348010836156	-31.3960161400882
			57.8996037561043	-31.3960161400882
			57.864406428593	-31.3960161400882
			57.8292091010817	-31.3960161400882
			57.7940117735704	-31.4312134675995
			57.7588144460591	-31.4312134675995
			57.7236171185478	-31.4312134675995
			57.6884197910364	-31.4312134675995
			57.6532224635251	-31.4312134675995
			57.6180251360138	-31.4312134675995
			57.5828278085025	-31.4312134675995
			57.5476304809912	-31.4664107951108
			57.5124331534799	-31.4664107951108
			57.4772358259686	-31.4664107951108
			57.4420384984573	-31.4664107951108
			57.406841170946	-31.4664107951108
			57.3716438434347	-31.4664107951108
			57.3364465159233	-31.4664107951108
			57.301249188412	-31.4664107951108
			57.301249188412	-31.5016081226221
			57.2660518609007	-31.5016081226221
			57.2308545333894	-31.5016081226221
			57.1956572058781	-31.5016081226221
			57.1604598783668	-31.5016081226221
			57.1252625508555	-31.5016081226221
			57.0900652233442	-31.5016081226221
			57.0548678958329	-31.5016081226221
			57.0196705683216	-31.5368054501334
			56.9844732408103	-31.5368054501334
			56.9492759132989	-31.5368054501334
			56.9140785857876	-31.5368054501334
			56.8788812582763	-31.5368054501334
			56.843683930765	-31.5368054501334
			56.8084866032537	-31.5368054501334
			56.7732892757424	-31.5368054501334
			56.7380919482311	-31.5720027776447
			56.7028946207198	-31.5720027776447
			56.6676972932085	-31.5720027776447
			56.6324999656972	-31.5720027776447
			56.5973026381858	-31.5720027776447
			56.5621053106745	-31.5720027776447
			56.5269079831632	-31.5720027776447
			56.4917106556519	-31.5720027776447
			56.4565133281406	-31.5720027776447
			56.4213160006293	-31.607200105156
			56.386118673118	-31.607200105156
			56.3509213456067	-31.607200105156
			56.3157240180954	-31.607200105156
			56.2805266905841	-31.607200105156
			56.2453293630727	-31.607200105156
			56.2101320355614	-31.607200105156
			56.1749347080501	-31.607200105156
			56.1397373805388	-31.607200105156
			56.1045400530275	-31.6423974326673
			56.0693427255162	-31.6423974326673
			56.0341453980049	-31.6423974326673
			55.9989480704936	-31.6423974326673
			55.9637507429823	-31.6423974326673
			55.928553415471	-31.6423974326673
			55.8933560879597	-31.6423974326673
			55.8581587604483	-31.6423974326673
			55.822961432937	-31.6423974326673
			55.7877641054257	-31.6775947601786
			55.7525667779144	-31.6775947601786
			55.7173694504031	-31.6775947601786
			55.6821721228918	-31.6775947601786
			55.6469747953805	-31.6775947601786
			55.6117774678692	-31.6775947601786
			55.5765801403579	-31.6775947601786
			55.5413828128466	-31.6775947601786
			55.5061854853353	-31.6775947601786
			55.4709881578239	-31.6775947601786
			55.4357908303126	-31.71279208769
			55.4005935028013	-31.71279208769
			55.36539617529	-31.71279208769
			55.3301988477787	-31.71279208769
			55.2950015202674	-31.71279208769
			55.2598041927561	-31.71279208769
			55.2246068652448	-31.71279208769
			55.1894095377335	-31.71279208769
			55.1542122102222	-31.71279208769
			55.1190148827108	-31.71279208769
			55.0838175551995	-31.71279208769
			55.0486202276882	-31.7479894152013
			55.0134229001769	-31.7479894152013
			54.9782255726656	-31.7479894152013
			54.9430282451543	-31.7479894152013
			54.907830917643	-31.7479894152013
			54.8726335901317	-31.7479894152013
			54.8374362626204	-31.7479894152013
			54.8022389351091	-31.7479894152013
			54.7670416075977	-31.7479894152013
			54.7318442800864	-31.7479894152013
			54.6966469525751	-31.7479894152013
			54.6614496250638	-31.7479894152013
			54.6262522975525	-31.7831867427126
			54.5910549700412	-31.7831867427126
			54.5558576425299	-31.7831867427126
			54.5206603150186	-31.7831867427126
			54.4854629875073	-31.7831867427126
			54.450265659996	-31.7831867427126
			54.4150683324847	-31.7831867427126
			54.3798710049733	-31.7831867427126
			54.344673677462	-31.7831867427126
			54.3094763499507	-31.7831867427126
			54.2742790224394	-31.7831867427126
			54.2390816949281	-31.7831867427126
			54.2038843674168	-31.7831867427126
			54.1686870399055	-31.8183840702239
			54.1334897123942	-31.8183840702239
			54.0982923848829	-31.8183840702239
			54.0630950573716	-31.8183840702239
			54.0278977298602	-31.8183840702239
			53.9927004023489	-31.8183840702239
			53.9575030748376	-31.8183840702239
			53.9223057473263	-31.8183840702239
			53.887108419815	-31.8183840702239
			53.8519110923037	-31.8183840702239
			53.8167137647924	-31.8183840702239
			53.7815164372811	-31.8183840702239
			53.7463191097698	-31.8183840702239
			53.7111217822585	-31.8183840702239
			53.6759244547471	-31.8183840702239
			53.6407271272358	-31.8535813977352
			53.6055297997245	-31.8535813977352
			53.5703324722132	-31.8535813977352
			53.5351351447019	-31.8535813977352
			53.4999378171906	-31.8535813977352
			53.4647404896793	-31.8535813977352
			53.429543162168	-31.8535813977352
			53.3943458346567	-31.8535813977352
			53.3591485071454	-31.8535813977352
			53.3239511796341	-31.8535813977352
			53.2887538521227	-31.8535813977352
			53.2535565246114	-31.8535813977352
			53.2183591971001	-31.8535813977352
			53.1831618695888	-31.8535813977352
			53.1479645420775	-31.8535813977352
			53.1127672145662	-31.8535813977352
			53.0775698870549	-31.8535813977352
			53.0423725595436	-31.8535813977352
			53.0071752320323	-31.8535813977352
			52.971977904521	-31.8887787252465
			52.9367805770096	-31.8887787252465
			52.9015832494983	-31.8887787252465
			52.866385921987	-31.8887787252465
			52.8311885944757	-31.8887787252465
			52.7959912669644	-31.8887787252465
			52.7607939394531	-31.8887787252465
			52.7255966119418	-31.8887787252465
			52.6903992844305	-31.8887787252465
			52.6552019569192	-31.8887787252465
			52.6200046294079	-31.8887787252465
			52.5848073018966	-31.8887787252465
		</Caudal_anal>
	</curves.scaled>
	<ruler.points type=matrix rownames=TRUE colnames=FALSE nrow=3 ncol=2 as.numeric=TRUE >
		Ruler point 1	1113	1117
		Ruler point 2	1266	1122
		Ruler point 3	1397	1125
	</ruler.points>
</shapes>

