<shapes type=list>
	<ruler.pixel type=vector names=FALSE length=1 as.numeric=TRUE >56.6332632087574</ruler.pixel>
	<ruler.interval type=vector names=FALSE length=1 as.numeric=TRUE >2</ruler.interval>
	<scaling.units type=vector names=FALSE length=1 as.numeric=FALSE >mm</scaling.units>
	<scaling type=vector names=FALSE length=1 as.numeric=TRUE >0.0353149348401088</scaling>
	<landmarks.pixel type=matrix rownames=TRUE colnames=FALSE nrow=11 ncol=2 as.numeric=TRUE >
		Anterior_eye	109	549
		Posterior_eye	229	549
		Posterior_Maxilla	299	681
		Anterior_Maxilla	97	626
		Dorsal_fin_insertion	606	414
		Adipose_fin_insertion	1067	496
		Dorsal_caudal	1337	540
		Ventral_caudal	1337	681
		Anal_fin_insertion	888	730
		Pelvic_fin_insertion	635	701
		Pectoral_fin_insertion	445	644
	</landmarks.pixel>
	<landmarks.scaled type=matrix rownames=TRUE colnames=FALSE nrow=11 ncol=2 as.numeric=TRUE >
		Anterior_eye	3.84932789757186	-19.3878992272197
		Posterior_eye	8.08712007838492	-19.3878992272197
		Posterior_Maxilla	10.5591655171925	-24.0494706261141
		Anterior_Maxilla	3.42554867949055	-22.1071492099081
		Dorsal_fin_insertion	21.4008505131059	-14.620383023805
		Adipose_fin_insertion	37.6810354743961	-17.516207680694
		Dorsal_caudal	47.2160678812255	-19.0700648136588
		Ventral_caudal	47.2160678812255	-24.0494706261141
		Anal_fin_insertion	31.3596621380166	-25.7799024332794
		Pelvic_fin_insertion	22.4249836234691	-24.7557693229163
		Pectoral_fin_insertion	15.7151460038484	-22.7428180370301
	</landmarks.scaled>
	<curves.control type=list>
		<Snout_dorsal type=matrix rownames=FALSE colnames=FALSE nrow=7 ncol=2 as.numeric=TRUE >
			97	626
			30	557
			172	452
			283	407
			420	417
			558	424
			606	414
		</Snout_dorsal>
		<Dorsal_adipose type=matrix rownames=FALSE colnames=FALSE nrow=5 ncol=2 as.numeric=TRUE >
			606	414
			720	438
			909	482
			1020	498
			1067	496
		</Dorsal_adipose>
		<Adipose_caudal type=matrix rownames=FALSE colnames=FALSE nrow=7 ncol=2 as.numeric=TRUE >
			1067	496
			1095	499
			1106	512
			1235	537
			1267	535
			1310	532
			1337	540
		</Adipose_caudal>
		<Caudal_anal type=matrix rownames=FALSE colnames=FALSE nrow=7 ncol=2 as.numeric=TRUE >
			1337	681
			1321	685
			1265	681
			1203	674
			1124	688
			1005	707
			888	730
		</Caudal_anal>
	</curves.control>
	<curves.pixel type=list>
		<Snout_dorsal type=matrix rownames=FALSE colnames=FALSE nrow=628 ncol=2 as.numeric=TRUE >
			97	626
			96	625
			95	624
			94	623
			93	622
			92	621
			92	620
			91	619
			90	618
			89	617
			88	616
			88	615
			87	614
			87	613
			86	612
			85	611
			85	610
			84	609
			84	608
			83	607
			83	606
			82	605
			82	604
			81	603
			81	602
			80	601
			80	600
			79	599
			79	598
			79	597
			78	596
			78	595
			78	594
			77	593
			77	592
			77	591
			77	590
			76	589
			76	588
			76	587
			76	586
			76	585
			76	584
			76	583
			76	582
			76	581
			76	580
			76	579
			76	578
			76	577
			76	576
			76	575
			76	574
			76	573
			76	572
			76	571
			76	570
			76	569
			76	568
			77	567
			77	566
			77	565
			77	564
			77	563
			78	562
			78	561
			78	560
			78	559
			79	558
			79	557
			79	556
			80	555
			80	554
			80	553
			81	552
			81	551
			82	550
			82	549
			82	548
			83	547
			83	546
			84	545
			84	544
			85	543
			85	542
			85	541
			86	541
			86	540
			86	539
			87	539
			87	538
			88	537
			89	536
			89	535
			89	534
			90	533
			91	532
			91	531
			92	530
			93	529
			93	528
			94	527
			94	526
			95	525
			96	524
			96	523
			97	523
			98	522
			99	521
			99	520
			100	519
			101	518
			101	517
			102	516
			103	515
			104	514
			105	513
			105	512
			106	511
			107	510
			108	509
			109	508
			109	507
			110	506
			111	505
			112	504
			113	503
			114	502
			115	501
			116	500
			117	499
			118	498
			119	498
			120	497
			121	496
			122	495
			123	494
			124	493
			125	492
			126	491
			127	490
			128	489
			129	488
			130	487
			131	486
			132	485
			133	484
			134	483
			135	482
			136	481
			137	480
			138	479
			139	478
			140	478
			141	477
			142	476
			142	475
			143	475
			144	474
			145	473
			146	472
			147	472
			148	471
			149	470
			150	469
			151	468
			152	467
			153	467
			154	466
			154	465
			155	465
			156	464
			157	464
			157	463
			158	463
			159	462
			160	461
			161	460
			162	459
			163	459
			164	458
			165	457
			166	457
			167	456
			167	455
			168	455
			169	454
			170	453
			171	453
			172	452
			173	452
			173	451
			174	451
			175	451
			176	450
			177	450
			178	450
			179	449
			180	449
			181	448
			182	448
			183	448
			184	447
			185	447
			186	446
			187	446
			188	446
			189	445
			190	445
			191	445
			192	445
			192	444
			193	444
			194	444
			195	443
			196	443
			197	443
			198	442
			199	442
			200	442
			201	441
			202	441
			203	441
			204	440
			205	440
			206	440
			207	439
			208	439
			209	439
			210	439
			210	438
			211	438
			212	438
			213	437
			214	437
			215	437
			216	437
			217	436
			218	436
			219	436
			220	435
			221	435
			222	435
			223	435
			224	434
			225	434
			226	434
			227	434
			228	433
			229	433
			230	433
			231	433
			232	432
			233	432
			234	432
			235	431
			236	431
			237	431
			238	431
			239	430
			240	430
			241	430
			242	430
			243	430
			244	429
			245	429
			246	429
			247	428
			248	428
			249	428
			250	428
			251	428
			252	427
			253	427
			254	427
			255	427
			256	426
			257	426
			258	426
			259	426
			260	426
			261	426
			262	425
			263	425
			264	425
			265	425
			266	425
			267	424
			268	424
			269	424
			270	424
			271	424
			272	424
			273	423
			274	423
			275	423
			276	423
			277	423
			278	423
			278	422
			279	422
			280	422
			281	422
			282	422
			283	422
			284	422
			285	421
			286	421
			287	421
			288	421
			289	421
			290	421
			291	421
			292	420
			293	420
			294	420
			295	420
			296	420
			297	420
			298	420
			299	419
			300	419
			301	419
			302	419
			303	419
			304	419
			305	419
			306	419
			307	419
			308	418
			309	418
			310	418
			311	418
			312	418
			313	418
			314	418
			315	418
			316	418
			317	418
			318	417
			319	417
			320	417
			321	417
			322	417
			323	417
			324	417
			325	417
			326	417
			327	417
			328	417
			329	417
			330	417
			331	416
			332	416
			333	416
			334	416
			335	416
			336	416
			337	416
			338	416
			339	416
			340	416
			341	416
			342	416
			343	416
			344	416
			345	416
			346	416
			347	416
			348	416
			349	416
			350	416
			351	415
			352	415
			353	415
			354	415
			355	415
			356	415
			357	415
			358	415
			359	415
			360	415
			361	415
			362	415
			363	415
			364	415
			365	415
			366	415
			367	415
			368	415
			369	415
			370	415
			371	415
			372	415
			373	415
			374	415
			375	415
			376	415
			377	415
			378	415
			379	415
			380	415
			381	415
			382	415
			383	415
			384	415
			385	415
			386	415
			387	415
			388	415
			389	415
			390	415
			391	415
			392	416
			393	416
			394	416
			395	416
			396	416
			397	416
			398	416
			399	416
			400	416
			401	416
			402	416
			403	416
			404	416
			405	416
			406	416
			407	416
			408	416
			409	416
			410	416
			411	416
			412	416
			413	417
			414	417
			415	417
			416	417
			417	417
			418	417
			419	417
			420	417
			421	417
			422	417
			423	417
			424	417
			425	417
			426	417
			427	417
			428	417
			429	417
			430	417
			431	418
			432	418
			433	418
			434	418
			435	418
			436	418
			437	418
			438	418
			439	418
			440	418
			441	418
			442	418
			443	418
			444	418
			445	418
			446	418
			447	418
			448	418
			449	418
			450	418
			451	418
			452	418
			453	418
			454	419
			455	419
			456	419
			457	419
			458	419
			459	419
			460	419
			461	419
			462	419
			463	419
			464	419
			465	419
			466	419
			467	419
			468	419
			469	419
			470	419
			471	419
			472	419
			473	419
			474	419
			475	419
			476	419
			477	419
			478	419
			479	419
			480	419
			481	419
			482	419
			483	419
			484	419
			485	419
			486	420
			487	420
			488	420
			489	420
			490	420
			491	420
			492	420
			493	420
			494	420
			495	420
			496	420
			497	420
			498	420
			499	420
			500	420
			501	420
			502	420
			503	420
			504	420
			505	420
			506	420
			507	420
			508	420
			509	420
			510	420
			511	420
			512	420
			513	420
			514	420
			515	420
			516	420
			517	420
			518	420
			519	420
			520	420
			521	420
			522	420
			523	420
			524	420
			525	420
			526	420
			527	420
			528	420
			529	420
			530	420
			531	420
			532	420
			533	420
			534	420
			535	420
			536	420
			537	420
			538	420
			539	420
			540	420
			541	420
			542	420
			543	420
			544	420
			545	420
			546	420
			547	419
			548	419
			549	419
			550	419
			551	419
			552	419
			553	419
			554	419
			555	419
			556	419
			557	419
			558	419
			559	419
			560	419
			561	419
			562	419
			563	419
			564	419
			565	419
			566	419
			567	419
			568	419
			569	418
			570	418
			571	418
			572	418
			573	418
			574	418
			575	418
			576	418
			577	418
			578	418
			579	418
			580	418
			581	418
			582	417
			583	417
			584	417
			585	417
			586	417
			587	417
			588	417
			589	417
			590	417
			591	416
			592	416
			593	416
			594	416
			595	416
			596	416
			597	416
			598	415
			599	415
			600	415
			601	415
			602	415
			603	415
			604	414
			605	414
			606	414
		</Snout_dorsal>
		<Dorsal_adipose type=matrix rownames=FALSE colnames=FALSE nrow=470 ncol=2 as.numeric=TRUE >
			606	414
			607	414
			608	414
			609	415
			610	415
			611	415
			612	415
			613	415
			614	416
			615	416
			616	416
			617	416
			618	417
			619	417
			620	417
			621	417
			622	417
			623	418
			624	418
			625	418
			626	418
			627	418
			628	419
			629	419
			630	419
			631	419
			632	420
			633	420
			634	420
			635	420
			636	420
			637	421
			638	421
			639	421
			640	421
			641	421
			642	422
			643	422
			644	422
			645	422
			646	423
			647	423
			648	423
			649	423
			650	423
			651	424
			652	424
			653	424
			654	424
			655	424
			656	425
			657	425
			658	425
			659	425
			660	426
			661	426
			662	426
			663	426
			664	427
			665	427
			666	427
			667	427
			668	427
			669	428
			670	428
			671	428
			672	428
			673	429
			674	429
			675	429
			676	429
			677	429
			678	430
			679	430
			680	430
			681	430
			682	430
			683	431
			684	431
			685	431
			686	431
			687	431
			688	432
			689	432
			690	432
			691	432
			692	432
			692	433
			693	433
			694	433
			695	433
			696	434
			697	434
			698	434
			699	434
			700	434
			701	435
			702	435
			703	435
			704	435
			705	435
			705	436
			706	436
			707	436
			708	436
			709	436
			710	437
			711	437
			712	437
			713	437
			714	437
			715	438
			716	438
			717	438
			718	438
			719	439
			720	439
			721	439
			722	439
			723	439
			724	440
			725	440
			726	440
			727	440
			728	441
			729	441
			730	441
			731	441
			732	441
			733	442
			734	442
			735	442
			736	442
			737	442
			738	443
			739	443
			740	443
			741	443
			742	444
			743	444
			744	444
			745	444
			746	445
			747	445
			748	445
			749	445
			750	445
			751	446
			752	446
			753	446
			754	446
			755	447
			756	447
			757	447
			758	447
			759	448
			760	448
			761	448
			762	448
			763	448
			764	449
			765	449
			766	449
			767	449
			768	450
			769	450
			770	450
			771	450
			772	451
			773	451
			774	451
			775	451
			776	451
			777	452
			778	452
			779	452
			780	452
			781	452
			781	453
			782	453
			783	453
			784	453
			785	453
			786	454
			787	454
			788	454
			789	454
			790	455
			791	455
			792	455
			793	455
			794	455
			795	456
			796	456
			797	456
			798	456
			798	457
			799	457
			800	457
			801	457
			802	457
			803	458
			804	458
			805	458
			806	458
			807	459
			808	459
			809	459
			810	459
			811	459
			812	460
			813	460
			814	460
			815	460
			816	461
			817	461
			818	461
			819	461
			820	461
			821	462
			822	462
			823	462
			824	462
			825	463
			826	463
			827	463
			828	463
			829	464
			830	464
			831	464
			832	464
			833	465
			834	465
			835	465
			836	465
			837	465
			838	466
			839	466
			840	466
			841	466
			842	466
			843	467
			844	467
			845	467
			846	467
			847	468
			848	468
			849	468
			850	468
			851	469
			852	469
			853	469
			854	469
			855	469
			856	470
			857	470
			858	470
			859	470
			860	471
			861	471
			862	471
			863	471
			864	472
			865	472
			866	472
			867	472
			868	472
			869	473
			870	473
			871	473
			872	473
			873	474
			874	474
			875	474
			876	474
			877	475
			878	475
			879	475
			880	475
			881	476
			882	476
			883	476
			884	476
			885	476
			885	477
			886	477
			887	477
			888	477
			889	477
			890	477
			890	478
			891	478
			892	478
			893	478
			894	478
			895	479
			896	479
			897	479
			898	480
			899	480
			900	480
			901	480
			902	480
			903	481
			904	481
			905	481
			906	481
			907	481
			907	482
			908	482
			909	482
			910	482
			911	482
			912	482
			913	483
			914	483
			915	483
			916	483
			917	483
			918	483
			919	483
			920	484
			921	484
			922	484
			923	484
			924	484
			925	484
			926	484
			927	485
			928	485
			929	485
			930	485
			931	485
			932	485
			933	485
			934	486
			935	486
			936	486
			937	486
			938	486
			939	486
			940	486
			941	486
			942	487
			943	487
			944	487
			945	487
			946	487
			947	487
			948	487
			949	487
			950	488
			951	488
			952	488
			953	488
			954	488
			955	488
			956	488
			957	488
			957	489
			958	489
			959	489
			960	489
			961	489
			962	489
			963	489
			964	489
			965	489
			966	490
			967	490
			968	490
			969	490
			970	490
			971	490
			972	490
			973	490
			974	491
			975	491
			976	491
			977	491
			978	491
			979	491
			980	491
			981	491
			982	491
			983	491
			984	492
			985	492
			986	492
			987	492
			988	492
			989	492
			990	492
			991	492
			992	492
			993	492
			994	493
			995	493
			996	493
			997	493
			998	493
			999	493
			1000	493
			1001	493
			1002	493
			1003	493
			1004	494
			1005	494
			1006	494
			1007	494
			1008	494
			1009	494
			1010	494
			1011	494
			1012	494
			1013	494
			1014	494
			1015	494
			1016	495
			1017	495
			1018	495
			1019	495
			1020	495
			1021	495
			1022	495
			1023	495
			1024	495
			1025	495
			1026	495
			1027	495
			1028	495
			1029	495
			1030	495
			1031	495
			1032	496
			1033	496
			1034	496
			1035	496
			1036	496
			1037	496
			1038	496
			1039	496
			1040	496
			1041	496
			1042	496
			1043	496
			1044	496
			1045	496
			1046	496
			1047	496
			1048	496
			1049	496
			1050	496
			1051	496
			1052	496
			1053	496
			1054	496
			1055	496
			1056	496
			1057	496
			1058	496
			1059	496
			1060	496
			1061	496
			1062	496
			1063	496
			1064	496
			1065	496
			1066	496
			1067	496
		</Dorsal_adipose>
		<Adipose_caudal type=matrix rownames=FALSE colnames=FALSE nrow=277 ncol=2 as.numeric=TRUE >
			1067	496
			1068	496
			1069	496
			1070	496
			1071	497
			1072	497
			1073	497
			1074	497
			1075	497
			1076	497
			1077	498
			1078	498
			1079	498
			1080	498
			1081	498
			1082	499
			1083	499
			1084	499
			1085	499
			1085	500
			1086	500
			1087	500
			1088	500
			1089	501
			1090	501
			1091	502
			1092	502
			1093	503
			1094	503
			1095	503
			1096	504
			1097	505
			1098	505
			1099	506
			1100	506
			1100	507
			1101	507
			1102	508
			1103	509
			1104	510
			1105	511
			1106	512
			1107	512
			1108	512
			1109	513
			1110	513
			1111	513
			1112	513
			1113	513
			1114	514
			1115	514
			1116	514
			1117	514
			1118	514
			1119	514
			1120	515
			1121	515
			1122	515
			1123	515
			1124	516
			1125	516
			1126	516
			1127	516
			1128	516
			1129	516
			1130	517
			1131	517
			1132	517
			1133	517
			1134	517
			1135	517
			1135	518
			1136	518
			1137	518
			1138	518
			1139	518
			1140	518
			1141	519
			1142	519
			1143	519
			1144	519
			1145	519
			1146	520
			1147	520
			1148	520
			1149	520
			1150	520
			1151	520
			1152	521
			1153	521
			1154	521
			1155	521
			1156	521
			1157	522
			1158	522
			1159	522
			1160	522
			1161	522
			1162	522
			1163	523
			1164	523
			1165	523
			1166	523
			1167	523
			1168	523
			1169	524
			1170	524
			1171	524
			1172	524
			1173	524
			1174	524
			1175	525
			1176	525
			1177	525
			1178	525
			1179	525
			1180	525
			1180	526
			1181	526
			1182	526
			1183	526
			1184	526
			1185	526
			1186	526
			1187	527
			1188	527
			1189	527
			1190	527
			1191	527
			1192	527
			1193	528
			1194	528
			1195	528
			1196	528
			1197	528
			1198	528
			1199	529
			1200	529
			1201	529
			1202	529
			1203	529
			1204	529
			1205	529
			1206	530
			1207	530
			1208	530
			1209	530
			1210	530
			1211	530
			1212	530
			1213	531
			1214	531
			1215	531
			1216	531
			1217	531
			1218	531
			1219	531
			1220	532
			1221	532
			1222	532
			1223	532
			1224	532
			1225	532
			1226	532
			1227	532
			1228	532
			1228	533
			1229	533
			1230	533
			1231	533
			1232	533
			1233	533
			1234	533
			1235	533
			1236	533
			1237	534
			1238	534
			1239	534
			1240	534
			1241	534
			1242	534
			1243	534
			1244	534
			1245	534
			1246	534
			1247	534
			1248	535
			1249	535
			1250	535
			1251	535
			1252	535
			1253	535
			1254	535
			1255	535
			1256	535
			1257	535
			1258	535
			1259	535
			1260	535
			1261	535
			1262	535
			1263	535
			1264	535
			1265	535
			1266	535
			1267	535
			1268	535
			1269	535
			1270	535
			1271	535
			1272	535
			1273	535
			1274	535
			1275	535
			1276	534
			1277	534
			1278	534
			1279	534
			1280	534
			1281	534
			1282	534
			1283	534
			1284	534
			1285	534
			1286	534
			1287	534
			1288	534
			1289	534
			1290	534
			1291	534
			1292	534
			1293	534
			1294	534
			1295	534
			1296	534
			1297	534
			1298	534
			1299	534
			1300	534
			1301	534
			1302	535
			1303	535
			1304	535
			1305	535
			1306	535
			1307	535
			1308	535
			1309	535
			1310	535
			1311	535
			1312	535
			1313	535
			1314	535
			1315	536
			1316	536
			1317	536
			1318	536
			1319	536
			1320	536
			1321	536
			1322	537
			1323	537
			1324	537
			1325	537
			1326	537
			1327	538
			1328	538
			1329	538
			1330	538
			1331	538
			1331	539
			1332	539
			1333	539
			1334	539
			1335	539
			1336	540
			1337	540
		</Adipose_caudal>
		<Caudal_anal type=matrix rownames=FALSE colnames=FALSE nrow=453 ncol=2 as.numeric=TRUE >
			1337	681
			1336	681
			1335	681
			1334	682
			1333	682
			1332	682
			1331	682
			1330	682
			1329	682
			1328	682
			1327	682
			1326	683
			1325	683
			1324	683
			1323	683
			1322	683
			1321	683
			1320	683
			1319	683
			1318	683
			1317	683
			1316	683
			1315	683
			1314	683
			1313	683
			1312	683
			1311	683
			1310	683
			1309	683
			1308	683
			1307	683
			1306	683
			1305	683
			1304	683
			1303	683
			1302	683
			1301	683
			1300	683
			1299	683
			1298	683
			1297	683
			1296	683
			1295	683
			1294	683
			1293	683
			1292	683
			1291	683
			1290	682
			1289	682
			1288	682
			1287	682
			1286	682
			1285	682
			1284	682
			1283	682
			1282	682
			1281	682
			1280	682
			1279	682
			1278	682
			1277	682
			1276	682
			1275	682
			1274	682
			1273	682
			1272	681
			1271	681
			1270	681
			1269	681
			1268	681
			1267	681
			1266	681
			1265	681
			1264	681
			1263	681
			1262	681
			1261	681
			1260	680
			1259	680
			1258	680
			1257	680
			1256	680
			1255	680
			1254	680
			1253	680
			1252	680
			1251	680
			1250	680
			1249	680
			1248	679
			1247	679
			1246	679
			1245	679
			1244	679
			1243	679
			1242	679
			1241	679
			1240	679
			1239	679
			1238	679
			1237	679
			1236	679
			1235	679
			1234	679
			1233	679
			1232	679
			1231	679
			1230	679
			1229	679
			1228	679
			1227	679
			1226	679
			1225	679
			1224	679
			1223	679
			1222	679
			1221	679
			1220	679
			1219	679
			1218	679
			1217	679
			1216	679
			1215	679
			1214	679
			1213	679
			1212	679
			1211	679
			1210	679
			1209	679
			1208	679
			1207	679
			1206	679
			1205	679
			1204	679
			1203	679
			1202	679
			1201	679
			1200	679
			1199	679
			1198	679
			1197	679
			1196	679
			1195	679
			1194	680
			1193	680
			1192	680
			1191	680
			1190	680
			1189	680
			1188	680
			1187	680
			1186	680
			1185	680
			1184	680
			1183	680
			1182	680
			1181	680
			1180	681
			1179	681
			1178	681
			1177	681
			1176	681
			1175	681
			1174	681
			1173	681
			1172	681
			1171	681
			1170	681
			1169	682
			1168	682
			1167	682
			1166	682
			1165	682
			1164	682
			1163	682
			1162	682
			1161	682
			1160	683
			1159	683
			1158	683
			1157	683
			1156	683
			1155	683
			1154	683
			1153	684
			1152	684
			1151	684
			1150	684
			1149	684
			1148	684
			1147	684
			1146	685
			1145	685
			1144	685
			1143	685
			1142	685
			1141	685
			1140	685
			1139	685
			1138	686
			1137	686
			1136	686
			1135	686
			1134	686
			1133	687
			1132	687
			1131	687
			1130	687
			1129	687
			1128	687
			1127	687
			1126	688
			1125	688
			1124	688
			1123	688
			1122	688
			1121	688
			1120	689
			1119	689
			1118	689
			1117	689
			1116	689
			1115	690
			1114	690
			1113	690
			1112	690
			1111	690
			1110	690
			1109	690
			1108	691
			1107	691
			1106	691
			1105	691
			1104	691
			1103	691
			1102	692
			1101	692
			1100	692
			1099	692
			1098	692
			1097	692
			1096	693
			1095	693
			1094	693
			1093	693
			1092	693
			1091	693
			1090	694
			1089	694
			1088	694
			1087	694
			1086	694
			1085	694
			1084	694
			1083	695
			1082	695
			1081	695
			1080	695
			1079	695
			1078	695
			1078	696
			1077	696
			1076	696
			1075	696
			1074	696
			1073	696
			1072	697
			1071	697
			1070	697
			1069	697
			1068	697
			1067	697
			1066	697
			1065	698
			1064	698
			1063	698
			1062	698
			1061	698
			1060	698
			1060	699
			1059	699
			1058	699
			1057	699
			1056	699
			1055	699
			1054	700
			1053	700
			1052	700
			1051	700
			1050	700
			1049	700
			1048	701
			1047	701
			1046	701
			1045	701
			1044	701
			1043	701
			1042	702
			1041	702
			1040	702
			1039	702
			1038	702
			1037	702
			1036	703
			1035	703
			1034	703
			1033	703
			1032	703
			1031	703
			1030	704
			1029	704
			1028	704
			1027	704
			1026	704
			1025	704
			1025	705
			1024	705
			1023	705
			1022	705
			1021	705
			1020	705
			1019	706
			1018	706
			1017	706
			1016	706
			1015	706
			1014	707
			1013	707
			1012	707
			1011	707
			1010	707
			1009	707
			1008	708
			1007	708
			1006	708
			1005	708
			1004	708
			1003	709
			1002	709
			1001	709
			1000	709
			999	709
			998	709
			997	710
			996	710
			995	710
			994	710
			993	710
			992	710
			991	711
			990	711
			989	711
			988	711
			987	711
			986	712
			985	712
			984	712
			983	712
			982	712
			981	712
			980	713
			979	713
			978	713
			977	713
			976	713
			975	714
			974	714
			973	714
			972	714
			971	714
			970	714
			969	715
			968	715
			967	715
			966	715
			965	715
			964	716
			963	716
			962	716
			961	716
			960	716
			959	717
			958	717
			957	717
			956	717
			955	717
			954	717
			953	718
			952	718
			951	718
			950	718
			949	718
			948	719
			947	719
			946	719
			945	719
			944	719
			943	720
			942	720
			941	720
			940	720
			939	720
			938	720
			937	721
			936	721
			935	721
			934	721
			933	721
			932	722
			931	722
			930	722
			929	722
			928	722
			927	723
			926	723
			925	723
			924	723
			923	723
			922	723
			921	724
			920	724
			919	724
			918	724
			917	724
			916	725
			915	725
			914	725
			913	725
			912	725
			911	726
			910	726
			909	726
			908	726
			907	726
			906	727
			905	727
			904	727
			903	727
			902	727
			901	728
			900	728
			899	728
			898	728
			897	728
			896	728
			895	729
			894	729
			893	729
			892	729
			891	729
			890	730
			889	730
			888	730
		</Caudal_anal>
	</curves.pixel>
	<curves.scaled type=list>
		<Snout_dorsal type=matrix rownames=FALSE colnames=FALSE nrow=628 ncol=2 as.numeric=TRUE >
			3.42554867949055	-22.1071492099081
			3.39023374465045	-22.071834275068
			3.35491880981034	-22.0365193402279
			3.31960387497023	-22.0012044053878
			3.28428894013012	-21.9658894705477
			3.24897400529001	-21.9305745357076
			3.24897400529001	-21.8952596008675
			3.2136590704499	-21.8599446660274
			3.17834413560979	-21.8246297311872
			3.14302920076968	-21.7893147963471
			3.10771426592958	-21.753999861507
			3.10771426592958	-21.7186849266669
			3.07239933108947	-21.6833699918268
			3.07239933108947	-21.6480550569867
			3.03708439624936	-21.6127401221466
			3.00176946140925	-21.5774251873065
			3.00176946140925	-21.5421102524664
			2.96645452656914	-21.5067953176263
			2.96645452656914	-21.4714803827862
			2.93113959172903	-21.436165447946
			2.93113959172903	-21.4008505131059
			2.89582465688892	-21.3655355782658
			2.89582465688892	-21.3302206434257
			2.86050972204881	-21.2949057085856
			2.86050972204881	-21.2595907737455
			2.82519478720871	-21.2242758389054
			2.82519478720871	-21.1889609040653
			2.7898798523686	-21.1536459692252
			2.7898798523686	-21.1183310343851
			2.7898798523686	-21.083016099545
			2.75456491752849	-21.0477011647049
			2.75456491752849	-21.0123862298647
			2.75456491752849	-20.9770712950246
			2.71924998268838	-20.9417563601845
			2.71924998268838	-20.9064414253444
			2.71924998268838	-20.8711264905043
			2.71924998268838	-20.8358115556642
			2.68393504784827	-20.8004966208241
			2.68393504784827	-20.765181685984
			2.68393504784827	-20.7298667511439
			2.68393504784827	-20.6945518163038
			2.68393504784827	-20.6592368814637
			2.68393504784827	-20.6239219466235
			2.68393504784827	-20.5886070117834
			2.68393504784827	-20.5532920769433
			2.68393504784827	-20.5179771421032
			2.68393504784827	-20.4826622072631
			2.68393504784827	-20.447347272423
			2.68393504784827	-20.4120323375829
			2.68393504784827	-20.3767174027428
			2.68393504784827	-20.3414024679027
			2.68393504784827	-20.3060875330626
			2.68393504784827	-20.2707725982225
			2.68393504784827	-20.2354576633824
			2.68393504784827	-20.2001427285422
			2.68393504784827	-20.1648277937021
			2.68393504784827	-20.129512858862
			2.68393504784827	-20.0941979240219
			2.68393504784827	-20.0588829891818
			2.71924998268838	-20.0235680543417
			2.71924998268838	-19.9882531195016
			2.71924998268838	-19.9529381846615
			2.71924998268838	-19.9176232498214
			2.71924998268838	-19.8823083149813
			2.75456491752849	-19.8469933801412
			2.75456491752849	-19.811678445301
			2.75456491752849	-19.7763635104609
			2.75456491752849	-19.7410485756208
			2.7898798523686	-19.7057336407807
			2.7898798523686	-19.6704187059406
			2.7898798523686	-19.6351037711005
			2.82519478720871	-19.5997888362604
			2.82519478720871	-19.5644739014203
			2.82519478720871	-19.5291589665802
			2.86050972204881	-19.4938440317401
			2.86050972204881	-19.4585290969
			2.89582465688892	-19.4232141620598
			2.89582465688892	-19.3878992272197
			2.89582465688892	-19.3525842923796
			2.93113959172903	-19.3172693575395
			2.93113959172903	-19.2819544226994
			2.96645452656914	-19.2466394878593
			2.96645452656914	-19.2113245530192
			3.00176946140925	-19.1760096181791
			3.00176946140925	-19.140694683339
			3.00176946140925	-19.1053797484989
			3.03708439624936	-19.1053797484989
			3.03708439624936	-19.0700648136588
			3.03708439624936	-19.0347498788187
			3.07239933108947	-19.0347498788187
			3.07239933108947	-18.9994349439785
			3.10771426592958	-18.9641200091384
			3.14302920076968	-18.9288050742983
			3.14302920076968	-18.8934901394582
			3.14302920076968	-18.8581752046181
			3.17834413560979	-18.822860269778
			3.2136590704499	-18.7875453349379
			3.2136590704499	-18.7522304000978
			3.24897400529001	-18.7169154652577
			3.28428894013012	-18.6816005304176
			3.28428894013012	-18.6462855955775
			3.31960387497023	-18.6109706607373
			3.31960387497023	-18.5756557258972
			3.35491880981034	-18.5403407910571
			3.39023374465045	-18.505025856217
			3.39023374465045	-18.4697109213769
			3.42554867949055	-18.4697109213769
			3.46086361433066	-18.4343959865368
			3.49617854917077	-18.3990810516967
			3.49617854917077	-18.3637661168566
			3.53149348401088	-18.3284511820165
			3.56680841885099	-18.2931362471764
			3.56680841885099	-18.2578213123363
			3.6021233536911	-18.2225063774961
			3.63743828853121	-18.187191442656
			3.67275322337132	-18.1518765078159
			3.70806815821143	-18.1165615729758
			3.70806815821143	-18.0812466381357
			3.74338309305153	-18.0459317032956
			3.77869802789164	-18.0106167684555
			3.81401296273175	-17.9753018336154
			3.84932789757186	-17.9399868987753
			3.84932789757186	-17.9046719639352
			3.88464283241197	-17.8693570290951
			3.91995776725208	-17.834042094255
			3.95527270209219	-17.7987271594148
			3.9905876369323	-17.7634122245747
			4.0259025717724	-17.7280972897346
			4.06121750661251	-17.6927823548945
			4.09653244145262	-17.6574674200544
			4.13184737629273	-17.6221524852143
			4.16716231113284	-17.5868375503742
			4.20247724597295	-17.5868375503742
			4.23779218081306	-17.5515226155341
			4.27310711565317	-17.516207680694
			4.30842205049328	-17.4808927458539
			4.34373698533338	-17.4455778110138
			4.37905192017349	-17.4102628761736
			4.4143668550136	-17.3749479413335
			4.44968178985371	-17.3396330064934
			4.48499672469382	-17.3043180716533
			4.52031165953393	-17.2690031368132
			4.55562659437404	-17.2336882019731
			4.59094152921415	-17.198373267133
			4.62625646405426	-17.1630583322929
			4.66157139889436	-17.1277433974528
			4.69688633373447	-17.0924284626127
			4.73220126857458	-17.0571135277726
			4.76751620341469	-17.0217985929324
			4.8028311382548	-16.9864836580923
			4.83814607309491	-16.9511687232522
			4.87346100793502	-16.9158537884121
			4.90877594277512	-16.880538853572
			4.94409087761523	-16.880538853572
			4.97940581245534	-16.8452239187319
			5.01472074729545	-16.8099089838918
			5.01472074729545	-16.7745940490517
			5.05003568213556	-16.7745940490517
			5.08535061697567	-16.7392791142116
			5.12066555181578	-16.7039641793715
			5.15598048665589	-16.6686492445314
			5.191295421496	-16.6686492445314
			5.2266103563361	-16.6333343096913
			5.26192529117621	-16.5980193748511
			5.29724022601632	-16.562704440011
			5.33255516085643	-16.5273895051709
			5.36787009569654	-16.4920745703308
			5.40318503053665	-16.4920745703308
			5.43849996537676	-16.4567596354907
			5.43849996537676	-16.4214447006506
			5.47381490021687	-16.4214447006506
			5.50912983505698	-16.3861297658105
			5.54444476989708	-16.3861297658105
			5.54444476989708	-16.3508148309704
			5.57975970473719	-16.3508148309704
			5.6150746395773	-16.3154998961303
			5.65038957441741	-16.2801849612902
			5.68570450925752	-16.2448700264501
			5.72101944409763	-16.2095550916099
			5.75633437893774	-16.2095550916099
			5.79164931377785	-16.1742401567698
			5.82696424861795	-16.1389252219297
			5.86227918345806	-16.1389252219297
			5.89759411829817	-16.1036102870896
			5.89759411829817	-16.0682953522495
			5.93290905313828	-16.0682953522495
			5.96822398797839	-16.0329804174094
			6.0035389228185	-15.9976654825693
			6.03885385765861	-15.9976654825693
			6.07416879249872	-15.9623505477292
			6.10948372733882	-15.9623505477292
			6.10948372733882	-15.9270356128891
			6.14479866217893	-15.9270356128891
			6.18011359701904	-15.9270356128891
			6.21542853185915	-15.891720678049
			6.25074346669926	-15.891720678049
			6.28605840153937	-15.891720678049
			6.32137333637948	-15.8564057432089
			6.35668827121959	-15.8564057432089
			6.3920032060597	-15.8210908083687
			6.4273181408998	-15.8210908083687
			6.46263307573991	-15.8210908083687
			6.49794801058002	-15.7857758735286
			6.53326294542013	-15.7857758735286
			6.56857788026024	-15.7504609386885
			6.60389281510035	-15.7504609386885
			6.63920774994046	-15.7504609386885
			6.67452268478057	-15.7151460038484
			6.70983761962068	-15.7151460038484
			6.74515255446078	-15.7151460038484
			6.78046748930089	-15.7151460038484
			6.78046748930089	-15.6798310690083
			6.815782424141	-15.6798310690083
			6.85109735898111	-15.6798310690083
			6.88641229382122	-15.6445161341682
			6.92172722866133	-15.6445161341682
			6.95704216350144	-15.6445161341682
			6.99235709834155	-15.6092011993281
			7.02767203318165	-15.6092011993281
			7.06298696802176	-15.6092011993281
			7.09830190286187	-15.573886264488
			7.13361683770198	-15.573886264488
			7.16893177254209	-15.573886264488
			7.2042467073822	-15.5385713296479
			7.23956164222231	-15.5385713296479
			7.27487657706242	-15.5385713296479
			7.31019151190252	-15.5032563948078
			7.34550644674263	-15.5032563948078
			7.38082138158274	-15.5032563948078
			7.41613631642285	-15.5032563948078
			7.41613631642285	-15.4679414599677
			7.45145125126296	-15.4679414599677
			7.48676618610307	-15.4679414599677
			7.52208112094318	-15.4326265251276
			7.55739605578329	-15.4326265251276
			7.5927109906234	-15.4326265251276
			7.6280259254635	-15.4326265251276
			7.66334086030361	-15.3973115902874
			7.69865579514372	-15.3973115902874
			7.73397072998383	-15.3973115902874
			7.76928566482394	-15.3619966554473
			7.80460059966405	-15.3619966554473
			7.83991553450416	-15.3619966554473
			7.87523046934427	-15.3619966554473
			7.91054540418437	-15.3266817206072
			7.94586033902448	-15.3266817206072
			7.98117527386459	-15.3266817206072
			8.0164902087047	-15.3266817206072
			8.05180514354481	-15.2913667857671
			8.08712007838492	-15.2913667857671
			8.12243501322503	-15.2913667857671
			8.15774994806514	-15.2913667857671
			8.19306488290525	-15.256051850927
			8.22837981774535	-15.256051850927
			8.26369475258546	-15.256051850927
			8.29900968742557	-15.2207369160869
			8.33432462226568	-15.2207369160869
			8.36963955710579	-15.2207369160869
			8.4049544919459	-15.2207369160869
			8.44026942678601	-15.1854219812468
			8.47558436162612	-15.1854219812468
			8.51089929646622	-15.1854219812468
			8.54621423130633	-15.1854219812468
			8.58152916614644	-15.1854219812468
			8.61684410098655	-15.1501070464067
			8.65215903582666	-15.1501070464067
			8.68747397066677	-15.1501070464067
			8.72278890550688	-15.1147921115666
			8.75810384034699	-15.1147921115666
			8.7934187751871	-15.1147921115666
			8.8287337100272	-15.1147921115666
			8.86404864486731	-15.1147921115666
			8.89936357970742	-15.0794771767265
			8.93467851454753	-15.0794771767265
			8.96999344938764	-15.0794771767265
			9.00530838422775	-15.0794771767265
			9.04062331906786	-15.0441622418864
			9.07593825390797	-15.0441622418864
			9.11125318874807	-15.0441622418864
			9.14656812358818	-15.0441622418864
			9.18188305842829	-15.0441622418864
			9.2171979932684	-15.0441622418864
			9.25251292810851	-15.0088473070462
			9.28782786294862	-15.0088473070462
			9.32314279778873	-15.0088473070462
			9.35845773262884	-15.0088473070462
			9.39377266746894	-15.0088473070462
			9.42908760230905	-14.9735323722061
			9.46440253714916	-14.9735323722061
			9.49971747198927	-14.9735323722061
			9.53503240682938	-14.9735323722061
			9.57034734166949	-14.9735323722061
			9.6056622765096	-14.9735323722061
			9.64097721134971	-14.938217437366
			9.67629214618982	-14.938217437366
			9.71160708102992	-14.938217437366
			9.74692201587003	-14.938217437366
			9.78223695071014	-14.938217437366
			9.81755188555025	-14.938217437366
			9.81755188555025	-14.9029025025259
			9.85286682039036	-14.9029025025259
			9.88818175523047	-14.9029025025259
			9.92349669007058	-14.9029025025259
			9.95881162491069	-14.9029025025259
			9.99412655975079	-14.9029025025259
			10.0294414945909	-14.9029025025259
			10.064756429431	-14.8675875676858
			10.1000713642711	-14.8675875676858
			10.1353862991112	-14.8675875676858
			10.1707012339513	-14.8675875676858
			10.2060161687914	-14.8675875676858
			10.2413311036316	-14.8675875676858
			10.2766460384717	-14.8675875676858
			10.3119609733118	-14.8322726328457
			10.3472759081519	-14.8322726328457
			10.382590842992	-14.8322726328457
			10.4179057778321	-14.8322726328457
			10.4532207126722	-14.8322726328457
			10.4885356475123	-14.8322726328457
			10.5238505823524	-14.8322726328457
			10.5591655171925	-14.7969576980056
			10.5944804520326	-14.7969576980056
			10.6297953868728	-14.7969576980056
			10.6651103217129	-14.7969576980056
			10.700425256553	-14.7969576980056
			10.7357401913931	-14.7969576980056
			10.7710551262332	-14.7969576980056
			10.8063700610733	-14.7969576980056
			10.8416849959134	-14.7969576980056
			10.8769999307535	-14.7616427631655
			10.9123148655936	-14.7616427631655
			10.9476298004337	-14.7616427631655
			10.9829447352738	-14.7616427631655
			11.018259670114	-14.7616427631655
			11.0535746049541	-14.7616427631655
			11.0888895397942	-14.7616427631655
			11.1242044746343	-14.7616427631655
			11.1595194094744	-14.7616427631655
			11.1948343443145	-14.7616427631655
			11.2301492791546	-14.7263278283254
			11.2654642139947	-14.7263278283254
			11.3007791488348	-14.7263278283254
			11.3360940836749	-14.7263278283254
			11.371409018515	-14.7263278283254
			11.4067239533551	-14.7263278283254
			11.4420388881953	-14.7263278283254
			11.4773538230354	-14.7263278283254
			11.5126687578755	-14.7263278283254
			11.5479836927156	-14.7263278283254
			11.5832986275557	-14.7263278283254
			11.6186135623958	-14.7263278283254
			11.6539284972359	-14.7263278283254
			11.689243432076	-14.6910128934853
			11.7245583669161	-14.6910128934853
			11.7598733017562	-14.6910128934853
			11.7951882365963	-14.6910128934853
			11.8305031714365	-14.6910128934853
			11.8658181062766	-14.6910128934853
			11.9011330411167	-14.6910128934853
			11.9364479759568	-14.6910128934853
			11.9717629107969	-14.6910128934853
			12.007077845637	-14.6910128934853
			12.0423927804771	-14.6910128934853
			12.0777077153172	-14.6910128934853
			12.1130226501573	-14.6910128934853
			12.1483375849974	-14.6910128934853
			12.1836525198375	-14.6910128934853
			12.2189674546776	-14.6910128934853
			12.2542823895178	-14.6910128934853
			12.2895973243579	-14.6910128934853
			12.324912259198	-14.6910128934853
			12.3602271940381	-14.6910128934853
			12.3955421288782	-14.6556979586452
			12.4308570637183	-14.6556979586452
			12.4661719985584	-14.6556979586452
			12.5014869333985	-14.6556979586452
			12.5368018682386	-14.6556979586452
			12.5721168030787	-14.6556979586452
			12.6074317379188	-14.6556979586452
			12.642746672759	-14.6556979586452
			12.6780616075991	-14.6556979586452
			12.7133765424392	-14.6556979586452
			12.7486914772793	-14.6556979586452
			12.7840064121194	-14.6556979586452
			12.8193213469595	-14.6556979586452
			12.8546362817996	-14.6556979586452
			12.8899512166397	-14.6556979586452
			12.9252661514798	-14.6556979586452
			12.9605810863199	-14.6556979586452
			12.99589602116	-14.6556979586452
			13.0312109560002	-14.6556979586452
			13.0665258908403	-14.6556979586452
			13.1018408256804	-14.6556979586452
			13.1371557605205	-14.6556979586452
			13.1724706953606	-14.6556979586452
			13.2077856302007	-14.6556979586452
			13.2431005650408	-14.6556979586452
			13.2784154998809	-14.6556979586452
			13.313730434721	-14.6556979586452
			13.3490453695611	-14.6556979586452
			13.3843603044012	-14.6556979586452
			13.4196752392414	-14.6556979586452
			13.4549901740815	-14.6556979586452
			13.4903051089216	-14.6556979586452
			13.5256200437617	-14.6556979586452
			13.5609349786018	-14.6556979586452
			13.5962499134419	-14.6556979586452
			13.631564848282	-14.6556979586452
			13.6668797831221	-14.6556979586452
			13.7021947179622	-14.6556979586452
			13.7375096528023	-14.6556979586452
			13.7728245876424	-14.6556979586452
			13.8081395224825	-14.6556979586452
			13.8434544573227	-14.6910128934853
			13.8787693921628	-14.6910128934853
			13.9140843270029	-14.6910128934853
			13.949399261843	-14.6910128934853
			13.9847141966831	-14.6910128934853
			14.0200291315232	-14.6910128934853
			14.0553440663633	-14.6910128934853
			14.0906590012034	-14.6910128934853
			14.1259739360435	-14.6910128934853
			14.1612888708836	-14.6910128934853
			14.1966038057237	-14.6910128934853
			14.2319187405639	-14.6910128934853
			14.267233675404	-14.6910128934853
			14.3025486102441	-14.6910128934853
			14.3378635450842	-14.6910128934853
			14.3731784799243	-14.6910128934853
			14.4084934147644	-14.6910128934853
			14.4438083496045	-14.6910128934853
			14.4791232844446	-14.6910128934853
			14.5144382192847	-14.6910128934853
			14.5497531541248	-14.6910128934853
			14.5850680889649	-14.7263278283254
			14.620383023805	-14.7263278283254
			14.6556979586452	-14.7263278283254
			14.6910128934853	-14.7263278283254
			14.7263278283254	-14.7263278283254
			14.7616427631655	-14.7263278283254
			14.7969576980056	-14.7263278283254
			14.8322726328457	-14.7263278283254
			14.8675875676858	-14.7263278283254
			14.9029025025259	-14.7263278283254
			14.938217437366	-14.7263278283254
			14.9735323722061	-14.7263278283254
			15.0088473070462	-14.7263278283254
			15.0441622418864	-14.7263278283254
			15.0794771767265	-14.7263278283254
			15.1147921115666	-14.7263278283254
			15.1501070464067	-14.7263278283254
			15.1854219812468	-14.7263278283254
			15.2207369160869	-14.7616427631655
			15.256051850927	-14.7616427631655
			15.2913667857671	-14.7616427631655
			15.3266817206072	-14.7616427631655
			15.3619966554473	-14.7616427631655
			15.3973115902874	-14.7616427631655
			15.4326265251276	-14.7616427631655
			15.4679414599677	-14.7616427631655
			15.5032563948078	-14.7616427631655
			15.5385713296479	-14.7616427631655
			15.573886264488	-14.7616427631655
			15.6092011993281	-14.7616427631655
			15.6445161341682	-14.7616427631655
			15.6798310690083	-14.7616427631655
			15.7151460038484	-14.7616427631655
			15.7504609386885	-14.7616427631655
			15.7857758735286	-14.7616427631655
			15.8210908083687	-14.7616427631655
			15.8564057432089	-14.7616427631655
			15.891720678049	-14.7616427631655
			15.9270356128891	-14.7616427631655
			15.9623505477292	-14.7616427631655
			15.9976654825693	-14.7616427631655
			16.0329804174094	-14.7969576980056
			16.0682953522495	-14.7969576980056
			16.1036102870896	-14.7969576980056
			16.1389252219297	-14.7969576980056
			16.1742401567698	-14.7969576980056
			16.2095550916099	-14.7969576980056
			16.2448700264501	-14.7969576980056
			16.2801849612902	-14.7969576980056
			16.3154998961303	-14.7969576980056
			16.3508148309704	-14.7969576980056
			16.3861297658105	-14.7969576980056
			16.4214447006506	-14.7969576980056
			16.4567596354907	-14.7969576980056
			16.4920745703308	-14.7969576980056
			16.5273895051709	-14.7969576980056
			16.562704440011	-14.7969576980056
			16.5980193748511	-14.7969576980056
			16.6333343096913	-14.7969576980056
			16.6686492445314	-14.7969576980056
			16.7039641793715	-14.7969576980056
			16.7392791142116	-14.7969576980056
			16.7745940490517	-14.7969576980056
			16.8099089838918	-14.7969576980056
			16.8452239187319	-14.7969576980056
			16.880538853572	-14.7969576980056
			16.9158537884121	-14.7969576980056
			16.9511687232522	-14.7969576980056
			16.9864836580923	-14.7969576980056
			17.0217985929324	-14.7969576980056
			17.0571135277726	-14.7969576980056
			17.0924284626127	-14.7969576980056
			17.1277433974528	-14.7969576980056
			17.1630583322929	-14.8322726328457
			17.198373267133	-14.8322726328457
			17.2336882019731	-14.8322726328457
			17.2690031368132	-14.8322726328457
			17.3043180716533	-14.8322726328457
			17.3396330064934	-14.8322726328457
			17.3749479413335	-14.8322726328457
			17.4102628761736	-14.8322726328457
			17.4455778110138	-14.8322726328457
			17.4808927458539	-14.8322726328457
			17.516207680694	-14.8322726328457
			17.5515226155341	-14.8322726328457
			17.5868375503742	-14.8322726328457
			17.6221524852143	-14.8322726328457
			17.6574674200544	-14.8322726328457
			17.6927823548945	-14.8322726328457
			17.7280972897346	-14.8322726328457
			17.7634122245747	-14.8322726328457
			17.7987271594148	-14.8322726328457
			17.834042094255	-14.8322726328457
			17.8693570290951	-14.8322726328457
			17.9046719639352	-14.8322726328457
			17.9399868987753	-14.8322726328457
			17.9753018336154	-14.8322726328457
			18.0106167684555	-14.8322726328457
			18.0459317032956	-14.8322726328457
			18.0812466381357	-14.8322726328457
			18.1165615729758	-14.8322726328457
			18.1518765078159	-14.8322726328457
			18.187191442656	-14.8322726328457
			18.2225063774961	-14.8322726328457
			18.2578213123363	-14.8322726328457
			18.2931362471764	-14.8322726328457
			18.3284511820165	-14.8322726328457
			18.3637661168566	-14.8322726328457
			18.3990810516967	-14.8322726328457
			18.4343959865368	-14.8322726328457
			18.4697109213769	-14.8322726328457
			18.505025856217	-14.8322726328457
			18.5403407910571	-14.8322726328457
			18.5756557258972	-14.8322726328457
			18.6109706607373	-14.8322726328457
			18.6462855955775	-14.8322726328457
			18.6816005304176	-14.8322726328457
			18.7169154652577	-14.8322726328457
			18.7522304000978	-14.8322726328457
			18.7875453349379	-14.8322726328457
			18.822860269778	-14.8322726328457
			18.8581752046181	-14.8322726328457
			18.8934901394582	-14.8322726328457
			18.9288050742983	-14.8322726328457
			18.9641200091384	-14.8322726328457
			18.9994349439785	-14.8322726328457
			19.0347498788187	-14.8322726328457
			19.0700648136588	-14.8322726328457
			19.1053797484989	-14.8322726328457
			19.140694683339	-14.8322726328457
			19.1760096181791	-14.8322726328457
			19.2113245530192	-14.8322726328457
			19.2466394878593	-14.8322726328457
			19.2819544226994	-14.8322726328457
			19.3172693575395	-14.7969576980056
			19.3525842923796	-14.7969576980056
			19.3878992272197	-14.7969576980056
			19.4232141620598	-14.7969576980056
			19.4585290969	-14.7969576980056
			19.4938440317401	-14.7969576980056
			19.5291589665802	-14.7969576980056
			19.5644739014203	-14.7969576980056
			19.5997888362604	-14.7969576980056
			19.6351037711005	-14.7969576980056
			19.6704187059406	-14.7969576980056
			19.7057336407807	-14.7969576980056
			19.7410485756208	-14.7969576980056
			19.7763635104609	-14.7969576980056
			19.811678445301	-14.7969576980056
			19.8469933801412	-14.7969576980056
			19.8823083149813	-14.7969576980056
			19.9176232498214	-14.7969576980056
			19.9529381846615	-14.7969576980056
			19.9882531195016	-14.7969576980056
			20.0235680543417	-14.7969576980056
			20.0588829891818	-14.7969576980056
			20.0941979240219	-14.7616427631655
			20.129512858862	-14.7616427631655
			20.1648277937021	-14.7616427631655
			20.2001427285422	-14.7616427631655
			20.2354576633824	-14.7616427631655
			20.2707725982225	-14.7616427631655
			20.3060875330626	-14.7616427631655
			20.3414024679027	-14.7616427631655
			20.3767174027428	-14.7616427631655
			20.4120323375829	-14.7616427631655
			20.447347272423	-14.7616427631655
			20.4826622072631	-14.7616427631655
			20.5179771421032	-14.7616427631655
			20.5532920769433	-14.7263278283254
			20.5886070117834	-14.7263278283254
			20.6239219466235	-14.7263278283254
			20.6592368814637	-14.7263278283254
			20.6945518163038	-14.7263278283254
			20.7298667511439	-14.7263278283254
			20.765181685984	-14.7263278283254
			20.8004966208241	-14.7263278283254
			20.8358115556642	-14.7263278283254
			20.8711264905043	-14.6910128934853
			20.9064414253444	-14.6910128934853
			20.9417563601845	-14.6910128934853
			20.9770712950246	-14.6910128934853
			21.0123862298647	-14.6910128934853
			21.0477011647049	-14.6910128934853
			21.083016099545	-14.6910128934853
			21.1183310343851	-14.6556979586452
			21.1536459692252	-14.6556979586452
			21.1889609040653	-14.6556979586452
			21.2242758389054	-14.6556979586452
			21.2595907737455	-14.6556979586452
			21.2949057085856	-14.6556979586452
			21.3302206434257	-14.620383023805
			21.3655355782658	-14.620383023805
			21.4008505131059	-14.620383023805
		</Snout_dorsal>
		<Dorsal_adipose type=matrix rownames=FALSE colnames=FALSE nrow=470 ncol=2 as.numeric=TRUE >
			21.4008505131059	-14.620383023805
			21.436165447946	-14.620383023805
			21.4714803827862	-14.620383023805
			21.5067953176263	-14.6556979586452
			21.5421102524664	-14.6556979586452
			21.5774251873065	-14.6556979586452
			21.6127401221466	-14.6556979586452
			21.6480550569867	-14.6556979586452
			21.6833699918268	-14.6910128934853
			21.7186849266669	-14.6910128934853
			21.753999861507	-14.6910128934853
			21.7893147963471	-14.6910128934853
			21.8246297311872	-14.7263278283254
			21.8599446660274	-14.7263278283254
			21.8952596008675	-14.7263278283254
			21.9305745357076	-14.7263278283254
			21.9658894705477	-14.7263278283254
			22.0012044053878	-14.7616427631655
			22.0365193402279	-14.7616427631655
			22.071834275068	-14.7616427631655
			22.1071492099081	-14.7616427631655
			22.1424641447482	-14.7616427631655
			22.1777790795883	-14.7969576980056
			22.2130940144284	-14.7969576980056
			22.2484089492686	-14.7969576980056
			22.2837238841087	-14.7969576980056
			22.3190388189488	-14.8322726328457
			22.3543537537889	-14.8322726328457
			22.389668688629	-14.8322726328457
			22.4249836234691	-14.8322726328457
			22.4602985583092	-14.8322726328457
			22.4956134931493	-14.8675875676858
			22.5309284279894	-14.8675875676858
			22.5662433628295	-14.8675875676858
			22.6015582976696	-14.8675875676858
			22.6368732325097	-14.8675875676858
			22.6721881673499	-14.9029025025259
			22.70750310219	-14.9029025025259
			22.7428180370301	-14.9029025025259
			22.7781329718702	-14.9029025025259
			22.8134479067103	-14.938217437366
			22.8487628415504	-14.938217437366
			22.8840777763905	-14.938217437366
			22.9193927112306	-14.938217437366
			22.9547076460707	-14.938217437366
			22.9900225809108	-14.9735323722061
			23.0253375157509	-14.9735323722061
			23.0606524505911	-14.9735323722061
			23.0959673854312	-14.9735323722061
			23.1312823202713	-14.9735323722061
			23.1665972551114	-15.0088473070462
			23.2019121899515	-15.0088473070462
			23.2372271247916	-15.0088473070462
			23.2725420596317	-15.0088473070462
			23.3078569944718	-15.0441622418864
			23.3431719293119	-15.0441622418864
			23.378486864152	-15.0441622418864
			23.4138017989921	-15.0441622418864
			23.4491167338323	-15.0794771767265
			23.4844316686724	-15.0794771767265
			23.5197466035125	-15.0794771767265
			23.5550615383526	-15.0794771767265
			23.5903764731927	-15.0794771767265
			23.6256914080328	-15.1147921115666
			23.6610063428729	-15.1147921115666
			23.696321277713	-15.1147921115666
			23.7316362125531	-15.1147921115666
			23.7669511473932	-15.1501070464067
			23.8022660822333	-15.1501070464067
			23.8375810170735	-15.1501070464067
			23.8728959519136	-15.1501070464067
			23.9082108867537	-15.1501070464067
			23.9435258215938	-15.1854219812468
			23.9788407564339	-15.1854219812468
			24.014155691274	-15.1854219812468
			24.0494706261141	-15.1854219812468
			24.0847855609542	-15.1854219812468
			24.1201004957943	-15.2207369160869
			24.1554154306344	-15.2207369160869
			24.1907303654745	-15.2207369160869
			24.2260453003146	-15.2207369160869
			24.2613602351548	-15.2207369160869
			24.2966751699949	-15.256051850927
			24.331990104835	-15.256051850927
			24.3673050396751	-15.256051850927
			24.4026199745152	-15.256051850927
			24.4379349093553	-15.256051850927
			24.4379349093553	-15.2913667857671
			24.4732498441954	-15.2913667857671
			24.5085647790355	-15.2913667857671
			24.5438797138756	-15.2913667857671
			24.5791946487157	-15.3266817206072
			24.6145095835558	-15.3266817206072
			24.649824518396	-15.3266817206072
			24.6851394532361	-15.3266817206072
			24.7204543880762	-15.3266817206072
			24.7557693229163	-15.3619966554473
			24.7910842577564	-15.3619966554473
			24.8263991925965	-15.3619966554473
			24.8617141274366	-15.3619966554473
			24.8970290622767	-15.3619966554473
			24.8970290622767	-15.3973115902874
			24.9323439971168	-15.3973115902874
			24.9676589319569	-15.3973115902874
			25.002973866797	-15.3973115902874
			25.0382888016372	-15.3973115902874
			25.0736037364773	-15.4326265251276
			25.1089186713174	-15.4326265251276
			25.1442336061575	-15.4326265251276
			25.1795485409976	-15.4326265251276
			25.2148634758377	-15.4326265251276
			25.2501784106778	-15.4679414599677
			25.2854933455179	-15.4679414599677
			25.320808280358	-15.4679414599677
			25.3561232151981	-15.4679414599677
			25.3914381500382	-15.5032563948078
			25.4267530848783	-15.5032563948078
			25.4620680197185	-15.5032563948078
			25.4973829545586	-15.5032563948078
			25.5326978893987	-15.5032563948078
			25.5680128242388	-15.5385713296479
			25.6033277590789	-15.5385713296479
			25.638642693919	-15.5385713296479
			25.6739576287591	-15.5385713296479
			25.7092725635992	-15.573886264488
			25.7445874984393	-15.573886264488
			25.7799024332794	-15.573886264488
			25.8152173681195	-15.573886264488
			25.8505323029597	-15.573886264488
			25.8858472377998	-15.6092011993281
			25.9211621726399	-15.6092011993281
			25.95647710748	-15.6092011993281
			25.9917920423201	-15.6092011993281
			26.0271069771602	-15.6092011993281
			26.0624219120003	-15.6445161341682
			26.0977368468404	-15.6445161341682
			26.1330517816805	-15.6445161341682
			26.1683667165206	-15.6445161341682
			26.2036816513607	-15.6798310690083
			26.2389965862008	-15.6798310690083
			26.274311521041	-15.6798310690083
			26.3096264558811	-15.6798310690083
			26.3449413907212	-15.7151460038484
			26.3802563255613	-15.7151460038484
			26.4155712604014	-15.7151460038484
			26.4508861952415	-15.7151460038484
			26.4862011300816	-15.7151460038484
			26.5215160649217	-15.7504609386885
			26.5568309997618	-15.7504609386885
			26.5921459346019	-15.7504609386885
			26.627460869442	-15.7504609386885
			26.6627758042822	-15.7857758735286
			26.6980907391223	-15.7857758735286
			26.7334056739624	-15.7857758735286
			26.7687206088025	-15.7857758735286
			26.8040355436426	-15.8210908083687
			26.8393504784827	-15.8210908083687
			26.8746654133228	-15.8210908083687
			26.9099803481629	-15.8210908083687
			26.945295283003	-15.8210908083687
			26.9806102178431	-15.8564057432089
			27.0159251526832	-15.8564057432089
			27.0512400875234	-15.8564057432089
			27.0865550223635	-15.8564057432089
			27.1218699572036	-15.891720678049
			27.1571848920437	-15.891720678049
			27.1924998268838	-15.891720678049
			27.2278147617239	-15.891720678049
			27.263129696564	-15.9270356128891
			27.2984446314041	-15.9270356128891
			27.3337595662442	-15.9270356128891
			27.3690745010843	-15.9270356128891
			27.4043894359244	-15.9270356128891
			27.4397043707645	-15.9623505477292
			27.4750193056047	-15.9623505477292
			27.5103342404448	-15.9623505477292
			27.5456491752849	-15.9623505477292
			27.580964110125	-15.9623505477292
			27.580964110125	-15.9976654825693
			27.6162790449651	-15.9976654825693
			27.6515939798052	-15.9976654825693
			27.6869089146453	-15.9976654825693
			27.7222238494854	-15.9976654825693
			27.7575387843255	-16.0329804174094
			27.7928537191656	-16.0329804174094
			27.8281686540057	-16.0329804174094
			27.8634835888459	-16.0329804174094
			27.898798523686	-16.0682953522495
			27.9341134585261	-16.0682953522495
			27.9694283933662	-16.0682953522495
			28.0047433282063	-16.0682953522495
			28.0400582630464	-16.0682953522495
			28.0753731978865	-16.1036102870896
			28.1106881327266	-16.1036102870896
			28.1460030675667	-16.1036102870896
			28.1813180024068	-16.1036102870896
			28.1813180024068	-16.1389252219297
			28.2166329372469	-16.1389252219297
			28.2519478720871	-16.1389252219297
			28.2872628069272	-16.1389252219297
			28.3225777417673	-16.1389252219297
			28.3578926766074	-16.1742401567698
			28.3932076114475	-16.1742401567698
			28.4285225462876	-16.1742401567698
			28.4638374811277	-16.1742401567698
			28.4991524159678	-16.2095550916099
			28.5344673508079	-16.2095550916099
			28.569782285648	-16.2095550916099
			28.6050972204881	-16.2095550916099
			28.6404121553282	-16.2095550916099
			28.6757270901684	-16.2448700264501
			28.7110420250085	-16.2448700264501
			28.7463569598486	-16.2448700264501
			28.7816718946887	-16.2448700264501
			28.8169868295288	-16.2801849612902
			28.8523017643689	-16.2801849612902
			28.887616699209	-16.2801849612902
			28.9229316340491	-16.2801849612902
			28.9582465688892	-16.2801849612902
			28.9935615037293	-16.3154998961303
			29.0288764385694	-16.3154998961303
			29.0641913734096	-16.3154998961303
			29.0995063082497	-16.3154998961303
			29.1348212430898	-16.3508148309704
			29.1701361779299	-16.3508148309704
			29.20545111277	-16.3508148309704
			29.2407660476101	-16.3508148309704
			29.2760809824502	-16.3861297658105
			29.3113959172903	-16.3861297658105
			29.3467108521304	-16.3861297658105
			29.3820257869705	-16.3861297658105
			29.4173407218106	-16.4214447006506
			29.4526556566508	-16.4214447006506
			29.4879705914909	-16.4214447006506
			29.523285526331	-16.4214447006506
			29.5586004611711	-16.4214447006506
			29.5939153960112	-16.4567596354907
			29.6292303308513	-16.4567596354907
			29.6645452656914	-16.4567596354907
			29.6998602005315	-16.4567596354907
			29.7351751353716	-16.4567596354907
			29.7704900702117	-16.4920745703308
			29.8058050050518	-16.4920745703308
			29.8411199398919	-16.4920745703308
			29.8764348747321	-16.4920745703308
			29.9117498095722	-16.5273895051709
			29.9470647444123	-16.5273895051709
			29.9823796792524	-16.5273895051709
			30.0176946140925	-16.5273895051709
			30.0530095489326	-16.562704440011
			30.0883244837727	-16.562704440011
			30.1236394186128	-16.562704440011
			30.1589543534529	-16.562704440011
			30.194269288293	-16.562704440011
			30.2295842231331	-16.5980193748511
			30.2648991579733	-16.5980193748511
			30.3002140928134	-16.5980193748511
			30.3355290276535	-16.5980193748511
			30.3708439624936	-16.6333343096913
			30.4061588973337	-16.6333343096913
			30.4414738321738	-16.6333343096913
			30.4767887670139	-16.6333343096913
			30.512103701854	-16.6686492445314
			30.5474186366941	-16.6686492445314
			30.5827335715342	-16.6686492445314
			30.6180485063743	-16.6686492445314
			30.6533634412145	-16.6686492445314
			30.6886783760546	-16.7039641793715
			30.7239933108947	-16.7039641793715
			30.7593082457348	-16.7039641793715
			30.7946231805749	-16.7039641793715
			30.829938115415	-16.7392791142116
			30.8652530502551	-16.7392791142116
			30.9005679850952	-16.7392791142116
			30.9358829199353	-16.7392791142116
			30.9711978547754	-16.7745940490517
			31.0065127896155	-16.7745940490517
			31.0418277244556	-16.7745940490517
			31.0771426592958	-16.7745940490517
			31.1124575941359	-16.8099089838918
			31.147772528976	-16.8099089838918
			31.1830874638161	-16.8099089838918
			31.2184023986562	-16.8099089838918
			31.2537173334963	-16.8099089838918
			31.2537173334963	-16.8452239187319
			31.2890322683364	-16.8452239187319
			31.3243472031765	-16.8452239187319
			31.3596621380166	-16.8452239187319
			31.3949770728567	-16.8452239187319
			31.4302920076968	-16.8452239187319
			31.4302920076968	-16.880538853572
			31.465606942537	-16.880538853572
			31.5009218773771	-16.880538853572
			31.5362368122172	-16.880538853572
			31.5715517470573	-16.880538853572
			31.6068666818974	-16.9158537884121
			31.6421816167375	-16.9158537884121
			31.6774965515776	-16.9158537884121
			31.7128114864177	-16.9511687232522
			31.7481264212578	-16.9511687232522
			31.7834413560979	-16.9511687232522
			31.818756290938	-16.9511687232522
			31.8540712257782	-16.9511687232522
			31.8893861606183	-16.9864836580923
			31.9247010954584	-16.9864836580923
			31.9600160302985	-16.9864836580923
			31.9953309651386	-16.9864836580923
			32.0306458999787	-16.9864836580923
			32.0306458999787	-17.0217985929324
			32.0659608348188	-17.0217985929324
			32.1012757696589	-17.0217985929324
			32.136590704499	-17.0217985929324
			32.1719056393391	-17.0217985929324
			32.2072205741792	-17.0217985929324
			32.2425355090193	-17.0571135277726
			32.2778504438595	-17.0571135277726
			32.3131653786996	-17.0571135277726
			32.3484803135397	-17.0571135277726
			32.3837952483798	-17.0571135277726
			32.4191101832199	-17.0571135277726
			32.45442511806	-17.0571135277726
			32.4897400529001	-17.0924284626127
			32.5250549877402	-17.0924284626127
			32.5603699225803	-17.0924284626127
			32.5956848574204	-17.0924284626127
			32.6309997922605	-17.0924284626127
			32.6663147271007	-17.0924284626127
			32.7016296619408	-17.0924284626127
			32.7369445967809	-17.1277433974528
			32.772259531621	-17.1277433974528
			32.8075744664611	-17.1277433974528
			32.8428894013012	-17.1277433974528
			32.8782043361413	-17.1277433974528
			32.9135192709814	-17.1277433974528
			32.9488342058215	-17.1277433974528
			32.9841491406616	-17.1630583322929
			33.0194640755017	-17.1630583322929
			33.0547790103419	-17.1630583322929
			33.090093945182	-17.1630583322929
			33.1254088800221	-17.1630583322929
			33.1607238148622	-17.1630583322929
			33.1960387497023	-17.1630583322929
			33.2313536845424	-17.1630583322929
			33.2666686193825	-17.198373267133
			33.3019835542226	-17.198373267133
			33.3372984890627	-17.198373267133
			33.3726134239028	-17.198373267133
			33.4079283587429	-17.198373267133
			33.443243293583	-17.198373267133
			33.4785582284232	-17.198373267133
			33.5138731632633	-17.198373267133
			33.5491880981034	-17.2336882019731
			33.5845030329435	-17.2336882019731
			33.6198179677836	-17.2336882019731
			33.6551329026237	-17.2336882019731
			33.6904478374638	-17.2336882019731
			33.7257627723039	-17.2336882019731
			33.761077707144	-17.2336882019731
			33.7963926419841	-17.2336882019731
			33.7963926419841	-17.2690031368132
			33.8317075768242	-17.2690031368132
			33.8670225116644	-17.2690031368132
			33.9023374465045	-17.2690031368132
			33.9376523813446	-17.2690031368132
			33.9729673161847	-17.2690031368132
			34.0082822510248	-17.2690031368132
			34.0435971858649	-17.2690031368132
			34.078912120705	-17.2690031368132
			34.1142270555451	-17.3043180716533
			34.1495419903852	-17.3043180716533
			34.1848569252253	-17.3043180716533
			34.2201718600654	-17.3043180716533
			34.2554867949056	-17.3043180716533
			34.2908017297457	-17.3043180716533
			34.3261166645858	-17.3043180716533
			34.3614315994259	-17.3043180716533
			34.396746534266	-17.3396330064934
			34.4320614691061	-17.3396330064934
			34.4673764039462	-17.3396330064934
			34.5026913387863	-17.3396330064934
			34.5380062736264	-17.3396330064934
			34.5733212084665	-17.3396330064934
			34.6086361433066	-17.3396330064934
			34.6439510781467	-17.3396330064934
			34.6792660129869	-17.3396330064934
			34.714580947827	-17.3396330064934
			34.7498958826671	-17.3749479413335
			34.7852108175072	-17.3749479413335
			34.8205257523473	-17.3749479413335
			34.8558406871874	-17.3749479413335
			34.8911556220275	-17.3749479413335
			34.9264705568676	-17.3749479413335
			34.9617854917077	-17.3749479413335
			34.9971004265478	-17.3749479413335
			35.0324153613879	-17.3749479413335
			35.0677302962281	-17.3749479413335
			35.1030452310682	-17.4102628761736
			35.1383601659083	-17.4102628761736
			35.1736751007484	-17.4102628761736
			35.2089900355885	-17.4102628761736
			35.2443049704286	-17.4102628761736
			35.2796199052687	-17.4102628761736
			35.3149348401088	-17.4102628761736
			35.3502497749489	-17.4102628761736
			35.385564709789	-17.4102628761736
			35.4208796446291	-17.4102628761736
			35.4561945794692	-17.4455778110138
			35.4915095143094	-17.4455778110138
			35.5268244491495	-17.4455778110138
			35.5621393839896	-17.4455778110138
			35.5974543188297	-17.4455778110138
			35.6327692536698	-17.4455778110138
			35.6680841885099	-17.4455778110138
			35.70339912335	-17.4455778110138
			35.7387140581901	-17.4455778110138
			35.7740289930302	-17.4455778110138
			35.8093439278703	-17.4455778110138
			35.8446588627104	-17.4455778110138
			35.8799737975506	-17.4808927458539
			35.9152887323907	-17.4808927458539
			35.9506036672308	-17.4808927458539
			35.9859186020709	-17.4808927458539
			36.021233536911	-17.4808927458539
			36.0565484717511	-17.4808927458539
			36.0918634065912	-17.4808927458539
			36.1271783414313	-17.4808927458539
			36.1624932762714	-17.4808927458539
			36.1978082111115	-17.4808927458539
			36.2331231459516	-17.4808927458539
			36.2684380807918	-17.4808927458539
			36.3037530156319	-17.4808927458539
			36.339067950472	-17.4808927458539
			36.3743828853121	-17.4808927458539
			36.4096978201522	-17.4808927458539
			36.4450127549923	-17.516207680694
			36.4803276898324	-17.516207680694
			36.5156426246725	-17.516207680694
			36.5509575595126	-17.516207680694
			36.5862724943527	-17.516207680694
			36.6215874291928	-17.516207680694
			36.656902364033	-17.516207680694
			36.6922172988731	-17.516207680694
			36.7275322337132	-17.516207680694
			36.7628471685533	-17.516207680694
			36.7981621033934	-17.516207680694
			36.8334770382335	-17.516207680694
			36.8687919730736	-17.516207680694
			36.9041069079137	-17.516207680694
			36.9394218427538	-17.516207680694
			36.9747367775939	-17.516207680694
			37.010051712434	-17.516207680694
			37.0453666472742	-17.516207680694
			37.0806815821143	-17.516207680694
			37.1159965169544	-17.516207680694
			37.1513114517945	-17.516207680694
			37.1866263866346	-17.516207680694
			37.2219413214747	-17.516207680694
			37.2572562563148	-17.516207680694
			37.2925711911549	-17.516207680694
			37.327886125995	-17.516207680694
			37.3632010608351	-17.516207680694
			37.3985159956752	-17.516207680694
			37.4338309305153	-17.516207680694
			37.4691458653555	-17.516207680694
			37.5044608001956	-17.516207680694
			37.5397757350357	-17.516207680694
			37.5750906698758	-17.516207680694
			37.6104056047159	-17.516207680694
			37.645720539556	-17.516207680694
			37.6810354743961	-17.516207680694
		</Dorsal_adipose>
		<Adipose_caudal type=matrix rownames=FALSE colnames=FALSE nrow=277 ncol=2 as.numeric=TRUE >
			37.6810354743961	-17.516207680694
			37.7163504092362	-17.516207680694
			37.7516653440763	-17.516207680694
			37.7869802789164	-17.516207680694
			37.8222952137565	-17.5515226155341
			37.8576101485966	-17.5515226155341
			37.8929250834368	-17.5515226155341
			37.9282400182769	-17.5515226155341
			37.963554953117	-17.5515226155341
			37.9988698879571	-17.5515226155341
			38.0341848227972	-17.5868375503742
			38.0694997576373	-17.5868375503742
			38.1048146924774	-17.5868375503742
			38.1401296273175	-17.5868375503742
			38.1754445621576	-17.5868375503742
			38.2107594969977	-17.6221524852143
			38.2460744318378	-17.6221524852143
			38.281389366678	-17.6221524852143
			38.3167043015181	-17.6221524852143
			38.3167043015181	-17.6574674200544
			38.3520192363582	-17.6574674200544
			38.3873341711983	-17.6574674200544
			38.4226491060384	-17.6574674200544
			38.4579640408785	-17.6927823548945
			38.4932789757186	-17.6927823548945
			38.5285939105587	-17.7280972897346
			38.5639088453988	-17.7280972897346
			38.5992237802389	-17.7634122245747
			38.634538715079	-17.7634122245747
			38.6698536499192	-17.7634122245747
			38.7051685847593	-17.7987271594148
			38.7404835195994	-17.834042094255
			38.7757984544395	-17.834042094255
			38.8111133892796	-17.8693570290951
			38.8464283241197	-17.8693570290951
			38.8464283241197	-17.9046719639352
			38.8817432589598	-17.9046719639352
			38.9170581937999	-17.9399868987753
			38.95237312864	-17.9753018336154
			38.9876880634801	-18.0106167684555
			39.0230029983202	-18.0459317032956
			39.0583179331603	-18.0812466381357
			39.0936328680005	-18.0812466381357
			39.1289478028406	-18.0812466381357
			39.1642627376807	-18.1165615729758
			39.1995776725208	-18.1165615729758
			39.2348926073609	-18.1165615729758
			39.270207542201	-18.1165615729758
			39.3055224770411	-18.1165615729758
			39.3408374118812	-18.1518765078159
			39.3761523467213	-18.1518765078159
			39.4114672815614	-18.1518765078159
			39.4467822164015	-18.1518765078159
			39.4820971512417	-18.1518765078159
			39.5174120860818	-18.1518765078159
			39.5527270209219	-18.187191442656
			39.588041955762	-18.187191442656
			39.6233568906021	-18.187191442656
			39.6586718254422	-18.187191442656
			39.6939867602823	-18.2225063774961
			39.7293016951224	-18.2225063774961
			39.7646166299625	-18.2225063774961
			39.7999315648026	-18.2225063774961
			39.8352464996427	-18.2225063774961
			39.8705614344829	-18.2225063774961
			39.905876369323	-18.2578213123363
			39.9411913041631	-18.2578213123363
			39.9765062390032	-18.2578213123363
			40.0118211738433	-18.2578213123363
			40.0471361086834	-18.2578213123363
			40.0824510435235	-18.2578213123363
			40.0824510435235	-18.2931362471764
			40.1177659783636	-18.2931362471764
			40.1530809132037	-18.2931362471764
			40.1883958480438	-18.2931362471764
			40.2237107828839	-18.2931362471764
			40.2590257177241	-18.2931362471764
			40.2943406525642	-18.3284511820165
			40.3296555874043	-18.3284511820165
			40.3649705222444	-18.3284511820165
			40.4002854570845	-18.3284511820165
			40.4356003919246	-18.3284511820165
			40.4709153267647	-18.3637661168566
			40.5062302616048	-18.3637661168566
			40.5415451964449	-18.3637661168566
			40.576860131285	-18.3637661168566
			40.6121750661251	-18.3637661168566
			40.6474900009652	-18.3637661168566
			40.6828049358054	-18.3990810516967
			40.7181198706455	-18.3990810516967
			40.7534348054856	-18.3990810516967
			40.7887497403257	-18.3990810516967
			40.8240646751658	-18.3990810516967
			40.8593796100059	-18.4343959865368
			40.894694544846	-18.4343959865368
			40.9300094796861	-18.4343959865368
			40.9653244145262	-18.4343959865368
			41.0006393493663	-18.4343959865368
			41.0359542842064	-18.4343959865368
			41.0712692190465	-18.4697109213769
			41.1065841538867	-18.4697109213769
			41.1418990887268	-18.4697109213769
			41.1772140235669	-18.4697109213769
			41.212528958407	-18.4697109213769
			41.2478438932471	-18.4697109213769
			41.2831588280872	-18.505025856217
			41.3184737629273	-18.505025856217
			41.3537886977674	-18.505025856217
			41.3891036326075	-18.505025856217
			41.4244185674476	-18.505025856217
			41.4597335022877	-18.505025856217
			41.4950484371279	-18.5403407910571
			41.530363371968	-18.5403407910571
			41.5656783068081	-18.5403407910571
			41.6009932416482	-18.5403407910571
			41.6363081764883	-18.5403407910571
			41.6716231113284	-18.5403407910571
			41.6716231113284	-18.5756557258972
			41.7069380461685	-18.5756557258972
			41.7422529810086	-18.5756557258972
			41.7775679158487	-18.5756557258972
			41.8128828506888	-18.5756557258972
			41.8481977855289	-18.5756557258972
			41.8835127203691	-18.5756557258972
			41.9188276552092	-18.6109706607373
			41.9541425900493	-18.6109706607373
			41.9894575248894	-18.6109706607373
			42.0247724597295	-18.6109706607373
			42.0600873945696	-18.6109706607373
			42.0954023294097	-18.6109706607373
			42.1307172642498	-18.6462855955775
			42.1660321990899	-18.6462855955775
			42.20134713393	-18.6462855955775
			42.2366620687701	-18.6462855955775
			42.2719770036103	-18.6462855955775
			42.3072919384504	-18.6462855955775
			42.3426068732905	-18.6816005304176
			42.3779218081306	-18.6816005304176
			42.4132367429707	-18.6816005304176
			42.4485516778108	-18.6816005304176
			42.4838666126509	-18.6816005304176
			42.519181547491	-18.6816005304176
			42.5544964823311	-18.6816005304176
			42.5898114171712	-18.7169154652577
			42.6251263520113	-18.7169154652577
			42.6604412868515	-18.7169154652577
			42.6957562216916	-18.7169154652577
			42.7310711565317	-18.7169154652577
			42.7663860913718	-18.7169154652577
			42.8017010262119	-18.7169154652577
			42.837015961052	-18.7522304000978
			42.8723308958921	-18.7522304000978
			42.9076458307322	-18.7522304000978
			42.9429607655723	-18.7522304000978
			42.9782757004124	-18.7522304000978
			43.0135906352525	-18.7522304000978
			43.0489055700926	-18.7522304000978
			43.0842205049328	-18.7875453349379
			43.1195354397729	-18.7875453349379
			43.154850374613	-18.7875453349379
			43.1901653094531	-18.7875453349379
			43.2254802442932	-18.7875453349379
			43.2607951791333	-18.7875453349379
			43.2961101139734	-18.7875453349379
			43.3314250488135	-18.7875453349379
			43.3667399836536	-18.7875453349379
			43.3667399836536	-18.822860269778
			43.4020549184937	-18.822860269778
			43.4373698533338	-18.822860269778
			43.472684788174	-18.822860269778
			43.5079997230141	-18.822860269778
			43.5433146578542	-18.822860269778
			43.5786295926943	-18.822860269778
			43.6139445275344	-18.822860269778
			43.6492594623745	-18.822860269778
			43.6845743972146	-18.8581752046181
			43.7198893320547	-18.8581752046181
			43.7552042668948	-18.8581752046181
			43.7905192017349	-18.8581752046181
			43.825834136575	-18.8581752046181
			43.8611490714151	-18.8581752046181
			43.8964640062553	-18.8581752046181
			43.9317789410954	-18.8581752046181
			43.9670938759355	-18.8581752046181
			44.0024088107756	-18.8581752046181
			44.0377237456157	-18.8581752046181
			44.0730386804558	-18.8934901394582
			44.1083536152959	-18.8934901394582
			44.143668550136	-18.8934901394582
			44.1789834849761	-18.8934901394582
			44.2142984198162	-18.8934901394582
			44.2496133546563	-18.8934901394582
			44.2849282894965	-18.8934901394582
			44.3202432243366	-18.8934901394582
			44.3555581591767	-18.8934901394582
			44.3908730940168	-18.8934901394582
			44.4261880288569	-18.8934901394582
			44.461502963697	-18.8934901394582
			44.4968178985371	-18.8934901394582
			44.5321328333772	-18.8934901394582
			44.5674477682173	-18.8934901394582
			44.6027627030574	-18.8934901394582
			44.6380776378975	-18.8934901394582
			44.6733925727377	-18.8934901394582
			44.7087075075778	-18.8934901394582
			44.7440224424179	-18.8934901394582
			44.779337377258	-18.8934901394582
			44.8146523120981	-18.8934901394582
			44.8499672469382	-18.8934901394582
			44.8852821817783	-18.8934901394582
			44.9205971166184	-18.8934901394582
			44.9559120514585	-18.8934901394582
			44.9912269862986	-18.8934901394582
			45.0265419211387	-18.8934901394582
			45.0618568559788	-18.8581752046181
			45.097171790819	-18.8581752046181
			45.1324867256591	-18.8581752046181
			45.1678016604992	-18.8581752046181
			45.2031165953393	-18.8581752046181
			45.2384315301794	-18.8581752046181
			45.2737464650195	-18.8581752046181
			45.3090613998596	-18.8581752046181
			45.3443763346997	-18.8581752046181
			45.3796912695398	-18.8581752046181
			45.4150062043799	-18.8581752046181
			45.45032113922	-18.8581752046181
			45.4856360740602	-18.8581752046181
			45.5209510089003	-18.8581752046181
			45.5562659437404	-18.8581752046181
			45.5915808785805	-18.8581752046181
			45.6268958134206	-18.8581752046181
			45.6622107482607	-18.8581752046181
			45.6975256831008	-18.8581752046181
			45.7328406179409	-18.8581752046181
			45.768155552781	-18.8581752046181
			45.8034704876211	-18.8581752046181
			45.8387854224612	-18.8581752046181
			45.8741003573014	-18.8581752046181
			45.9094152921415	-18.8581752046181
			45.9447302269816	-18.8581752046181
			45.9800451618217	-18.8934901394582
			46.0153600966618	-18.8934901394582
			46.0506750315019	-18.8934901394582
			46.085989966342	-18.8934901394582
			46.1213049011821	-18.8934901394582
			46.1566198360222	-18.8934901394582
			46.1919347708623	-18.8934901394582
			46.2272497057024	-18.8934901394582
			46.2625646405425	-18.8934901394582
			46.2978795753827	-18.8934901394582
			46.3331945102228	-18.8934901394582
			46.3685094450629	-18.8934901394582
			46.403824379903	-18.8934901394582
			46.4391393147431	-18.9288050742983
			46.4744542495832	-18.9288050742983
			46.5097691844233	-18.9288050742983
			46.5450841192634	-18.9288050742983
			46.5803990541035	-18.9288050742983
			46.6157139889436	-18.9288050742983
			46.6510289237837	-18.9288050742983
			46.6863438586239	-18.9641200091384
			46.721658793464	-18.9641200091384
			46.7569737283041	-18.9641200091384
			46.7922886631442	-18.9641200091384
			46.8276035979843	-18.9641200091384
			46.8629185328244	-18.9994349439785
			46.8982334676645	-18.9994349439785
			46.9335484025046	-18.9994349439785
			46.9688633373447	-18.9994349439785
			47.0041782721848	-18.9994349439785
			47.0041782721848	-19.0347498788187
			47.0394932070249	-19.0347498788187
			47.074808141865	-19.0347498788187
			47.1101230767052	-19.0347498788187
			47.1454380115453	-19.0347498788187
			47.1807529463854	-19.0700648136588
			47.2160678812255	-19.0700648136588
		</Adipose_caudal>
		<Caudal_anal type=matrix rownames=FALSE colnames=FALSE nrow=453 ncol=2 as.numeric=TRUE >
			47.2160678812255	-24.0494706261141
			47.1807529463854	-24.0494706261141
			47.1454380115453	-24.0494706261141
			47.1101230767052	-24.0847855609542
			47.074808141865	-24.0847855609542
			47.0394932070249	-24.0847855609542
			47.0041782721848	-24.0847855609542
			46.9688633373447	-24.0847855609542
			46.9335484025046	-24.0847855609542
			46.8982334676645	-24.0847855609542
			46.8629185328244	-24.0847855609542
			46.8276035979843	-24.1201004957943
			46.7922886631442	-24.1201004957943
			46.7569737283041	-24.1201004957943
			46.721658793464	-24.1201004957943
			46.6863438586239	-24.1201004957943
			46.6510289237837	-24.1201004957943
			46.6157139889436	-24.1201004957943
			46.5803990541035	-24.1201004957943
			46.5450841192634	-24.1201004957943
			46.5097691844233	-24.1201004957943
			46.4744542495832	-24.1201004957943
			46.4391393147431	-24.1201004957943
			46.403824379903	-24.1201004957943
			46.3685094450629	-24.1201004957943
			46.3331945102228	-24.1201004957943
			46.2978795753827	-24.1201004957943
			46.2625646405425	-24.1201004957943
			46.2272497057024	-24.1201004957943
			46.1919347708623	-24.1201004957943
			46.1566198360222	-24.1201004957943
			46.1213049011821	-24.1201004957943
			46.085989966342	-24.1201004957943
			46.0506750315019	-24.1201004957943
			46.0153600966618	-24.1201004957943
			45.9800451618217	-24.1201004957943
			45.9447302269816	-24.1201004957943
			45.9094152921415	-24.1201004957943
			45.8741003573014	-24.1201004957943
			45.8387854224612	-24.1201004957943
			45.8034704876211	-24.1201004957943
			45.768155552781	-24.1201004957943
			45.7328406179409	-24.1201004957943
			45.6975256831008	-24.1201004957943
			45.6622107482607	-24.1201004957943
			45.6268958134206	-24.1201004957943
			45.5915808785805	-24.1201004957943
			45.5562659437404	-24.0847855609542
			45.5209510089003	-24.0847855609542
			45.4856360740602	-24.0847855609542
			45.45032113922	-24.0847855609542
			45.4150062043799	-24.0847855609542
			45.3796912695398	-24.0847855609542
			45.3443763346997	-24.0847855609542
			45.3090613998596	-24.0847855609542
			45.2737464650195	-24.0847855609542
			45.2384315301794	-24.0847855609542
			45.2031165953393	-24.0847855609542
			45.1678016604992	-24.0847855609542
			45.1324867256591	-24.0847855609542
			45.097171790819	-24.0847855609542
			45.0618568559788	-24.0847855609542
			45.0265419211387	-24.0847855609542
			44.9912269862986	-24.0847855609542
			44.9559120514585	-24.0847855609542
			44.9205971166184	-24.0494706261141
			44.8852821817783	-24.0494706261141
			44.8499672469382	-24.0494706261141
			44.8146523120981	-24.0494706261141
			44.779337377258	-24.0494706261141
			44.7440224424179	-24.0494706261141
			44.7087075075778	-24.0494706261141
			44.6733925727377	-24.0494706261141
			44.6380776378975	-24.0494706261141
			44.6027627030574	-24.0494706261141
			44.5674477682173	-24.0494706261141
			44.5321328333772	-24.0494706261141
			44.4968178985371	-24.014155691274
			44.461502963697	-24.014155691274
			44.4261880288569	-24.014155691274
			44.3908730940168	-24.014155691274
			44.3555581591767	-24.014155691274
			44.3202432243366	-24.014155691274
			44.2849282894965	-24.014155691274
			44.2496133546563	-24.014155691274
			44.2142984198162	-24.014155691274
			44.1789834849761	-24.014155691274
			44.143668550136	-24.014155691274
			44.1083536152959	-24.014155691274
			44.0730386804558	-23.9788407564339
			44.0377237456157	-23.9788407564339
			44.0024088107756	-23.9788407564339
			43.9670938759355	-23.9788407564339
			43.9317789410954	-23.9788407564339
			43.8964640062553	-23.9788407564339
			43.8611490714151	-23.9788407564339
			43.825834136575	-23.9788407564339
			43.7905192017349	-23.9788407564339
			43.7552042668948	-23.9788407564339
			43.7198893320547	-23.9788407564339
			43.6845743972146	-23.9788407564339
			43.6492594623745	-23.9788407564339
			43.6139445275344	-23.9788407564339
			43.5786295926943	-23.9788407564339
			43.5433146578542	-23.9788407564339
			43.5079997230141	-23.9788407564339
			43.472684788174	-23.9788407564339
			43.4373698533338	-23.9788407564339
			43.4020549184937	-23.9788407564339
			43.3667399836536	-23.9788407564339
			43.3314250488135	-23.9788407564339
			43.2961101139734	-23.9788407564339
			43.2607951791333	-23.9788407564339
			43.2254802442932	-23.9788407564339
			43.1901653094531	-23.9788407564339
			43.154850374613	-23.9788407564339
			43.1195354397729	-23.9788407564339
			43.0842205049328	-23.9788407564339
			43.0489055700926	-23.9788407564339
			43.0135906352525	-23.9788407564339
			42.9782757004124	-23.9788407564339
			42.9429607655723	-23.9788407564339
			42.9076458307322	-23.9788407564339
			42.8723308958921	-23.9788407564339
			42.837015961052	-23.9788407564339
			42.8017010262119	-23.9788407564339
			42.7663860913718	-23.9788407564339
			42.7310711565317	-23.9788407564339
			42.6957562216916	-23.9788407564339
			42.6604412868515	-23.9788407564339
			42.6251263520113	-23.9788407564339
			42.5898114171712	-23.9788407564339
			42.5544964823311	-23.9788407564339
			42.519181547491	-23.9788407564339
			42.4838666126509	-23.9788407564339
			42.4485516778108	-23.9788407564339
			42.4132367429707	-23.9788407564339
			42.3779218081306	-23.9788407564339
			42.3426068732905	-23.9788407564339
			42.3072919384504	-23.9788407564339
			42.2719770036103	-23.9788407564339
			42.2366620687701	-23.9788407564339
			42.20134713393	-23.9788407564339
			42.1660321990899	-24.014155691274
			42.1307172642498	-24.014155691274
			42.0954023294097	-24.014155691274
			42.0600873945696	-24.014155691274
			42.0247724597295	-24.014155691274
			41.9894575248894	-24.014155691274
			41.9541425900493	-24.014155691274
			41.9188276552092	-24.014155691274
			41.8835127203691	-24.014155691274
			41.8481977855289	-24.014155691274
			41.8128828506888	-24.014155691274
			41.7775679158487	-24.014155691274
			41.7422529810086	-24.014155691274
			41.7069380461685	-24.014155691274
			41.6716231113284	-24.0494706261141
			41.6363081764883	-24.0494706261141
			41.6009932416482	-24.0494706261141
			41.5656783068081	-24.0494706261141
			41.530363371968	-24.0494706261141
			41.4950484371279	-24.0494706261141
			41.4597335022877	-24.0494706261141
			41.4244185674476	-24.0494706261141
			41.3891036326075	-24.0494706261141
			41.3537886977674	-24.0494706261141
			41.3184737629273	-24.0494706261141
			41.2831588280872	-24.0847855609542
			41.2478438932471	-24.0847855609542
			41.212528958407	-24.0847855609542
			41.1772140235669	-24.0847855609542
			41.1418990887268	-24.0847855609542
			41.1065841538867	-24.0847855609542
			41.0712692190465	-24.0847855609542
			41.0359542842064	-24.0847855609542
			41.0006393493663	-24.0847855609542
			40.9653244145262	-24.1201004957943
			40.9300094796861	-24.1201004957943
			40.894694544846	-24.1201004957943
			40.8593796100059	-24.1201004957943
			40.8240646751658	-24.1201004957943
			40.7887497403257	-24.1201004957943
			40.7534348054856	-24.1201004957943
			40.7181198706455	-24.1554154306344
			40.6828049358054	-24.1554154306344
			40.6474900009652	-24.1554154306344
			40.6121750661251	-24.1554154306344
			40.576860131285	-24.1554154306344
			40.5415451964449	-24.1554154306344
			40.5062302616048	-24.1554154306344
			40.4709153267647	-24.1907303654745
			40.4356003919246	-24.1907303654745
			40.4002854570845	-24.1907303654745
			40.3649705222444	-24.1907303654745
			40.3296555874043	-24.1907303654745
			40.2943406525642	-24.1907303654745
			40.2590257177241	-24.1907303654745
			40.2237107828839	-24.1907303654745
			40.1883958480438	-24.2260453003146
			40.1530809132037	-24.2260453003146
			40.1177659783636	-24.2260453003146
			40.0824510435235	-24.2260453003146
			40.0471361086834	-24.2260453003146
			40.0118211738433	-24.2613602351548
			39.9765062390032	-24.2613602351548
			39.9411913041631	-24.2613602351548
			39.905876369323	-24.2613602351548
			39.8705614344829	-24.2613602351548
			39.8352464996427	-24.2613602351548
			39.7999315648026	-24.2613602351548
			39.7646166299625	-24.2966751699949
			39.7293016951224	-24.2966751699949
			39.6939867602823	-24.2966751699949
			39.6586718254422	-24.2966751699949
			39.6233568906021	-24.2966751699949
			39.588041955762	-24.2966751699949
			39.5527270209219	-24.331990104835
			39.5174120860818	-24.331990104835
			39.4820971512417	-24.331990104835
			39.4467822164015	-24.331990104835
			39.4114672815614	-24.331990104835
			39.3761523467213	-24.3673050396751
			39.3408374118812	-24.3673050396751
			39.3055224770411	-24.3673050396751
			39.270207542201	-24.3673050396751
			39.2348926073609	-24.3673050396751
			39.1995776725208	-24.3673050396751
			39.1642627376807	-24.3673050396751
			39.1289478028406	-24.4026199745152
			39.0936328680005	-24.4026199745152
			39.0583179331603	-24.4026199745152
			39.0230029983202	-24.4026199745152
			38.9876880634801	-24.4026199745152
			38.95237312864	-24.4026199745152
			38.9170581937999	-24.4379349093553
			38.8817432589598	-24.4379349093553
			38.8464283241197	-24.4379349093553
			38.8111133892796	-24.4379349093553
			38.7757984544395	-24.4379349093553
			38.7404835195994	-24.4379349093553
			38.7051685847593	-24.4732498441954
			38.6698536499192	-24.4732498441954
			38.634538715079	-24.4732498441954
			38.5992237802389	-24.4732498441954
			38.5639088453988	-24.4732498441954
			38.5285939105587	-24.4732498441954
			38.4932789757186	-24.5085647790355
			38.4579640408785	-24.5085647790355
			38.4226491060384	-24.5085647790355
			38.3873341711983	-24.5085647790355
			38.3520192363582	-24.5085647790355
			38.3167043015181	-24.5085647790355
			38.281389366678	-24.5085647790355
			38.2460744318378	-24.5438797138756
			38.2107594969977	-24.5438797138756
			38.1754445621576	-24.5438797138756
			38.1401296273175	-24.5438797138756
			38.1048146924774	-24.5438797138756
			38.0694997576373	-24.5438797138756
			38.0694997576373	-24.5791946487157
			38.0341848227972	-24.5791946487157
			37.9988698879571	-24.5791946487157
			37.963554953117	-24.5791946487157
			37.9282400182769	-24.5791946487157
			37.8929250834368	-24.5791946487157
			37.8576101485966	-24.6145095835558
			37.8222952137565	-24.6145095835558
			37.7869802789164	-24.6145095835558
			37.7516653440763	-24.6145095835558
			37.7163504092362	-24.6145095835558
			37.6810354743961	-24.6145095835558
			37.645720539556	-24.6145095835558
			37.6104056047159	-24.649824518396
			37.5750906698758	-24.649824518396
			37.5397757350357	-24.649824518396
			37.5044608001956	-24.649824518396
			37.4691458653555	-24.649824518396
			37.4338309305153	-24.649824518396
			37.4338309305153	-24.6851394532361
			37.3985159956752	-24.6851394532361
			37.3632010608351	-24.6851394532361
			37.327886125995	-24.6851394532361
			37.2925711911549	-24.6851394532361
			37.2572562563148	-24.6851394532361
			37.2219413214747	-24.7204543880762
			37.1866263866346	-24.7204543880762
			37.1513114517945	-24.7204543880762
			37.1159965169544	-24.7204543880762
			37.0806815821143	-24.7204543880762
			37.0453666472742	-24.7204543880762
			37.010051712434	-24.7557693229163
			36.9747367775939	-24.7557693229163
			36.9394218427538	-24.7557693229163
			36.9041069079137	-24.7557693229163
			36.8687919730736	-24.7557693229163
			36.8334770382335	-24.7557693229163
			36.7981621033934	-24.7910842577564
			36.7628471685533	-24.7910842577564
			36.7275322337132	-24.7910842577564
			36.6922172988731	-24.7910842577564
			36.656902364033	-24.7910842577564
			36.6215874291928	-24.7910842577564
			36.5862724943527	-24.8263991925965
			36.5509575595126	-24.8263991925965
			36.5156426246725	-24.8263991925965
			36.4803276898324	-24.8263991925965
			36.4450127549923	-24.8263991925965
			36.4096978201522	-24.8263991925965
			36.3743828853121	-24.8617141274366
			36.339067950472	-24.8617141274366
			36.3037530156319	-24.8617141274366
			36.2684380807918	-24.8617141274366
			36.2331231459516	-24.8617141274366
			36.1978082111115	-24.8617141274366
			36.1978082111115	-24.8970290622767
			36.1624932762714	-24.8970290622767
			36.1271783414313	-24.8970290622767
			36.0918634065912	-24.8970290622767
			36.0565484717511	-24.8970290622767
			36.021233536911	-24.8970290622767
			35.9859186020709	-24.9323439971168
			35.9506036672308	-24.9323439971168
			35.9152887323907	-24.9323439971168
			35.8799737975506	-24.9323439971168
			35.8446588627104	-24.9323439971168
			35.8093439278703	-24.9676589319569
			35.7740289930302	-24.9676589319569
			35.7387140581901	-24.9676589319569
			35.70339912335	-24.9676589319569
			35.6680841885099	-24.9676589319569
			35.6327692536698	-24.9676589319569
			35.5974543188297	-25.002973866797
			35.5621393839896	-25.002973866797
			35.5268244491495	-25.002973866797
			35.4915095143094	-25.002973866797
			35.4561945794692	-25.002973866797
			35.4208796446291	-25.0382888016372
			35.385564709789	-25.0382888016372
			35.3502497749489	-25.0382888016372
			35.3149348401088	-25.0382888016372
			35.2796199052687	-25.0382888016372
			35.2443049704286	-25.0382888016372
			35.2089900355885	-25.0736037364773
			35.1736751007484	-25.0736037364773
			35.1383601659083	-25.0736037364773
			35.1030452310682	-25.0736037364773
			35.0677302962281	-25.0736037364773
			35.0324153613879	-25.0736037364773
			34.9971004265478	-25.1089186713174
			34.9617854917077	-25.1089186713174
			34.9264705568676	-25.1089186713174
			34.8911556220275	-25.1089186713174
			34.8558406871874	-25.1089186713174
			34.8205257523473	-25.1442336061575
			34.7852108175072	-25.1442336061575
			34.7498958826671	-25.1442336061575
			34.714580947827	-25.1442336061575
			34.6792660129869	-25.1442336061575
			34.6439510781467	-25.1442336061575
			34.6086361433066	-25.1795485409976
			34.5733212084665	-25.1795485409976
			34.5380062736264	-25.1795485409976
			34.5026913387863	-25.1795485409976
			34.4673764039462	-25.1795485409976
			34.4320614691061	-25.2148634758377
			34.396746534266	-25.2148634758377
			34.3614315994259	-25.2148634758377
			34.3261166645858	-25.2148634758377
			34.2908017297457	-25.2148634758377
			34.2554867949056	-25.2148634758377
			34.2201718600654	-25.2501784106778
			34.1848569252253	-25.2501784106778
			34.1495419903852	-25.2501784106778
			34.1142270555451	-25.2501784106778
			34.078912120705	-25.2501784106778
			34.0435971858649	-25.2854933455179
			34.0082822510248	-25.2854933455179
			33.9729673161847	-25.2854933455179
			33.9376523813446	-25.2854933455179
			33.9023374465045	-25.2854933455179
			33.8670225116644	-25.320808280358
			33.8317075768242	-25.320808280358
			33.7963926419841	-25.320808280358
			33.761077707144	-25.320808280358
			33.7257627723039	-25.320808280358
			33.6904478374638	-25.320808280358
			33.6551329026237	-25.3561232151981
			33.6198179677836	-25.3561232151981
			33.5845030329435	-25.3561232151981
			33.5491880981034	-25.3561232151981
			33.5138731632633	-25.3561232151981
			33.4785582284232	-25.3914381500382
			33.443243293583	-25.3914381500382
			33.4079283587429	-25.3914381500382
			33.3726134239028	-25.3914381500382
			33.3372984890627	-25.3914381500382
			33.3019835542226	-25.4267530848783
			33.2666686193825	-25.4267530848783
			33.2313536845424	-25.4267530848783
			33.1960387497023	-25.4267530848783
			33.1607238148622	-25.4267530848783
			33.1254088800221	-25.4267530848783
			33.090093945182	-25.4620680197185
			33.0547790103419	-25.4620680197185
			33.0194640755017	-25.4620680197185
			32.9841491406616	-25.4620680197185
			32.9488342058215	-25.4620680197185
			32.9135192709814	-25.4973829545586
			32.8782043361413	-25.4973829545586
			32.8428894013012	-25.4973829545586
			32.8075744664611	-25.4973829545586
			32.772259531621	-25.4973829545586
			32.7369445967809	-25.5326978893987
			32.7016296619408	-25.5326978893987
			32.6663147271007	-25.5326978893987
			32.6309997922605	-25.5326978893987
			32.5956848574204	-25.5326978893987
			32.5603699225803	-25.5326978893987
			32.5250549877402	-25.5680128242388
			32.4897400529001	-25.5680128242388
			32.45442511806	-25.5680128242388
			32.4191101832199	-25.5680128242388
			32.3837952483798	-25.5680128242388
			32.3484803135397	-25.6033277590789
			32.3131653786996	-25.6033277590789
			32.2778504438595	-25.6033277590789
			32.2425355090193	-25.6033277590789
			32.2072205741792	-25.6033277590789
			32.1719056393391	-25.638642693919
			32.136590704499	-25.638642693919
			32.1012757696589	-25.638642693919
			32.0659608348188	-25.638642693919
			32.0306458999787	-25.638642693919
			31.9953309651386	-25.6739576287591
			31.9600160302985	-25.6739576287591
			31.9247010954584	-25.6739576287591
			31.8893861606183	-25.6739576287591
			31.8540712257782	-25.6739576287591
			31.818756290938	-25.7092725635992
			31.7834413560979	-25.7092725635992
			31.7481264212578	-25.7092725635992
			31.7128114864177	-25.7092725635992
			31.6774965515776	-25.7092725635992
			31.6421816167375	-25.7092725635992
			31.6068666818974	-25.7445874984393
			31.5715517470573	-25.7445874984393
			31.5362368122172	-25.7445874984393
			31.5009218773771	-25.7445874984393
			31.465606942537	-25.7445874984393
			31.4302920076968	-25.7799024332794
			31.3949770728567	-25.7799024332794
			31.3596621380166	-25.7799024332794
		</Caudal_anal>
	</curves.scaled>
	<ruler.points type=matrix rownames=TRUE colnames=FALSE nrow=3 ncol=2 as.numeric=TRUE >
		Ruler point 1	427	752
		Ruler point 2	484	756
		Ruler point 3	540	760
	</ruler.points>
</shapes>

