<shapes type=list>
	<ruler.pixel type=vector names=FALSE length=1 as.numeric=TRUE >129.515416147432</ruler.pixel>
	<ruler.interval type=vector names=FALSE length=1 as.numeric=TRUE >5</ruler.interval>
	<scaling.units type=vector names=FALSE length=1 as.numeric=FALSE >mm</scaling.units>
	<scaling type=vector names=FALSE length=1 as.numeric=TRUE >0.0386054428787714</scaling>
	<landmarks.pixel type=matrix rownames=TRUE colnames=FALSE nrow=11 ncol=2 as.numeric=TRUE >
		Anterior_eye	759	602
		Posterior_eye	892	610
		Posterior_Maxilla	951	718
		Anterior_Maxilla	730	643
		Dorsal_fin_insertion	1201	478
		Adipose_fin_insertion	1524	538
		Dorsal_caudal	1679	573
		Ventral_caudal	1677	718
		Anal_fin_insertion	1407	742
		Pelvic_fin_insertion	1202	725
		Pectoral_fin_insertion	1062	700
	</landmarks.pixel>
	<landmarks.scaled type=matrix rownames=TRUE colnames=FALSE nrow=11 ncol=2 as.numeric=TRUE >
		Anterior_eye	29.3015311449875	-23.2404766130204
		Posterior_eye	34.4360550478641	-23.5493201560505
		Posterior_Maxilla	36.7137761777116	-27.7187079869578
		Anterior_Maxilla	28.1819733015031	-24.82329977105
		Dorsal_fin_insertion	46.3651368974044	-18.4534016960527
		Adipose_fin_insertion	58.8346949472475	-20.769728268779
		Dorsal_caudal	64.8185385934571	-22.120918769536
		Ventral_caudal	64.7413277076996	-27.7187079869578
		Anal_fin_insertion	54.3178581304313	-28.6452386160483
		Pelvic_fin_insertion	46.4037423402832	-27.9889460871092
		Pectoral_fin_insertion	40.9989803372552	-27.02381001514
	</landmarks.scaled>
	<curves.control type=list>
		<Snout_dorsal type=matrix rownames=FALSE colnames=FALSE nrow=7 ncol=2 as.numeric=TRUE >
			730	643
			755	520
			861	491
			965	474
			1079	480
			1151	486
			1201	478
		</Snout_dorsal>
		<Dorsal_adipose type=matrix rownames=FALSE colnames=FALSE nrow=5 ncol=2 as.numeric=TRUE >
			1201	478
			1306	492
			1378	518
			1461	535
			1524	538
		</Dorsal_adipose>
		<Adipose_caudal type=matrix rownames=FALSE colnames=FALSE nrow=7 ncol=2 as.numeric=TRUE >
			1524	538
			1549	538
			1549	553
			1580	565
			1649	574
			1674	565
			1679	573
		</Adipose_caudal>
		<Caudal_anal type=matrix rownames=FALSE colnames=FALSE nrow=7 ncol=2 as.numeric=TRUE >
			1677	718
			1662	718
			1651	714
			1617	705
			1585	713
			1486	730
			1407	742
		</Caudal_anal>
	</curves.control>
	<curves.pixel type=list>
		<Snout_dorsal type=matrix rownames=FALSE colnames=FALSE nrow=537 ncol=2 as.numeric=TRUE >
			730	643
			730	642
			730	641
			731	640
			731	639
			731	638
			731	637
			732	636
			732	635
			732	634
			732	633
			732	632
			733	631
			733	630
			733	629
			734	628
			734	627
			734	626
			734	625
			735	624
			735	623
			735	622
			735	621
			736	620
			736	619
			736	618
			737	617
			737	616
			737	615
			737	614
			738	613
			738	612
			738	611
			739	610
			739	609
			739	608
			740	607
			740	606
			741	605
			741	604
			741	603
			742	602
			742	601
			742	600
			743	599
			743	598
			743	597
			744	596
			744	595
			745	594
			745	593
			746	592
			746	591
			747	590
			747	589
			747	588
			748	587
			748	586
			749	585
			749	584
			750	583
			750	582
			751	581
			751	580
			752	579
			752	578
			753	577
			753	576
			754	575
			754	574
			755	573
			755	572
			756	571
			756	570
			757	569
			758	568
			759	567
			759	566
			759	565
			760	565
			760	564
			761	563
			761	562
			762	561
			763	560
			764	559
			764	558
			765	557
			766	556
			766	555
			767	554
			767	553
			768	552
			769	552
			769	551
			770	550
			771	549
			771	548
			772	547
			773	547
			773	546
			774	545
			775	544
			775	543
			776	543
			777	542
			777	541
			778	540
			779	540
			779	539
			780	538
			781	537
			782	537
			782	536
			783	535
			784	534
			785	534
			785	533
			786	532
			787	531
			788	531
			788	530
			789	529
			790	529
			791	528
			791	527
			792	527
			793	526
			794	525
			795	525
			795	524
			796	523
			797	523
			798	522
			799	521
			800	520
			801	519
			802	519
			803	518
			804	517
			805	516
			806	516
			807	515
			808	514
			809	514
			810	513
			811	513
			812	512
			813	511
			814	511
			815	510
			816	510
			817	509
			818	508
			819	508
			820	507
			821	507
			822	506
			823	506
			824	505
			825	505
			826	504
			827	504
			828	503
			829	503
			830	502
			831	502
			832	501
			833	501
			834	501
			835	500
			836	500
			837	499
			838	499
			839	498
			840	498
			841	497
			842	497
			843	497
			844	496
			845	496
			846	496
			847	495
			848	495
			849	495
			850	494
			851	494
			852	494
			853	493
			854	493
			855	493
			856	492
			857	492
			858	492
			859	492
			860	491
			861	491
			862	491
			863	491
			864	491
			865	490
			866	490
			867	490
			868	490
			869	490
			870	490
			871	489
			872	489
			873	489
			874	489
			875	489
			876	489
			877	489
			878	488
			879	488
			880	488
			881	488
			882	488
			883	488
			884	487
			885	487
			886	487
			887	487
			888	487
			889	487
			890	487
			891	487
			892	486
			893	486
			894	486
			895	486
			896	486
			897	486
			898	486
			899	486
			900	485
			901	485
			902	485
			903	485
			904	485
			905	485
			906	485
			907	485
			908	485
			909	484
			910	484
			911	484
			912	484
			913	484
			914	484
			915	484
			916	484
			917	484
			918	483
			919	483
			920	483
			921	483
			922	483
			923	483
			924	483
			925	483
			926	483
			927	483
			928	483
			929	482
			930	482
			931	482
			932	482
			933	482
			934	482
			935	482
			936	482
			937	482
			938	482
			939	482
			940	481
			941	481
			942	481
			943	481
			944	481
			945	481
			946	481
			947	481
			948	481
			949	481
			950	481
			951	481
			952	481
			953	481
			954	481
			955	480
			956	480
			957	480
			958	480
			959	480
			960	480
			961	480
			962	480
			963	480
			964	480
			965	480
			966	480
			967	480
			968	480
			969	480
			970	480
			971	480
			972	480
			973	480
			974	479
			975	479
			976	479
			977	479
			978	479
			979	479
			980	479
			981	479
			982	479
			983	479
			984	479
			985	479
			986	479
			987	479
			988	479
			989	479
			990	479
			991	479
			992	479
			993	479
			994	479
			995	479
			996	479
			997	479
			998	479
			999	479
			1000	479
			1001	479
			1002	479
			1003	479
			1004	479
			1005	479
			1006	479
			1007	479
			1008	479
			1009	478
			1010	478
			1011	478
			1012	478
			1013	478
			1014	478
			1015	478
			1016	478
			1017	478
			1018	478
			1019	478
			1020	478
			1021	478
			1022	478
			1023	478
			1024	478
			1025	478
			1026	478
			1027	478
			1028	478
			1029	478
			1030	478
			1031	478
			1032	478
			1033	479
			1034	479
			1035	479
			1036	479
			1037	479
			1038	479
			1039	479
			1040	479
			1041	479
			1042	479
			1043	479
			1044	479
			1045	479
			1046	479
			1047	479
			1048	479
			1049	479
			1050	479
			1051	479
			1052	479
			1053	479
			1054	479
			1055	479
			1056	479
			1057	479
			1058	479
			1059	479
			1060	479
			1061	479
			1062	479
			1063	479
			1064	479
			1065	479
			1066	479
			1067	479
			1068	479
			1069	480
			1070	480
			1071	480
			1072	480
			1073	480
			1074	480
			1075	480
			1076	480
			1077	480
			1078	480
			1079	480
			1080	480
			1081	480
			1082	480
			1083	480
			1084	480
			1085	480
			1086	481
			1087	481
			1088	481
			1089	481
			1090	481
			1091	481
			1092	481
			1093	481
			1094	481
			1095	481
			1096	481
			1097	481
			1098	481
			1099	481
			1100	481
			1101	482
			1102	482
			1103	482
			1104	482
			1105	482
			1106	482
			1107	482
			1108	482
			1109	482
			1110	482
			1111	482
			1112	482
			1113	482
			1114	482
			1115	482
			1116	482
			1117	482
			1118	482
			1119	482
			1120	482
			1121	482
			1122	482
			1123	482
			1124	482
			1125	482
			1126	482
			1127	482
			1128	483
			1129	483
			1130	483
			1131	483
			1132	483
			1133	483
			1134	483
			1135	483
			1136	483
			1137	483
			1138	483
			1139	483
			1140	483
			1141	483
			1142	483
			1143	483
			1144	483
			1145	483
			1146	482
			1147	482
			1148	482
			1149	482
			1150	482
			1151	482
			1152	482
			1153	482
			1154	482
			1155	482
			1156	482
			1157	482
			1158	482
			1159	482
			1160	482
			1161	482
			1162	482
			1163	482
			1164	482
			1165	482
			1166	482
			1167	482
			1168	482
			1169	482
			1170	481
			1171	481
			1172	481
			1173	481
			1174	481
			1175	481
			1176	481
			1177	481
			1178	481
			1179	481
			1180	481
			1181	481
			1182	480
			1183	480
			1184	480
			1185	480
			1186	480
			1187	480
			1188	480
			1189	480
			1190	480
			1191	479
			1192	479
			1193	479
			1194	479
			1195	479
			1196	479
			1197	479
			1198	478
			1199	478
			1200	478
			1201	478
		</Snout_dorsal>
		<Dorsal_adipose type=matrix rownames=FALSE colnames=FALSE nrow=332 ncol=2 as.numeric=TRUE >
			1201	478
			1202	478
			1203	478
			1204	478
			1205	478
			1205	479
			1206	479
			1207	479
			1208	479
			1209	479
			1210	479
			1211	479
			1212	479
			1213	480
			1214	480
			1215	480
			1216	480
			1217	480
			1218	480
			1219	481
			1220	481
			1221	481
			1222	481
			1223	481
			1224	481
			1225	481
			1226	482
			1227	482
			1228	482
			1229	482
			1230	482
			1231	482
			1232	482
			1233	483
			1234	483
			1235	483
			1236	483
			1237	483
			1238	483
			1239	484
			1240	484
			1241	484
			1242	484
			1243	484
			1244	484
			1245	485
			1246	485
			1247	485
			1248	485
			1249	485
			1250	485
			1250	486
			1251	486
			1252	486
			1253	486
			1254	486
			1255	486
			1256	487
			1257	487
			1258	487
			1259	487
			1260	487
			1261	488
			1262	488
			1263	488
			1264	488
			1265	488
			1266	488
			1267	489
			1268	489
			1269	489
			1270	489
			1271	489
			1272	490
			1273	490
			1274	490
			1275	490
			1276	490
			1277	490
			1277	491
			1278	491
			1279	491
			1280	491
			1281	491
			1282	492
			1283	492
			1284	492
			1285	492
			1286	493
			1287	493
			1288	493
			1289	493
			1290	493
			1291	493
			1292	494
			1293	494
			1294	494
			1295	494
			1296	495
			1297	495
			1298	495
			1299	495
			1300	495
			1301	496
			1302	496
			1303	496
			1304	497
			1305	497
			1306	497
			1307	497
			1308	497
			1309	498
			1310	498
			1311	498
			1312	498
			1313	499
			1314	499
			1315	499
			1316	499
			1317	500
			1318	500
			1319	500
			1320	500
			1321	500
			1321	501
			1322	501
			1323	501
			1324	501
			1325	502
			1326	502
			1327	502
			1328	502
			1328	503
			1329	503
			1330	503
			1331	503
			1332	503
			1333	504
			1334	504
			1335	504
			1336	505
			1337	505
			1338	505
			1339	506
			1340	506
			1341	506
			1342	506
			1343	507
			1344	507
			1345	507
			1346	508
			1347	508
			1348	508
			1349	509
			1350	509
			1351	509
			1352	509
			1353	510
			1354	510
			1355	510
			1356	511
			1357	511
			1358	511
			1359	512
			1360	512
			1361	512
			1362	512
			1363	513
			1364	513
			1365	513
			1366	514
			1367	514
			1368	514
			1368	515
			1369	515
			1370	515
			1371	516
			1372	516
			1373	516
			1374	517
			1375	517
			1376	517
			1377	518
			1378	518
			1379	518
			1380	518
			1381	519
			1382	519
			1383	519
			1384	519
			1385	519
			1386	520
			1387	520
			1388	520
			1389	520
			1390	520
			1391	521
			1392	521
			1393	521
			1394	521
			1395	521
			1396	522
			1397	522
			1398	522
			1399	522
			1400	522
			1401	523
			1402	523
			1403	523
			1404	523
			1405	523
			1406	523
			1407	524
			1408	524
			1409	524
			1410	524
			1411	524
			1412	525
			1413	525
			1414	525
			1415	525
			1416	525
			1417	525
			1418	526
			1419	526
			1420	526
			1421	526
			1422	526
			1423	526
			1424	527
			1425	527
			1426	527
			1427	527
			1428	527
			1429	527
			1430	528
			1431	528
			1432	528
			1433	528
			1434	528
			1435	528
			1436	528
			1436	529
			1437	529
			1438	529
			1439	529
			1440	529
			1441	529
			1442	530
			1443	530
			1444	530
			1445	530
			1446	530
			1447	530
			1448	530
			1449	530
			1450	531
			1451	531
			1452	531
			1453	531
			1454	531
			1455	531
			1456	532
			1457	532
			1458	532
			1459	532
			1460	532
			1461	532
			1462	532
			1463	532
			1464	533
			1465	533
			1466	533
			1467	533
			1468	533
			1469	533
			1470	533
			1471	533
			1472	534
			1473	534
			1474	534
			1475	534
			1476	534
			1477	534
			1478	534
			1479	534
			1480	534
			1480	535
			1481	535
			1482	535
			1483	535
			1484	535
			1485	535
			1486	535
			1487	535
			1488	535
			1489	535
			1490	535
			1491	536
			1492	536
			1493	536
			1494	536
			1495	536
			1496	536
			1497	536
			1498	536
			1499	536
			1500	536
			1501	536
			1502	537
			1503	537
			1504	537
			1505	537
			1506	537
			1507	537
			1508	537
			1509	537
			1510	537
			1511	537
			1512	537
			1513	537
			1514	537
			1515	538
			1516	538
			1517	538
			1518	538
			1519	538
			1520	538
			1521	538
			1522	538
			1523	538
			1524	538
		</Dorsal_adipose>
		<Adipose_caudal type=matrix rownames=FALSE colnames=FALSE nrow=169 ncol=2 as.numeric=TRUE >
			1524	538
			1525	538
			1526	538
			1527	538
			1528	538
			1529	538
			1530	538
			1531	538
			1532	538
			1533	539
			1534	539
			1535	539
			1536	539
			1537	539
			1538	540
			1539	540
			1540	540
			1540	541
			1541	541
			1542	541
			1543	542
			1544	542
			1545	543
			1546	544
			1547	545
			1547	546
			1548	547
			1548	548
			1548	549
			1549	549
			1549	550
			1549	551
			1549	552
			1549	553
			1550	553
			1551	554
			1552	554
			1553	555
			1554	555
			1555	555
			1556	556
			1557	556
			1558	556
			1559	557
			1560	557
			1561	557
			1562	557
			1563	558
			1564	558
			1565	558
			1566	559
			1567	559
			1568	559
			1569	559
			1569	560
			1570	560
			1571	560
			1572	560
			1573	560
			1574	561
			1575	561
			1576	561
			1577	562
			1578	562
			1579	562
			1580	562
			1581	562
			1582	563
			1583	563
			1584	563
			1585	563
			1586	563
			1586	564
			1587	564
			1588	564
			1589	564
			1590	564
			1591	565
			1592	565
			1593	565
			1594	565
			1595	565
			1596	566
			1597	566
			1598	566
			1599	566
			1600	566
			1601	567
			1602	567
			1603	567
			1604	567
			1605	567
			1606	567
			1607	568
			1608	568
			1609	568
			1610	568
			1611	568
			1612	569
			1613	569
			1614	569
			1615	569
			1616	569
			1617	569
			1618	570
			1619	570
			1620	570
			1621	570
			1622	570
			1623	570
			1624	570
			1625	571
			1626	571
			1627	571
			1628	571
			1629	571
			1630	571
			1631	572
			1632	572
			1633	572
			1634	572
			1635	572
			1636	572
			1637	572
			1638	573
			1639	573
			1640	573
			1641	573
			1642	573
			1643	573
			1644	573
			1645	573
			1646	574
			1647	574
			1648	574
			1649	574
			1650	574
			1651	573
			1652	573
			1653	573
			1654	572
			1655	572
			1656	572
			1657	572
			1657	571
			1658	571
			1659	571
			1660	571
			1661	570
			1662	570
			1663	570
			1664	570
			1665	570
			1666	570
			1666	569
			1667	569
			1668	569
			1669	569
			1670	569
			1671	569
			1672	569
			1673	569
			1673	570
			1674	570
			1675	570
			1676	570
			1677	571
			1678	572
			1679	573
		</Adipose_caudal>
		<Caudal_anal type=matrix rownames=FALSE colnames=FALSE nrow=274 ncol=2 as.numeric=TRUE >
			1677	718
			1676	718
			1675	718
			1674	718
			1673	718
			1672	718
			1671	718
			1670	718
			1669	718
			1668	718
			1667	717
			1666	717
			1665	717
			1664	717
			1663	717
			1662	717
			1661	717
			1660	716
			1659	716
			1658	716
			1657	716
			1656	716
			1655	715
			1654	715
			1653	715
			1652	714
			1651	714
			1650	714
			1649	713
			1648	713
			1647	713
			1646	713
			1645	713
			1644	712
			1643	712
			1642	712
			1641	712
			1640	712
			1639	711
			1638	711
			1637	711
			1636	711
			1635	711
			1634	711
			1633	710
			1632	710
			1631	710
			1630	710
			1629	710
			1628	710
			1627	710
			1626	710
			1625	710
			1624	709
			1623	709
			1622	709
			1621	709
			1620	709
			1619	709
			1618	709
			1617	709
			1616	709
			1615	709
			1614	709
			1613	709
			1612	709
			1611	709
			1610	709
			1609	709
			1608	709
			1607	710
			1606	710
			1605	710
			1604	710
			1603	710
			1602	710
			1601	710
			1600	710
			1599	710
			1598	710
			1597	711
			1596	711
			1595	711
			1594	711
			1593	711
			1592	712
			1591	712
			1590	712
			1589	712
			1588	712
			1587	713
			1586	713
			1585	713
			1584	713
			1583	713
			1582	714
			1581	714
			1580	714
			1579	714
			1578	714
			1577	714
			1576	714
			1576	715
			1575	715
			1574	715
			1573	715
			1572	715
			1571	715
			1570	716
			1569	716
			1568	716
			1567	716
			1566	716
			1565	716
			1564	717
			1563	717
			1562	717
			1561	717
			1560	717
			1559	717
			1558	718
			1557	718
			1556	718
			1555	718
			1554	718
			1553	718
			1552	719
			1551	719
			1550	719
			1549	719
			1548	719
			1547	719
			1546	720
			1545	720
			1544	720
			1543	720
			1542	720
			1541	721
			1540	721
			1539	721
			1538	721
			1537	721
			1536	721
			1535	721
			1534	722
			1533	722
			1532	722
			1531	722
			1530	722
			1529	722
			1528	723
			1527	723
			1526	723
			1525	723
			1524	723
			1523	723
			1522	724
			1521	724
			1520	724
			1519	724
			1518	724
			1517	724
			1517	725
			1516	725
			1515	725
			1514	725
			1513	725
			1512	725
			1511	725
			1510	726
			1509	726
			1508	726
			1507	726
			1506	726
			1505	726
			1504	727
			1503	727
			1502	727
			1501	727
			1500	727
			1499	727
			1498	728
			1497	728
			1496	728
			1495	728
			1494	728
			1493	728
			1492	729
			1491	729
			1490	729
			1489	729
			1488	729
			1487	729
			1486	730
			1485	730
			1484	730
			1483	730
			1482	730
			1481	730
			1480	731
			1479	731
			1478	731
			1477	731
			1476	731
			1475	731
			1474	731
			1473	732
			1472	732
			1471	732
			1470	732
			1469	732
			1468	732
			1467	733
			1466	733
			1465	733
			1464	733
			1463	733
			1462	734
			1461	734
			1460	734
			1459	734
			1458	734
			1457	734
			1456	734
			1455	735
			1454	735
			1453	735
			1452	735
			1451	735
			1450	735
			1449	735
			1448	736
			1447	736
			1446	736
			1445	736
			1444	736
			1443	736
			1443	737
			1442	737
			1441	737
			1440	737
			1439	737
			1438	737
			1437	737
			1436	738
			1435	738
			1434	738
			1433	738
			1432	738
			1431	738
			1430	738
			1429	739
			1428	739
			1427	739
			1426	739
			1425	739
			1424	739
			1423	740
			1422	740
			1421	740
			1420	740
			1419	740
			1418	740
			1417	740
			1416	741
			1415	741
			1414	741
			1413	741
			1412	741
			1411	741
			1410	741
			1409	742
			1408	742
			1407	742
		</Caudal_anal>
	</curves.pixel>
	<curves.scaled type=list>
		<Snout_dorsal type=matrix rownames=FALSE colnames=FALSE nrow=537 ncol=2 as.numeric=TRUE >
			28.1819733015031	-24.82329977105
			28.1819733015031	-24.7846943281712
			28.1819733015031	-24.7460888852924
			28.2205787443819	-24.7074834424137
			28.2205787443819	-24.6688779995349
			28.2205787443819	-24.6302725566561
			28.2205787443819	-24.5916671137774
			28.2591841872606	-24.5530616708986
			28.2591841872606	-24.5144562280198
			28.2591841872606	-24.475850785141
			28.2591841872606	-24.4372453422623
			28.2591841872606	-24.3986398993835
			28.2977896301394	-24.3600344565047
			28.2977896301394	-24.321429013626
			28.2977896301394	-24.2828235707472
			28.3363950730182	-24.2442181278684
			28.3363950730182	-24.2056126849896
			28.3363950730182	-24.1670072421109
			28.3363950730182	-24.1284017992321
			28.3750005158969	-24.0897963563533
			28.3750005158969	-24.0511909134746
			28.3750005158969	-24.0125854705958
			28.3750005158969	-23.973980027717
			28.4136059587757	-23.9353745848382
			28.4136059587757	-23.8967691419595
			28.4136059587757	-23.8581636990807
			28.4522114016545	-23.8195582562019
			28.4522114016545	-23.7809528133232
			28.4522114016545	-23.7423473704444
			28.4522114016545	-23.7037419275656
			28.4908168445333	-23.6651364846868
			28.4908168445333	-23.6265310418081
			28.4908168445333	-23.5879255989293
			28.529422287412	-23.5493201560505
			28.529422287412	-23.5107147131718
			28.529422287412	-23.472109270293
			28.5680277302908	-23.4335038274142
			28.5680277302908	-23.3948983845354
			28.6066331731696	-23.3562929416567
			28.6066331731696	-23.3176874987779
			28.6066331731696	-23.2790820558991
			28.6452386160483	-23.2404766130204
			28.6452386160483	-23.2018711701416
			28.6452386160483	-23.1632657272628
			28.6838440589271	-23.124660284384
			28.6838440589271	-23.0860548415053
			28.6838440589271	-23.0474493986265
			28.7224495018059	-23.0088439557477
			28.7224495018059	-22.970238512869
			28.7610549446847	-22.9316330699902
			28.7610549446847	-22.8930276271114
			28.7996603875634	-22.8544221842326
			28.7996603875634	-22.8158167413539
			28.8382658304422	-22.7772112984751
			28.8382658304422	-22.7386058555963
			28.8382658304422	-22.7000004127176
			28.876871273321	-22.6613949698388
			28.876871273321	-22.62278952696
			28.9154767161997	-22.5841840840812
			28.9154767161997	-22.5455786412025
			28.9540821590785	-22.5069731983237
			28.9540821590785	-22.4683677554449
			28.9926876019573	-22.4297623125662
			28.9926876019573	-22.3911568696874
			29.0312930448361	-22.3525514268086
			29.0312930448361	-22.3139459839298
			29.0698984877148	-22.2753405410511
			29.0698984877148	-22.2367350981723
			29.1085039305936	-22.1981296552935
			29.1085039305936	-22.1595242124148
			29.1471093734724	-22.120918769536
			29.1471093734724	-22.0823133266572
			29.1857148163511	-22.0437078837784
			29.1857148163511	-22.0051024408997
			29.2243202592299	-21.9664969980209
			29.2629257021087	-21.9278915551421
			29.3015311449875	-21.8892861122634
			29.3015311449875	-21.8506806693846
			29.3015311449875	-21.8120752265058
			29.3401365878662	-21.8120752265058
			29.3401365878662	-21.773469783627
			29.378742030745	-21.7348643407483
			29.378742030745	-21.6962588978695
			29.4173474736238	-21.6576534549907
			29.4559529165025	-21.619048012112
			29.4945583593813	-21.5804425692332
			29.4945583593813	-21.5418371263544
			29.5331638022601	-21.5032316834756
			29.5717692451389	-21.4646262405969
			29.5717692451389	-21.4260207977181
			29.6103746880176	-21.3874153548393
			29.6103746880176	-21.3488099119606
			29.6489801308964	-21.3102044690818
			29.6875855737752	-21.3102044690818
			29.6875855737752	-21.271599026203
			29.7261910166539	-21.2329935833242
			29.7647964595327	-21.1943881404455
			29.7647964595327	-21.1557826975667
			29.8034019024115	-21.1171772546879
			29.8420073452903	-21.1171772546879
			29.8420073452903	-21.0785718118092
			29.880612788169	-21.0399663689304
			29.9192182310478	-21.0013609260516
			29.9192182310478	-20.9627554831728
			29.9578236739266	-20.9627554831728
			29.9964291168053	-20.9241500402941
			29.9964291168053	-20.8855445974153
			30.0350345596841	-20.8469391545365
			30.0736400025629	-20.8469391545365
			30.0736400025629	-20.8083337116578
			30.1122454454417	-20.769728268779
			30.1508508883204	-20.7311228259002
			30.1894563311992	-20.7311228259002
			30.1894563311992	-20.6925173830214
			30.228061774078	-20.6539119401427
			30.2666672169567	-20.6153064972639
			30.3052726598355	-20.6153064972639
			30.3052726598355	-20.5767010543851
			30.3438781027143	-20.5380956115064
			30.3824835455931	-20.4994901686276
			30.4210889884718	-20.4994901686276
			30.4210889884718	-20.4608847257488
			30.4596944313506	-20.42227928287
			30.4982998742294	-20.42227928287
			30.5369053171081	-20.3836738399913
			30.5369053171081	-20.3450683971125
			30.5755107599869	-20.3450683971125
			30.6141162028657	-20.3064629542337
			30.6527216457445	-20.267857511355
			30.6913270886232	-20.267857511355
			30.6913270886232	-20.2292520684762
			30.729932531502	-20.1906466255974
			30.7685379743808	-20.1906466255974
			30.8071434172595	-20.1520411827186
			30.8457488601383	-20.1134357398399
			30.8843543030171	-20.0748302969611
			30.9229597458959	-20.0362248540823
			30.9615651887746	-20.0362248540823
			31.0001706316534	-19.9976194112036
			31.0387760745322	-19.9590139683248
			31.0773815174109	-19.920408525446
			31.1159869602897	-19.920408525446
			31.1545924031685	-19.8818030825672
			31.1931978460473	-19.8431976396885
			31.231803288926	-19.8431976396885
			31.2704087318048	-19.8045921968097
			31.3090141746836	-19.8045921968097
			31.3476196175623	-19.7659867539309
			31.3862250604411	-19.7273813110522
			31.4248305033199	-19.7273813110522
			31.4634359461987	-19.6887758681734
			31.5020413890774	-19.6887758681734
			31.5406468319562	-19.6501704252946
			31.579252274835	-19.6115649824158
			31.6178577177137	-19.6115649824158
			31.6564631605925	-19.5729595395371
			31.6950686034713	-19.5729595395371
			31.7336740463501	-19.5343540966583
			31.7722794892288	-19.5343540966583
			31.8108849321076	-19.4957486537795
			31.8494903749864	-19.4957486537795
			31.8880958178651	-19.4571432109008
			31.9267012607439	-19.4571432109008
			31.9653067036227	-19.418537768022
			32.0039121465015	-19.418537768022
			32.0425175893802	-19.3799323251432
			32.081123032259	-19.3799323251432
			32.1197284751378	-19.3413268822645
			32.1583339180165	-19.3413268822645
			32.1969393608953	-19.3413268822645
			32.2355448037741	-19.3027214393857
			32.2741502466529	-19.3027214393857
			32.3127556895316	-19.2641159965069
			32.3513611324104	-19.2641159965069
			32.3899665752892	-19.2255105536281
			32.4285720181679	-19.2255105536281
			32.4671774610467	-19.1869051107494
			32.5057829039255	-19.1869051107494
			32.5443883468043	-19.1869051107494
			32.582993789683	-19.1482996678706
			32.6215992325618	-19.1482996678706
			32.6602046754406	-19.1482996678706
			32.6988101183193	-19.1096942249918
			32.7374155611981	-19.1096942249918
			32.7760210040769	-19.1096942249918
			32.8146264469557	-19.0710887821131
			32.8532318898344	-19.0710887821131
			32.8918373327132	-19.0710887821131
			32.930442775592	-19.0324833392343
			32.9690482184707	-19.0324833392343
			33.0076536613495	-19.0324833392343
			33.0462591042283	-18.9938778963555
			33.0848645471071	-18.9938778963555
			33.1234699899858	-18.9938778963555
			33.1620754328646	-18.9938778963555
			33.2006808757434	-18.9552724534767
			33.2392863186221	-18.9552724534767
			33.2778917615009	-18.9552724534767
			33.3164972043797	-18.9552724534767
			33.3551026472585	-18.9552724534767
			33.3937080901372	-18.916667010598
			33.432313533016	-18.916667010598
			33.4709189758948	-18.916667010598
			33.5095244187735	-18.916667010598
			33.5481298616523	-18.916667010598
			33.5867353045311	-18.916667010598
			33.6253407474099	-18.8780615677192
			33.6639461902886	-18.8780615677192
			33.7025516331674	-18.8780615677192
			33.7411570760462	-18.8780615677192
			33.7797625189249	-18.8780615677192
			33.8183679618037	-18.8780615677192
			33.8569734046825	-18.8780615677192
			33.8955788475613	-18.8394561248404
			33.93418429044	-18.8394561248404
			33.9727897333188	-18.8394561248404
			34.0113951761976	-18.8394561248404
			34.0500006190763	-18.8394561248404
			34.0886060619551	-18.8394561248404
			34.1272115048339	-18.8008506819617
			34.1658169477126	-18.8008506819617
			34.2044223905914	-18.8008506819617
			34.2430278334702	-18.8008506819617
			34.281633276349	-18.8008506819617
			34.3202387192277	-18.8008506819617
			34.3588441621065	-18.8008506819617
			34.3974496049853	-18.8008506819617
			34.4360550478641	-18.7622452390829
			34.4746604907428	-18.7622452390829
			34.5132659336216	-18.7622452390829
			34.5518713765004	-18.7622452390829
			34.5904768193791	-18.7622452390829
			34.6290822622579	-18.7622452390829
			34.6676877051367	-18.7622452390829
			34.7062931480154	-18.7622452390829
			34.7448985908942	-18.7236397962041
			34.783504033773	-18.7236397962041
			34.8221094766518	-18.7236397962041
			34.8607149195305	-18.7236397962041
			34.8993203624093	-18.7236397962041
			34.9379258052881	-18.7236397962041
			34.9765312481669	-18.7236397962041
			35.0151366910456	-18.7236397962041
			35.0537421339244	-18.7236397962041
			35.0923475768032	-18.6850343533253
			35.1309530196819	-18.6850343533253
			35.1695584625607	-18.6850343533253
			35.2081639054395	-18.6850343533253
			35.2467693483183	-18.6850343533253
			35.285374791197	-18.6850343533253
			35.3239802340758	-18.6850343533253
			35.3625856769546	-18.6850343533253
			35.4011911198333	-18.6850343533253
			35.4397965627121	-18.6464289104466
			35.4784020055909	-18.6464289104466
			35.5170074484696	-18.6464289104466
			35.5556128913484	-18.6464289104466
			35.5942183342272	-18.6464289104466
			35.632823777106	-18.6464289104466
			35.6714292199847	-18.6464289104466
			35.7100346628635	-18.6464289104466
			35.7486401057423	-18.6464289104466
			35.7872455486211	-18.6464289104466
			35.8258509914998	-18.6464289104466
			35.8644564343786	-18.6078234675678
			35.9030618772574	-18.6078234675678
			35.9416673201361	-18.6078234675678
			35.9802727630149	-18.6078234675678
			36.0188782058937	-18.6078234675678
			36.0574836487724	-18.6078234675678
			36.0960890916512	-18.6078234675678
			36.13469453453	-18.6078234675678
			36.1732999774088	-18.6078234675678
			36.2119054202875	-18.6078234675678
			36.2505108631663	-18.6078234675678
			36.2891163060451	-18.569218024689
			36.3277217489238	-18.569218024689
			36.3663271918026	-18.569218024689
			36.4049326346814	-18.569218024689
			36.4435380775602	-18.569218024689
			36.4821435204389	-18.569218024689
			36.5207489633177	-18.569218024689
			36.5593544061965	-18.569218024689
			36.5979598490752	-18.569218024689
			36.636565291954	-18.569218024689
			36.6751707348328	-18.569218024689
			36.7137761777116	-18.569218024689
			36.7523816205903	-18.569218024689
			36.7909870634691	-18.569218024689
			36.8295925063479	-18.569218024689
			36.8681979492266	-18.5306125818103
			36.9068033921054	-18.5306125818103
			36.9454088349842	-18.5306125818103
			36.984014277863	-18.5306125818103
			37.0226197207417	-18.5306125818103
			37.0612251636205	-18.5306125818103
			37.0998306064993	-18.5306125818103
			37.138436049378	-18.5306125818103
			37.1770414922568	-18.5306125818103
			37.2156469351356	-18.5306125818103
			37.2542523780144	-18.5306125818103
			37.2928578208931	-18.5306125818103
			37.3314632637719	-18.5306125818103
			37.3700687066507	-18.5306125818103
			37.4086741495294	-18.5306125818103
			37.4472795924082	-18.5306125818103
			37.485885035287	-18.5306125818103
			37.5244904781658	-18.5306125818103
			37.5630959210445	-18.5306125818103
			37.6017013639233	-18.4920071389315
			37.6403068068021	-18.4920071389315
			37.6789122496808	-18.4920071389315
			37.7175176925596	-18.4920071389315
			37.7561231354384	-18.4920071389315
			37.7947285783172	-18.4920071389315
			37.8333340211959	-18.4920071389315
			37.8719394640747	-18.4920071389315
			37.9105449069535	-18.4920071389315
			37.9491503498322	-18.4920071389315
			37.987755792711	-18.4920071389315
			38.0263612355898	-18.4920071389315
			38.0649666784686	-18.4920071389315
			38.1035721213473	-18.4920071389315
			38.1421775642261	-18.4920071389315
			38.1807830071049	-18.4920071389315
			38.2193884499836	-18.4920071389315
			38.2579938928624	-18.4920071389315
			38.2965993357412	-18.4920071389315
			38.33520477862	-18.4920071389315
			38.3738102214987	-18.4920071389315
			38.4124156643775	-18.4920071389315
			38.4510211072563	-18.4920071389315
			38.489626550135	-18.4920071389315
			38.5282319930138	-18.4920071389315
			38.5668374358926	-18.4920071389315
			38.6054428787714	-18.4920071389315
			38.6440483216501	-18.4920071389315
			38.6826537645289	-18.4920071389315
			38.7212592074077	-18.4920071389315
			38.7598646502864	-18.4920071389315
			38.7984700931652	-18.4920071389315
			38.837075536044	-18.4920071389315
			38.8756809789228	-18.4920071389315
			38.9142864218015	-18.4920071389315
			38.9528918646803	-18.4534016960527
			38.9914973075591	-18.4534016960527
			39.0301027504378	-18.4534016960527
			39.0687081933166	-18.4534016960527
			39.1073136361954	-18.4534016960527
			39.1459190790742	-18.4534016960527
			39.1845245219529	-18.4534016960527
			39.2231299648317	-18.4534016960527
			39.2617354077105	-18.4534016960527
			39.3003408505892	-18.4534016960527
			39.338946293468	-18.4534016960527
			39.3775517363468	-18.4534016960527
			39.4161571792256	-18.4534016960527
			39.4547626221043	-18.4534016960527
			39.4933680649831	-18.4534016960527
			39.5319735078619	-18.4534016960527
			39.5705789507406	-18.4534016960527
			39.6091843936194	-18.4534016960527
			39.6477898364982	-18.4534016960527
			39.686395279377	-18.4534016960527
			39.7250007222557	-18.4534016960527
			39.7636061651345	-18.4534016960527
			39.8022116080133	-18.4534016960527
			39.840817050892	-18.4534016960527
			39.8794224937708	-18.4920071389315
			39.9180279366496	-18.4920071389315
			39.9566333795284	-18.4920071389315
			39.9952388224071	-18.4920071389315
			40.0338442652859	-18.4920071389315
			40.0724497081647	-18.4920071389315
			40.1110551510434	-18.4920071389315
			40.1496605939222	-18.4920071389315
			40.188266036801	-18.4920071389315
			40.2268714796798	-18.4920071389315
			40.2654769225585	-18.4920071389315
			40.3040823654373	-18.4920071389315
			40.3426878083161	-18.4920071389315
			40.3812932511948	-18.4920071389315
			40.4198986940736	-18.4920071389315
			40.4585041369524	-18.4920071389315
			40.4971095798312	-18.4920071389315
			40.5357150227099	-18.4920071389315
			40.5743204655887	-18.4920071389315
			40.6129259084675	-18.4920071389315
			40.6515313513462	-18.4920071389315
			40.690136794225	-18.4920071389315
			40.7287422371038	-18.4920071389315
			40.7673476799826	-18.4920071389315
			40.8059531228613	-18.4920071389315
			40.8445585657401	-18.4920071389315
			40.8831640086189	-18.4920071389315
			40.9217694514976	-18.4920071389315
			40.9603748943764	-18.4920071389315
			40.9989803372552	-18.4920071389315
			41.037585780134	-18.4920071389315
			41.0761912230127	-18.4920071389315
			41.1147966658915	-18.4920071389315
			41.1534021087703	-18.4920071389315
			41.192007551649	-18.4920071389315
			41.2306129945278	-18.4920071389315
			41.2692184374066	-18.5306125818103
			41.3078238802854	-18.5306125818103
			41.3464293231641	-18.5306125818103
			41.3850347660429	-18.5306125818103
			41.4236402089217	-18.5306125818103
			41.4622456518004	-18.5306125818103
			41.5008510946792	-18.5306125818103
			41.539456537558	-18.5306125818103
			41.5780619804368	-18.5306125818103
			41.6166674233155	-18.5306125818103
			41.6552728661943	-18.5306125818103
			41.6938783090731	-18.5306125818103
			41.7324837519518	-18.5306125818103
			41.7710891948306	-18.5306125818103
			41.8096946377094	-18.5306125818103
			41.8483000805882	-18.5306125818103
			41.8869055234669	-18.5306125818103
			41.9255109663457	-18.569218024689
			41.9641164092245	-18.569218024689
			42.0027218521032	-18.569218024689
			42.041327294982	-18.569218024689
			42.0799327378608	-18.569218024689
			42.1185381807395	-18.569218024689
			42.1571436236183	-18.569218024689
			42.1957490664971	-18.569218024689
			42.2343545093759	-18.569218024689
			42.2729599522546	-18.569218024689
			42.3115653951334	-18.569218024689
			42.3501708380122	-18.569218024689
			42.388776280891	-18.569218024689
			42.4273817237697	-18.569218024689
			42.4659871666485	-18.569218024689
			42.5045926095273	-18.6078234675678
			42.543198052406	-18.6078234675678
			42.5818034952848	-18.6078234675678
			42.6204089381636	-18.6078234675678
			42.6590143810424	-18.6078234675678
			42.6976198239211	-18.6078234675678
			42.7362252667999	-18.6078234675678
			42.7748307096787	-18.6078234675678
			42.8134361525574	-18.6078234675678
			42.8520415954362	-18.6078234675678
			42.890647038315	-18.6078234675678
			42.9292524811937	-18.6078234675678
			42.9678579240725	-18.6078234675678
			43.0064633669513	-18.6078234675678
			43.0450688098301	-18.6078234675678
			43.0836742527088	-18.6078234675678
			43.1222796955876	-18.6078234675678
			43.1608851384664	-18.6078234675678
			43.1994905813452	-18.6078234675678
			43.2380960242239	-18.6078234675678
			43.2767014671027	-18.6078234675678
			43.3153069099815	-18.6078234675678
			43.3539123528602	-18.6078234675678
			43.392517795739	-18.6078234675678
			43.4311232386178	-18.6078234675678
			43.4697286814965	-18.6078234675678
			43.5083341243753	-18.6078234675678
			43.5469395672541	-18.6464289104466
			43.5855450101329	-18.6464289104466
			43.6241504530116	-18.6464289104466
			43.6627558958904	-18.6464289104466
			43.7013613387692	-18.6464289104466
			43.739966781648	-18.6464289104466
			43.7785722245267	-18.6464289104466
			43.8171776674055	-18.6464289104466
			43.8557831102843	-18.6464289104466
			43.894388553163	-18.6464289104466
			43.9329939960418	-18.6464289104466
			43.9715994389206	-18.6464289104466
			44.0102048817993	-18.6464289104466
			44.0488103246781	-18.6464289104466
			44.0874157675569	-18.6464289104466
			44.1260212104357	-18.6464289104466
			44.1646266533144	-18.6464289104466
			44.2032320961932	-18.6464289104466
			44.241837539072	-18.6078234675678
			44.2804429819507	-18.6078234675678
			44.3190484248295	-18.6078234675678
			44.3576538677083	-18.6078234675678
			44.3962593105871	-18.6078234675678
			44.4348647534658	-18.6078234675678
			44.4734701963446	-18.6078234675678
			44.5120756392234	-18.6078234675678
			44.5506810821021	-18.6078234675678
			44.5892865249809	-18.6078234675678
			44.6278919678597	-18.6078234675678
			44.6664974107385	-18.6078234675678
			44.7051028536172	-18.6078234675678
			44.743708296496	-18.6078234675678
			44.7823137393748	-18.6078234675678
			44.8209191822535	-18.6078234675678
			44.8595246251323	-18.6078234675678
			44.8981300680111	-18.6078234675678
			44.9367355108899	-18.6078234675678
			44.9753409537686	-18.6078234675678
			45.0139463966474	-18.6078234675678
			45.0525518395262	-18.6078234675678
			45.0911572824049	-18.6078234675678
			45.1297627252837	-18.6078234675678
			45.1683681681625	-18.569218024689
			45.2069736110413	-18.569218024689
			45.24557905392	-18.569218024689
			45.2841844967988	-18.569218024689
			45.3227899396776	-18.569218024689
			45.3613953825563	-18.569218024689
			45.4000008254351	-18.569218024689
			45.4386062683139	-18.569218024689
			45.4772117111927	-18.569218024689
			45.5158171540714	-18.569218024689
			45.5544225969502	-18.569218024689
			45.593028039829	-18.569218024689
			45.6316334827077	-18.5306125818103
			45.6702389255865	-18.5306125818103
			45.7088443684653	-18.5306125818103
			45.7474498113441	-18.5306125818103
			45.7860552542228	-18.5306125818103
			45.8246606971016	-18.5306125818103
			45.8632661399804	-18.5306125818103
			45.9018715828591	-18.5306125818103
			45.9404770257379	-18.5306125818103
			45.9790824686167	-18.4920071389315
			46.0176879114955	-18.4920071389315
			46.0562933543742	-18.4920071389315
			46.094898797253	-18.4920071389315
			46.1335042401318	-18.4920071389315
			46.1721096830105	-18.4920071389315
			46.2107151258893	-18.4920071389315
			46.2493205687681	-18.4534016960527
			46.2879260116469	-18.4534016960527
			46.3265314545256	-18.4534016960527
			46.3651368974044	-18.4534016960527
		</Snout_dorsal>
		<Dorsal_adipose type=matrix rownames=FALSE colnames=FALSE nrow=332 ncol=2 as.numeric=TRUE >
			46.3651368974044	-18.4534016960527
			46.4037423402832	-18.4534016960527
			46.4423477831619	-18.4534016960527
			46.4809532260407	-18.4534016960527
			46.5195586689195	-18.4534016960527
			46.5195586689195	-18.4920071389315
			46.5581641117983	-18.4920071389315
			46.596769554677	-18.4920071389315
			46.6353749975558	-18.4920071389315
			46.6739804404346	-18.4920071389315
			46.7125858833133	-18.4920071389315
			46.7511913261921	-18.4920071389315
			46.7897967690709	-18.4920071389315
			46.8284022119497	-18.5306125818103
			46.8670076548284	-18.5306125818103
			46.9056130977072	-18.5306125818103
			46.944218540586	-18.5306125818103
			46.9828239834647	-18.5306125818103
			47.0214294263435	-18.5306125818103
			47.0600348692223	-18.569218024689
			47.0986403121011	-18.569218024689
			47.1372457549798	-18.569218024689
			47.1758511978586	-18.569218024689
			47.2144566407374	-18.569218024689
			47.2530620836161	-18.569218024689
			47.2916675264949	-18.569218024689
			47.3302729693737	-18.6078234675678
			47.3688784122525	-18.6078234675678
			47.4074838551312	-18.6078234675678
			47.44608929801	-18.6078234675678
			47.4846947408888	-18.6078234675678
			47.5233001837675	-18.6078234675678
			47.5619056266463	-18.6078234675678
			47.6005110695251	-18.6464289104466
			47.6391165124039	-18.6464289104466
			47.6777219552826	-18.6464289104466
			47.7163273981614	-18.6464289104466
			47.7549328410402	-18.6464289104466
			47.7935382839189	-18.6464289104466
			47.8321437267977	-18.6850343533253
			47.8707491696765	-18.6850343533253
			47.9093546125553	-18.6850343533253
			47.947960055434	-18.6850343533253
			47.9865654983128	-18.6850343533253
			48.0251709411916	-18.6850343533253
			48.0637763840703	-18.7236397962041
			48.1023818269491	-18.7236397962041
			48.1409872698279	-18.7236397962041
			48.1795927127067	-18.7236397962041
			48.2181981555854	-18.7236397962041
			48.2568035984642	-18.7236397962041
			48.2568035984642	-18.7622452390829
			48.295409041343	-18.7622452390829
			48.3340144842217	-18.7622452390829
			48.3726199271005	-18.7622452390829
			48.4112253699793	-18.7622452390829
			48.4498308128581	-18.7622452390829
			48.4884362557368	-18.8008506819617
			48.5270416986156	-18.8008506819617
			48.5656471414944	-18.8008506819617
			48.6042525843731	-18.8008506819617
			48.6428580272519	-18.8008506819617
			48.6814634701307	-18.8394561248404
			48.7200689130095	-18.8394561248404
			48.7586743558882	-18.8394561248404
			48.797279798767	-18.8394561248404
			48.8358852416458	-18.8394561248404
			48.8744906845245	-18.8394561248404
			48.9130961274033	-18.8780615677192
			48.9517015702821	-18.8780615677192
			48.9903070131609	-18.8780615677192
			49.0289124560396	-18.8780615677192
			49.0675178989184	-18.8780615677192
			49.1061233417972	-18.916667010598
			49.1447287846759	-18.916667010598
			49.1833342275547	-18.916667010598
			49.2219396704335	-18.916667010598
			49.2605451133123	-18.916667010598
			49.299150556191	-18.916667010598
			49.299150556191	-18.9552724534767
			49.3377559990698	-18.9552724534767
			49.3763614419486	-18.9552724534767
			49.4149668848273	-18.9552724534767
			49.4535723277061	-18.9552724534767
			49.4921777705849	-18.9938778963555
			49.5307832134636	-18.9938778963555
			49.5693886563424	-18.9938778963555
			49.6079940992212	-18.9938778963555
			49.6465995421	-19.0324833392343
			49.6852049849787	-19.0324833392343
			49.7238104278575	-19.0324833392343
			49.7624158707363	-19.0324833392343
			49.8010213136151	-19.0324833392343
			49.8396267564938	-19.0324833392343
			49.8782321993726	-19.0710887821131
			49.9168376422514	-19.0710887821131
			49.9554430851301	-19.0710887821131
			49.9940485280089	-19.0710887821131
			50.0326539708877	-19.1096942249918
			50.0712594137664	-19.1096942249918
			50.1098648566452	-19.1096942249918
			50.148470299524	-19.1096942249918
			50.1870757424028	-19.1096942249918
			50.2256811852815	-19.1482996678706
			50.2642866281603	-19.1482996678706
			50.3028920710391	-19.1482996678706
			50.3414975139179	-19.1869051107494
			50.3801029567966	-19.1869051107494
			50.4187083996754	-19.1869051107494
			50.4573138425542	-19.1869051107494
			50.4959192854329	-19.1869051107494
			50.5345247283117	-19.2255105536281
			50.5731301711905	-19.2255105536281
			50.6117356140693	-19.2255105536281
			50.650341056948	-19.2255105536281
			50.6889464998268	-19.2641159965069
			50.7275519427056	-19.2641159965069
			50.7661573855843	-19.2641159965069
			50.8047628284631	-19.2641159965069
			50.8433682713419	-19.3027214393857
			50.8819737142206	-19.3027214393857
			50.9205791570994	-19.3027214393857
			50.9591845999782	-19.3027214393857
			50.997790042857	-19.3027214393857
			50.997790042857	-19.3413268822645
			51.0363954857357	-19.3413268822645
			51.0750009286145	-19.3413268822645
			51.1136063714933	-19.3413268822645
			51.1522118143721	-19.3799323251432
			51.1908172572508	-19.3799323251432
			51.2294227001296	-19.3799323251432
			51.2680281430084	-19.3799323251432
			51.2680281430084	-19.418537768022
			51.3066335858871	-19.418537768022
			51.3452390287659	-19.418537768022
			51.3838444716447	-19.418537768022
			51.4224499145234	-19.418537768022
			51.4610553574022	-19.4571432109008
			51.499660800281	-19.4571432109008
			51.5382662431598	-19.4571432109008
			51.5768716860385	-19.4957486537795
			51.6154771289173	-19.4957486537795
			51.6540825717961	-19.4957486537795
			51.6926880146749	-19.5343540966583
			51.7312934575536	-19.5343540966583
			51.7698989004324	-19.5343540966583
			51.8085043433112	-19.5343540966583
			51.8471097861899	-19.5729595395371
			51.8857152290687	-19.5729595395371
			51.9243206719475	-19.5729595395371
			51.9629261148262	-19.6115649824158
			52.001531557705	-19.6115649824158
			52.0401370005838	-19.6115649824158
			52.0787424434626	-19.6501704252946
			52.1173478863413	-19.6501704252946
			52.1559533292201	-19.6501704252946
			52.1945587720989	-19.6501704252946
			52.2331642149776	-19.6887758681734
			52.2717696578564	-19.6887758681734
			52.3103751007352	-19.6887758681734
			52.348980543614	-19.7273813110522
			52.3875859864927	-19.7273813110522
			52.4261914293715	-19.7273813110522
			52.4647968722503	-19.7659867539309
			52.503402315129	-19.7659867539309
			52.5420077580078	-19.7659867539309
			52.5806132008866	-19.7659867539309
			52.6192186437654	-19.8045921968097
			52.6578240866441	-19.8045921968097
			52.6964295295229	-19.8045921968097
			52.7350349724017	-19.8431976396885
			52.7736404152804	-19.8431976396885
			52.8122458581592	-19.8431976396885
			52.8122458581592	-19.8818030825672
			52.850851301038	-19.8818030825672
			52.8894567439168	-19.8818030825672
			52.9280621867955	-19.920408525446
			52.9666676296743	-19.920408525446
			53.0052730725531	-19.920408525446
			53.0438785154318	-19.9590139683248
			53.0824839583106	-19.9590139683248
			53.1210894011894	-19.9590139683248
			53.1596948440682	-19.9976194112036
			53.1983002869469	-19.9976194112036
			53.2369057298257	-19.9976194112036
			53.2755111727045	-19.9976194112036
			53.3141166155832	-20.0362248540823
			53.352722058462	-20.0362248540823
			53.3913275013408	-20.0362248540823
			53.4299329442196	-20.0362248540823
			53.4685383870983	-20.0362248540823
			53.5071438299771	-20.0748302969611
			53.5457492728559	-20.0748302969611
			53.5843547157346	-20.0748302969611
			53.6229601586134	-20.0748302969611
			53.6615656014922	-20.0748302969611
			53.700171044371	-20.1134357398399
			53.7387764872497	-20.1134357398399
			53.7773819301285	-20.1134357398399
			53.8159873730073	-20.1134357398399
			53.854592815886	-20.1134357398399
			53.8931982587648	-20.1520411827186
			53.9318037016436	-20.1520411827186
			53.9704091445224	-20.1520411827186
			54.0090145874011	-20.1520411827186
			54.0476200302799	-20.1520411827186
			54.0862254731587	-20.1906466255974
			54.1248309160374	-20.1906466255974
			54.1634363589162	-20.1906466255974
			54.202041801795	-20.1906466255974
			54.2406472446738	-20.1906466255974
			54.2792526875525	-20.1906466255974
			54.3178581304313	-20.2292520684762
			54.3564635733101	-20.2292520684762
			54.3950690161888	-20.2292520684762
			54.4336744590676	-20.2292520684762
			54.4722799019464	-20.2292520684762
			54.5108853448252	-20.267857511355
			54.5494907877039	-20.267857511355
			54.5880962305827	-20.267857511355
			54.6267016734615	-20.267857511355
			54.6653071163402	-20.267857511355
			54.703912559219	-20.267857511355
			54.7425180020978	-20.3064629542337
			54.7811234449766	-20.3064629542337
			54.8197288878553	-20.3064629542337
			54.8583343307341	-20.3064629542337
			54.8969397736129	-20.3064629542337
			54.9355452164916	-20.3064629542337
			54.9741506593704	-20.3450683971125
			55.0127561022492	-20.3450683971125
			55.051361545128	-20.3450683971125
			55.0899669880067	-20.3450683971125
			55.1285724308855	-20.3450683971125
			55.1671778737643	-20.3450683971125
			55.205783316643	-20.3836738399913
			55.2443887595218	-20.3836738399913
			55.2829942024006	-20.3836738399913
			55.3215996452794	-20.3836738399913
			55.3602050881581	-20.3836738399913
			55.3988105310369	-20.3836738399913
			55.4374159739157	-20.3836738399913
			55.4374159739157	-20.42227928287
			55.4760214167944	-20.42227928287
			55.5146268596732	-20.42227928287
			55.553232302552	-20.42227928287
			55.5918377454308	-20.42227928287
			55.6304431883095	-20.42227928287
			55.6690486311883	-20.4608847257488
			55.7076540740671	-20.4608847257488
			55.7462595169458	-20.4608847257488
			55.7848649598246	-20.4608847257488
			55.8234704027034	-20.4608847257488
			55.8620758455822	-20.4608847257488
			55.9006812884609	-20.4608847257488
			55.9392867313397	-20.4608847257488
			55.9778921742185	-20.4994901686276
			56.0164976170972	-20.4994901686276
			56.055103059976	-20.4994901686276
			56.0937085028548	-20.4994901686276
			56.1323139457336	-20.4994901686276
			56.1709193886123	-20.4994901686276
			56.2095248314911	-20.5380956115064
			56.2481302743699	-20.5380956115064
			56.2867357172486	-20.5380956115064
			56.3253411601274	-20.5380956115064
			56.3639466030062	-20.5380956115064
			56.402552045885	-20.5380956115064
			56.4411574887637	-20.5380956115064
			56.4797629316425	-20.5380956115064
			56.5183683745213	-20.5767010543851
			56.5569738174	-20.5767010543851
			56.5955792602788	-20.5767010543851
			56.6341847031576	-20.5767010543851
			56.6727901460364	-20.5767010543851
			56.7113955889151	-20.5767010543851
			56.7500010317939	-20.5767010543851
			56.7886064746727	-20.5767010543851
			56.8272119175514	-20.6153064972639
			56.8658173604302	-20.6153064972639
			56.904422803309	-20.6153064972639
			56.9430282461878	-20.6153064972639
			56.9816336890665	-20.6153064972639
			57.0202391319453	-20.6153064972639
			57.0588445748241	-20.6153064972639
			57.0974500177028	-20.6153064972639
			57.1360554605816	-20.6153064972639
			57.1360554605816	-20.6539119401427
			57.1746609034604	-20.6539119401427
			57.2132663463392	-20.6539119401427
			57.2518717892179	-20.6539119401427
			57.2904772320967	-20.6539119401427
			57.3290826749755	-20.6539119401427
			57.3676881178542	-20.6539119401427
			57.406293560733	-20.6539119401427
			57.4448990036118	-20.6539119401427
			57.4835044464905	-20.6539119401427
			57.5221098893693	-20.6539119401427
			57.5607153322481	-20.6925173830214
			57.5993207751269	-20.6925173830214
			57.6379262180056	-20.6925173830214
			57.6765316608844	-20.6925173830214
			57.7151371037632	-20.6925173830214
			57.753742546642	-20.6925173830214
			57.7923479895207	-20.6925173830214
			57.8309534323995	-20.6925173830214
			57.8695588752783	-20.6925173830214
			57.908164318157	-20.6925173830214
			57.9467697610358	-20.6925173830214
			57.9853752039146	-20.7311228259002
			58.0239806467933	-20.7311228259002
			58.0625860896721	-20.7311228259002
			58.1011915325509	-20.7311228259002
			58.1397969754297	-20.7311228259002
			58.1784024183084	-20.7311228259002
			58.2170078611872	-20.7311228259002
			58.255613304066	-20.7311228259002
			58.2942187469448	-20.7311228259002
			58.3328241898235	-20.7311228259002
			58.3714296327023	-20.7311228259002
			58.4100350755811	-20.7311228259002
			58.4486405184598	-20.7311228259002
			58.4872459613386	-20.769728268779
			58.5258514042174	-20.769728268779
			58.5644568470962	-20.769728268779
			58.6030622899749	-20.769728268779
			58.6416677328537	-20.769728268779
			58.6802731757325	-20.769728268779
			58.7188786186112	-20.769728268779
			58.75748406149	-20.769728268779
			58.7960895043688	-20.769728268779
			58.8346949472475	-20.769728268779
		</Dorsal_adipose>
		<Adipose_caudal type=matrix rownames=FALSE colnames=FALSE nrow=169 ncol=2 as.numeric=TRUE >
			58.8346949472475	-20.769728268779
			58.8733003901263	-20.769728268779
			58.9119058330051	-20.769728268779
			58.9505112758839	-20.769728268779
			58.9891167187626	-20.769728268779
			59.0277221616414	-20.769728268779
			59.0663276045202	-20.769728268779
			59.104933047399	-20.769728268779
			59.1435384902777	-20.769728268779
			59.1821439331565	-20.8083337116578
			59.2207493760353	-20.8083337116578
			59.259354818914	-20.8083337116578
			59.2979602617928	-20.8083337116578
			59.3365657046716	-20.8083337116578
			59.3751711475503	-20.8469391545365
			59.4137765904291	-20.8469391545365
			59.4523820333079	-20.8469391545365
			59.4523820333079	-20.8855445974153
			59.4909874761867	-20.8855445974153
			59.5295929190654	-20.8855445974153
			59.5681983619442	-20.9241500402941
			59.606803804823	-20.9241500402941
			59.6454092477017	-20.9627554831728
			59.6840146905805	-21.0013609260516
			59.7226201334593	-21.0399663689304
			59.7226201334593	-21.0785718118092
			59.7612255763381	-21.1171772546879
			59.7612255763381	-21.1557826975667
			59.7612255763381	-21.1943881404455
			59.7998310192168	-21.1943881404455
			59.7998310192168	-21.2329935833242
			59.7998310192168	-21.271599026203
			59.7998310192168	-21.3102044690818
			59.7998310192168	-21.3488099119606
			59.8384364620956	-21.3488099119606
			59.8770419049744	-21.3874153548393
			59.9156473478531	-21.3874153548393
			59.9542527907319	-21.4260207977181
			59.9928582336107	-21.4260207977181
			60.0314636764895	-21.4260207977181
			60.0700691193682	-21.4646262405969
			60.108674562247	-21.4646262405969
			60.1472800051258	-21.4646262405969
			60.1858854480045	-21.5032316834756
			60.2244908908833	-21.5032316834756
			60.2630963337621	-21.5032316834756
			60.3017017766409	-21.5032316834756
			60.3403072195196	-21.5418371263544
			60.3789126623984	-21.5418371263544
			60.4175181052772	-21.5418371263544
			60.4561235481559	-21.5804425692332
			60.4947289910347	-21.5804425692332
			60.5333344339135	-21.5804425692332
			60.5719398767923	-21.5804425692332
			60.5719398767923	-21.619048012112
			60.610545319671	-21.619048012112
			60.6491507625498	-21.619048012112
			60.6877562054286	-21.619048012112
			60.7263616483073	-21.619048012112
			60.7649670911861	-21.6576534549907
			60.8035725340649	-21.6576534549907
			60.8421779769437	-21.6576534549907
			60.8807834198224	-21.6962588978695
			60.9193888627012	-21.6962588978695
			60.95799430558	-21.6962588978695
			60.9965997484587	-21.6962588978695
			61.0352051913375	-21.6962588978695
			61.0738106342163	-21.7348643407483
			61.1124160770951	-21.7348643407483
			61.1510215199738	-21.7348643407483
			61.1896269628526	-21.7348643407483
			61.2282324057314	-21.7348643407483
			61.2282324057314	-21.773469783627
			61.2668378486101	-21.773469783627
			61.3054432914889	-21.773469783627
			61.3440487343677	-21.773469783627
			61.3826541772465	-21.773469783627
			61.4212596201252	-21.8120752265058
			61.459865063004	-21.8120752265058
			61.4984705058828	-21.8120752265058
			61.5370759487615	-21.8120752265058
			61.5756813916403	-21.8120752265058
			61.6142868345191	-21.8506806693846
			61.6528922773979	-21.8506806693846
			61.6914977202766	-21.8506806693846
			61.7301031631554	-21.8506806693846
			61.7687086060342	-21.8506806693846
			61.8073140489129	-21.8892861122634
			61.8459194917917	-21.8892861122634
			61.8845249346705	-21.8892861122634
			61.9231303775493	-21.8892861122634
			61.961735820428	-21.8892861122634
			62.0003412633068	-21.8892861122634
			62.0389467061856	-21.9278915551421
			62.0775521490643	-21.9278915551421
			62.1161575919431	-21.9278915551421
			62.1547630348219	-21.9278915551421
			62.1933684777007	-21.9278915551421
			62.2319739205794	-21.9664969980209
			62.2705793634582	-21.9664969980209
			62.309184806337	-21.9664969980209
			62.3477902492157	-21.9664969980209
			62.3863956920945	-21.9664969980209
			62.4250011349733	-21.9664969980209
			62.4636065778521	-22.0051024408997
			62.5022120207308	-22.0051024408997
			62.5408174636096	-22.0051024408997
			62.5794229064884	-22.0051024408997
			62.6180283493671	-22.0051024408997
			62.6566337922459	-22.0051024408997
			62.6952392351247	-22.0051024408997
			62.7338446780035	-22.0437078837784
			62.7724501208822	-22.0437078837784
			62.811055563761	-22.0437078837784
			62.8496610066398	-22.0437078837784
			62.8882664495185	-22.0437078837784
			62.9268718923973	-22.0437078837784
			62.9654773352761	-22.0823133266572
			63.0040827781549	-22.0823133266572
			63.0426882210336	-22.0823133266572
			63.0812936639124	-22.0823133266572
			63.1198991067912	-22.0823133266572
			63.1585045496699	-22.0823133266572
			63.1971099925487	-22.0823133266572
			63.2357154354275	-22.120918769536
			63.2743208783063	-22.120918769536
			63.312926321185	-22.120918769536
			63.3515317640638	-22.120918769536
			63.3901372069426	-22.120918769536
			63.4287426498213	-22.120918769536
			63.4673480927001	-22.120918769536
			63.5059535355789	-22.120918769536
			63.5445589784577	-22.1595242124148
			63.5831644213364	-22.1595242124148
			63.6217698642152	-22.1595242124148
			63.660375307094	-22.1595242124148
			63.6989807499727	-22.1595242124148
			63.7375861928515	-22.120918769536
			63.7761916357303	-22.120918769536
			63.8147970786091	-22.120918769536
			63.8534025214878	-22.0823133266572
			63.8920079643666	-22.0823133266572
			63.9306134072454	-22.0823133266572
			63.9692188501241	-22.0823133266572
			63.9692188501241	-22.0437078837784
			64.0078242930029	-22.0437078837784
			64.0464297358817	-22.0437078837784
			64.0850351787604	-22.0437078837784
			64.1236406216392	-22.0051024408997
			64.162246064518	-22.0051024408997
			64.2008515073968	-22.0051024408997
			64.2394569502755	-22.0051024408997
			64.2780623931543	-22.0051024408997
			64.3166678360331	-22.0051024408997
			64.3166678360331	-21.9664969980209
			64.3552732789119	-21.9664969980209
			64.3938787217906	-21.9664969980209
			64.4324841646694	-21.9664969980209
			64.4710896075482	-21.9664969980209
			64.5096950504269	-21.9664969980209
			64.5483004933057	-21.9664969980209
			64.5869059361845	-21.9664969980209
			64.5869059361845	-22.0051024408997
			64.6255113790633	-22.0051024408997
			64.664116821942	-22.0051024408997
			64.7027222648208	-22.0051024408997
			64.7413277076996	-22.0437078837784
			64.7799331505783	-22.0823133266572
			64.8185385934571	-22.120918769536
		</Adipose_caudal>
		<Caudal_anal type=matrix rownames=FALSE colnames=FALSE nrow=274 ncol=2 as.numeric=TRUE >
			64.7413277076996	-27.7187079869578
			64.7027222648208	-27.7187079869578
			64.664116821942	-27.7187079869578
			64.6255113790633	-27.7187079869578
			64.5869059361845	-27.7187079869578
			64.5483004933057	-27.7187079869578
			64.5096950504269	-27.7187079869578
			64.4710896075482	-27.7187079869578
			64.4324841646694	-27.7187079869578
			64.3938787217906	-27.7187079869578
			64.3552732789119	-27.6801025440791
			64.3166678360331	-27.6801025440791
			64.2780623931543	-27.6801025440791
			64.2394569502755	-27.6801025440791
			64.2008515073968	-27.6801025440791
			64.162246064518	-27.6801025440791
			64.1236406216392	-27.6801025440791
			64.0850351787604	-27.6414971012003
			64.0464297358817	-27.6414971012003
			64.0078242930029	-27.6414971012003
			63.9692188501241	-27.6414971012003
			63.9306134072454	-27.6414971012003
			63.8920079643666	-27.6028916583215
			63.8534025214878	-27.6028916583215
			63.8147970786091	-27.6028916583215
			63.7761916357303	-27.5642862154427
			63.7375861928515	-27.5642862154427
			63.6989807499727	-27.5642862154427
			63.660375307094	-27.525680772564
			63.6217698642152	-27.525680772564
			63.5831644213364	-27.525680772564
			63.5445589784577	-27.525680772564
			63.5059535355789	-27.525680772564
			63.4673480927001	-27.4870753296852
			63.4287426498213	-27.4870753296852
			63.3901372069426	-27.4870753296852
			63.3515317640638	-27.4870753296852
			63.312926321185	-27.4870753296852
			63.2743208783063	-27.4484698868064
			63.2357154354275	-27.4484698868064
			63.1971099925487	-27.4484698868064
			63.1585045496699	-27.4484698868064
			63.1198991067912	-27.4484698868064
			63.0812936639124	-27.4484698868064
			63.0426882210336	-27.4098644439277
			63.0040827781549	-27.4098644439277
			62.9654773352761	-27.4098644439277
			62.9268718923973	-27.4098644439277
			62.8882664495185	-27.4098644439277
			62.8496610066398	-27.4098644439277
			62.811055563761	-27.4098644439277
			62.7724501208822	-27.4098644439277
			62.7338446780035	-27.4098644439277
			62.6952392351247	-27.3712590010489
			62.6566337922459	-27.3712590010489
			62.6180283493671	-27.3712590010489
			62.5794229064884	-27.3712590010489
			62.5408174636096	-27.3712590010489
			62.5022120207308	-27.3712590010489
			62.4636065778521	-27.3712590010489
			62.4250011349733	-27.3712590010489
			62.3863956920945	-27.3712590010489
			62.3477902492157	-27.3712590010489
			62.309184806337	-27.3712590010489
			62.2705793634582	-27.3712590010489
			62.2319739205794	-27.3712590010489
			62.1933684777007	-27.3712590010489
			62.1547630348219	-27.3712590010489
			62.1161575919431	-27.3712590010489
			62.0775521490643	-27.3712590010489
			62.0389467061856	-27.4098644439277
			62.0003412633068	-27.4098644439277
			61.961735820428	-27.4098644439277
			61.9231303775493	-27.4098644439277
			61.8845249346705	-27.4098644439277
			61.8459194917917	-27.4098644439277
			61.8073140489129	-27.4098644439277
			61.7687086060342	-27.4098644439277
			61.7301031631554	-27.4098644439277
			61.6914977202766	-27.4098644439277
			61.6528922773979	-27.4484698868064
			61.6142868345191	-27.4484698868064
			61.5756813916403	-27.4484698868064
			61.5370759487615	-27.4484698868064
			61.4984705058828	-27.4484698868064
			61.459865063004	-27.4870753296852
			61.4212596201252	-27.4870753296852
			61.3826541772465	-27.4870753296852
			61.3440487343677	-27.4870753296852
			61.3054432914889	-27.4870753296852
			61.2668378486101	-27.525680772564
			61.2282324057314	-27.525680772564
			61.1896269628526	-27.525680772564
			61.1510215199738	-27.525680772564
			61.1124160770951	-27.525680772564
			61.0738106342163	-27.5642862154427
			61.0352051913375	-27.5642862154427
			60.9965997484587	-27.5642862154427
			60.95799430558	-27.5642862154427
			60.9193888627012	-27.5642862154427
			60.8807834198224	-27.5642862154427
			60.8421779769437	-27.5642862154427
			60.8421779769437	-27.6028916583215
			60.8035725340649	-27.6028916583215
			60.7649670911861	-27.6028916583215
			60.7263616483073	-27.6028916583215
			60.6877562054286	-27.6028916583215
			60.6491507625498	-27.6028916583215
			60.610545319671	-27.6414971012003
			60.5719398767923	-27.6414971012003
			60.5333344339135	-27.6414971012003
			60.4947289910347	-27.6414971012003
			60.4561235481559	-27.6414971012003
			60.4175181052772	-27.6414971012003
			60.3789126623984	-27.6801025440791
			60.3403072195196	-27.6801025440791
			60.3017017766409	-27.6801025440791
			60.2630963337621	-27.6801025440791
			60.2244908908833	-27.6801025440791
			60.1858854480045	-27.6801025440791
			60.1472800051258	-27.7187079869578
			60.108674562247	-27.7187079869578
			60.0700691193682	-27.7187079869578
			60.0314636764895	-27.7187079869578
			59.9928582336107	-27.7187079869578
			59.9542527907319	-27.7187079869578
			59.9156473478531	-27.7573134298366
			59.8770419049744	-27.7573134298366
			59.8384364620956	-27.7573134298366
			59.7998310192168	-27.7573134298366
			59.7612255763381	-27.7573134298366
			59.7226201334593	-27.7573134298366
			59.6840146905805	-27.7959188727154
			59.6454092477017	-27.7959188727154
			59.606803804823	-27.7959188727154
			59.5681983619442	-27.7959188727154
			59.5295929190654	-27.7959188727154
			59.4909874761867	-27.8345243155941
			59.4523820333079	-27.8345243155941
			59.4137765904291	-27.8345243155941
			59.3751711475503	-27.8345243155941
			59.3365657046716	-27.8345243155941
			59.2979602617928	-27.8345243155941
			59.259354818914	-27.8345243155941
			59.2207493760353	-27.8731297584729
			59.1821439331565	-27.8731297584729
			59.1435384902777	-27.8731297584729
			59.104933047399	-27.8731297584729
			59.0663276045202	-27.8731297584729
			59.0277221616414	-27.8731297584729
			58.9891167187626	-27.9117352013517
			58.9505112758839	-27.9117352013517
			58.9119058330051	-27.9117352013517
			58.8733003901263	-27.9117352013517
			58.8346949472475	-27.9117352013517
			58.7960895043688	-27.9117352013517
			58.75748406149	-27.9503406442305
			58.7188786186112	-27.9503406442305
			58.6802731757325	-27.9503406442305
			58.6416677328537	-27.9503406442305
			58.6030622899749	-27.9503406442305
			58.5644568470962	-27.9503406442305
			58.5644568470962	-27.9889460871092
			58.5258514042174	-27.9889460871092
			58.4872459613386	-27.9889460871092
			58.4486405184598	-27.9889460871092
			58.4100350755811	-27.9889460871092
			58.3714296327023	-27.9889460871092
			58.3328241898235	-27.9889460871092
			58.2942187469448	-28.027551529988
			58.255613304066	-28.027551529988
			58.2170078611872	-28.027551529988
			58.1784024183084	-28.027551529988
			58.1397969754297	-28.027551529988
			58.1011915325509	-28.027551529988
			58.0625860896721	-28.0661569728668
			58.0239806467933	-28.0661569728668
			57.9853752039146	-28.0661569728668
			57.9467697610358	-28.0661569728668
			57.908164318157	-28.0661569728668
			57.8695588752783	-28.0661569728668
			57.8309534323995	-28.1047624157455
			57.7923479895207	-28.1047624157455
			57.753742546642	-28.1047624157455
			57.7151371037632	-28.1047624157455
			57.6765316608844	-28.1047624157455
			57.6379262180056	-28.1047624157455
			57.5993207751269	-28.1433678586243
			57.5607153322481	-28.1433678586243
			57.5221098893693	-28.1433678586243
			57.4835044464905	-28.1433678586243
			57.4448990036118	-28.1433678586243
			57.406293560733	-28.1433678586243
			57.3676881178542	-28.1819733015031
			57.3290826749755	-28.1819733015031
			57.2904772320967	-28.1819733015031
			57.2518717892179	-28.1819733015031
			57.2132663463392	-28.1819733015031
			57.1746609034604	-28.1819733015031
			57.1360554605816	-28.2205787443819
			57.0974500177028	-28.2205787443819
			57.0588445748241	-28.2205787443819
			57.0202391319453	-28.2205787443819
			56.9816336890665	-28.2205787443819
			56.9430282461878	-28.2205787443819
			56.904422803309	-28.2205787443819
			56.8658173604302	-28.2591841872606
			56.8272119175514	-28.2591841872606
			56.7886064746727	-28.2591841872606
			56.7500010317939	-28.2591841872606
			56.7113955889151	-28.2591841872606
			56.6727901460364	-28.2591841872606
			56.6341847031576	-28.2977896301394
			56.5955792602788	-28.2977896301394
			56.5569738174	-28.2977896301394
			56.5183683745213	-28.2977896301394
			56.4797629316425	-28.2977896301394
			56.4411574887637	-28.3363950730182
			56.402552045885	-28.3363950730182
			56.3639466030062	-28.3363950730182
			56.3253411601274	-28.3363950730182
			56.2867357172486	-28.3363950730182
			56.2481302743699	-28.3363950730182
			56.2095248314911	-28.3363950730182
			56.1709193886123	-28.3750005158969
			56.1323139457336	-28.3750005158969
			56.0937085028548	-28.3750005158969
			56.055103059976	-28.3750005158969
			56.0164976170972	-28.3750005158969
			55.9778921742185	-28.3750005158969
			55.9392867313397	-28.3750005158969
			55.9006812884609	-28.4136059587757
			55.8620758455822	-28.4136059587757
			55.8234704027034	-28.4136059587757
			55.7848649598246	-28.4136059587757
			55.7462595169458	-28.4136059587757
			55.7076540740671	-28.4136059587757
			55.7076540740671	-28.4522114016545
			55.6690486311883	-28.4522114016545
			55.6304431883095	-28.4522114016545
			55.5918377454308	-28.4522114016545
			55.553232302552	-28.4522114016545
			55.5146268596732	-28.4522114016545
			55.4760214167944	-28.4522114016545
			55.4374159739157	-28.4908168445333
			55.3988105310369	-28.4908168445333
			55.3602050881581	-28.4908168445333
			55.3215996452794	-28.4908168445333
			55.2829942024006	-28.4908168445333
			55.2443887595218	-28.4908168445333
			55.205783316643	-28.4908168445333
			55.1671778737643	-28.529422287412
			55.1285724308855	-28.529422287412
			55.0899669880067	-28.529422287412
			55.051361545128	-28.529422287412
			55.0127561022492	-28.529422287412
			54.9741506593704	-28.529422287412
			54.9355452164916	-28.5680277302908
			54.8969397736129	-28.5680277302908
			54.8583343307341	-28.5680277302908
			54.8197288878553	-28.5680277302908
			54.7811234449766	-28.5680277302908
			54.7425180020978	-28.5680277302908
			54.703912559219	-28.5680277302908
			54.6653071163402	-28.6066331731696
			54.6267016734615	-28.6066331731696
			54.5880962305827	-28.6066331731696
			54.5494907877039	-28.6066331731696
			54.5108853448252	-28.6066331731696
			54.4722799019464	-28.6066331731696
			54.4336744590676	-28.6066331731696
			54.3950690161888	-28.6452386160483
			54.3564635733101	-28.6452386160483
			54.3178581304313	-28.6452386160483
		</Caudal_anal>
	</curves.scaled>
	<ruler.points type=matrix rownames=TRUE colnames=FALSE nrow=3 ncol=2 as.numeric=TRUE >
		Ruler point 1	1094	847
		Ruler point 2	1224	851
		Ruler point 3	1353	851
	</ruler.points>
</shapes>

