<shapes type=list>
	<ruler.pixel type=vector names=FALSE length=1 as.numeric=TRUE >121.492798115757</ruler.pixel>
	<ruler.interval type=vector names=FALSE length=1 as.numeric=TRUE >5</ruler.interval>
	<scaling.units type=vector names=FALSE length=1 as.numeric=FALSE >mm</scaling.units>
	<scaling type=vector names=FALSE length=1 as.numeric=TRUE >0.0411547028099232</scaling>
	<landmarks.pixel type=matrix rownames=TRUE colnames=FALSE nrow=11 ncol=2 as.numeric=TRUE >
		Anterior_eye	812	574
		Posterior_eye	954	574
		Posterior_Maxilla	1015	673
		Anterior_Maxilla	796	628
		Dorsal_fin_insertion	1330	410
		Adipose_fin_insertion	1722	483
		Dorsal_caudal	1950	502
		Ventral_caudal	1960	635
		Anal_fin_insertion	1572	694
		Pelvic_fin_insertion	1327	673
		Pectoral_fin_insertion	1148	634
	</landmarks.pixel>
	<landmarks.scaled type=matrix rownames=TRUE colnames=FALSE nrow=11 ncol=2 as.numeric=TRUE >
		Anterior_eye	33.4176186816577	-23.6227994128959
		Posterior_eye	39.2615864806668	-23.6227994128959
		Posterior_Maxilla	41.7720233520721	-27.6971149910783
		Anterior_Maxilla	32.7591434366989	-25.8451533646318
		Dorsal_fin_insertion	54.7357547371979	-16.8734281520685
		Adipose_fin_insertion	70.8683982386878	-19.8777214571929
		Dorsal_caudal	80.2516704793503	-20.6596608105815
		Ventral_caudal	80.6632175074496	-26.1332362843013
		Anal_fin_insertion	64.6951928171993	-28.5613637500867
		Pelvic_fin_insertion	54.6122906287682	-27.6971149910783
		Pectoral_fin_insertion	47.2455988257919	-26.0920815814913
	</landmarks.scaled>
	<curves.control type=list>
		<Snout_dorsal type=matrix rownames=FALSE colnames=FALSE nrow=7 ncol=2 as.numeric=TRUE >
			796	628
			761	536
			907	452
			1000	409
			1155	413
			1268	417
			1330	410
		</Snout_dorsal>
		<Dorsal_adipose type=matrix rownames=FALSE colnames=FALSE nrow=5 ncol=2 as.numeric=TRUE >
			1330	410
			1437	442
			1533	470
			1636	487
			1722	483
		</Dorsal_adipose>
		<Adipose_caudal type=matrix rownames=FALSE colnames=FALSE nrow=7 ncol=2 as.numeric=TRUE >
			1722	483
			1756	483
			1773	496
			1863	509
			1894	504
			1938	496
			1950	502
		</Adipose_caudal>
		<Caudal_anal type=matrix rownames=FALSE colnames=FALSE nrow=7 ncol=2 as.numeric=TRUE >
			1960	635
			1944	639
			1905	632
			1858	624
			1772	643
			1702	665
			1572	694
		</Caudal_anal>
	</curves.control>
	<curves.pixel type=list>
		<Snout_dorsal type=matrix rownames=FALSE colnames=FALSE nrow=628 ncol=2 as.numeric=TRUE >
			796	628
			796	627
			795	626
			795	625
			794	624
			794	623
			794	622
			794	621
			793	620
			793	619
			793	618
			792	617
			792	616
			792	615
			792	614
			791	613
			791	612
			791	611
			791	610
			791	609
			790	608
			790	607
			790	606
			790	605
			790	604
			790	603
			790	602
			790	601
			790	600
			789	599
			789	598
			789	597
			789	596
			789	595
			789	594
			789	593
			789	592
			789	591
			789	590
			789	589
			789	588
			789	587
			789	586
			790	585
			790	584
			790	583
			790	582
			790	581
			790	580
			790	579
			790	578
			791	577
			791	576
			791	575
			791	574
			791	573
			792	572
			792	571
			792	570
			792	569
			793	568
			793	567
			793	566
			793	565
			794	564
			794	563
			794	562
			795	561
			795	560
			796	559
			796	558
			796	557
			797	556
			797	555
			797	554
			798	553
			799	552
			799	551
			799	550
			800	549
			801	548
			801	547
			802	546
			802	545
			803	544
			803	543
			804	542
			805	541
			805	540
			806	539
			806	538
			807	537
			808	536
			808	535
			809	534
			810	533
			810	532
			811	531
			812	530
			813	529
			813	528
			814	527
			815	526
			816	525
			816	524
			817	523
			818	522
			819	521
			820	520
			821	519
			821	518
			822	517
			823	516
			824	515
			825	514
			826	513
			827	512
			828	511
			829	510
			830	509
			831	508
			832	507
			833	506
			834	505
			835	504
			836	503
			837	502
			838	501
			839	500
			840	499
			841	498
			842	497
			843	496
			844	495
			845	495
			846	494
			847	493
			848	492
			849	491
			850	490
			851	490
			852	489
			853	488
			854	488
			855	487
			855	486
			856	485
			857	485
			858	484
			859	483
			860	483
			861	482
			862	481
			863	481
			864	480
			865	479
			866	478
			867	478
			868	477
			869	476
			870	476
			871	475
			872	474
			873	474
			874	473
			875	472
			876	472
			877	471
			878	470
			879	469
			880	469
			881	468
			882	467
			883	467
			884	466
			885	465
			886	465
			887	464
			888	463
			889	463
			890	462
			891	462
			892	461
			893	460
			894	460
			895	459
			896	459
			896	458
			897	458
			898	457
			899	457
			900	456
			901	456
			901	455
			902	455
			903	454
			904	454
			905	453
			906	453
			907	452
			908	452
			909	451
			910	451
			911	450
			912	450
			913	449
			914	449
			915	448
			916	448
			917	448
			917	447
			918	447
			919	447
			920	446
			921	446
			922	445
			923	445
			924	445
			925	444
			926	444
			927	443
			928	443
			929	443
			930	442
			931	442
			932	442
			933	441
			934	441
			935	440
			936	440
			937	440
			938	440
			939	439
			940	439
			941	438
			942	438
			943	438
			944	438
			944	437
			945	437
			946	437
			947	437
			947	436
			948	436
			949	436
			950	436
			951	435
			952	435
			953	435
			954	434
			955	434
			956	434
			957	434
			958	433
			959	433
			960	433
			961	433
			962	432
			963	432
			964	432
			965	431
			966	431
			967	431
			968	430
			969	430
			970	430
			971	430
			972	430
			973	429
			974	429
			975	429
			976	429
			977	428
			978	428
			979	428
			980	428
			980	427
			981	427
			982	427
			983	427
			984	427
			985	427
			986	426
			987	426
			988	426
			989	426
			990	425
			991	425
			992	425
			993	425
			994	425
			995	424
			996	424
			997	424
			998	424
			999	424
			1000	423
			1001	423
			1002	423
			1003	423
			1004	423
			1005	423
			1006	422
			1007	422
			1008	422
			1009	422
			1010	422
			1011	422
			1012	421
			1013	421
			1014	421
			1015	421
			1016	421
			1017	421
			1018	420
			1019	420
			1020	420
			1021	420
			1022	420
			1023	420
			1024	419
			1025	419
			1026	419
			1027	419
			1028	419
			1029	419
			1030	419
			1031	419
			1032	418
			1033	418
			1034	418
			1035	418
			1036	418
			1037	418
			1038	418
			1039	418
			1040	417
			1041	417
			1042	417
			1043	417
			1044	417
			1045	417
			1046	417
			1047	417
			1048	417
			1049	416
			1050	416
			1051	416
			1052	416
			1053	416
			1054	416
			1055	416
			1056	416
			1057	416
			1058	416
			1059	416
			1059	415
			1060	415
			1061	415
			1062	415
			1063	415
			1064	415
			1065	415
			1066	415
			1067	415
			1068	415
			1069	415
			1070	415
			1071	415
			1072	415
			1073	414
			1074	414
			1075	414
			1076	414
			1077	414
			1078	414
			1079	414
			1080	414
			1081	414
			1082	414
			1083	414
			1084	414
			1085	414
			1086	414
			1087	414
			1088	414
			1089	414
			1090	413
			1091	413
			1092	413
			1093	413
			1094	413
			1095	413
			1096	413
			1097	413
			1098	413
			1099	413
			1100	413
			1101	413
			1102	413
			1103	413
			1104	413
			1105	413
			1106	413
			1107	413
			1108	413
			1109	413
			1110	413
			1111	413
			1112	413
			1113	413
			1114	413
			1115	413
			1116	413
			1117	413
			1118	413
			1119	413
			1120	413
			1121	413
			1122	413
			1123	413
			1124	413
			1125	413
			1126	413
			1127	413
			1128	413
			1129	413
			1130	413
			1131	413
			1132	413
			1133	413
			1134	413
			1135	413
			1136	413
			1137	413
			1138	413
			1139	413
			1140	413
			1141	413
			1142	413
			1143	413
			1144	413
			1145	413
			1146	413
			1147	413
			1148	413
			1149	413
			1150	413
			1151	413
			1152	413
			1153	413
			1154	413
			1155	413
			1156	413
			1157	413
			1158	413
			1159	413
			1160	413
			1161	413
			1162	413
			1163	413
			1164	413
			1165	413
			1166	413
			1167	413
			1168	413
			1169	413
			1170	414
			1171	414
			1172	414
			1173	414
			1174	414
			1175	414
			1176	414
			1177	414
			1178	414
			1179	414
			1180	414
			1181	414
			1182	414
			1183	414
			1184	414
			1185	414
			1186	414
			1187	414
			1188	414
			1189	414
			1190	414
			1191	414
			1192	414
			1193	414
			1194	414
			1195	414
			1196	414
			1197	414
			1198	414
			1199	414
			1200	414
			1201	414
			1202	414
			1203	414
			1204	414
			1205	414
			1206	414
			1207	414
			1208	414
			1209	414
			1210	414
			1211	414
			1212	414
			1213	414
			1214	414
			1215	414
			1216	414
			1217	414
			1218	414
			1219	414
			1220	414
			1221	414
			1222	414
			1223	414
			1224	414
			1225	414
			1226	414
			1227	414
			1228	414
			1229	414
			1230	414
			1231	414
			1232	414
			1233	414
			1234	414
			1235	414
			1236	414
			1237	414
			1238	414
			1239	414
			1240	414
			1241	414
			1242	414
			1243	414
			1244	414
			1245	414
			1246	414
			1247	414
			1248	414
			1249	414
			1250	414
			1251	414
			1252	414
			1253	414
			1254	414
			1255	414
			1256	414
			1257	414
			1258	414
			1259	414
			1260	414
			1261	414
			1262	414
			1263	414
			1264	414
			1265	414
			1266	414
			1267	414
			1268	414
			1269	414
			1270	414
			1271	414
			1272	414
			1273	414
			1274	414
			1275	414
			1276	414
			1277	414
			1278	414
			1279	414
			1280	414
			1281	414
			1282	413
			1283	413
			1284	413
			1285	413
			1286	413
			1287	413
			1288	413
			1289	413
			1290	413
			1291	413
			1292	413
			1293	413
			1294	413
			1295	413
			1296	413
			1297	413
			1298	413
			1299	413
			1300	413
			1301	413
			1302	412
			1303	412
			1304	412
			1305	412
			1306	412
			1307	412
			1308	412
			1309	412
			1310	412
			1311	412
			1312	412
			1313	412
			1314	412
			1315	411
			1316	411
			1317	411
			1318	411
			1319	411
			1320	411
			1321	411
			1322	411
			1323	411
			1324	411
			1325	410
			1326	410
			1327	410
			1328	410
			1329	410
			1330	410
		</Snout_dorsal>
		<Dorsal_adipose type=matrix rownames=FALSE colnames=FALSE nrow=398 ncol=2 as.numeric=TRUE >
			1330	410
			1331	410
			1332	411
			1333	411
			1334	411
			1335	412
			1336	412
			1337	412
			1338	412
			1339	413
			1340	413
			1341	413
			1342	414
			1343	414
			1344	414
			1345	415
			1346	415
			1347	415
			1348	415
			1349	416
			1350	416
			1351	416
			1352	417
			1353	417
			1354	417
			1355	417
			1355	418
			1356	418
			1357	418
			1358	418
			1359	419
			1360	419
			1361	419
			1362	419
			1363	420
			1364	420
			1365	420
			1366	421
			1367	421
			1368	421
			1369	422
			1370	422
			1371	422
			1372	422
			1373	423
			1374	423
			1375	424
			1376	424
			1377	424
			1378	424
			1379	425
			1380	425
			1381	425
			1382	425
			1383	426
			1384	426
			1385	426
			1386	427
			1387	427
			1388	427
			1389	428
			1390	428
			1391	428
			1392	428
			1393	429
			1394	429
			1395	429
			1396	430
			1397	430
			1398	430
			1399	430
			1400	431
			1401	431
			1402	432
			1403	432
			1404	432
			1405	432
			1406	433
			1407	433
			1408	433
			1409	433
			1410	434
			1411	434
			1412	434
			1413	435
			1414	435
			1415	435
			1416	436
			1417	436
			1418	436
			1419	437
			1420	437
			1421	437
			1422	437
			1423	438
			1424	438
			1425	438
			1426	439
			1427	439
			1428	439
			1429	439
			1430	440
			1431	440
			1432	440
			1433	441
			1434	441
			1435	441
			1436	441
			1437	442
			1438	442
			1439	442
			1440	443
			1441	443
			1442	443
			1443	444
			1444	444
			1445	444
			1446	444
			1446	445
			1447	445
			1448	445
			1449	445
			1450	446
			1451	446
			1452	446
			1453	447
			1454	447
			1455	447
			1456	447
			1457	448
			1458	448
			1459	448
			1460	449
			1461	449
			1462	449
			1463	450
			1464	450
			1465	450
			1466	450
			1467	451
			1468	451
			1469	451
			1470	452
			1471	452
			1472	452
			1473	452
			1474	453
			1475	453
			1476	453
			1477	454
			1478	454
			1479	454
			1480	454
			1481	455
			1482	455
			1483	455
			1484	456
			1485	456
			1486	456
			1487	457
			1488	457
			1489	457
			1490	457
			1491	458
			1492	458
			1493	458
			1494	459
			1495	459
			1496	459
			1497	459
			1498	460
			1499	460
			1500	460
			1501	461
			1502	461
			1503	461
			1504	461
			1504	462
			1505	462
			1506	462
			1507	463
			1508	463
			1509	463
			1510	463
			1511	464
			1512	464
			1513	464
			1514	464
			1515	465
			1516	465
			1517	465
			1518	466
			1519	466
			1520	466
			1521	466
			1522	467
			1523	467
			1524	467
			1525	468
			1526	468
			1527	468
			1528	468
			1529	469
			1530	469
			1531	469
			1531	470
			1532	470
			1533	470
			1534	470
			1535	470
			1536	471
			1537	471
			1538	471
			1539	471
			1540	471
			1541	471
			1542	472
			1543	472
			1544	472
			1545	472
			1546	472
			1547	472
			1548	472
			1549	473
			1550	473
			1551	473
			1552	473
			1553	473
			1554	473
			1555	473
			1556	474
			1557	474
			1558	474
			1559	474
			1560	474
			1561	474
			1562	474
			1563	475
			1564	475
			1565	475
			1566	475
			1567	475
			1568	475
			1569	475
			1570	475
			1571	476
			1572	476
			1573	476
			1574	476
			1575	476
			1576	476
			1577	476
			1578	477
			1579	477
			1580	477
			1581	477
			1582	477
			1583	477
			1584	477
			1585	477
			1586	477
			1587	478
			1588	478
			1589	478
			1590	478
			1591	478
			1592	478
			1593	478
			1594	478
			1595	478
			1595	479
			1596	479
			1597	479
			1598	479
			1599	479
			1600	479
			1601	479
			1602	479
			1603	479
			1604	479
			1605	480
			1606	480
			1607	480
			1608	480
			1609	480
			1610	480
			1611	480
			1612	480
			1613	480
			1614	480
			1615	480
			1616	481
			1617	481
			1618	481
			1619	481
			1620	481
			1621	481
			1622	481
			1623	481
			1624	481
			1625	481
			1626	481
			1627	481
			1628	481
			1629	482
			1630	482
			1631	482
			1632	482
			1633	482
			1634	482
			1635	482
			1636	482
			1637	482
			1638	482
			1639	482
			1640	482
			1641	482
			1642	482
			1643	482
			1644	483
			1645	483
			1646	483
			1647	483
			1648	483
			1649	483
			1650	483
			1651	483
			1652	483
			1653	483
			1654	483
			1655	483
			1656	483
			1657	483
			1658	483
			1659	483
			1660	483
			1661	483
			1662	483
			1663	483
			1664	483
			1665	483
			1666	483
			1667	483
			1668	483
			1669	484
			1670	484
			1671	484
			1672	484
			1673	484
			1674	484
			1675	484
			1676	484
			1677	484
			1678	484
			1679	484
			1680	484
			1681	484
			1682	484
			1683	484
			1684	484
			1685	484
			1686	484
			1687	484
			1688	484
			1689	484
			1690	484
			1691	484
			1692	484
			1693	484
			1694	484
			1695	484
			1696	484
			1697	484
			1698	484
			1699	484
			1700	484
			1701	484
			1702	484
			1703	484
			1704	484
			1705	484
			1706	484
			1707	484
			1708	484
			1709	483
			1710	483
			1711	483
			1712	483
			1713	483
			1714	483
			1715	483
			1716	483
			1717	483
			1718	483
			1719	483
			1720	483
			1721	483
			1722	483
		</Dorsal_adipose>
		<Adipose_caudal type=matrix rownames=FALSE colnames=FALSE nrow=231 ncol=2 as.numeric=TRUE >
			1722	483
			1723	483
			1724	483
			1725	483
			1726	483
			1727	483
			1728	483
			1729	483
			1730	483
			1731	483
			1732	483
			1733	483
			1734	483
			1735	484
			1736	484
			1737	484
			1738	484
			1739	484
			1740	484
			1741	484
			1742	484
			1743	484
			1743	485
			1744	485
			1745	485
			1746	485
			1747	485
			1748	485
			1749	486
			1750	486
			1751	486
			1752	486
			1753	487
			1754	487
			1755	487
			1756	487
			1757	488
			1758	488
			1759	488
			1759	489
			1760	489
			1761	489
			1762	490
			1763	490
			1764	491
			1765	491
			1766	492
			1767	492
			1768	493
			1769	493
			1770	494
			1771	495
			1772	495
			1773	496
			1774	496
			1775	496
			1776	496
			1777	497
			1778	497
			1779	497
			1780	497
			1781	497
			1782	497
			1783	497
			1784	498
			1785	498
			1786	498
			1787	498
			1788	498
			1789	498
			1790	498
			1791	499
			1792	499
			1793	499
			1794	499
			1795	499
			1796	499
			1797	499
			1798	499
			1799	500
			1800	500
			1801	500
			1802	500
			1803	500
			1804	500
			1805	500
			1806	500
			1807	501
			1808	501
			1809	501
			1810	501
			1811	501
			1812	501
			1813	501
			1814	501
			1815	501
			1816	502
			1817	502
			1818	502
			1819	502
			1820	502
			1821	502
			1822	502
			1823	502
			1824	502
			1825	502
			1826	503
			1827	503
			1828	503
			1829	503
			1830	503
			1831	503
			1832	503
			1833	503
			1834	503
			1835	504
			1836	504
			1837	504
			1838	504
			1839	504
			1840	504
			1841	504
			1842	504
			1843	504
			1844	504
			1845	504
			1846	504
			1847	504
			1848	504
			1849	505
			1850	505
			1851	505
			1852	505
			1853	505
			1854	505
			1855	505
			1856	505
			1857	505
			1858	505
			1859	505
			1860	505
			1861	505
			1862	505
			1863	505
			1864	505
			1865	505
			1866	505
			1867	505
			1868	505
			1869	505
			1870	505
			1871	505
			1872	505
			1873	505
			1874	505
			1875	505
			1876	505
			1877	505
			1878	505
			1879	505
			1880	505
			1881	505
			1882	505
			1883	505
			1884	505
			1885	505
			1886	505
			1887	505
			1888	505
			1889	505
			1890	505
			1891	504
			1892	504
			1893	504
			1894	504
			1895	504
			1896	504
			1897	503
			1898	503
			1899	503
			1900	503
			1901	503
			1902	503
			1903	502
			1904	502
			1905	502
			1906	502
			1907	502
			1908	502
			1909	502
			1910	501
			1911	501
			1912	501
			1913	501
			1914	501
			1915	501
			1916	501
			1917	501
			1918	500
			1919	500
			1920	500
			1921	500
			1922	500
			1923	500
			1924	500
			1925	500
			1926	500
			1927	500
			1928	500
			1929	500
			1930	499
			1931	499
			1932	499
			1933	499
			1934	499
			1935	499
			1936	499
			1937	499
			1938	500
			1939	500
			1940	500
			1941	500
			1942	500
			1943	500
			1944	500
			1945	500
			1946	501
			1947	501
			1948	501
			1949	502
			1950	502
		</Adipose_caudal>
		<Caudal_anal type=matrix rownames=FALSE colnames=FALSE nrow=394 ncol=2 as.numeric=TRUE >
			1960	635
			1959	635
			1958	635
			1957	636
			1956	636
			1955	636
			1954	636
			1953	636
			1952	636
			1951	636
			1950	636
			1949	636
			1948	636
			1947	636
			1946	636
			1945	636
			1944	636
			1943	636
			1942	636
			1941	636
			1940	636
			1939	636
			1938	636
			1937	636
			1936	636
			1935	636
			1934	636
			1933	636
			1932	636
			1931	636
			1930	636
			1929	636
			1928	635
			1927	635
			1926	635
			1925	635
			1924	635
			1923	635
			1922	635
			1921	635
			1920	634
			1919	634
			1918	634
			1917	634
			1916	634
			1915	634
			1914	633
			1913	633
			1912	633
			1911	633
			1910	633
			1909	633
			1908	632
			1907	632
			1906	632
			1905	632
			1904	632
			1903	632
			1902	631
			1901	631
			1900	631
			1899	631
			1898	631
			1897	631
			1896	631
			1895	631
			1894	631
			1893	630
			1892	630
			1891	630
			1890	630
			1889	630
			1888	630
			1887	630
			1886	630
			1885	630
			1884	630
			1883	630
			1882	630
			1881	630
			1880	630
			1879	630
			1878	630
			1877	630
			1876	630
			1875	630
			1874	630
			1873	630
			1872	630
			1871	630
			1870	630
			1869	630
			1868	630
			1867	630
			1866	630
			1865	630
			1864	630
			1863	630
			1862	630
			1861	630
			1860	630
			1859	630
			1858	630
			1857	630
			1856	630
			1855	630
			1854	630
			1853	630
			1852	630
			1851	631
			1850	631
			1849	631
			1848	631
			1847	631
			1846	631
			1845	631
			1844	631
			1843	631
			1842	631
			1841	631
			1840	632
			1839	632
			1838	632
			1837	632
			1836	632
			1835	632
			1834	632
			1833	632
			1832	632
			1831	633
			1830	633
			1829	633
			1828	633
			1827	633
			1826	633
			1825	633
			1824	633
			1824	634
			1823	634
			1822	634
			1821	634
			1820	634
			1819	634
			1818	634
			1817	634
			1817	635
			1816	635
			1815	635
			1814	635
			1813	635
			1812	635
			1811	635
			1810	636
			1809	636
			1808	636
			1807	636
			1806	636
			1805	636
			1804	637
			1803	637
			1802	637
			1801	637
			1800	637
			1799	638
			1798	638
			1797	638
			1796	638
			1795	638
			1794	638
			1793	639
			1792	639
			1791	639
			1790	639
			1789	639
			1788	640
			1787	640
			1786	640
			1785	640
			1784	641
			1783	641
			1782	641
			1781	641
			1780	641
			1779	641
			1778	642
			1777	642
			1776	642
			1775	642
			1774	643
			1773	643
			1772	643
			1771	643
			1770	643
			1770	644
			1769	644
			1768	644
			1767	644
			1767	645
			1766	645
			1765	645
			1764	645
			1763	646
			1762	646
			1761	646
			1760	647
			1759	647
			1758	647
			1757	648
			1756	648
			1755	648
			1754	649
			1753	649
			1752	649
			1751	649
			1750	650
			1749	650
			1748	650
			1747	651
			1746	651
			1745	651
			1744	651
			1743	652
			1742	652
			1741	652
			1740	653
			1739	653
			1738	653
			1737	653
			1736	654
			1735	654
			1734	654
			1733	655
			1732	655
			1731	655
			1730	655
			1729	656
			1728	656
			1727	656
			1726	656
			1725	657
			1724	657
			1723	657
			1722	657
			1721	658
			1720	658
			1719	658
			1718	659
			1717	659
			1716	659
			1715	659
			1714	660
			1713	660
			1712	660
			1711	661
			1710	661
			1709	661
			1708	661
			1707	662
			1706	662
			1705	662
			1704	662
			1703	663
			1702	663
			1701	663
			1700	663
			1699	664
			1698	664
			1697	664
			1696	664
			1695	665
			1694	665
			1693	665
			1692	665
			1691	666
			1690	666
			1689	666
			1688	666
			1687	667
			1686	667
			1685	667
			1684	667
			1683	668
			1682	668
			1681	668
			1680	668
			1679	669
			1678	669
			1677	669
			1676	669
			1675	670
			1674	670
			1673	670
			1672	670
			1671	671
			1670	671
			1669	671
			1668	671
			1667	672
			1666	672
			1665	672
			1664	673
			1663	673
			1662	673
			1661	673
			1660	674
			1659	674
			1658	674
			1657	674
			1656	675
			1655	675
			1654	675
			1653	675
			1652	675
			1651	676
			1650	676
			1649	676
			1648	676
			1648	677
			1647	677
			1646	677
			1645	677
			1644	677
			1643	678
			1642	678
			1641	678
			1640	678
			1639	679
			1638	679
			1637	679
			1636	679
			1635	679
			1634	680
			1633	680
			1632	680
			1631	680
			1630	681
			1629	681
			1628	681
			1627	681
			1626	682
			1625	682
			1624	682
			1623	682
			1622	682
			1621	683
			1620	683
			1619	683
			1618	683
			1617	684
			1616	684
			1615	684
			1614	684
			1613	685
			1612	685
			1611	685
			1610	685
			1609	686
			1608	686
			1607	686
			1606	686
			1605	686
			1604	687
			1603	687
			1602	687
			1601	687
			1600	688
			1599	688
			1598	688
			1597	688
			1596	689
			1595	689
			1594	689
			1593	689
			1592	690
			1591	690
			1590	690
			1589	690
			1588	690
			1587	691
			1586	691
			1585	691
			1584	691
			1583	692
			1582	692
			1581	692
			1580	692
			1579	692
			1578	693
			1577	693
			1576	693
			1575	693
			1574	693
			1573	694
			1572	694
		</Caudal_anal>
	</curves.pixel>
	<curves.scaled type=list>
		<Snout_dorsal type=matrix rownames=FALSE colnames=FALSE nrow=628 ncol=2 as.numeric=TRUE >
			32.7591434366989	-25.8451533646318
			32.7591434366989	-25.8039986618219
			32.717988733889	-25.762843959012
			32.717988733889	-25.721689256202
			32.6768340310791	-25.6805345533921
			32.6768340310791	-25.6393798505822
			32.6768340310791	-25.5982251477723
			32.6768340310791	-25.5570704449623
			32.6356793282691	-25.5159157421524
			32.6356793282691	-25.4747610393425
			32.6356793282691	-25.4336063365326
			32.5945246254592	-25.3924516337226
			32.5945246254592	-25.3512969309127
			32.5945246254592	-25.3101422281028
			32.5945246254592	-25.2689875252929
			32.5533699226493	-25.227832822483
			32.5533699226493	-25.186678119673
			32.5533699226493	-25.1455234168631
			32.5533699226493	-25.1043687140532
			32.5533699226493	-25.0632140112433
			32.5122152198394	-25.0220593084333
			32.5122152198394	-24.9809046056234
			32.5122152198394	-24.9397499028135
			32.5122152198394	-24.8985952000036
			32.5122152198394	-24.8574404971936
			32.5122152198394	-24.8162857943837
			32.5122152198394	-24.7751310915738
			32.5122152198394	-24.7339763887639
			32.5122152198394	-24.6928216859539
			32.4710605170294	-24.651666983144
			32.4710605170294	-24.6105122803341
			32.4710605170294	-24.5693575775242
			32.4710605170294	-24.5282028747143
			32.4710605170294	-24.4870481719043
			32.4710605170294	-24.4458934690944
			32.4710605170294	-24.4047387662845
			32.4710605170294	-24.3635840634746
			32.4710605170294	-24.3224293606646
			32.4710605170294	-24.2812746578547
			32.4710605170294	-24.2401199550448
			32.4710605170294	-24.1989652522349
			32.4710605170294	-24.1578105494249
			32.4710605170294	-24.116655846615
			32.5122152198394	-24.0755011438051
			32.5122152198394	-24.0343464409952
			32.5122152198394	-23.9931917381853
			32.5122152198394	-23.9520370353753
			32.5122152198394	-23.9108823325654
			32.5122152198394	-23.8697276297555
			32.5122152198394	-23.8285729269456
			32.5122152198394	-23.7874182241356
			32.5533699226493	-23.7462635213257
			32.5533699226493	-23.7051088185158
			32.5533699226493	-23.6639541157059
			32.5533699226493	-23.6227994128959
			32.5533699226493	-23.581644710086
			32.5945246254592	-23.5404900072761
			32.5945246254592	-23.4993353044662
			32.5945246254592	-23.4581806016563
			32.5945246254592	-23.4170258988463
			32.6356793282691	-23.3758711960364
			32.6356793282691	-23.3347164932265
			32.6356793282691	-23.2935617904166
			32.6356793282691	-23.2524070876066
			32.6768340310791	-23.2112523847967
			32.6768340310791	-23.1700976819868
			32.6768340310791	-23.1289429791769
			32.717988733889	-23.0877882763669
			32.717988733889	-23.046633573557
			32.7591434366989	-23.0054788707471
			32.7591434366989	-22.9643241679372
			32.7591434366989	-22.9231694651272
			32.8002981395088	-22.8820147623173
			32.8002981395088	-22.8408600595074
			32.8002981395088	-22.7997053566975
			32.8414528423188	-22.7585506538876
			32.8826075451287	-22.7173959510776
			32.8826075451287	-22.6762412482677
			32.8826075451287	-22.6350865454578
			32.9237622479386	-22.5939318426479
			32.9649169507485	-22.5527771398379
			32.9649169507485	-22.511622437028
			33.0060716535584	-22.4704677342181
			33.0060716535584	-22.4293130314082
			33.0472263563684	-22.3881583285982
			33.0472263563684	-22.3470036257883
			33.0883810591783	-22.3058489229784
			33.1295357619882	-22.2646942201685
			33.1295357619882	-22.2235395173586
			33.1706904647981	-22.1823848145486
			33.1706904647981	-22.1412301117387
			33.2118451676081	-22.1000754089288
			33.252999870418	-22.0589207061189
			33.252999870418	-22.0177660033089
			33.2941545732279	-21.976611300499
			33.3353092760378	-21.9354565976891
			33.3353092760378	-21.8943018948792
			33.3764639788478	-21.8531471920692
			33.4176186816577	-21.8119924892593
			33.4587733844676	-21.7708377864494
			33.4587733844676	-21.7296830836395
			33.4999280872775	-21.6885283808296
			33.5410827900874	-21.6473736780196
			33.5822374928974	-21.6062189752097
			33.5822374928974	-21.5650642723998
			33.6233921957073	-21.5239095695899
			33.6645468985172	-21.4827548667799
			33.7057016013271	-21.44160016397
			33.7468563041371	-21.4004454611601
			33.788011006947	-21.3592907583502
			33.788011006947	-21.3181360555402
			33.8291657097569	-21.2769813527303
			33.8703204125668	-21.2358266499204
			33.9114751153768	-21.1946719471105
			33.9526298181867	-21.1535172443005
			33.9937845209966	-21.1123625414906
			34.0349392238065	-21.0712078386807
			34.0760939266165	-21.0300531358708
			34.1172486294264	-20.9888984330609
			34.1584033322363	-20.9477437302509
			34.1995580350462	-20.906589027441
			34.2407127378561	-20.8654343246311
			34.2818674406661	-20.8242796218212
			34.323022143476	-20.7831249190112
			34.3641768462859	-20.7419702162013
			34.4053315490958	-20.7008155133914
			34.4464862519058	-20.6596608105815
			34.4876409547157	-20.6185061077715
			34.5287956575256	-20.5773514049616
			34.5699503603355	-20.5361967021517
			34.6111050631455	-20.4950419993418
			34.6522597659554	-20.4538872965319
			34.6934144687653	-20.4127325937219
			34.7345691715752	-20.371577890912
			34.7757238743851	-20.371577890912
			34.8168785771951	-20.3304231881021
			34.858033280005	-20.2892684852922
			34.8991879828149	-20.2481137824822
			34.9403426856248	-20.2069590796723
			34.9814973884348	-20.1658043768624
			35.0226520912447	-20.1658043768624
			35.0638067940546	-20.1246496740525
			35.1049614968645	-20.0834949712425
			35.1461161996745	-20.0834949712425
			35.1872709024844	-20.0423402684326
			35.1872709024844	-20.0011855656227
			35.2284256052943	-19.9600308628128
			35.2695803081042	-19.9600308628128
			35.3107350109141	-19.9188761600029
			35.3518897137241	-19.8777214571929
			35.393044416534	-19.8777214571929
			35.4341991193439	-19.836566754383
			35.4753538221538	-19.7954120515731
			35.5165085249638	-19.7954120515731
			35.5576632277737	-19.7542573487632
			35.5988179305836	-19.7131026459532
			35.6399726333935	-19.6719479431433
			35.6811273362035	-19.6719479431433
			35.7222820390134	-19.6307932403334
			35.7634367418233	-19.5896385375235
			35.8045914446332	-19.5896385375235
			35.8457461474432	-19.5484838347135
			35.8869008502531	-19.5073291319036
			35.928055553063	-19.5073291319036
			35.9692102558729	-19.4661744290937
			36.0103649586828	-19.4250197262838
			36.0515196614928	-19.4250197262838
			36.0926743643027	-19.3838650234738
			36.1338290671126	-19.3427103206639
			36.1749837699225	-19.301555617854
			36.2161384727325	-19.301555617854
			36.2572931755424	-19.2604009150441
			36.2984478783523	-19.2192462122342
			36.3396025811622	-19.2192462122342
			36.3807572839722	-19.1780915094242
			36.4219119867821	-19.1369368066143
			36.463066689592	-19.1369368066143
			36.5042213924019	-19.0957821038044
			36.5453760952118	-19.0546274009945
			36.5865307980218	-19.0546274009945
			36.6276855008317	-19.0134726981845
			36.6688402036416	-19.0134726981845
			36.7099949064515	-18.9723179953746
			36.7511496092615	-18.9311632925647
			36.7923043120714	-18.9311632925647
			36.8334590148813	-18.8900085897548
			36.8746137176912	-18.8900085897548
			36.8746137176912	-18.8488538869448
			36.9157684205012	-18.8488538869448
			36.9569231233111	-18.8076991841349
			36.998077826121	-18.8076991841349
			37.0392325289309	-18.766544481325
			37.0803872317408	-18.766544481325
			37.0803872317408	-18.7253897785151
			37.1215419345508	-18.7253897785151
			37.1626966373607	-18.6842350757052
			37.2038513401706	-18.6842350757052
			37.2450060429805	-18.6430803728952
			37.2861607457905	-18.6430803728952
			37.3273154486004	-18.6019256700853
			37.3684701514103	-18.6019256700853
			37.4096248542202	-18.5607709672754
			37.4507795570302	-18.5607709672754
			37.4919342598401	-18.5196162644655
			37.53308896265	-18.5196162644655
			37.5742436654599	-18.4784615616555
			37.6153983682699	-18.4784615616555
			37.6565530710798	-18.4373068588456
			37.6977077738897	-18.4373068588456
			37.7388624766996	-18.4373068588456
			37.7388624766996	-18.3961521560357
			37.7800171795095	-18.3961521560357
			37.8211718823195	-18.3961521560357
			37.8623265851294	-18.3549974532258
			37.9034812879393	-18.3549974532258
			37.9446359907492	-18.3138427504158
			37.9857906935592	-18.3138427504158
			38.0269453963691	-18.3138427504158
			38.068100099179	-18.2726880476059
			38.1092548019889	-18.2726880476059
			38.1504095047989	-18.231533344796
			38.1915642076088	-18.231533344796
			38.2327189104187	-18.231533344796
			38.2738736132286	-18.1903786419861
			38.3150283160385	-18.1903786419861
			38.3561830188485	-18.1903786419861
			38.3973377216584	-18.1492239391762
			38.4384924244683	-18.1492239391762
			38.4796471272782	-18.1080692363662
			38.5208018300882	-18.1080692363662
			38.5619565328981	-18.1080692363662
			38.603111235708	-18.1080692363662
			38.6442659385179	-18.0669145335563
			38.6854206413279	-18.0669145335563
			38.7265753441378	-18.0257598307464
			38.7677300469477	-18.0257598307464
			38.8088847497576	-18.0257598307464
			38.8500394525675	-18.0257598307464
			38.8500394525675	-17.9846051279365
			38.8911941553775	-17.9846051279365
			38.9323488581874	-17.9846051279365
			38.9735035609973	-17.9846051279365
			38.9735035609973	-17.9434504251265
			39.0146582638072	-17.9434504251265
			39.0558129666172	-17.9434504251265
			39.0969676694271	-17.9434504251265
			39.138122372237	-17.9022957223166
			39.1792770750469	-17.9022957223166
			39.2204317778569	-17.9022957223166
			39.2615864806668	-17.8611410195067
			39.3027411834767	-17.8611410195067
			39.3438958862866	-17.8611410195067
			39.3850505890966	-17.8611410195067
			39.4262052919065	-17.8199863166968
			39.4673599947164	-17.8199863166968
			39.5085146975263	-17.8199863166968
			39.5496694003362	-17.8199863166968
			39.5908241031462	-17.7788316138868
			39.6319788059561	-17.7788316138868
			39.673133508766	-17.7788316138868
			39.7142882115759	-17.7376769110769
			39.7554429143859	-17.7376769110769
			39.7965976171958	-17.7376769110769
			39.8377523200057	-17.696522208267
			39.8789070228156	-17.696522208267
			39.9200617256256	-17.696522208267
			39.9612164284355	-17.696522208267
			40.0023711312454	-17.696522208267
			40.0435258340553	-17.6553675054571
			40.0846805368652	-17.6553675054571
			40.1258352396752	-17.6553675054571
			40.1669899424851	-17.6553675054571
			40.208144645295	-17.6142128026471
			40.2492993481049	-17.6142128026471
			40.2904540509149	-17.6142128026471
			40.3316087537248	-17.6142128026471
			40.3316087537248	-17.5730580998372
			40.3727634565347	-17.5730580998372
			40.4139181593446	-17.5730580998372
			40.4550728621546	-17.5730580998372
			40.4962275649645	-17.5730580998372
			40.5373822677744	-17.5730580998372
			40.5785369705843	-17.5319033970273
			40.6196916733942	-17.5319033970273
			40.6608463762042	-17.5319033970273
			40.7020010790141	-17.5319033970273
			40.743155781824	-17.4907486942174
			40.7843104846339	-17.4907486942174
			40.8254651874439	-17.4907486942174
			40.8666198902538	-17.4907486942174
			40.9077745930637	-17.4907486942174
			40.9489292958736	-17.4495939914075
			40.9900839986836	-17.4495939914075
			41.0312387014935	-17.4495939914075
			41.0723934043034	-17.4495939914075
			41.1135481071133	-17.4495939914075
			41.1547028099233	-17.4084392885975
			41.1958575127332	-17.4084392885975
			41.2370122155431	-17.4084392885975
			41.278166918353	-17.4084392885975
			41.3193216211629	-17.4084392885975
			41.3604763239729	-17.4084392885975
			41.4016310267828	-17.3672845857876
			41.4427857295927	-17.3672845857876
			41.4839404324026	-17.3672845857876
			41.5250951352126	-17.3672845857876
			41.5662498380225	-17.3672845857876
			41.6074045408324	-17.3672845857876
			41.6485592436423	-17.3261298829777
			41.6897139464523	-17.3261298829777
			41.7308686492622	-17.3261298829777
			41.7720233520721	-17.3261298829777
			41.813178054882	-17.3261298829777
			41.8543327576919	-17.3261298829777
			41.8954874605019	-17.2849751801678
			41.9366421633118	-17.2849751801678
			41.9777968661217	-17.2849751801678
			42.0189515689316	-17.2849751801678
			42.0601062717416	-17.2849751801678
			42.1012609745515	-17.2849751801678
			42.1424156773614	-17.2438204773578
			42.1835703801713	-17.2438204773578
			42.2247250829813	-17.2438204773578
			42.2658797857912	-17.2438204773578
			42.3070344886011	-17.2438204773578
			42.348189191411	-17.2438204773578
			42.3893438942209	-17.2438204773578
			42.4304985970309	-17.2438204773578
			42.4716532998408	-17.2026657745479
			42.5128080026507	-17.2026657745479
			42.5539627054606	-17.2026657745479
			42.5951174082706	-17.2026657745479
			42.6362721110805	-17.2026657745479
			42.6774268138904	-17.2026657745479
			42.7185815167003	-17.2026657745479
			42.7597362195103	-17.2026657745479
			42.8008909223202	-17.161511071738
			42.8420456251301	-17.161511071738
			42.88320032794	-17.161511071738
			42.92435503075	-17.161511071738
			42.9655097335599	-17.161511071738
			43.0066644363698	-17.161511071738
			43.0478191391797	-17.161511071738
			43.0889738419896	-17.161511071738
			43.1301285447996	-17.161511071738
			43.1712832476095	-17.1203563689281
			43.2124379504194	-17.1203563689281
			43.2535926532293	-17.1203563689281
			43.2947473560393	-17.1203563689281
			43.3359020588492	-17.1203563689281
			43.3770567616591	-17.1203563689281
			43.418211464469	-17.1203563689281
			43.459366167279	-17.1203563689281
			43.5005208700889	-17.1203563689281
			43.5416755728988	-17.1203563689281
			43.5828302757087	-17.1203563689281
			43.5828302757087	-17.0792016661181
			43.6239849785186	-17.0792016661181
			43.6651396813286	-17.0792016661181
			43.7062943841385	-17.0792016661181
			43.7474490869484	-17.0792016661181
			43.7886037897583	-17.0792016661181
			43.8297584925683	-17.0792016661181
			43.8709131953782	-17.0792016661181
			43.9120678981881	-17.0792016661181
			43.953222600998	-17.0792016661181
			43.994377303808	-17.0792016661181
			44.0355320066179	-17.0792016661181
			44.0766867094278	-17.0792016661181
			44.1178414122377	-17.0792016661181
			44.1589961150476	-17.0380469633082
			44.2001508178576	-17.0380469633082
			44.2413055206675	-17.0380469633082
			44.2824602234774	-17.0380469633082
			44.3236149262873	-17.0380469633082
			44.3647696290973	-17.0380469633082
			44.4059243319072	-17.0380469633082
			44.4470790347171	-17.0380469633082
			44.488233737527	-17.0380469633082
			44.529388440337	-17.0380469633082
			44.5705431431469	-17.0380469633082
			44.6116978459568	-17.0380469633082
			44.6528525487667	-17.0380469633082
			44.6940072515767	-17.0380469633082
			44.7351619543866	-17.0380469633082
			44.7763166571965	-17.0380469633082
			44.8174713600064	-17.0380469633082
			44.8586260628163	-16.9968922604983
			44.8997807656263	-16.9968922604983
			44.9409354684362	-16.9968922604983
			44.9820901712461	-16.9968922604983
			45.023244874056	-16.9968922604983
			45.064399576866	-16.9968922604983
			45.1055542796759	-16.9968922604983
			45.1467089824858	-16.9968922604983
			45.1878636852957	-16.9968922604983
			45.2290183881057	-16.9968922604983
			45.2701730909156	-16.9968922604983
			45.3113277937255	-16.9968922604983
			45.3524824965354	-16.9968922604983
			45.3936371993453	-16.9968922604983
			45.4347919021553	-16.9968922604983
			45.4759466049652	-16.9968922604983
			45.5171013077751	-16.9968922604983
			45.558256010585	-16.9968922604983
			45.599410713395	-16.9968922604983
			45.6405654162049	-16.9968922604983
			45.6817201190148	-16.9968922604983
			45.7228748218247	-16.9968922604983
			45.7640295246347	-16.9968922604983
			45.8051842274446	-16.9968922604983
			45.8463389302545	-16.9968922604983
			45.8874936330644	-16.9968922604983
			45.9286483358743	-16.9968922604983
			45.9698030386843	-16.9968922604983
			46.0109577414942	-16.9968922604983
			46.0521124443041	-16.9968922604983
			46.093267147114	-16.9968922604983
			46.134421849924	-16.9968922604983
			46.1755765527339	-16.9968922604983
			46.2167312555438	-16.9968922604983
			46.2578859583537	-16.9968922604983
			46.2990406611637	-16.9968922604983
			46.3401953639736	-16.9968922604983
			46.3813500667835	-16.9968922604983
			46.4225047695934	-16.9968922604983
			46.4636594724034	-16.9968922604983
			46.5048141752133	-16.9968922604983
			46.5459688780232	-16.9968922604983
			46.5871235808331	-16.9968922604983
			46.628278283643	-16.9968922604983
			46.669432986453	-16.9968922604983
			46.7105876892629	-16.9968922604983
			46.7517423920728	-16.9968922604983
			46.7928970948827	-16.9968922604983
			46.8340517976927	-16.9968922604983
			46.8752065005026	-16.9968922604983
			46.9163612033125	-16.9968922604983
			46.9575159061224	-16.9968922604983
			46.9986706089324	-16.9968922604983
			47.0398253117423	-16.9968922604983
			47.0809800145522	-16.9968922604983
			47.1221347173621	-16.9968922604983
			47.163289420172	-16.9968922604983
			47.204444122982	-16.9968922604983
			47.2455988257919	-16.9968922604983
			47.2867535286018	-16.9968922604983
			47.3279082314117	-16.9968922604983
			47.3690629342217	-16.9968922604983
			47.4102176370316	-16.9968922604983
			47.4513723398415	-16.9968922604983
			47.4925270426514	-16.9968922604983
			47.5336817454614	-16.9968922604983
			47.5748364482713	-16.9968922604983
			47.6159911510812	-16.9968922604983
			47.6571458538911	-16.9968922604983
			47.698300556701	-16.9968922604983
			47.739455259511	-16.9968922604983
			47.7806099623209	-16.9968922604983
			47.8217646651308	-16.9968922604983
			47.8629193679407	-16.9968922604983
			47.9040740707507	-16.9968922604983
			47.9452287735606	-16.9968922604983
			47.9863834763705	-16.9968922604983
			48.0275381791804	-16.9968922604983
			48.0686928819904	-16.9968922604983
			48.1098475848003	-16.9968922604983
			48.1510022876102	-17.0380469633082
			48.1921569904201	-17.0380469633082
			48.23331169323	-17.0380469633082
			48.27446639604	-17.0380469633082
			48.3156210988499	-17.0380469633082
			48.3567758016598	-17.0380469633082
			48.3979305044697	-17.0380469633082
			48.4390852072797	-17.0380469633082
			48.4802399100896	-17.0380469633082
			48.5213946128995	-17.0380469633082
			48.5625493157094	-17.0380469633082
			48.6037040185194	-17.0380469633082
			48.6448587213293	-17.0380469633082
			48.6860134241392	-17.0380469633082
			48.7271681269491	-17.0380469633082
			48.7683228297591	-17.0380469633082
			48.809477532569	-17.0380469633082
			48.8506322353789	-17.0380469633082
			48.8917869381888	-17.0380469633082
			48.9329416409987	-17.0380469633082
			48.9740963438087	-17.0380469633082
			49.0152510466186	-17.0380469633082
			49.0564057494285	-17.0380469633082
			49.0975604522384	-17.0380469633082
			49.1387151550484	-17.0380469633082
			49.1798698578583	-17.0380469633082
			49.2210245606682	-17.0380469633082
			49.2621792634781	-17.0380469633082
			49.3033339662881	-17.0380469633082
			49.344488669098	-17.0380469633082
			49.3856433719079	-17.0380469633082
			49.4267980747178	-17.0380469633082
			49.4679527775277	-17.0380469633082
			49.5091074803377	-17.0380469633082
			49.5502621831476	-17.0380469633082
			49.5914168859575	-17.0380469633082
			49.6325715887674	-17.0380469633082
			49.6737262915774	-17.0380469633082
			49.7148809943873	-17.0380469633082
			49.7560356971972	-17.0380469633082
			49.7971904000071	-17.0380469633082
			49.8383451028171	-17.0380469633082
			49.879499805627	-17.0380469633082
			49.9206545084369	-17.0380469633082
			49.9618092112468	-17.0380469633082
			50.0029639140567	-17.0380469633082
			50.0441186168667	-17.0380469633082
			50.0852733196766	-17.0380469633082
			50.1264280224865	-17.0380469633082
			50.1675827252964	-17.0380469633082
			50.2087374281064	-17.0380469633082
			50.2498921309163	-17.0380469633082
			50.2910468337262	-17.0380469633082
			50.3322015365361	-17.0380469633082
			50.3733562393461	-17.0380469633082
			50.414510942156	-17.0380469633082
			50.4556656449659	-17.0380469633082
			50.4968203477758	-17.0380469633082
			50.5379750505858	-17.0380469633082
			50.5791297533957	-17.0380469633082
			50.6202844562056	-17.0380469633082
			50.6614391590155	-17.0380469633082
			50.7025938618254	-17.0380469633082
			50.7437485646354	-17.0380469633082
			50.7849032674453	-17.0380469633082
			50.8260579702552	-17.0380469633082
			50.8672126730651	-17.0380469633082
			50.9083673758751	-17.0380469633082
			50.949522078685	-17.0380469633082
			50.9906767814949	-17.0380469633082
			51.0318314843048	-17.0380469633082
			51.0729861871148	-17.0380469633082
			51.1141408899247	-17.0380469633082
			51.1552955927346	-17.0380469633082
			51.1964502955445	-17.0380469633082
			51.2376049983544	-17.0380469633082
			51.2787597011644	-17.0380469633082
			51.3199144039743	-17.0380469633082
			51.3610691067842	-17.0380469633082
			51.4022238095941	-17.0380469633082
			51.4433785124041	-17.0380469633082
			51.484533215214	-17.0380469633082
			51.5256879180239	-17.0380469633082
			51.5668426208338	-17.0380469633082
			51.6079973236438	-17.0380469633082
			51.6491520264537	-17.0380469633082
			51.6903067292636	-17.0380469633082
			51.7314614320735	-17.0380469633082
			51.7726161348834	-17.0380469633082
			51.8137708376934	-17.0380469633082
			51.8549255405033	-17.0380469633082
			51.8960802433132	-17.0380469633082
			51.9372349461231	-17.0380469633082
			51.9783896489331	-17.0380469633082
			52.019544351743	-17.0380469633082
			52.0606990545529	-17.0380469633082
			52.1018537573628	-17.0380469633082
			52.1430084601728	-17.0380469633082
			52.1841631629827	-17.0380469633082
			52.2253178657926	-17.0380469633082
			52.2664725686025	-17.0380469633082
			52.3076272714124	-17.0380469633082
			52.3487819742224	-17.0380469633082
			52.3899366770323	-17.0380469633082
			52.4310913798422	-17.0380469633082
			52.4722460826521	-17.0380469633082
			52.5134007854621	-17.0380469633082
			52.554555488272	-17.0380469633082
			52.5957101910819	-17.0380469633082
			52.6368648938918	-17.0380469633082
			52.6780195967018	-17.0380469633082
			52.7191742995117	-17.0380469633082
			52.7603290023216	-16.9968922604983
			52.8014837051315	-16.9968922604983
			52.8426384079415	-16.9968922604983
			52.8837931107514	-16.9968922604983
			52.9249478135613	-16.9968922604983
			52.9661025163712	-16.9968922604983
			53.0072572191811	-16.9968922604983
			53.0484119219911	-16.9968922604983
			53.089566624801	-16.9968922604983
			53.1307213276109	-16.9968922604983
			53.1718760304208	-16.9968922604983
			53.2130307332308	-16.9968922604983
			53.2541854360407	-16.9968922604983
			53.2953401388506	-16.9968922604983
			53.3364948416605	-16.9968922604983
			53.3776495444705	-16.9968922604983
			53.4188042472804	-16.9968922604983
			53.4599589500903	-16.9968922604983
			53.5011136529002	-16.9968922604983
			53.5422683557101	-16.9968922604983
			53.5834230585201	-16.9557375576884
			53.62457776133	-16.9557375576884
			53.6657324641399	-16.9557375576884
			53.7068871669498	-16.9557375576884
			53.7480418697598	-16.9557375576884
			53.7891965725697	-16.9557375576884
			53.8303512753796	-16.9557375576884
			53.8715059781895	-16.9557375576884
			53.9126606809995	-16.9557375576884
			53.9538153838094	-16.9557375576884
			53.9949700866193	-16.9557375576884
			54.0361247894292	-16.9557375576884
			54.0772794922391	-16.9557375576884
			54.1184341950491	-16.9145828548785
			54.159588897859	-16.9145828548785
			54.2007436006689	-16.9145828548785
			54.2418983034788	-16.9145828548785
			54.2830530062888	-16.9145828548785
			54.3242077090987	-16.9145828548785
			54.3653624119086	-16.9145828548785
			54.4065171147185	-16.9145828548785
			54.4476718175285	-16.9145828548785
			54.4888265203384	-16.9145828548785
			54.5299812231483	-16.8734281520685
			54.5711359259582	-16.8734281520685
			54.6122906287682	-16.8734281520685
			54.6534453315781	-16.8734281520685
			54.694600034388	-16.8734281520685
			54.7357547371979	-16.8734281520685
		</Snout_dorsal>
		<Dorsal_adipose type=matrix rownames=FALSE colnames=FALSE nrow=398 ncol=2 as.numeric=TRUE >
			54.7357547371979	-16.8734281520685
			54.7769094400078	-16.8734281520685
			54.8180641428178	-16.9145828548785
			54.8592188456277	-16.9145828548785
			54.9003735484376	-16.9145828548785
			54.9415282512475	-16.9557375576884
			54.9826829540575	-16.9557375576884
			55.0238376568674	-16.9557375576884
			55.0649923596773	-16.9557375576884
			55.1061470624872	-16.9968922604983
			55.1473017652972	-16.9968922604983
			55.1884564681071	-16.9968922604983
			55.229611170917	-17.0380469633082
			55.2707658737269	-17.0380469633082
			55.3119205765368	-17.0380469633082
			55.3530752793468	-17.0792016661181
			55.3942299821567	-17.0792016661181
			55.4353846849666	-17.0792016661181
			55.4765393877765	-17.0792016661181
			55.5176940905865	-17.1203563689281
			55.5588487933964	-17.1203563689281
			55.6000034962063	-17.1203563689281
			55.6411581990162	-17.161511071738
			55.6823129018262	-17.161511071738
			55.7234676046361	-17.161511071738
			55.764622307446	-17.161511071738
			55.764622307446	-17.2026657745479
			55.8057770102559	-17.2026657745479
			55.8469317130658	-17.2026657745479
			55.8880864158758	-17.2026657745479
			55.9292411186857	-17.2438204773578
			55.9703958214956	-17.2438204773578
			56.0115505243055	-17.2438204773578
			56.0527052271155	-17.2438204773578
			56.0938599299254	-17.2849751801678
			56.1350146327353	-17.2849751801678
			56.1761693355452	-17.2849751801678
			56.2173240383552	-17.3261298829777
			56.2584787411651	-17.3261298829777
			56.299633443975	-17.3261298829777
			56.3407881467849	-17.3672845857876
			56.3819428495949	-17.3672845857876
			56.4230975524048	-17.3672845857876
			56.4642522552147	-17.3672845857876
			56.5054069580246	-17.4084392885975
			56.5465616608345	-17.4084392885975
			56.5877163636445	-17.4495939914075
			56.6288710664544	-17.4495939914075
			56.6700257692643	-17.4495939914075
			56.7111804720742	-17.4495939914075
			56.7523351748842	-17.4907486942174
			56.7934898776941	-17.4907486942174
			56.834644580504	-17.4907486942174
			56.8757992833139	-17.4907486942174
			56.9169539861239	-17.5319033970273
			56.9581086889338	-17.5319033970273
			56.9992633917437	-17.5319033970273
			57.0404180945536	-17.5730580998372
			57.0815727973635	-17.5730580998372
			57.1227275001735	-17.5730580998372
			57.1638822029834	-17.6142128026471
			57.2050369057933	-17.6142128026471
			57.2461916086032	-17.6142128026471
			57.2873463114132	-17.6142128026471
			57.3285010142231	-17.6553675054571
			57.369655717033	-17.6553675054571
			57.4108104198429	-17.6553675054571
			57.4519651226529	-17.696522208267
			57.4931198254628	-17.696522208267
			57.5342745282727	-17.696522208267
			57.5754292310826	-17.696522208267
			57.6165839338925	-17.7376769110769
			57.6577386367025	-17.7376769110769
			57.6988933395124	-17.7788316138868
			57.7400480423223	-17.7788316138868
			57.7812027451322	-17.7788316138868
			57.8223574479422	-17.7788316138868
			57.8635121507521	-17.8199863166968
			57.904666853562	-17.8199863166968
			57.9458215563719	-17.8199863166968
			57.9869762591819	-17.8199863166968
			58.0281309619918	-17.8611410195067
			58.0692856648017	-17.8611410195067
			58.1104403676116	-17.8611410195067
			58.1515950704215	-17.9022957223166
			58.1927497732315	-17.9022957223166
			58.2339044760414	-17.9022957223166
			58.2750591788513	-17.9434504251265
			58.3162138816612	-17.9434504251265
			58.3573685844712	-17.9434504251265
			58.3985232872811	-17.9846051279365
			58.439677990091	-17.9846051279365
			58.4808326929009	-17.9846051279365
			58.5219873957109	-17.9846051279365
			58.5631420985208	-18.0257598307464
			58.6042968013307	-18.0257598307464
			58.6454515041406	-18.0257598307464
			58.6866062069506	-18.0669145335563
			58.7277609097605	-18.0669145335563
			58.7689156125704	-18.0669145335563
			58.8100703153803	-18.0669145335563
			58.8512250181902	-18.1080692363662
			58.8923797210002	-18.1080692363662
			58.9335344238101	-18.1080692363662
			58.97468912662	-18.1492239391762
			59.0158438294299	-18.1492239391762
			59.0569985322399	-18.1492239391762
			59.0981532350498	-18.1492239391762
			59.1393079378597	-18.1903786419861
			59.1804626406696	-18.1903786419861
			59.2216173434796	-18.1903786419861
			59.2627720462895	-18.231533344796
			59.3039267490994	-18.231533344796
			59.3450814519093	-18.231533344796
			59.3862361547192	-18.2726880476059
			59.4273908575292	-18.2726880476059
			59.4685455603391	-18.2726880476059
			59.509700263149	-18.2726880476059
			59.509700263149	-18.3138427504158
			59.5508549659589	-18.3138427504158
			59.5920096687689	-18.3138427504158
			59.6331643715788	-18.3138427504158
			59.6743190743887	-18.3549974532258
			59.7154737771986	-18.3549974532258
			59.7566284800086	-18.3549974532258
			59.7977831828185	-18.3961521560357
			59.8389378856284	-18.3961521560357
			59.8800925884383	-18.3961521560357
			59.9212472912482	-18.3961521560357
			59.9624019940582	-18.4373068588456
			60.0035566968681	-18.4373068588456
			60.044711399678	-18.4373068588456
			60.0858661024879	-18.4784615616555
			60.1270208052979	-18.4784615616555
			60.1681755081078	-18.4784615616555
			60.2093302109177	-18.5196162644655
			60.2504849137276	-18.5196162644655
			60.2916396165376	-18.5196162644655
			60.3327943193475	-18.5196162644655
			60.3739490221574	-18.5607709672754
			60.4151037249673	-18.5607709672754
			60.4562584277773	-18.5607709672754
			60.4974131305872	-18.6019256700853
			60.5385678333971	-18.6019256700853
			60.579722536207	-18.6019256700853
			60.6208772390169	-18.6019256700853
			60.6620319418269	-18.6430803728952
			60.7031866446368	-18.6430803728952
			60.7443413474467	-18.6430803728952
			60.7854960502566	-18.6842350757052
			60.8266507530666	-18.6842350757052
			60.8678054558765	-18.6842350757052
			60.9089601586864	-18.6842350757052
			60.9501148614963	-18.7253897785151
			60.9912695643063	-18.7253897785151
			61.0324242671162	-18.7253897785151
			61.0735789699261	-18.766544481325
			61.114733672736	-18.766544481325
			61.1558883755459	-18.766544481325
			61.1970430783559	-18.8076991841349
			61.2381977811658	-18.8076991841349
			61.2793524839757	-18.8076991841349
			61.3205071867856	-18.8076991841349
			61.3616618895956	-18.8488538869448
			61.4028165924055	-18.8488538869448
			61.4439712952154	-18.8488538869448
			61.4851259980253	-18.8900085897548
			61.5262807008353	-18.8900085897548
			61.5674354036452	-18.8900085897548
			61.6085901064551	-18.8900085897548
			61.649744809265	-18.9311632925647
			61.6908995120749	-18.9311632925647
			61.7320542148849	-18.9311632925647
			61.7732089176948	-18.9723179953746
			61.8143636205047	-18.9723179953746
			61.8555183233146	-18.9723179953746
			61.8966730261246	-18.9723179953746
			61.8966730261246	-19.0134726981845
			61.9378277289345	-19.0134726981845
			61.9789824317444	-19.0134726981845
			62.0201371345543	-19.0546274009945
			62.0612918373643	-19.0546274009945
			62.1024465401742	-19.0546274009945
			62.1436012429841	-19.0546274009945
			62.184755945794	-19.0957821038044
			62.2259106486039	-19.0957821038044
			62.2670653514139	-19.0957821038044
			62.3082200542238	-19.0957821038044
			62.3493747570337	-19.1369368066143
			62.3905294598436	-19.1369368066143
			62.4316841626536	-19.1369368066143
			62.4728388654635	-19.1780915094242
			62.5139935682734	-19.1780915094242
			62.5551482710833	-19.1780915094242
			62.5963029738933	-19.1780915094242
			62.6374576767032	-19.2192462122342
			62.6786123795131	-19.2192462122342
			62.719767082323	-19.2192462122342
			62.760921785133	-19.2604009150441
			62.8020764879429	-19.2604009150441
			62.8432311907528	-19.2604009150441
			62.8843858935627	-19.2604009150441
			62.9255405963726	-19.301555617854
			62.9666952991826	-19.301555617854
			63.0078500019925	-19.301555617854
			63.0078500019925	-19.3427103206639
			63.0490047048024	-19.3427103206639
			63.0901594076123	-19.3427103206639
			63.1313141104223	-19.3427103206639
			63.1724688132322	-19.3427103206639
			63.2136235160421	-19.3838650234738
			63.254778218852	-19.3838650234738
			63.295932921662	-19.3838650234738
			63.3370876244719	-19.3838650234738
			63.3782423272818	-19.3838650234738
			63.4193970300917	-19.3838650234738
			63.4605517329016	-19.4250197262838
			63.5017064357116	-19.4250197262838
			63.5428611385215	-19.4250197262838
			63.5840158413314	-19.4250197262838
			63.6251705441413	-19.4250197262838
			63.6663252469513	-19.4250197262838
			63.7074799497612	-19.4250197262838
			63.7486346525711	-19.4661744290937
			63.789789355381	-19.4661744290937
			63.830944058191	-19.4661744290937
			63.8720987610009	-19.4661744290937
			63.9132534638108	-19.4661744290937
			63.9544081666207	-19.4661744290937
			63.9955628694306	-19.4661744290937
			64.0367175722406	-19.5073291319036
			64.0778722750505	-19.5073291319036
			64.1190269778604	-19.5073291319036
			64.1601816806703	-19.5073291319036
			64.2013363834803	-19.5073291319036
			64.2424910862902	-19.5073291319036
			64.2836457891001	-19.5073291319036
			64.32480049191	-19.5484838347135
			64.36595519472	-19.5484838347135
			64.4071098975299	-19.5484838347135
			64.4482646003398	-19.5484838347135
			64.4894193031497	-19.5484838347135
			64.5305740059597	-19.5484838347135
			64.5717287087696	-19.5484838347135
			64.6128834115795	-19.5484838347135
			64.6540381143894	-19.5896385375235
			64.6951928171993	-19.5896385375235
			64.7363475200093	-19.5896385375235
			64.7775022228192	-19.5896385375235
			64.8186569256291	-19.5896385375235
			64.859811628439	-19.5896385375235
			64.900966331249	-19.5896385375235
			64.9421210340589	-19.6307932403334
			64.9832757368688	-19.6307932403334
			65.0244304396787	-19.6307932403334
			65.0655851424887	-19.6307932403334
			65.1067398452986	-19.6307932403334
			65.1478945481085	-19.6307932403334
			65.1890492509184	-19.6307932403334
			65.2302039537283	-19.6307932403334
			65.2713586565383	-19.6307932403334
			65.3125133593482	-19.6719479431433
			65.3536680621581	-19.6719479431433
			65.394822764968	-19.6719479431433
			65.435977467778	-19.6719479431433
			65.4771321705879	-19.6719479431433
			65.5182868733978	-19.6719479431433
			65.5594415762077	-19.6719479431433
			65.6005962790177	-19.6719479431433
			65.6417509818276	-19.6719479431433
			65.6417509818276	-19.7131026459532
			65.6829056846375	-19.7131026459532
			65.7240603874474	-19.7131026459532
			65.7652150902574	-19.7131026459532
			65.8063697930673	-19.7131026459532
			65.8475244958772	-19.7131026459532
			65.8886791986871	-19.7131026459532
			65.929833901497	-19.7131026459532
			65.970988604307	-19.7131026459532
			66.0121433071169	-19.7131026459532
			66.0532980099268	-19.7542573487632
			66.0944527127367	-19.7542573487632
			66.1356074155467	-19.7542573487632
			66.1767621183566	-19.7542573487632
			66.2179168211665	-19.7542573487632
			66.2590715239764	-19.7542573487632
			66.3002262267864	-19.7542573487632
			66.3413809295963	-19.7542573487632
			66.3825356324062	-19.7542573487632
			66.4236903352161	-19.7542573487632
			66.464845038026	-19.7542573487632
			66.505999740836	-19.7954120515731
			66.5471544436459	-19.7954120515731
			66.5883091464558	-19.7954120515731
			66.6294638492657	-19.7954120515731
			66.6706185520757	-19.7954120515731
			66.7117732548856	-19.7954120515731
			66.7529279576955	-19.7954120515731
			66.7940826605054	-19.7954120515731
			66.8352373633154	-19.7954120515731
			66.8763920661253	-19.7954120515731
			66.9175467689352	-19.7954120515731
			66.9587014717451	-19.7954120515731
			66.999856174555	-19.7954120515731
			67.041010877365	-19.836566754383
			67.0821655801749	-19.836566754383
			67.1233202829848	-19.836566754383
			67.1644749857947	-19.836566754383
			67.2056296886047	-19.836566754383
			67.2467843914146	-19.836566754383
			67.2879390942245	-19.836566754383
			67.3290937970344	-19.836566754383
			67.3702484998444	-19.836566754383
			67.4114032026543	-19.836566754383
			67.4525579054642	-19.836566754383
			67.4937126082741	-19.836566754383
			67.5348673110841	-19.836566754383
			67.576022013894	-19.836566754383
			67.6171767167039	-19.836566754383
			67.6583314195138	-19.8777214571929
			67.6994861223237	-19.8777214571929
			67.7406408251337	-19.8777214571929
			67.7817955279436	-19.8777214571929
			67.8229502307535	-19.8777214571929
			67.8641049335634	-19.8777214571929
			67.9052596363734	-19.8777214571929
			67.9464143391833	-19.8777214571929
			67.9875690419932	-19.8777214571929
			68.0287237448031	-19.8777214571929
			68.069878447613	-19.8777214571929
			68.111033150423	-19.8777214571929
			68.1521878532329	-19.8777214571929
			68.1933425560428	-19.8777214571929
			68.2344972588527	-19.8777214571929
			68.2756519616627	-19.8777214571929
			68.3168066644726	-19.8777214571929
			68.3579613672825	-19.8777214571929
			68.3991160700924	-19.8777214571929
			68.4402707729024	-19.8777214571929
			68.4814254757123	-19.8777214571929
			68.5225801785222	-19.8777214571929
			68.5637348813321	-19.8777214571929
			68.6048895841421	-19.8777214571929
			68.646044286952	-19.8777214571929
			68.6871989897619	-19.9188761600029
			68.7283536925718	-19.9188761600029
			68.7695083953817	-19.9188761600029
			68.8106630981917	-19.9188761600029
			68.8518178010016	-19.9188761600029
			68.8929725038115	-19.9188761600029
			68.9341272066214	-19.9188761600029
			68.9752819094314	-19.9188761600029
			69.0164366122413	-19.9188761600029
			69.0575913150512	-19.9188761600029
			69.0987460178611	-19.9188761600029
			69.1399007206711	-19.9188761600029
			69.181055423481	-19.9188761600029
			69.2222101262909	-19.9188761600029
			69.2633648291008	-19.9188761600029
			69.3045195319108	-19.9188761600029
			69.3456742347207	-19.9188761600029
			69.3868289375306	-19.9188761600029
			69.4279836403405	-19.9188761600029
			69.4691383431504	-19.9188761600029
			69.5102930459604	-19.9188761600029
			69.5514477487703	-19.9188761600029
			69.5926024515802	-19.9188761600029
			69.6337571543901	-19.9188761600029
			69.6749118572001	-19.9188761600029
			69.71606656001	-19.9188761600029
			69.7572212628199	-19.9188761600029
			69.7983759656298	-19.9188761600029
			69.8395306684397	-19.9188761600029
			69.8806853712497	-19.9188761600029
			69.9218400740596	-19.9188761600029
			69.9629947768695	-19.9188761600029
			70.0041494796794	-19.9188761600029
			70.0453041824894	-19.9188761600029
			70.0864588852993	-19.9188761600029
			70.1276135881092	-19.9188761600029
			70.1687682909191	-19.9188761600029
			70.2099229937291	-19.9188761600029
			70.251077696539	-19.9188761600029
			70.2922323993489	-19.9188761600029
			70.3333871021588	-19.8777214571929
			70.3745418049688	-19.8777214571929
			70.4156965077787	-19.8777214571929
			70.4568512105886	-19.8777214571929
			70.4980059133985	-19.8777214571929
			70.5391606162084	-19.8777214571929
			70.5803153190184	-19.8777214571929
			70.6214700218283	-19.8777214571929
			70.6626247246382	-19.8777214571929
			70.7037794274481	-19.8777214571929
			70.7449341302581	-19.8777214571929
			70.786088833068	-19.8777214571929
			70.8272435358779	-19.8777214571929
			70.8683982386878	-19.8777214571929
		</Dorsal_adipose>
		<Adipose_caudal type=matrix rownames=FALSE colnames=FALSE nrow=231 ncol=2 as.numeric=TRUE >
			70.8683982386878	-19.8777214571929
			70.9095529414978	-19.8777214571929
			70.9507076443077	-19.8777214571929
			70.9918623471176	-19.8777214571929
			71.0330170499275	-19.8777214571929
			71.0741717527375	-19.8777214571929
			71.1153264555474	-19.8777214571929
			71.1564811583573	-19.8777214571929
			71.1976358611672	-19.8777214571929
			71.2387905639771	-19.8777214571929
			71.2799452667871	-19.8777214571929
			71.321099969597	-19.8777214571929
			71.3622546724069	-19.8777214571929
			71.4034093752168	-19.9188761600029
			71.4445640780268	-19.9188761600029
			71.4857187808367	-19.9188761600029
			71.5268734836466	-19.9188761600029
			71.5680281864565	-19.9188761600029
			71.6091828892664	-19.9188761600029
			71.6503375920764	-19.9188761600029
			71.6914922948863	-19.9188761600029
			71.7326469976962	-19.9188761600029
			71.7326469976962	-19.9600308628128
			71.7738017005061	-19.9600308628128
			71.8149564033161	-19.9600308628128
			71.856111106126	-19.9600308628128
			71.8972658089359	-19.9600308628128
			71.9384205117458	-19.9600308628128
			71.9795752145558	-20.0011855656227
			72.0207299173657	-20.0011855656227
			72.0618846201756	-20.0011855656227
			72.1030393229855	-20.0011855656227
			72.1441940257955	-20.0423402684326
			72.1853487286054	-20.0423402684326
			72.2265034314153	-20.0423402684326
			72.2676581342252	-20.0423402684326
			72.3088128370351	-20.0834949712425
			72.3499675398451	-20.0834949712425
			72.391122242655	-20.0834949712425
			72.391122242655	-20.1246496740525
			72.4322769454649	-20.1246496740525
			72.4734316482748	-20.1246496740525
			72.5145863510848	-20.1658043768624
			72.5557410538947	-20.1658043768624
			72.5968957567046	-20.2069590796723
			72.6380504595145	-20.2069590796723
			72.6792051623245	-20.2481137824822
			72.7203598651344	-20.2481137824822
			72.7615145679443	-20.2892684852922
			72.8026692707542	-20.2892684852922
			72.8438239735641	-20.3304231881021
			72.8849786763741	-20.371577890912
			72.926133379184	-20.371577890912
			72.9672880819939	-20.4127325937219
			73.0084427848038	-20.4127325937219
			73.0495974876138	-20.4127325937219
			73.0907521904237	-20.4127325937219
			73.1319068932336	-20.4538872965319
			73.1730615960435	-20.4538872965319
			73.2142162988535	-20.4538872965319
			73.2553710016634	-20.4538872965319
			73.2965257044733	-20.4538872965319
			73.3376804072832	-20.4538872965319
			73.3788351100931	-20.4538872965319
			73.4199898129031	-20.4950419993418
			73.461144515713	-20.4950419993418
			73.5022992185229	-20.4950419993418
			73.5434539213328	-20.4950419993418
			73.5846086241428	-20.4950419993418
			73.6257633269527	-20.4950419993418
			73.6669180297626	-20.4950419993418
			73.7080727325725	-20.5361967021517
			73.7492274353825	-20.5361967021517
			73.7903821381924	-20.5361967021517
			73.8315368410023	-20.5361967021517
			73.8726915438122	-20.5361967021517
			73.9138462466222	-20.5361967021517
			73.9550009494321	-20.5361967021517
			73.996155652242	-20.5361967021517
			74.0373103550519	-20.5773514049616
			74.0784650578618	-20.5773514049616
			74.1196197606718	-20.5773514049616
			74.1607744634817	-20.5773514049616
			74.2019291662916	-20.5773514049616
			74.2430838691015	-20.5773514049616
			74.2842385719115	-20.5773514049616
			74.3253932747214	-20.5773514049616
			74.3665479775313	-20.6185061077715
			74.4077026803412	-20.6185061077715
			74.4488573831512	-20.6185061077715
			74.4900120859611	-20.6185061077715
			74.531166788771	-20.6185061077715
			74.5723214915809	-20.6185061077715
			74.6134761943908	-20.6185061077715
			74.6546308972008	-20.6185061077715
			74.6957856000107	-20.6185061077715
			74.7369403028206	-20.6596608105815
			74.7780950056305	-20.6596608105815
			74.8192497084405	-20.6596608105815
			74.8604044112504	-20.6596608105815
			74.9015591140603	-20.6596608105815
			74.9427138168702	-20.6596608105815
			74.9838685196802	-20.6596608105815
			75.0250232224901	-20.6596608105815
			75.0661779253	-20.6596608105815
			75.1073326281099	-20.6596608105815
			75.1484873309198	-20.7008155133914
			75.1896420337298	-20.7008155133914
			75.2307967365397	-20.7008155133914
			75.2719514393496	-20.7008155133914
			75.3131061421595	-20.7008155133914
			75.3542608449695	-20.7008155133914
			75.3954155477794	-20.7008155133914
			75.4365702505893	-20.7008155133914
			75.4777249533992	-20.7008155133914
			75.5188796562092	-20.7419702162013
			75.5600343590191	-20.7419702162013
			75.601189061829	-20.7419702162013
			75.6423437646389	-20.7419702162013
			75.6834984674489	-20.7419702162013
			75.7246531702588	-20.7419702162013
			75.7658078730687	-20.7419702162013
			75.8069625758786	-20.7419702162013
			75.8481172786885	-20.7419702162013
			75.8892719814985	-20.7419702162013
			75.9304266843084	-20.7419702162013
			75.9715813871183	-20.7419702162013
			76.0127360899282	-20.7419702162013
			76.0538907927382	-20.7419702162013
			76.0950454955481	-20.7831249190112
			76.136200198358	-20.7831249190112
			76.1773549011679	-20.7831249190112
			76.2185096039779	-20.7831249190112
			76.2596643067878	-20.7831249190112
			76.3008190095977	-20.7831249190112
			76.3419737124076	-20.7831249190112
			76.3831284152175	-20.7831249190112
			76.4242831180275	-20.7831249190112
			76.4654378208374	-20.7831249190112
			76.5065925236473	-20.7831249190112
			76.5477472264572	-20.7831249190112
			76.5889019292672	-20.7831249190112
			76.6300566320771	-20.7831249190112
			76.671211334887	-20.7831249190112
			76.7123660376969	-20.7831249190112
			76.7535207405069	-20.7831249190112
			76.7946754433168	-20.7831249190112
			76.8358301461267	-20.7831249190112
			76.8769848489366	-20.7831249190112
			76.9181395517465	-20.7831249190112
			76.9592942545565	-20.7831249190112
			77.0004489573664	-20.7831249190112
			77.0416036601763	-20.7831249190112
			77.0827583629862	-20.7831249190112
			77.1239130657962	-20.7831249190112
			77.1650677686061	-20.7831249190112
			77.206222471416	-20.7831249190112
			77.2473771742259	-20.7831249190112
			77.2885318770359	-20.7831249190112
			77.3296865798458	-20.7831249190112
			77.3708412826557	-20.7831249190112
			77.4119959854656	-20.7831249190112
			77.4531506882756	-20.7831249190112
			77.4943053910855	-20.7831249190112
			77.5354600938954	-20.7831249190112
			77.5766147967053	-20.7831249190112
			77.6177694995152	-20.7831249190112
			77.6589242023252	-20.7831249190112
			77.7000789051351	-20.7831249190112
			77.741233607945	-20.7831249190112
			77.7823883107549	-20.7831249190112
			77.8235430135649	-20.7419702162013
			77.8646977163748	-20.7419702162013
			77.9058524191847	-20.7419702162013
			77.9470071219946	-20.7419702162013
			77.9881618248045	-20.7419702162013
			78.0293165276145	-20.7419702162013
			78.0704712304244	-20.7008155133914
			78.1116259332343	-20.7008155133914
			78.1527806360442	-20.7008155133914
			78.1939353388542	-20.7008155133914
			78.2350900416641	-20.7008155133914
			78.276244744474	-20.7008155133914
			78.3173994472839	-20.6596608105815
			78.3585541500939	-20.6596608105815
			78.3997088529038	-20.6596608105815
			78.4408635557137	-20.6596608105815
			78.4820182585236	-20.6596608105815
			78.5231729613336	-20.6596608105815
			78.5643276641435	-20.6596608105815
			78.6054823669534	-20.6185061077715
			78.6466370697633	-20.6185061077715
			78.6877917725732	-20.6185061077715
			78.7289464753832	-20.6185061077715
			78.7701011781931	-20.6185061077715
			78.811255881003	-20.6185061077715
			78.8524105838129	-20.6185061077715
			78.8935652866229	-20.6185061077715
			78.9347199894328	-20.5773514049616
			78.9758746922427	-20.5773514049616
			79.0170293950526	-20.5773514049616
			79.0581840978626	-20.5773514049616
			79.0993388006725	-20.5773514049616
			79.1404935034824	-20.5773514049616
			79.1816482062923	-20.5773514049616
			79.2228029091023	-20.5773514049616
			79.2639576119122	-20.5773514049616
			79.3051123147221	-20.5773514049616
			79.346267017532	-20.5773514049616
			79.3874217203419	-20.5773514049616
			79.4285764231519	-20.5361967021517
			79.4697311259618	-20.5361967021517
			79.5108858287717	-20.5361967021517
			79.5520405315816	-20.5361967021517
			79.5931952343916	-20.5361967021517
			79.6343499372015	-20.5361967021517
			79.6755046400114	-20.5361967021517
			79.7166593428213	-20.5361967021517
			79.7578140456312	-20.5773514049616
			79.7989687484412	-20.5773514049616
			79.8401234512511	-20.5773514049616
			79.881278154061	-20.5773514049616
			79.9224328568709	-20.5773514049616
			79.9635875596809	-20.5773514049616
			80.0047422624908	-20.5773514049616
			80.0458969653007	-20.5773514049616
			80.0870516681106	-20.6185061077715
			80.1282063709206	-20.6185061077715
			80.1693610737305	-20.6185061077715
			80.2105157765404	-20.6596608105815
			80.2516704793503	-20.6596608105815
		</Adipose_caudal>
		<Caudal_anal type=matrix rownames=FALSE colnames=FALSE nrow=394 ncol=2 as.numeric=TRUE >
			80.6632175074496	-26.1332362843013
			80.6220628046396	-26.1332362843013
			80.5809081018297	-26.1332362843013
			80.5397533990198	-26.1743909871112
			80.4985986962099	-26.1743909871112
			80.4574439933999	-26.1743909871112
			80.41628929059	-26.1743909871112
			80.3751345877801	-26.1743909871112
			80.3339798849702	-26.1743909871112
			80.2928251821603	-26.1743909871112
			80.2516704793503	-26.1743909871112
			80.2105157765404	-26.1743909871112
			80.1693610737305	-26.1743909871112
			80.1282063709206	-26.1743909871112
			80.0870516681106	-26.1743909871112
			80.0458969653007	-26.1743909871112
			80.0047422624908	-26.1743909871112
			79.9635875596809	-26.1743909871112
			79.9224328568709	-26.1743909871112
			79.881278154061	-26.1743909871112
			79.8401234512511	-26.1743909871112
			79.7989687484412	-26.1743909871112
			79.7578140456312	-26.1743909871112
			79.7166593428213	-26.1743909871112
			79.6755046400114	-26.1743909871112
			79.6343499372015	-26.1743909871112
			79.5931952343916	-26.1743909871112
			79.5520405315816	-26.1743909871112
			79.5108858287717	-26.1743909871112
			79.4697311259618	-26.1743909871112
			79.4285764231519	-26.1743909871112
			79.3874217203419	-26.1743909871112
			79.346267017532	-26.1332362843013
			79.3051123147221	-26.1332362843013
			79.2639576119122	-26.1332362843013
			79.2228029091023	-26.1332362843013
			79.1816482062923	-26.1332362843013
			79.1404935034824	-26.1332362843013
			79.0993388006725	-26.1332362843013
			79.0581840978626	-26.1332362843013
			79.0170293950526	-26.0920815814913
			78.9758746922427	-26.0920815814913
			78.9347199894328	-26.0920815814913
			78.8935652866229	-26.0920815814913
			78.8524105838129	-26.0920815814913
			78.811255881003	-26.0920815814913
			78.7701011781931	-26.0509268786814
			78.7289464753832	-26.0509268786814
			78.6877917725732	-26.0509268786814
			78.6466370697633	-26.0509268786814
			78.6054823669534	-26.0509268786814
			78.5643276641435	-26.0509268786814
			78.5231729613336	-26.0097721758715
			78.4820182585236	-26.0097721758715
			78.4408635557137	-26.0097721758715
			78.3997088529038	-26.0097721758715
			78.3585541500939	-26.0097721758715
			78.3173994472839	-26.0097721758715
			78.276244744474	-25.9686174730616
			78.2350900416641	-25.9686174730616
			78.1939353388542	-25.9686174730616
			78.1527806360442	-25.9686174730616
			78.1116259332343	-25.9686174730616
			78.0704712304244	-25.9686174730616
			78.0293165276145	-25.9686174730616
			77.9881618248045	-25.9686174730616
			77.9470071219946	-25.9686174730616
			77.9058524191847	-25.9274627702516
			77.8646977163748	-25.9274627702516
			77.8235430135649	-25.9274627702516
			77.7823883107549	-25.9274627702516
			77.741233607945	-25.9274627702516
			77.7000789051351	-25.9274627702516
			77.6589242023252	-25.9274627702516
			77.6177694995152	-25.9274627702516
			77.5766147967053	-25.9274627702516
			77.5354600938954	-25.9274627702516
			77.4943053910855	-25.9274627702516
			77.4531506882756	-25.9274627702516
			77.4119959854656	-25.9274627702516
			77.3708412826557	-25.9274627702516
			77.3296865798458	-25.9274627702516
			77.2885318770359	-25.9274627702516
			77.2473771742259	-25.9274627702516
			77.206222471416	-25.9274627702516
			77.1650677686061	-25.9274627702516
			77.1239130657962	-25.9274627702516
			77.0827583629862	-25.9274627702516
			77.0416036601763	-25.9274627702516
			77.0004489573664	-25.9274627702516
			76.9592942545565	-25.9274627702516
			76.9181395517465	-25.9274627702516
			76.8769848489366	-25.9274627702516
			76.8358301461267	-25.9274627702516
			76.7946754433168	-25.9274627702516
			76.7535207405069	-25.9274627702516
			76.7123660376969	-25.9274627702516
			76.671211334887	-25.9274627702516
			76.6300566320771	-25.9274627702516
			76.5889019292672	-25.9274627702516
			76.5477472264572	-25.9274627702516
			76.5065925236473	-25.9274627702516
			76.4654378208374	-25.9274627702516
			76.4242831180275	-25.9274627702516
			76.3831284152175	-25.9274627702516
			76.3419737124076	-25.9274627702516
			76.3008190095977	-25.9274627702516
			76.2596643067878	-25.9274627702516
			76.2185096039779	-25.9274627702516
			76.1773549011679	-25.9686174730616
			76.136200198358	-25.9686174730616
			76.0950454955481	-25.9686174730616
			76.0538907927382	-25.9686174730616
			76.0127360899282	-25.9686174730616
			75.9715813871183	-25.9686174730616
			75.9304266843084	-25.9686174730616
			75.8892719814985	-25.9686174730616
			75.8481172786885	-25.9686174730616
			75.8069625758786	-25.9686174730616
			75.7658078730687	-25.9686174730616
			75.7246531702588	-26.0097721758715
			75.6834984674489	-26.0097721758715
			75.6423437646389	-26.0097721758715
			75.601189061829	-26.0097721758715
			75.5600343590191	-26.0097721758715
			75.5188796562092	-26.0097721758715
			75.4777249533992	-26.0097721758715
			75.4365702505893	-26.0097721758715
			75.3954155477794	-26.0097721758715
			75.3542608449695	-26.0509268786814
			75.3131061421595	-26.0509268786814
			75.2719514393496	-26.0509268786814
			75.2307967365397	-26.0509268786814
			75.1896420337298	-26.0509268786814
			75.1484873309198	-26.0509268786814
			75.1073326281099	-26.0509268786814
			75.0661779253	-26.0509268786814
			75.0661779253	-26.0920815814913
			75.0250232224901	-26.0920815814913
			74.9838685196802	-26.0920815814913
			74.9427138168702	-26.0920815814913
			74.9015591140603	-26.0920815814913
			74.8604044112504	-26.0920815814913
			74.8192497084405	-26.0920815814913
			74.7780950056305	-26.0920815814913
			74.7780950056305	-26.1332362843013
			74.7369403028206	-26.1332362843013
			74.6957856000107	-26.1332362843013
			74.6546308972008	-26.1332362843013
			74.6134761943908	-26.1332362843013
			74.5723214915809	-26.1332362843013
			74.531166788771	-26.1332362843013
			74.4900120859611	-26.1743909871112
			74.4488573831512	-26.1743909871112
			74.4077026803412	-26.1743909871112
			74.3665479775313	-26.1743909871112
			74.3253932747214	-26.1743909871112
			74.2842385719115	-26.1743909871112
			74.2430838691015	-26.2155456899211
			74.2019291662916	-26.2155456899211
			74.1607744634817	-26.2155456899211
			74.1196197606718	-26.2155456899211
			74.0784650578618	-26.2155456899211
			74.0373103550519	-26.256700392731
			73.996155652242	-26.256700392731
			73.9550009494321	-26.256700392731
			73.9138462466222	-26.256700392731
			73.8726915438122	-26.256700392731
			73.8315368410023	-26.256700392731
			73.7903821381924	-26.297855095541
			73.7492274353825	-26.297855095541
			73.7080727325725	-26.297855095541
			73.6669180297626	-26.297855095541
			73.6257633269527	-26.297855095541
			73.5846086241428	-26.3390097983509
			73.5434539213328	-26.3390097983509
			73.5022992185229	-26.3390097983509
			73.461144515713	-26.3390097983509
			73.4199898129031	-26.3801645011608
			73.3788351100931	-26.3801645011608
			73.3376804072832	-26.3801645011608
			73.2965257044733	-26.3801645011608
			73.2553710016634	-26.3801645011608
			73.2142162988535	-26.3801645011608
			73.1730615960435	-26.4213192039707
			73.1319068932336	-26.4213192039707
			73.0907521904237	-26.4213192039707
			73.0495974876138	-26.4213192039707
			73.0084427848038	-26.4624739067806
			72.9672880819939	-26.4624739067806
			72.926133379184	-26.4624739067806
			72.8849786763741	-26.4624739067806
			72.8438239735641	-26.4624739067806
			72.8438239735641	-26.5036286095906
			72.8026692707542	-26.5036286095906
			72.7615145679443	-26.5036286095906
			72.7203598651344	-26.5036286095906
			72.7203598651344	-26.5447833124005
			72.6792051623245	-26.5447833124005
			72.6380504595145	-26.5447833124005
			72.5968957567046	-26.5447833124005
			72.5557410538947	-26.5859380152104
			72.5145863510848	-26.5859380152104
			72.4734316482748	-26.5859380152104
			72.4322769454649	-26.6270927180203
			72.391122242655	-26.6270927180203
			72.3499675398451	-26.6270927180203
			72.3088128370351	-26.6682474208303
			72.2676581342252	-26.6682474208303
			72.2265034314153	-26.6682474208303
			72.1853487286054	-26.7094021236402
			72.1441940257955	-26.7094021236402
			72.1030393229855	-26.7094021236402
			72.0618846201756	-26.7094021236402
			72.0207299173657	-26.7505568264501
			71.9795752145558	-26.7505568264501
			71.9384205117458	-26.7505568264501
			71.8972658089359	-26.79171152926
			71.856111106126	-26.79171152926
			71.8149564033161	-26.79171152926
			71.7738017005061	-26.79171152926
			71.7326469976962	-26.83286623207
			71.6914922948863	-26.83286623207
			71.6503375920764	-26.83286623207
			71.6091828892664	-26.8740209348799
			71.5680281864565	-26.8740209348799
			71.5268734836466	-26.8740209348799
			71.4857187808367	-26.8740209348799
			71.4445640780268	-26.9151756376898
			71.4034093752168	-26.9151756376898
			71.3622546724069	-26.9151756376898
			71.321099969597	-26.9563303404997
			71.2799452667871	-26.9563303404997
			71.2387905639771	-26.9563303404997
			71.1976358611672	-26.9563303404997
			71.1564811583573	-26.9974850433097
			71.1153264555474	-26.9974850433097
			71.0741717527375	-26.9974850433097
			71.0330170499275	-26.9974850433097
			70.9918623471176	-27.0386397461196
			70.9507076443077	-27.0386397461196
			70.9095529414978	-27.0386397461196
			70.8683982386878	-27.0386397461196
			70.8272435358779	-27.0797944489295
			70.786088833068	-27.0797944489295
			70.7449341302581	-27.0797944489295
			70.7037794274481	-27.1209491517394
			70.6626247246382	-27.1209491517394
			70.6214700218283	-27.1209491517394
			70.5803153190184	-27.1209491517394
			70.5391606162084	-27.1621038545493
			70.4980059133985	-27.1621038545493
			70.4568512105886	-27.1621038545493
			70.4156965077787	-27.2032585573593
			70.3745418049688	-27.2032585573593
			70.3333871021588	-27.2032585573593
			70.2922323993489	-27.2032585573593
			70.251077696539	-27.2444132601692
			70.2099229937291	-27.2444132601692
			70.1687682909191	-27.2444132601692
			70.1276135881092	-27.2444132601692
			70.0864588852993	-27.2855679629791
			70.0453041824894	-27.2855679629791
			70.0041494796794	-27.2855679629791
			69.9629947768695	-27.2855679629791
			69.9218400740596	-27.326722665789
			69.8806853712497	-27.326722665789
			69.8395306684397	-27.326722665789
			69.7983759656298	-27.326722665789
			69.7572212628199	-27.367877368599
			69.71606656001	-27.367877368599
			69.6749118572001	-27.367877368599
			69.6337571543901	-27.367877368599
			69.5926024515802	-27.4090320714089
			69.5514477487703	-27.4090320714089
			69.5102930459604	-27.4090320714089
			69.4691383431504	-27.4090320714089
			69.4279836403405	-27.4501867742188
			69.3868289375306	-27.4501867742188
			69.3456742347207	-27.4501867742188
			69.3045195319108	-27.4501867742188
			69.2633648291008	-27.4913414770287
			69.2222101262909	-27.4913414770287
			69.181055423481	-27.4913414770287
			69.1399007206711	-27.4913414770287
			69.0987460178611	-27.5324961798387
			69.0575913150512	-27.5324961798387
			69.0164366122413	-27.5324961798387
			68.9752819094314	-27.5324961798387
			68.9341272066214	-27.5736508826486
			68.8929725038115	-27.5736508826486
			68.8518178010016	-27.5736508826486
			68.8106630981917	-27.5736508826486
			68.7695083953817	-27.6148055854585
			68.7283536925718	-27.6148055854585
			68.6871989897619	-27.6148055854585
			68.646044286952	-27.6148055854585
			68.6048895841421	-27.6559602882684
			68.5637348813321	-27.6559602882684
			68.5225801785222	-27.6559602882684
			68.4814254757123	-27.6971149910783
			68.4402707729024	-27.6971149910783
			68.3991160700924	-27.6971149910783
			68.3579613672825	-27.6971149910783
			68.3168066644726	-27.7382696938883
			68.2756519616627	-27.7382696938883
			68.2344972588527	-27.7382696938883
			68.1933425560428	-27.7382696938883
			68.1521878532329	-27.7794243966982
			68.111033150423	-27.7794243966982
			68.069878447613	-27.7794243966982
			68.0287237448031	-27.7794243966982
			67.9875690419932	-27.7794243966982
			67.9464143391833	-27.8205790995081
			67.9052596363734	-27.8205790995081
			67.8641049335634	-27.8205790995081
			67.8229502307535	-27.8205790995081
			67.8229502307535	-27.861733802318
			67.7817955279436	-27.861733802318
			67.7406408251337	-27.861733802318
			67.6994861223237	-27.861733802318
			67.6583314195138	-27.861733802318
			67.6171767167039	-27.902888505128
			67.576022013894	-27.902888505128
			67.5348673110841	-27.902888505128
			67.4937126082741	-27.902888505128
			67.4525579054642	-27.9440432079379
			67.4114032026543	-27.9440432079379
			67.3702484998444	-27.9440432079379
			67.3290937970344	-27.9440432079379
			67.2879390942245	-27.9440432079379
			67.2467843914146	-27.9851979107478
			67.2056296886047	-27.9851979107478
			67.1644749857947	-27.9851979107478
			67.1233202829848	-27.9851979107478
			67.0821655801749	-28.0263526135577
			67.041010877365	-28.0263526135577
			66.999856174555	-28.0263526135577
			66.9587014717451	-28.0263526135577
			66.9175467689352	-28.0675073163677
			66.8763920661253	-28.0675073163677
			66.8352373633154	-28.0675073163677
			66.7940826605054	-28.0675073163677
			66.7529279576955	-28.0675073163677
			66.7117732548856	-28.1086620191776
			66.6706185520757	-28.1086620191776
			66.6294638492657	-28.1086620191776
			66.5883091464558	-28.1086620191776
			66.5471544436459	-28.1498167219875
			66.505999740836	-28.1498167219875
			66.464845038026	-28.1498167219875
			66.4236903352161	-28.1498167219875
			66.3825356324062	-28.1909714247974
			66.3413809295963	-28.1909714247974
			66.3002262267864	-28.1909714247974
			66.2590715239764	-28.1909714247974
			66.2179168211665	-28.2321261276073
			66.1767621183566	-28.2321261276073
			66.1356074155467	-28.2321261276073
			66.0944527127367	-28.2321261276073
			66.0532980099268	-28.2321261276073
			66.0121433071169	-28.2732808304173
			65.970988604307	-28.2732808304173
			65.929833901497	-28.2732808304173
			65.8886791986871	-28.2732808304173
			65.8475244958772	-28.3144355332272
			65.8063697930673	-28.3144355332272
			65.7652150902574	-28.3144355332272
			65.7240603874474	-28.3144355332272
			65.6829056846375	-28.3555902360371
			65.6417509818276	-28.3555902360371
			65.6005962790177	-28.3555902360371
			65.5594415762077	-28.3555902360371
			65.5182868733978	-28.396744938847
			65.4771321705879	-28.396744938847
			65.435977467778	-28.396744938847
			65.394822764968	-28.396744938847
			65.3536680621581	-28.396744938847
			65.3125133593482	-28.437899641657
			65.2713586565383	-28.437899641657
			65.2302039537283	-28.437899641657
			65.1890492509184	-28.437899641657
			65.1478945481085	-28.4790543444669
			65.1067398452986	-28.4790543444669
			65.0655851424887	-28.4790543444669
			65.0244304396787	-28.4790543444669
			64.9832757368688	-28.4790543444669
			64.9421210340589	-28.5202090472768
			64.900966331249	-28.5202090472768
			64.859811628439	-28.5202090472768
			64.8186569256291	-28.5202090472768
			64.7775022228192	-28.5202090472768
			64.7363475200093	-28.5613637500867
			64.6951928171993	-28.5613637500867
		</Caudal_anal>
	</curves.scaled>
	<ruler.points type=matrix rownames=TRUE colnames=FALSE nrow=3 ncol=2 as.numeric=TRUE >
		Ruler point 1	1053	977
		Ruler point 2	1183	994
		Ruler point 3	1294	1008
	</ruler.points>
</shapes>

