<shapes type=list>
	<ruler.pixel type=vector names=FALSE length=1 as.numeric=TRUE >138.210916720391</ruler.pixel>
	<ruler.interval type=vector names=FALSE length=1 as.numeric=TRUE >5</ruler.interval>
	<scaling.units type=vector names=FALSE length=1 as.numeric=FALSE >mm</scaling.units>
	<scaling type=vector names=FALSE length=1 as.numeric=TRUE >0.0361765924041682</scaling>
	<landmarks.pixel type=matrix rownames=TRUE colnames=FALSE nrow=11 ncol=2 as.numeric=TRUE >
		Anterior_eye	230	615
		Posterior_eye	327	613
		Posterior_Maxilla	432	736
		Anterior_Maxilla	189	650
		Dorsal_fin_insertion	704	474
		Adipose_fin_insertion	1207	549
		Dorsal_caudal	1461	572
		Ventral_caudal	1472	701
		Anal_fin_insertion	967	773
		Pelvic_fin_insertion	717	743
		Pectoral_fin_insertion	542	710
	</landmarks.pixel>
	<landmarks.scaled type=matrix rownames=TRUE colnames=FALSE nrow=11 ncol=2 as.numeric=TRUE >
		Anterior_eye	8.32061625295868	-22.2486043285634
		Posterior_eye	11.829745716163	-22.1762511437551
		Posterior_Maxilla	15.6282879186006	-26.6259720094678
		Anterior_Maxilla	6.83737596438778	-23.5147850627093
		Dorsal_fin_insertion	25.4683210525344	-17.1477047995757
		Adipose_fin_insertion	43.665147031831	-19.8609492298883
		Dorsal_caudal	52.8540015024897	-20.6930108551842
		Ventral_caudal	53.2519440189355	-25.3597912753219
		Anal_fin_insertion	34.9827648548306	-27.964505928422
		Pelvic_fin_insertion	25.9386167537886	-26.8792081562969
		Pectoral_fin_insertion	19.6077130830591	-25.6853806069594
	</landmarks.scaled>
	<curves.control type=list>
		<Snout_dorsal type=matrix rownames=FALSE colnames=FALSE nrow=9 ncol=2 as.numeric=TRUE >
			189	650
			167	616
			211	564
			268	506
			374	491
			463	482
			564	482
			657	479
			704	474
		</Snout_dorsal>
		<Dorsal_adipose type=matrix rownames=FALSE colnames=FALSE nrow=7 ncol=2 as.numeric=TRUE >
			704	474
			811	488
			972	527
			1120	533
			1128	542
			1166	547
			1207	549
		</Dorsal_adipose>
		<Adipose_caudal type=matrix rownames=FALSE colnames=FALSE nrow=9 ncol=2 as.numeric=TRUE >
			1207	549
			1217	550
			1223	560
			1257	568
			1306	569
			1313	580
			1389	575
			1452	568
			1461	572
		</Adipose_caudal>
		<Caudal_anal type=matrix rownames=FALSE colnames=FALSE nrow=7 ncol=2 as.numeric=TRUE >
			1472	701
			1452	712
			1391	712
			1312	709
			1251	722
			1048	759
			967	773
		</Caudal_anal>
	</curves.control>
	<curves.pixel type=list>
		<Snout_dorsal type=matrix rownames=FALSE colnames=FALSE nrow=594 ncol=2 as.numeric=TRUE >
			189	650
			188	649
			188	648
			187	647
			187	646
			186	645
			186	644
			185	643
			185	642
			184	641
			184	640
			184	639
			184	638
			183	638
			183	637
			183	636
			183	635
			182	634
			182	633
			182	632
			182	631
			182	630
			182	629
			182	628
			182	627
			182	626
			182	625
			182	624
			182	623
			182	622
			182	621
			182	620
			182	619
			182	618
			182	617
			183	616
			183	615
			183	614
			183	613
			183	612
			184	611
			184	610
			184	609
			185	608
			185	607
			185	606
			186	605
			186	604
			186	603
			187	602
			187	601
			187	600
			188	599
			188	598
			189	597
			189	596
			190	596
			190	595
			190	594
			191	593
			191	592
			192	592
			192	591
			192	590
			193	589
			193	588
			194	588
			194	587
			195	586
			195	585
			196	584
			197	583
			198	582
			198	581
			199	580
			200	579
			200	578
			201	577
			202	576
			203	575
			203	574
			204	573
			205	572
			206	571
			206	570
			207	569
			207	568
			208	568
			209	567
			209	566
			210	566
			210	565
			211	564
			212	563
			213	562
			214	561
			215	560
			216	559
			217	558
			218	558
			218	557
			219	556
			220	555
			221	554
			222	554
			223	553
			224	552
			225	551
			226	550
			227	550
			228	549
			229	548
			229	547
			230	547
			231	546
			232	545
			233	544
			234	544
			235	543
			236	542
			237	541
			238	541
			239	540
			240	539
			241	539
			242	538
			243	537
			244	537
			245	536
			246	535
			247	535
			248	534
			249	533
			250	533
			251	532
			252	532
			252	531
			253	531
			254	531
			254	530
			255	530
			256	529
			257	529
			258	528
			259	527
			260	527
			261	527
			261	526
			262	526
			263	525
			264	525
			265	524
			266	524
			267	523
			268	523
			269	522
			270	522
			271	521
			272	521
			273	520
			274	520
			275	519
			276	519
			277	518
			278	518
			279	517
			280	517
			281	516
			282	516
			283	515
			284	515
			285	515
			286	514
			287	514
			288	513
			289	513
			290	513
			291	512
			292	512
			293	511
			294	511
			295	511
			296	510
			297	510
			298	510
			299	509
			300	509
			301	509
			302	508
			303	508
			304	508
			304	507
			305	507
			306	507
			307	506
			308	506
			309	506
			310	505
			311	505
			312	505
			313	504
			314	504
			315	504
			316	503
			317	503
			318	503
			319	503
			320	502
			321	502
			322	502
			323	501
			324	501
			325	501
			326	501
			327	500
			328	500
			329	500
			330	500
			331	499
			332	499
			333	499
			334	499
			335	498
			336	498
			337	498
			338	498
			339	497
			340	497
			341	497
			342	497
			343	497
			343	496
			344	496
			345	496
			346	496
			347	496
			348	495
			349	495
			350	495
			351	495
			352	495
			353	495
			354	494
			355	494
			356	494
			357	494
			358	494
			359	493
			360	493
			361	493
			362	493
			363	493
			364	493
			365	492
			366	492
			367	492
			368	492
			369	492
			370	492
			371	491
			372	491
			373	491
			374	491
			375	491
			376	491
			377	491
			378	491
			379	491
			380	490
			381	490
			382	490
			383	490
			384	490
			385	490
			386	490
			387	490
			388	490
			389	490
			390	489
			391	489
			392	489
			393	489
			394	489
			395	489
			396	489
			397	489
			398	489
			399	489
			400	489
			401	488
			402	488
			403	488
			404	488
			405	488
			406	488
			407	488
			408	488
			409	488
			410	488
			411	488
			412	488
			413	488
			414	487
			415	487
			416	487
			417	487
			418	487
			419	487
			420	487
			421	487
			422	487
			423	487
			424	487
			425	487
			426	487
			427	487
			428	486
			429	486
			430	486
			431	486
			432	486
			433	486
			434	486
			435	486
			436	486
			437	486
			438	486
			439	486
			440	486
			441	486
			442	486
			443	485
			444	485
			445	485
			446	485
			447	485
			448	485
			449	485
			450	485
			451	485
			452	485
			453	485
			454	485
			455	485
			456	485
			457	485
			458	485
			459	485
			460	485
			461	485
			461	484
			462	484
			463	484
			464	484
			465	484
			466	484
			467	484
			468	484
			469	484
			470	484
			471	484
			472	484
			473	484
			474	484
			475	484
			476	484
			477	484
			478	484
			479	484
			480	484
			481	484
			482	484
			483	484
			484	483
			485	483
			486	483
			487	483
			488	483
			489	483
			490	483
			491	483
			492	483
			493	483
			494	483
			495	483
			496	483
			497	483
			498	483
			499	483
			500	483
			501	483
			502	483
			503	483
			504	483
			505	483
			506	483
			507	483
			508	483
			509	483
			510	483
			511	483
			512	483
			513	483
			514	483
			515	483
			516	483
			517	482
			518	482
			519	482
			520	482
			521	482
			522	482
			523	482
			524	482
			525	482
			526	482
			527	482
			528	482
			529	482
			530	482
			531	482
			532	482
			533	482
			534	482
			535	482
			536	482
			537	482
			538	482
			539	482
			540	482
			541	482
			542	482
			543	482
			544	482
			545	482
			546	482
			547	482
			548	482
			549	482
			550	482
			551	482
			552	482
			553	482
			554	482
			555	482
			556	482
			557	482
			558	482
			559	482
			560	482
			561	482
			562	482
			563	482
			564	482
			565	482
			566	482
			567	482
			568	482
			569	482
			570	482
			571	482
			572	482
			573	482
			574	482
			575	482
			576	482
			577	482
			578	482
			579	482
			580	481
			581	481
			582	481
			583	481
			584	481
			585	481
			586	481
			587	481
			588	481
			589	481
			590	481
			591	481
			592	481
			593	481
			594	481
			595	481
			596	481
			597	481
			598	481
			599	481
			600	481
			601	481
			602	481
			603	481
			604	481
			605	480
			606	480
			607	480
			608	480
			609	480
			610	480
			611	480
			612	480
			613	480
			614	480
			615	480
			616	480
			617	480
			618	480
			619	480
			620	480
			621	480
			622	480
			623	480
			624	480
			625	480
			626	480
			627	479
			628	479
			629	479
			630	479
			631	479
			632	479
			633	479
			634	479
			635	479
			636	479
			637	479
			638	479
			639	479
			640	479
			641	479
			642	479
			643	479
			644	479
			645	479
			646	478
			647	478
			648	478
			649	478
			650	478
			651	478
			652	478
			653	478
			654	478
			655	478
			656	478
			657	478
			658	478
			659	478
			660	478
			661	478
			662	477
			663	477
			664	477
			665	477
			666	477
			667	477
			668	477
			669	477
			670	477
			671	477
			672	477
			673	477
			674	477
			675	477
			676	476
			677	476
			678	476
			679	476
			680	476
			681	476
			682	476
			683	476
			684	476
			685	476
			686	476
			687	476
			688	476
			689	475
			690	475
			691	475
			692	475
			693	475
			694	475
			695	475
			696	475
			697	475
			698	475
			699	474
			700	474
			701	474
			702	474
			703	474
			704	474
		</Snout_dorsal>
		<Dorsal_adipose type=matrix rownames=FALSE colnames=FALSE nrow=508 ncol=2 as.numeric=TRUE >
			704	474
			705	474
			706	474
			707	474
			708	474
			708	475
			709	475
			710	475
			711	475
			712	475
			713	475
			714	475
			715	475
			716	476
			717	476
			718	476
			719	476
			720	476
			721	476
			722	477
			723	477
			724	477
			725	477
			726	477
			727	477
			728	477
			729	478
			730	478
			731	478
			732	478
			733	478
			734	478
			735	478
			736	479
			737	479
			738	479
			739	479
			740	479
			741	479
			742	480
			743	480
			744	480
			745	480
			746	480
			747	480
			748	480
			749	481
			750	481
			751	481
			752	481
			753	481
			754	481
			755	482
			756	482
			757	482
			758	482
			759	482
			760	482
			761	483
			762	483
			763	483
			764	483
			765	483
			766	484
			767	484
			768	484
			769	484
			770	484
			771	484
			772	484
			773	485
			774	485
			775	485
			776	485
			777	485
			778	486
			779	486
			780	486
			781	486
			782	486
			783	486
			784	487
			785	487
			786	487
			787	487
			788	487
			789	487
			790	488
			791	488
			792	488
			793	488
			794	488
			795	489
			796	489
			797	489
			798	489
			799	489
			800	490
			801	490
			802	490
			803	490
			804	490
			805	490
			806	491
			807	491
			808	491
			809	491
			810	491
			811	492
			812	492
			813	492
			814	492
			815	492
			816	493
			817	493
			818	493
			819	493
			820	493
			821	494
			822	494
			823	494
			824	494
			825	494
			826	495
			827	495
			828	495
			829	495
			830	495
			831	495
			832	496
			833	496
			834	496
			835	496
			836	497
			837	497
			838	497
			839	497
			840	497
			841	498
			842	498
			843	498
			844	498
			845	498
			846	499
			847	499
			848	499
			849	499
			850	499
			851	500
			852	500
			853	500
			854	500
			855	500
			856	501
			857	501
			858	501
			859	501
			860	501
			861	502
			862	502
			863	502
			864	502
			865	503
			866	503
			867	503
			868	503
			869	503
			870	504
			871	504
			872	504
			873	504
			874	504
			875	505
			876	505
			877	505
			878	505
			879	506
			880	506
			881	506
			882	506
			883	506
			884	507
			885	507
			886	507
			887	507
			888	508
			889	508
			890	508
			891	508
			892	509
			893	509
			894	509
			895	509
			896	509
			897	509
			897	510
			898	510
			899	510
			900	510
			901	510
			902	511
			903	511
			904	511
			905	511
			906	512
			907	512
			908	512
			909	512
			910	512
			911	513
			912	513
			913	513
			914	513
			915	514
			916	514
			917	514
			918	514
			919	515
			920	515
			921	515
			922	515
			923	515
			923	516
			924	516
			925	516
			926	516
			927	516
			928	517
			929	517
			930	517
			931	517
			932	518
			933	518
			934	518
			935	518
			936	518
			937	519
			938	519
			939	519
			940	519
			941	520
			942	520
			943	520
			944	520
			945	521
			946	521
			947	521
			948	521
			949	521
			950	522
			951	522
			952	522
			953	522
			954	523
			955	523
			956	523
			957	523
			958	524
			959	524
			960	524
			961	524
			962	525
			963	525
			964	525
			965	525
			966	526
			967	526
			968	526
			969	526
			970	527
			971	527
			972	527
			973	527
			974	527
			975	527
			976	527
			977	527
			978	527
			979	527
			980	527
			981	527
			982	527
			983	527
			984	528
			985	528
			986	528
			987	528
			988	528
			989	528
			990	528
			991	528
			992	528
			993	528
			994	528
			995	528
			996	528
			997	528
			998	528
			999	528
			1000	528
			1001	528
			1002	528
			1003	528
			1004	528
			1005	528
			1006	529
			1007	529
			1008	529
			1009	529
			1010	529
			1011	529
			1012	529
			1013	529
			1014	529
			1015	529
			1016	529
			1017	529
			1018	529
			1019	529
			1020	529
			1021	529
			1022	529
			1023	529
			1024	529
			1025	530
			1026	530
			1027	530
			1028	530
			1029	530
			1030	530
			1031	530
			1032	530
			1033	530
			1034	530
			1035	530
			1036	530
			1037	530
			1038	530
			1039	530
			1040	530
			1041	530
			1042	530
			1043	531
			1044	531
			1045	531
			1046	531
			1047	531
			1048	531
			1049	531
			1050	531
			1051	531
			1052	531
			1053	531
			1054	531
			1055	531
			1056	531
			1057	531
			1058	532
			1059	532
			1060	532
			1061	532
			1062	532
			1063	532
			1064	532
			1065	532
			1066	532
			1067	532
			1068	532
			1069	532
			1070	532
			1071	533
			1072	533
			1073	533
			1074	533
			1075	533
			1076	533
			1077	533
			1078	533
			1079	533
			1080	533
			1081	533
			1082	534
			1083	534
			1084	534
			1085	534
			1086	534
			1087	534
			1088	534
			1089	534
			1090	534
			1091	534
			1092	534
			1092	535
			1093	535
			1094	535
			1095	535
			1096	535
			1097	535
			1098	535
			1099	535
			1100	535
			1101	536
			1102	536
			1103	536
			1104	536
			1105	536
			1106	536
			1107	536
			1108	536
			1109	537
			1110	537
			1111	537
			1112	537
			1113	537
			1114	537
			1115	538
			1116	538
			1117	538
			1118	538
			1119	539
			1120	539
			1121	539
			1122	539
			1123	540
			1124	540
			1125	540
			1126	541
			1127	541
			1128	542
			1129	542
			1130	542
			1131	542
			1132	543
			1133	543
			1134	543
			1135	543
			1136	543
			1137	543
			1138	543
			1139	543
			1140	544
			1141	544
			1142	544
			1143	544
			1144	544
			1145	544
			1146	544
			1147	544
			1148	544
			1149	545
			1150	545
			1151	545
			1152	545
			1153	545
			1154	545
			1155	545
			1156	545
			1157	545
			1158	545
			1159	546
			1160	546
			1161	546
			1162	546
			1163	546
			1164	546
			1165	546
			1166	546
			1167	546
			1168	546
			1169	546
			1170	547
			1171	547
			1172	547
			1173	547
			1174	547
			1175	547
			1176	547
			1177	547
			1178	547
			1179	547
			1180	547
			1181	547
			1182	547
			1183	548
			1184	548
			1185	548
			1186	548
			1187	548
			1188	548
			1189	548
			1190	548
			1191	548
			1192	548
			1193	548
			1194	548
			1195	548
			1196	548
			1197	548
			1198	549
			1199	549
			1200	549
			1201	549
			1202	549
			1203	549
			1204	549
			1205	549
			1206	549
			1207	549
		</Dorsal_adipose>
		<Adipose_caudal type=matrix rownames=FALSE colnames=FALSE nrow=256 ncol=2 as.numeric=TRUE >
			1207	549
			1208	549
			1209	549
			1210	550
			1211	550
			1212	550
			1213	551
			1214	551
			1215	552
			1216	552
			1217	553
			1218	554
			1219	555
			1220	556
			1221	557
			1222	558
			1222	559
			1223	560
			1224	560
			1225	561
			1226	561
			1227	561
			1228	561
			1229	561
			1230	562
			1231	562
			1232	562
			1233	562
			1234	562
			1235	562
			1236	563
			1237	563
			1238	563
			1239	563
			1240	563
			1241	564
			1242	564
			1243	564
			1244	564
			1245	564
			1246	564
			1247	564
			1248	565
			1249	565
			1250	565
			1251	565
			1252	565
			1253	565
			1254	565
			1255	566
			1256	566
			1257	566
			1258	566
			1259	566
			1260	566
			1261	566
			1262	566
			1263	567
			1264	567
			1265	567
			1266	567
			1267	567
			1268	567
			1269	567
			1270	567
			1271	567
			1272	567
			1273	567
			1274	568
			1275	568
			1276	568
			1277	568
			1278	568
			1279	568
			1280	568
			1281	568
			1282	568
			1283	568
			1284	568
			1285	568
			1286	568
			1287	568
			1288	568
			1289	568
			1290	568
			1291	569
			1292	569
			1293	569
			1294	569
			1295	569
			1296	569
			1297	569
			1298	569
			1299	569
			1300	569
			1301	569
			1302	569
			1303	569
			1304	569
			1305	569
			1306	569
			1307	570
			1308	571
			1309	571
			1310	572
			1311	573
			1312	573
			1313	573
			1314	574
			1315	574
			1316	574
			1317	574
			1318	574
			1319	575
			1320	575
			1321	575
			1322	575
			1323	575
			1324	575
			1325	576
			1326	576
			1327	576
			1328	576
			1329	576
			1330	576
			1331	576
			1332	576
			1333	576
			1334	576
			1335	576
			1336	576
			1337	576
			1338	576
			1339	576
			1340	576
			1341	576
			1342	577
			1343	577
			1344	577
			1345	577
			1346	577
			1347	577
			1348	577
			1349	577
			1350	577
			1351	577
			1352	577
			1353	577
			1354	577
			1355	576
			1356	576
			1357	576
			1358	576
			1359	576
			1360	576
			1361	576
			1362	576
			1363	576
			1364	576
			1365	576
			1366	576
			1367	576
			1368	576
			1369	576
			1370	576
			1371	576
			1372	576
			1373	576
			1374	576
			1375	576
			1376	576
			1377	576
			1378	576
			1379	576
			1380	576
			1381	575
			1382	575
			1383	575
			1384	575
			1385	575
			1386	575
			1387	575
			1388	575
			1389	575
			1390	575
			1391	575
			1392	575
			1393	575
			1394	574
			1395	574
			1396	574
			1397	574
			1398	574
			1399	574
			1400	574
			1401	574
			1402	574
			1403	574
			1404	573
			1405	573
			1406	573
			1407	573
			1408	573
			1409	573
			1410	573
			1411	573
			1412	573
			1413	573
			1414	572
			1415	572
			1416	572
			1417	572
			1418	572
			1419	572
			1420	572
			1421	572
			1422	572
			1423	572
			1424	572
			1425	572
			1426	571
			1427	571
			1428	571
			1429	571
			1430	571
			1431	571
			1432	571
			1433	571
			1434	571
			1435	571
			1436	571
			1437	571
			1438	571
			1439	571
			1440	571
			1441	571
			1442	571
			1443	571
			1444	571
			1445	571
			1446	571
			1447	571
			1448	571
			1449	571
			1450	571
			1451	571
			1452	571
			1453	571
			1454	571
			1455	571
			1456	571
			1457	571
			1458	571
			1459	571
			1460	572
			1461	572
		</Adipose_caudal>
		<Caudal_anal type=matrix rownames=FALSE colnames=FALSE nrow=512 ncol=2 as.numeric=TRUE >
			1472	701
			1471	702
			1470	702
			1469	702
			1468	703
			1467	703
			1466	704
			1465	704
			1464	704
			1463	705
			1462	705
			1461	705
			1460	706
			1459	706
			1458	706
			1457	707
			1456	707
			1455	707
			1454	707
			1453	707
			1452	708
			1451	708
			1450	708
			1449	708
			1448	708
			1447	708
			1446	709
			1445	709
			1444	709
			1443	709
			1442	709
			1441	709
			1440	709
			1439	710
			1438	710
			1437	710
			1436	710
			1435	710
			1434	710
			1433	710
			1432	710
			1431	710
			1430	711
			1429	711
			1428	711
			1427	711
			1426	711
			1425	711
			1424	711
			1423	711
			1422	711
			1421	711
			1420	711
			1419	711
			1418	711
			1417	711
			1416	711
			1415	712
			1414	712
			1413	712
			1412	712
			1411	712
			1410	712
			1409	712
			1408	712
			1407	712
			1406	712
			1405	712
			1404	712
			1403	712
			1402	712
			1401	712
			1400	712
			1399	712
			1398	712
			1397	712
			1396	712
			1395	712
			1394	712
			1393	712
			1392	712
			1391	712
			1390	712
			1389	712
			1388	712
			1387	712
			1386	712
			1385	712
			1384	712
			1383	712
			1382	712
			1381	712
			1380	712
			1379	712
			1378	712
			1377	712
			1376	712
			1375	712
			1374	712
			1373	712
			1372	712
			1371	711
			1370	711
			1369	711
			1368	711
			1367	711
			1366	711
			1365	711
			1364	711
			1363	711
			1362	711
			1361	711
			1360	711
			1359	711
			1358	711
			1357	711
			1356	711
			1355	711
			1354	711
			1353	711
			1352	712
			1351	712
			1350	712
			1349	712
			1348	712
			1347	712
			1346	712
			1345	712
			1344	712
			1343	712
			1342	712
			1341	712
			1340	712
			1339	712
			1338	712
			1337	712
			1336	712
			1335	712
			1334	712
			1333	712
			1332	712
			1331	712
			1330	712
			1329	712
			1328	712
			1327	712
			1326	712
			1325	712
			1324	713
			1323	713
			1322	713
			1321	713
			1320	713
			1319	713
			1318	713
			1317	713
			1316	713
			1315	713
			1314	713
			1313	713
			1312	713
			1311	713
			1310	714
			1309	714
			1308	714
			1307	714
			1306	714
			1305	714
			1304	714
			1303	714
			1302	714
			1301	714
			1300	714
			1299	715
			1298	715
			1297	715
			1296	715
			1295	715
			1294	715
			1293	715
			1292	715
			1291	715
			1290	716
			1289	716
			1288	716
			1287	716
			1286	716
			1285	716
			1284	716
			1283	716
			1282	717
			1281	717
			1280	717
			1279	717
			1278	717
			1277	717
			1276	717
			1276	718
			1275	718
			1274	718
			1273	718
			1272	718
			1271	718
			1270	718
			1269	719
			1268	719
			1267	719
			1266	719
			1265	719
			1264	720
			1263	720
			1262	720
			1261	720
			1260	720
			1259	720
			1258	721
			1257	721
			1256	721
			1255	721
			1254	721
			1253	722
			1252	722
			1251	722
			1250	722
			1249	722
			1248	723
			1247	723
			1246	723
			1245	723
			1244	723
			1243	723
			1242	724
			1241	724
			1240	724
			1239	724
			1238	724
			1237	724
			1236	725
			1235	725
			1234	725
			1233	725
			1232	725
			1232	726
			1231	726
			1230	726
			1229	726
			1228	726
			1227	726
			1226	727
			1225	727
			1224	727
			1223	727
			1222	727
			1221	727
			1220	728
			1219	728
			1218	728
			1217	728
			1216	728
			1215	729
			1214	729
			1213	729
			1212	729
			1211	729
			1210	729
			1209	730
			1208	730
			1207	730
			1206	730
			1205	730
			1204	731
			1203	731
			1202	731
			1201	731
			1200	731
			1199	731
			1199	732
			1198	732
			1197	732
			1196	732
			1195	732
			1194	732
			1193	733
			1192	733
			1191	733
			1190	733
			1189	733
			1188	734
			1187	734
			1186	734
			1185	734
			1184	734
			1183	734
			1182	735
			1181	735
			1180	735
			1179	735
			1178	735
			1177	735
			1176	736
			1175	736
			1174	736
			1173	736
			1172	736
			1171	737
			1170	737
			1169	737
			1168	737
			1167	737
			1166	737
			1165	738
			1164	738
			1163	738
			1162	738
			1161	738
			1160	739
			1159	739
			1158	739
			1157	739
			1156	739
			1155	739
			1154	740
			1153	740
			1152	740
			1151	740
			1150	740
			1149	740
			1149	741
			1148	741
			1147	741
			1146	741
			1145	741
			1144	741
			1143	742
			1142	742
			1141	742
			1140	742
			1139	742
			1138	742
			1138	743
			1137	743
			1136	743
			1135	743
			1134	743
			1133	743
			1132	744
			1131	744
			1130	744
			1129	744
			1128	744
			1127	745
			1126	745
			1125	745
			1124	745
			1123	745
			1122	745
			1121	746
			1120	746
			1119	746
			1118	746
			1117	746
			1116	747
			1115	747
			1114	747
			1113	747
			1112	747
			1111	747
			1110	748
			1109	748
			1108	748
			1107	748
			1106	748
			1105	748
			1105	749
			1104	749
			1103	749
			1102	749
			1101	749
			1100	749
			1099	750
			1098	750
			1097	750
			1096	750
			1095	750
			1094	750
			1093	751
			1092	751
			1091	751
			1090	751
			1089	751
			1088	752
			1087	752
			1086	752
			1085	752
			1084	752
			1083	753
			1082	753
			1081	753
			1080	753
			1079	753
			1078	753
			1077	754
			1076	754
			1075	754
			1074	754
			1073	754
			1072	754
			1071	755
			1070	755
			1069	755
			1068	755
			1067	755
			1066	756
			1065	756
			1064	756
			1063	756
			1062	756
			1061	756
			1060	757
			1059	757
			1058	757
			1057	757
			1056	757
			1055	758
			1054	758
			1053	758
			1052	758
			1051	758
			1050	758
			1049	759
			1048	759
			1047	759
			1046	759
			1045	759
			1044	759
			1043	760
			1042	760
			1041	760
			1040	760
			1039	760
			1038	761
			1037	761
			1036	761
			1035	761
			1034	761
			1033	761
			1032	762
			1031	762
			1030	762
			1029	762
			1028	762
			1027	762
			1026	763
			1025	763
			1024	763
			1023	763
			1022	763
			1021	764
			1020	764
			1019	764
			1018	764
			1017	764
			1016	764
			1015	765
			1014	765
			1013	765
			1012	765
			1011	765
			1010	766
			1009	766
			1008	766
			1007	766
			1006	766
			1005	766
			1004	767
			1003	767
			1002	767
			1001	767
			1000	767
			999	767
			998	768
			997	768
			996	768
			995	768
			994	768
			993	768
			992	769
			991	769
			990	769
			989	769
			988	769
			987	770
			986	770
			985	770
			984	770
			983	770
			982	770
			981	771
			980	771
			979	771
			978	771
			977	771
			976	771
			975	772
			974	772
			973	772
			972	772
			971	772
			970	773
			969	773
			968	773
			967	773
		</Caudal_anal>
	</curves.pixel>
	<curves.scaled type=list>
		<Snout_dorsal type=matrix rownames=FALSE colnames=FALSE nrow=594 ncol=2 as.numeric=TRUE >
			6.83737596438778	-23.5147850627093
			6.80119937198361	-23.4786084703051
			6.80119937198361	-23.442431877901
			6.76502277957945	-23.4062552854968
			6.76502277957945	-23.3700786930926
			6.72884618717528	-23.3339021006885
			6.72884618717528	-23.2977255082843
			6.69266959477111	-23.2615489158801
			6.69266959477111	-23.225372323476
			6.65649300236694	-23.1891957310718
			6.65649300236694	-23.1530191386676
			6.65649300236694	-23.1168425462635
			6.65649300236694	-23.0806659538593
			6.62031640996277	-23.0806659538593
			6.62031640996277	-23.0444893614551
			6.62031640996277	-23.0083127690509
			6.62031640996277	-22.9721361766468
			6.5841398175586	-22.9359595842426
			6.5841398175586	-22.8997829918384
			6.5841398175586	-22.8636063994343
			6.5841398175586	-22.8274298070301
			6.5841398175586	-22.7912532146259
			6.5841398175586	-22.7550766222218
			6.5841398175586	-22.7189000298176
			6.5841398175586	-22.6827234374134
			6.5841398175586	-22.6465468450093
			6.5841398175586	-22.6103702526051
			6.5841398175586	-22.5741936602009
			6.5841398175586	-22.5380170677968
			6.5841398175586	-22.5018404753926
			6.5841398175586	-22.4656638829884
			6.5841398175586	-22.4294872905843
			6.5841398175586	-22.3933106981801
			6.5841398175586	-22.3571341057759
			6.5841398175586	-22.3209575133718
			6.62031640996277	-22.2847809209676
			6.62031640996277	-22.2486043285634
			6.62031640996277	-22.2124277361592
			6.62031640996277	-22.1762511437551
			6.62031640996277	-22.1400745513509
			6.65649300236694	-22.1038979589467
			6.65649300236694	-22.0677213665426
			6.65649300236694	-22.0315447741384
			6.69266959477111	-21.9953681817342
			6.69266959477111	-21.9591915893301
			6.69266959477111	-21.9230149969259
			6.72884618717528	-21.8868384045217
			6.72884618717528	-21.8506618121176
			6.72884618717528	-21.8144852197134
			6.76502277957945	-21.7783086273092
			6.76502277957945	-21.7421320349051
			6.76502277957945	-21.7059554425009
			6.80119937198361	-21.6697788500967
			6.80119937198361	-21.6336022576926
			6.83737596438778	-21.5974256652884
			6.83737596438778	-21.5612490728842
			6.87355255679195	-21.5612490728842
			6.87355255679195	-21.5250724804801
			6.87355255679195	-21.4888958880759
			6.90972914919612	-21.4527192956717
			6.90972914919612	-21.4165427032675
			6.94590574160029	-21.4165427032675
			6.94590574160029	-21.3803661108634
			6.94590574160029	-21.3441895184592
			6.98208233400445	-21.308012926055
			6.98208233400445	-21.2718363336509
			7.01825892640862	-21.2718363336509
			7.01825892640862	-21.2356597412467
			7.05443551881279	-21.1994831488425
			7.05443551881279	-21.1633065564384
			7.09061211121696	-21.1271299640342
			7.12678870362113	-21.09095337163
			7.1629652960253	-21.0547767792259
			7.1629652960253	-21.0186001868217
			7.19914188842946	-20.9824235944175
			7.23531848083363	-20.9462470020134
			7.23531848083363	-20.9100704096092
			7.2714950732378	-20.873893817205
			7.30767166564197	-20.8377172248009
			7.34384825804614	-20.8015406323967
			7.34384825804614	-20.7653640399925
			7.3800248504503	-20.7291874475884
			7.41620144285447	-20.6930108551842
			7.45237803525864	-20.65683426278
			7.45237803525864	-20.6206576703758
			7.48855462766281	-20.5844810779717
			7.48855462766281	-20.5483044855675
			7.52473122006698	-20.5483044855675
			7.56090781247114	-20.5121278931633
			7.56090781247114	-20.4759513007592
			7.59708440487531	-20.4759513007592
			7.59708440487531	-20.439774708355
			7.63326099727948	-20.4035981159508
			7.66943758968365	-20.3674215235467
			7.70561418208782	-20.3312449311425
			7.74179077449199	-20.2950683387383
			7.77796736689615	-20.2588917463342
			7.81414395930032	-20.22271515393
			7.85032055170449	-20.1865385615258
			7.88649714410866	-20.1865385615258
			7.88649714410866	-20.1503619691217
			7.92267373651283	-20.1141853767175
			7.95885032891699	-20.0780087843133
			7.99502692132116	-20.0418321919092
			8.03120351372533	-20.0418321919092
			8.0673801061295	-20.005655599505
			8.10355669853367	-19.9694790071008
			8.13973329093784	-19.9333024146967
			8.175909883342	-19.8971258222925
			8.21208647574617	-19.8971258222925
			8.24826306815034	-19.8609492298883
			8.28443966055451	-19.8247726374842
			8.28443966055451	-19.78859604508
			8.32061625295868	-19.78859604508
			8.35679284536285	-19.7524194526758
			8.39296943776701	-19.7162428602716
			8.42914603017118	-19.6800662678675
			8.46532262257535	-19.6800662678675
			8.50149921497952	-19.6438896754633
			8.53767580738369	-19.6077130830591
			8.57385239978785	-19.571536490655
			8.61002899219202	-19.571536490655
			8.64620558459619	-19.5353598982508
			8.68238217700036	-19.4991833058466
			8.71855876940453	-19.4991833058466
			8.75473536180869	-19.4630067134425
			8.79091195421286	-19.4268301210383
			8.82708854661703	-19.4268301210383
			8.8632651390212	-19.3906535286341
			8.89944173142537	-19.35447693623
			8.93561832382954	-19.35447693623
			8.9717949162337	-19.3183003438258
			9.00797150863787	-19.2821237514216
			9.04414810104204	-19.2821237514216
			9.08032469344621	-19.2459471590175
			9.11650128585038	-19.2459471590175
			9.11650128585038	-19.2097705666133
			9.15267787825454	-19.2097705666133
			9.18885447065871	-19.2097705666133
			9.18885447065871	-19.1735939742091
			9.22503106306288	-19.1735939742091
			9.26120765546705	-19.137417381805
			9.29738424787122	-19.137417381805
			9.33356084027539	-19.1012407894008
			9.36973743267955	-19.0650641969966
			9.40591402508372	-19.0650641969966
			9.44209061748789	-19.0650641969966
			9.44209061748789	-19.0288876045925
			9.47826720989206	-19.0288876045925
			9.51444380229623	-18.9927110121883
			9.55062039470039	-18.9927110121883
			9.58679698710456	-18.9565344197841
			9.62297357950873	-18.9565344197841
			9.6591501719129	-18.9203578273799
			9.69532676431707	-18.9203578273799
			9.73150335672123	-18.8841812349758
			9.7676799491254	-18.8841812349758
			9.80385654152957	-18.8480046425716
			9.84003313393374	-18.8480046425716
			9.87620972633791	-18.8118280501674
			9.91238631874208	-18.8118280501674
			9.94856291114624	-18.7756514577633
			9.98473950355041	-18.7756514577633
			10.0209160959546	-18.7394748653591
			10.0570926883587	-18.7394748653591
			10.0932692807629	-18.7032982729549
			10.1294458731671	-18.7032982729549
			10.1656224655713	-18.6671216805508
			10.2017990579754	-18.6671216805508
			10.2379756503796	-18.6309450881466
			10.2741522427838	-18.6309450881466
			10.3103288351879	-18.6309450881466
			10.3465054275921	-18.5947684957424
			10.3826820199963	-18.5947684957424
			10.4188586124004	-18.5585919033383
			10.4550352048046	-18.5585919033383
			10.4912117972088	-18.5585919033383
			10.5273883896129	-18.5224153109341
			10.5635649820171	-18.5224153109341
			10.5997415744213	-18.4862387185299
			10.6359181668254	-18.4862387185299
			10.6720947592296	-18.4862387185299
			10.7082713516338	-18.4500621261258
			10.7444479440379	-18.4500621261258
			10.7806245364421	-18.4500621261258
			10.8168011288463	-18.4138855337216
			10.8529777212504	-18.4138855337216
			10.8891543136546	-18.4138855337216
			10.9253309060588	-18.3777089413174
			10.961507498463	-18.3777089413174
			10.9976840908671	-18.3777089413174
			10.9976840908671	-18.3415323489133
			11.0338606832713	-18.3415323489133
			11.0700372756755	-18.3415323489133
			11.1062138680796	-18.3053557565091
			11.1423904604838	-18.3053557565091
			11.178567052888	-18.3053557565091
			11.2147436452921	-18.2691791641049
			11.2509202376963	-18.2691791641049
			11.2870968301005	-18.2691791641049
			11.3232734225046	-18.2330025717008
			11.3594500149088	-18.2330025717008
			11.395626607313	-18.2330025717008
			11.4318031997171	-18.1968259792966
			11.4679797921213	-18.1968259792966
			11.5041563845255	-18.1968259792966
			11.5403329769296	-18.1968259792966
			11.5765095693338	-18.1606493868924
			11.612686161738	-18.1606493868924
			11.6488627541421	-18.1606493868924
			11.6850393465463	-18.1244727944882
			11.7212159389505	-18.1244727944882
			11.7573925313547	-18.1244727944882
			11.7935691237588	-18.1244727944882
			11.829745716163	-18.0882962020841
			11.8659223085672	-18.0882962020841
			11.9020989009713	-18.0882962020841
			11.9382754933755	-18.0882962020841
			11.9744520857797	-18.0521196096799
			12.0106286781838	-18.0521196096799
			12.046805270588	-18.0521196096799
			12.0829818629922	-18.0521196096799
			12.1191584553963	-18.0159430172757
			12.1553350478005	-18.0159430172757
			12.1915116402047	-18.0159430172757
			12.2276882326088	-18.0159430172757
			12.263864825013	-17.9797664248716
			12.3000414174172	-17.9797664248716
			12.3362180098213	-17.9797664248716
			12.3723946022255	-17.9797664248716
			12.4085711946297	-17.9797664248716
			12.4085711946297	-17.9435898324674
			12.4447477870338	-17.9435898324674
			12.480924379438	-17.9435898324674
			12.5171009718422	-17.9435898324674
			12.5532775642464	-17.9435898324674
			12.5894541566505	-17.9074132400632
			12.6256307490547	-17.9074132400632
			12.6618073414589	-17.9074132400632
			12.697983933863	-17.9074132400632
			12.7341605262672	-17.9074132400632
			12.7703371186714	-17.9074132400632
			12.8065137110755	-17.8712366476591
			12.8426903034797	-17.8712366476591
			12.8788668958839	-17.8712366476591
			12.915043488288	-17.8712366476591
			12.9512200806922	-17.8712366476591
			12.9873966730964	-17.8350600552549
			13.0235732655005	-17.8350600552549
			13.0597498579047	-17.8350600552549
			13.0959264503089	-17.8350600552549
			13.132103042713	-17.8350600552549
			13.1682796351172	-17.8350600552549
			13.2044562275214	-17.7988834628507
			13.2406328199255	-17.7988834628507
			13.2768094123297	-17.7988834628507
			13.3129860047339	-17.7988834628507
			13.3491625971381	-17.7988834628507
			13.3853391895422	-17.7988834628507
			13.4215157819464	-17.7627068704466
			13.4576923743506	-17.7627068704466
			13.4938689667547	-17.7627068704466
			13.5300455591589	-17.7627068704466
			13.5662221515631	-17.7627068704466
			13.6023987439672	-17.7627068704466
			13.6385753363714	-17.7627068704466
			13.6747519287756	-17.7627068704466
			13.7109285211797	-17.7627068704466
			13.7471051135839	-17.7265302780424
			13.7832817059881	-17.7265302780424
			13.8194582983922	-17.7265302780424
			13.8556348907964	-17.7265302780424
			13.8918114832006	-17.7265302780424
			13.9279880756047	-17.7265302780424
			13.9641646680089	-17.7265302780424
			14.0003412604131	-17.7265302780424
			14.0365178528172	-17.7265302780424
			14.0726944452214	-17.7265302780424
			14.1088710376256	-17.6903536856382
			14.1450476300297	-17.6903536856382
			14.1812242224339	-17.6903536856382
			14.2174008148381	-17.6903536856382
			14.2535774072423	-17.6903536856382
			14.2897539996464	-17.6903536856382
			14.3259305920506	-17.6903536856382
			14.3621071844548	-17.6903536856382
			14.3982837768589	-17.6903536856382
			14.4344603692631	-17.6903536856382
			14.4706369616673	-17.6903536856382
			14.5068135540714	-17.6541770932341
			14.5429901464756	-17.6541770932341
			14.5791667388798	-17.6541770932341
			14.6153433312839	-17.6541770932341
			14.6515199236881	-17.6541770932341
			14.6876965160923	-17.6541770932341
			14.7238731084964	-17.6541770932341
			14.7600497009006	-17.6541770932341
			14.7962262933048	-17.6541770932341
			14.8324028857089	-17.6541770932341
			14.8685794781131	-17.6541770932341
			14.9047560705173	-17.6541770932341
			14.9409326629214	-17.6541770932341
			14.9771092553256	-17.6180005008299
			15.0132858477298	-17.6180005008299
			15.049462440134	-17.6180005008299
			15.0856390325381	-17.6180005008299
			15.1218156249423	-17.6180005008299
			15.1579922173465	-17.6180005008299
			15.1941688097506	-17.6180005008299
			15.2303454021548	-17.6180005008299
			15.266521994559	-17.6180005008299
			15.3026985869631	-17.6180005008299
			15.3388751793673	-17.6180005008299
			15.3750517717715	-17.6180005008299
			15.4112283641756	-17.6180005008299
			15.4474049565798	-17.6180005008299
			15.483581548984	-17.5818239084257
			15.5197581413881	-17.5818239084257
			15.5559347337923	-17.5818239084257
			15.5921113261965	-17.5818239084257
			15.6282879186006	-17.5818239084257
			15.6644645110048	-17.5818239084257
			15.700641103409	-17.5818239084257
			15.7368176958131	-17.5818239084257
			15.7729942882173	-17.5818239084257
			15.8091708806215	-17.5818239084257
			15.8453474730257	-17.5818239084257
			15.8815240654298	-17.5818239084257
			15.917700657834	-17.5818239084257
			15.9538772502382	-17.5818239084257
			15.9900538426423	-17.5818239084257
			16.0262304350465	-17.5456473160216
			16.0624070274507	-17.5456473160216
			16.0985836198548	-17.5456473160216
			16.134760212259	-17.5456473160216
			16.1709368046632	-17.5456473160216
			16.2071133970673	-17.5456473160216
			16.2432899894715	-17.5456473160216
			16.2794665818757	-17.5456473160216
			16.3156431742798	-17.5456473160216
			16.351819766684	-17.5456473160216
			16.3879963590882	-17.5456473160216
			16.4241729514923	-17.5456473160216
			16.4603495438965	-17.5456473160216
			16.4965261363007	-17.5456473160216
			16.5327027287048	-17.5456473160216
			16.568879321109	-17.5456473160216
			16.6050559135132	-17.5456473160216
			16.6412325059174	-17.5456473160216
			16.6774090983215	-17.5456473160216
			16.6774090983215	-17.5094707236174
			16.7135856907257	-17.5094707236174
			16.7497622831299	-17.5094707236174
			16.785938875534	-17.5094707236174
			16.8221154679382	-17.5094707236174
			16.8582920603424	-17.5094707236174
			16.8944686527465	-17.5094707236174
			16.9306452451507	-17.5094707236174
			16.9668218375549	-17.5094707236174
			17.002998429959	-17.5094707236174
			17.0391750223632	-17.5094707236174
			17.0753516147674	-17.5094707236174
			17.1115282071715	-17.5094707236174
			17.1477047995757	-17.5094707236174
			17.1838813919799	-17.5094707236174
			17.220057984384	-17.5094707236174
			17.2562345767882	-17.5094707236174
			17.2924111691924	-17.5094707236174
			17.3285877615965	-17.5094707236174
			17.3647643540007	-17.5094707236174
			17.4009409464049	-17.5094707236174
			17.4371175388091	-17.5094707236174
			17.4732941312132	-17.5094707236174
			17.5094707236174	-17.4732941312132
			17.5456473160216	-17.4732941312132
			17.5818239084257	-17.4732941312132
			17.6180005008299	-17.4732941312132
			17.6541770932341	-17.4732941312132
			17.6903536856382	-17.4732941312132
			17.7265302780424	-17.4732941312132
			17.7627068704466	-17.4732941312132
			17.7988834628507	-17.4732941312132
			17.8350600552549	-17.4732941312132
			17.8712366476591	-17.4732941312132
			17.9074132400632	-17.4732941312132
			17.9435898324674	-17.4732941312132
			17.9797664248716	-17.4732941312132
			18.0159430172757	-17.4732941312132
			18.0521196096799	-17.4732941312132
			18.0882962020841	-17.4732941312132
			18.1244727944882	-17.4732941312132
			18.1606493868924	-17.4732941312132
			18.1968259792966	-17.4732941312132
			18.2330025717008	-17.4732941312132
			18.2691791641049	-17.4732941312132
			18.3053557565091	-17.4732941312132
			18.3415323489133	-17.4732941312132
			18.3777089413174	-17.4732941312132
			18.4138855337216	-17.4732941312132
			18.4500621261258	-17.4732941312132
			18.4862387185299	-17.4732941312132
			18.5224153109341	-17.4732941312132
			18.5585919033383	-17.4732941312132
			18.5947684957424	-17.4732941312132
			18.6309450881466	-17.4732941312132
			18.6671216805508	-17.4732941312132
			18.7032982729549	-17.4371175388091
			18.7394748653591	-17.4371175388091
			18.7756514577633	-17.4371175388091
			18.8118280501674	-17.4371175388091
			18.8480046425716	-17.4371175388091
			18.8841812349758	-17.4371175388091
			18.9203578273799	-17.4371175388091
			18.9565344197841	-17.4371175388091
			18.9927110121883	-17.4371175388091
			19.0288876045925	-17.4371175388091
			19.0650641969966	-17.4371175388091
			19.1012407894008	-17.4371175388091
			19.137417381805	-17.4371175388091
			19.1735939742091	-17.4371175388091
			19.2097705666133	-17.4371175388091
			19.2459471590175	-17.4371175388091
			19.2821237514216	-17.4371175388091
			19.3183003438258	-17.4371175388091
			19.35447693623	-17.4371175388091
			19.3906535286341	-17.4371175388091
			19.4268301210383	-17.4371175388091
			19.4630067134425	-17.4371175388091
			19.4991833058466	-17.4371175388091
			19.5353598982508	-17.4371175388091
			19.571536490655	-17.4371175388091
			19.6077130830591	-17.4371175388091
			19.6438896754633	-17.4371175388091
			19.6800662678675	-17.4371175388091
			19.7162428602716	-17.4371175388091
			19.7524194526758	-17.4371175388091
			19.78859604508	-17.4371175388091
			19.8247726374842	-17.4371175388091
			19.8609492298883	-17.4371175388091
			19.8971258222925	-17.4371175388091
			19.9333024146967	-17.4371175388091
			19.9694790071008	-17.4371175388091
			20.005655599505	-17.4371175388091
			20.0418321919092	-17.4371175388091
			20.0780087843133	-17.4371175388091
			20.1141853767175	-17.4371175388091
			20.1503619691217	-17.4371175388091
			20.1865385615258	-17.4371175388091
			20.22271515393	-17.4371175388091
			20.2588917463342	-17.4371175388091
			20.2950683387383	-17.4371175388091
			20.3312449311425	-17.4371175388091
			20.3674215235467	-17.4371175388091
			20.4035981159508	-17.4371175388091
			20.439774708355	-17.4371175388091
			20.4759513007592	-17.4371175388091
			20.5121278931633	-17.4371175388091
			20.5483044855675	-17.4371175388091
			20.5844810779717	-17.4371175388091
			20.6206576703758	-17.4371175388091
			20.65683426278	-17.4371175388091
			20.6930108551842	-17.4371175388091
			20.7291874475884	-17.4371175388091
			20.7653640399925	-17.4371175388091
			20.8015406323967	-17.4371175388091
			20.8377172248009	-17.4371175388091
			20.873893817205	-17.4371175388091
			20.9100704096092	-17.4371175388091
			20.9462470020134	-17.4371175388091
			20.9824235944175	-17.4009409464049
			21.0186001868217	-17.4009409464049
			21.0547767792259	-17.4009409464049
			21.09095337163	-17.4009409464049
			21.1271299640342	-17.4009409464049
			21.1633065564384	-17.4009409464049
			21.1994831488425	-17.4009409464049
			21.2356597412467	-17.4009409464049
			21.2718363336509	-17.4009409464049
			21.308012926055	-17.4009409464049
			21.3441895184592	-17.4009409464049
			21.3803661108634	-17.4009409464049
			21.4165427032675	-17.4009409464049
			21.4527192956717	-17.4009409464049
			21.4888958880759	-17.4009409464049
			21.5250724804801	-17.4009409464049
			21.5612490728842	-17.4009409464049
			21.5974256652884	-17.4009409464049
			21.6336022576926	-17.4009409464049
			21.6697788500967	-17.4009409464049
			21.7059554425009	-17.4009409464049
			21.7421320349051	-17.4009409464049
			21.7783086273092	-17.4009409464049
			21.8144852197134	-17.4009409464049
			21.8506618121176	-17.4009409464049
			21.8868384045217	-17.3647643540007
			21.9230149969259	-17.3647643540007
			21.9591915893301	-17.3647643540007
			21.9953681817342	-17.3647643540007
			22.0315447741384	-17.3647643540007
			22.0677213665426	-17.3647643540007
			22.1038979589467	-17.3647643540007
			22.1400745513509	-17.3647643540007
			22.1762511437551	-17.3647643540007
			22.2124277361592	-17.3647643540007
			22.2486043285634	-17.3647643540007
			22.2847809209676	-17.3647643540007
			22.3209575133718	-17.3647643540007
			22.3571341057759	-17.3647643540007
			22.3933106981801	-17.3647643540007
			22.4294872905843	-17.3647643540007
			22.4656638829884	-17.3647643540007
			22.5018404753926	-17.3647643540007
			22.5380170677968	-17.3647643540007
			22.5741936602009	-17.3647643540007
			22.6103702526051	-17.3647643540007
			22.6465468450093	-17.3647643540007
			22.6827234374134	-17.3285877615965
			22.7189000298176	-17.3285877615965
			22.7550766222218	-17.3285877615965
			22.7912532146259	-17.3285877615965
			22.8274298070301	-17.3285877615965
			22.8636063994343	-17.3285877615965
			22.8997829918384	-17.3285877615965
			22.9359595842426	-17.3285877615965
			22.9721361766468	-17.3285877615965
			23.0083127690509	-17.3285877615965
			23.0444893614551	-17.3285877615965
			23.0806659538593	-17.3285877615965
			23.1168425462635	-17.3285877615965
			23.1530191386676	-17.3285877615965
			23.1891957310718	-17.3285877615965
			23.225372323476	-17.3285877615965
			23.2615489158801	-17.3285877615965
			23.2977255082843	-17.3285877615965
			23.3339021006885	-17.3285877615965
			23.3700786930926	-17.2924111691924
			23.4062552854968	-17.2924111691924
			23.442431877901	-17.2924111691924
			23.4786084703051	-17.2924111691924
			23.5147850627093	-17.2924111691924
			23.5509616551135	-17.2924111691924
			23.5871382475176	-17.2924111691924
			23.6233148399218	-17.2924111691924
			23.659491432326	-17.2924111691924
			23.6956680247301	-17.2924111691924
			23.7318446171343	-17.2924111691924
			23.7680212095385	-17.2924111691924
			23.8041978019426	-17.2924111691924
			23.8403743943468	-17.2924111691924
			23.876550986751	-17.2924111691924
			23.9127275791552	-17.2924111691924
			23.9489041715593	-17.2562345767882
			23.9850807639635	-17.2562345767882
			24.0212573563677	-17.2562345767882
			24.0574339487718	-17.2562345767882
			24.093610541176	-17.2562345767882
			24.1297871335802	-17.2562345767882
			24.1659637259843	-17.2562345767882
			24.2021403183885	-17.2562345767882
			24.2383169107927	-17.2562345767882
			24.2744935031968	-17.2562345767882
			24.310670095601	-17.2562345767882
			24.3468466880052	-17.2562345767882
			24.3830232804093	-17.2562345767882
			24.4191998728135	-17.2562345767882
			24.4553764652177	-17.220057984384
			24.4915530576218	-17.220057984384
			24.527729650026	-17.220057984384
			24.5639062424302	-17.220057984384
			24.6000828348343	-17.220057984384
			24.6362594272385	-17.220057984384
			24.6724360196427	-17.220057984384
			24.7086126120469	-17.220057984384
			24.744789204451	-17.220057984384
			24.7809657968552	-17.220057984384
			24.8171423892594	-17.220057984384
			24.8533189816635	-17.220057984384
			24.8894955740677	-17.220057984384
			24.9256721664719	-17.1838813919799
			24.961848758876	-17.1838813919799
			24.9980253512802	-17.1838813919799
			25.0342019436844	-17.1838813919799
			25.0703785360885	-17.1838813919799
			25.1065551284927	-17.1838813919799
			25.1427317208969	-17.1838813919799
			25.178908313301	-17.1838813919799
			25.2150849057052	-17.1838813919799
			25.2512614981094	-17.1838813919799
			25.2874380905135	-17.1477047995757
			25.3236146829177	-17.1477047995757
			25.3597912753219	-17.1477047995757
			25.395967867726	-17.1477047995757
			25.4321444601302	-17.1477047995757
			25.4683210525344	-17.1477047995757
		</Snout_dorsal>
		<Dorsal_adipose type=matrix rownames=FALSE colnames=FALSE nrow=508 ncol=2 as.numeric=TRUE >
			25.4683210525344	-17.1477047995757
			25.5044976449386	-17.1477047995757
			25.5406742373427	-17.1477047995757
			25.5768508297469	-17.1477047995757
			25.6130274221511	-17.1477047995757
			25.6130274221511	-17.1838813919799
			25.6492040145552	-17.1838813919799
			25.6853806069594	-17.1838813919799
			25.7215571993636	-17.1838813919799
			25.7577337917677	-17.1838813919799
			25.7939103841719	-17.1838813919799
			25.8300869765761	-17.1838813919799
			25.8662635689802	-17.1838813919799
			25.9024401613844	-17.220057984384
			25.9386167537886	-17.220057984384
			25.9747933461927	-17.220057984384
			26.0109699385969	-17.220057984384
			26.0471465310011	-17.220057984384
			26.0833231234052	-17.220057984384
			26.1194997158094	-17.2562345767882
			26.1556763082136	-17.2562345767882
			26.1918529006177	-17.2562345767882
			26.2280294930219	-17.2562345767882
			26.2642060854261	-17.2562345767882
			26.3003826778302	-17.2562345767882
			26.3365592702344	-17.2562345767882
			26.3727358626386	-17.2924111691924
			26.4089124550428	-17.2924111691924
			26.4450890474469	-17.2924111691924
			26.4812656398511	-17.2924111691924
			26.5174422322553	-17.2924111691924
			26.5536188246594	-17.2924111691924
			26.5897954170636	-17.2924111691924
			26.6259720094678	-17.3285877615965
			26.6621486018719	-17.3285877615965
			26.6983251942761	-17.3285877615965
			26.7345017866803	-17.3285877615965
			26.7706783790844	-17.3285877615965
			26.8068549714886	-17.3285877615965
			26.8430315638928	-17.3647643540007
			26.8792081562969	-17.3647643540007
			26.9153847487011	-17.3647643540007
			26.9515613411053	-17.3647643540007
			26.9877379335094	-17.3647643540007
			27.0239145259136	-17.3647643540007
			27.0600911183178	-17.3647643540007
			27.0962677107219	-17.4009409464049
			27.1324443031261	-17.4009409464049
			27.1686208955303	-17.4009409464049
			27.2047974879345	-17.4009409464049
			27.2409740803386	-17.4009409464049
			27.2771506727428	-17.4009409464049
			27.313327265147	-17.4371175388091
			27.3495038575511	-17.4371175388091
			27.3856804499553	-17.4371175388091
			27.4218570423595	-17.4371175388091
			27.4580336347636	-17.4371175388091
			27.4942102271678	-17.4371175388091
			27.530386819572	-17.4732941312132
			27.5665634119761	-17.4732941312132
			27.6027400043803	-17.4732941312132
			27.6389165967845	-17.4732941312132
			27.6750931891886	-17.4732941312132
			27.7112697815928	-17.5094707236174
			27.747446373997	-17.5094707236174
			27.7836229664011	-17.5094707236174
			27.8197995588053	-17.5094707236174
			27.8559761512095	-17.5094707236174
			27.8921527436137	-17.5094707236174
			27.9283293360178	-17.5094707236174
			27.964505928422	-17.5456473160216
			28.0006825208262	-17.5456473160216
			28.0368591132303	-17.5456473160216
			28.0730357056345	-17.5456473160216
			28.1092122980387	-17.5456473160216
			28.1453888904428	-17.5818239084257
			28.181565482847	-17.5818239084257
			28.2177420752512	-17.5818239084257
			28.2539186676553	-17.5818239084257
			28.2900952600595	-17.5818239084257
			28.3262718524637	-17.5818239084257
			28.3624484448678	-17.6180005008299
			28.398625037272	-17.6180005008299
			28.4348016296762	-17.6180005008299
			28.4709782220803	-17.6180005008299
			28.5071548144845	-17.6180005008299
			28.5433314068887	-17.6180005008299
			28.5795079992928	-17.6541770932341
			28.615684591697	-17.6541770932341
			28.6518611841012	-17.6541770932341
			28.6880377765054	-17.6541770932341
			28.7242143689095	-17.6541770932341
			28.7603909613137	-17.6903536856382
			28.7965675537179	-17.6903536856382
			28.832744146122	-17.6903536856382
			28.8689207385262	-17.6903536856382
			28.9050973309304	-17.6903536856382
			28.9412739233345	-17.7265302780424
			28.9774505157387	-17.7265302780424
			29.0136271081429	-17.7265302780424
			29.049803700547	-17.7265302780424
			29.0859802929512	-17.7265302780424
			29.1221568853554	-17.7265302780424
			29.1583334777595	-17.7627068704466
			29.1945100701637	-17.7627068704466
			29.2306866625679	-17.7627068704466
			29.266863254972	-17.7627068704466
			29.3030398473762	-17.7627068704466
			29.3392164397804	-17.7988834628507
			29.3753930321845	-17.7988834628507
			29.4115696245887	-17.7988834628507
			29.4477462169929	-17.7988834628507
			29.483922809397	-17.7988834628507
			29.5200994018012	-17.8350600552549
			29.5562759942054	-17.8350600552549
			29.5924525866096	-17.8350600552549
			29.6286291790137	-17.8350600552549
			29.6648057714179	-17.8350600552549
			29.7009823638221	-17.8712366476591
			29.7371589562262	-17.8712366476591
			29.7733355486304	-17.8712366476591
			29.8095121410346	-17.8712366476591
			29.8456887334387	-17.8712366476591
			29.8818653258429	-17.9074132400632
			29.9180419182471	-17.9074132400632
			29.9542185106512	-17.9074132400632
			29.9903951030554	-17.9074132400632
			30.0265716954596	-17.9074132400632
			30.0627482878637	-17.9074132400632
			30.0989248802679	-17.9435898324674
			30.1351014726721	-17.9435898324674
			30.1712780650762	-17.9435898324674
			30.2074546574804	-17.9435898324674
			30.2436312498846	-17.9797664248716
			30.2798078422887	-17.9797664248716
			30.3159844346929	-17.9797664248716
			30.3521610270971	-17.9797664248716
			30.3883376195013	-17.9797664248716
			30.4245142119054	-18.0159430172757
			30.4606908043096	-18.0159430172757
			30.4968673967138	-18.0159430172757
			30.5330439891179	-18.0159430172757
			30.5692205815221	-18.0159430172757
			30.6053971739263	-18.0521196096799
			30.6415737663304	-18.0521196096799
			30.6777503587346	-18.0521196096799
			30.7139269511388	-18.0521196096799
			30.7501035435429	-18.0521196096799
			30.7862801359471	-18.0882962020841
			30.8224567283513	-18.0882962020841
			30.8586333207554	-18.0882962020841
			30.8948099131596	-18.0882962020841
			30.9309865055638	-18.0882962020841
			30.9671630979679	-18.1244727944882
			31.0033396903721	-18.1244727944882
			31.0395162827763	-18.1244727944882
			31.0756928751804	-18.1244727944882
			31.1118694675846	-18.1244727944882
			31.1480460599888	-18.1606493868924
			31.184222652393	-18.1606493868924
			31.2203992447971	-18.1606493868924
			31.2565758372013	-18.1606493868924
			31.2927524296055	-18.1968259792966
			31.3289290220096	-18.1968259792966
			31.3651056144138	-18.1968259792966
			31.401282206818	-18.1968259792966
			31.4374587992221	-18.1968259792966
			31.4736353916263	-18.2330025717008
			31.5098119840305	-18.2330025717008
			31.5459885764346	-18.2330025717008
			31.5821651688388	-18.2330025717008
			31.618341761243	-18.2330025717008
			31.6545183536471	-18.2691791641049
			31.6906949460513	-18.2691791641049
			31.7268715384555	-18.2691791641049
			31.7630481308596	-18.2691791641049
			31.7992247232638	-18.3053557565091
			31.835401315668	-18.3053557565091
			31.8715779080721	-18.3053557565091
			31.9077545004763	-18.3053557565091
			31.9439310928805	-18.3053557565091
			31.9801076852847	-18.3415323489133
			32.0162842776888	-18.3415323489133
			32.052460870093	-18.3415323489133
			32.0886374624972	-18.3415323489133
			32.1248140549013	-18.3777089413174
			32.1609906473055	-18.3777089413174
			32.1971672397097	-18.3777089413174
			32.2333438321138	-18.3777089413174
			32.269520424518	-18.4138855337216
			32.3056970169222	-18.4138855337216
			32.3418736093263	-18.4138855337216
			32.3780502017305	-18.4138855337216
			32.4142267941347	-18.4138855337216
			32.4504033865388	-18.4138855337216
			32.4504033865388	-18.4500621261258
			32.486579978943	-18.4500621261258
			32.5227565713472	-18.4500621261258
			32.5589331637513	-18.4500621261258
			32.5951097561555	-18.4500621261258
			32.6312863485597	-18.4862387185299
			32.6674629409638	-18.4862387185299
			32.703639533368	-18.4862387185299
			32.7398161257722	-18.4862387185299
			32.7759927181764	-18.5224153109341
			32.8121693105805	-18.5224153109341
			32.8483459029847	-18.5224153109341
			32.8845224953889	-18.5224153109341
			32.920699087793	-18.5224153109341
			32.9568756801972	-18.5585919033383
			32.9930522726014	-18.5585919033383
			33.0292288650055	-18.5585919033383
			33.0654054574097	-18.5585919033383
			33.1015820498139	-18.5947684957424
			33.137758642218	-18.5947684957424
			33.1739352346222	-18.5947684957424
			33.2101118270264	-18.5947684957424
			33.2462884194305	-18.6309450881466
			33.2824650118347	-18.6309450881466
			33.3186416042389	-18.6309450881466
			33.354818196643	-18.6309450881466
			33.3909947890472	-18.6309450881466
			33.3909947890472	-18.6671216805508
			33.4271713814514	-18.6671216805508
			33.4633479738555	-18.6671216805508
			33.4995245662597	-18.6671216805508
			33.5357011586639	-18.6671216805508
			33.5718777510681	-18.7032982729549
			33.6080543434722	-18.7032982729549
			33.6442309358764	-18.7032982729549
			33.6804075282806	-18.7032982729549
			33.7165841206847	-18.7394748653591
			33.7527607130889	-18.7394748653591
			33.7889373054931	-18.7394748653591
			33.8251138978972	-18.7394748653591
			33.8612904903014	-18.7394748653591
			33.8974670827056	-18.7756514577633
			33.9336436751097	-18.7756514577633
			33.9698202675139	-18.7756514577633
			34.0059968599181	-18.7756514577633
			34.0421734523222	-18.8118280501674
			34.0783500447264	-18.8118280501674
			34.1145266371306	-18.8118280501674
			34.1507032295347	-18.8118280501674
			34.1868798219389	-18.8480046425716
			34.2230564143431	-18.8480046425716
			34.2592330067472	-18.8480046425716
			34.2954095991514	-18.8480046425716
			34.3315861915556	-18.8480046425716
			34.3677627839597	-18.8841812349758
			34.4039393763639	-18.8841812349758
			34.4401159687681	-18.8841812349758
			34.4762925611723	-18.8841812349758
			34.5124691535764	-18.9203578273799
			34.5486457459806	-18.9203578273799
			34.5848223383848	-18.9203578273799
			34.6209989307889	-18.9203578273799
			34.6571755231931	-18.9565344197841
			34.6933521155973	-18.9565344197841
			34.7295287080014	-18.9565344197841
			34.7657053004056	-18.9565344197841
			34.8018818928098	-18.9927110121883
			34.8380584852139	-18.9927110121883
			34.8742350776181	-18.9927110121883
			34.9104116700223	-18.9927110121883
			34.9465882624264	-19.0288876045925
			34.9827648548306	-19.0288876045925
			35.0189414472348	-19.0288876045925
			35.0551180396389	-19.0288876045925
			35.0912946320431	-19.0650641969966
			35.1274712244473	-19.0650641969966
			35.1636478168515	-19.0650641969966
			35.1998244092556	-19.0650641969966
			35.2360010016598	-19.0650641969966
			35.272177594064	-19.0650641969966
			35.3083541864681	-19.0650641969966
			35.3445307788723	-19.0650641969966
			35.3807073712765	-19.0650641969966
			35.4168839636806	-19.0650641969966
			35.4530605560848	-19.0650641969966
			35.489237148489	-19.0650641969966
			35.5254137408931	-19.0650641969966
			35.5615903332973	-19.0650641969966
			35.5977669257015	-19.1012407894008
			35.6339435181056	-19.1012407894008
			35.6701201105098	-19.1012407894008
			35.706296702914	-19.1012407894008
			35.7424732953181	-19.1012407894008
			35.7786498877223	-19.1012407894008
			35.8148264801265	-19.1012407894008
			35.8510030725306	-19.1012407894008
			35.8871796649348	-19.1012407894008
			35.923356257339	-19.1012407894008
			35.9595328497431	-19.1012407894008
			35.9957094421473	-19.1012407894008
			36.0318860345515	-19.1012407894008
			36.0680626269557	-19.1012407894008
			36.1042392193598	-19.1012407894008
			36.140415811764	-19.1012407894008
			36.1765924041682	-19.1012407894008
			36.2127689965723	-19.1012407894008
			36.2489455889765	-19.1012407894008
			36.2851221813807	-19.1012407894008
			36.3212987737848	-19.1012407894008
			36.357475366189	-19.1012407894008
			36.3936519585932	-19.137417381805
			36.4298285509973	-19.137417381805
			36.4660051434015	-19.137417381805
			36.5021817358057	-19.137417381805
			36.5383583282098	-19.137417381805
			36.574534920614	-19.137417381805
			36.6107115130182	-19.137417381805
			36.6468881054223	-19.137417381805
			36.6830646978265	-19.137417381805
			36.7192412902307	-19.137417381805
			36.7554178826348	-19.137417381805
			36.791594475039	-19.137417381805
			36.8277710674432	-19.137417381805
			36.8639476598474	-19.137417381805
			36.9001242522515	-19.137417381805
			36.9363008446557	-19.137417381805
			36.9724774370599	-19.137417381805
			37.008654029464	-19.137417381805
			37.0448306218682	-19.137417381805
			37.0810072142724	-19.1735939742091
			37.1171838066765	-19.1735939742091
			37.1533603990807	-19.1735939742091
			37.1895369914849	-19.1735939742091
			37.225713583889	-19.1735939742091
			37.2618901762932	-19.1735939742091
			37.2980667686974	-19.1735939742091
			37.3342433611015	-19.1735939742091
			37.3704199535057	-19.1735939742091
			37.4065965459099	-19.1735939742091
			37.442773138314	-19.1735939742091
			37.4789497307182	-19.1735939742091
			37.5151263231224	-19.1735939742091
			37.5513029155265	-19.1735939742091
			37.5874795079307	-19.1735939742091
			37.6236561003349	-19.1735939742091
			37.6598326927391	-19.1735939742091
			37.6960092851432	-19.1735939742091
			37.7321858775474	-19.2097705666133
			37.7683624699516	-19.2097705666133
			37.8045390623557	-19.2097705666133
			37.8407156547599	-19.2097705666133
			37.8768922471641	-19.2097705666133
			37.9130688395682	-19.2097705666133
			37.9492454319724	-19.2097705666133
			37.9854220243766	-19.2097705666133
			38.0215986167807	-19.2097705666133
			38.0577752091849	-19.2097705666133
			38.0939518015891	-19.2097705666133
			38.1301283939932	-19.2097705666133
			38.1663049863974	-19.2097705666133
			38.2024815788016	-19.2097705666133
			38.2386581712057	-19.2097705666133
			38.2748347636099	-19.2459471590175
			38.3110113560141	-19.2459471590175
			38.3471879484182	-19.2459471590175
			38.3833645408224	-19.2459471590175
			38.4195411332266	-19.2459471590175
			38.4557177256307	-19.2459471590175
			38.4918943180349	-19.2459471590175
			38.5280709104391	-19.2459471590175
			38.5642475028433	-19.2459471590175
			38.6004240952474	-19.2459471590175
			38.6366006876516	-19.2459471590175
			38.6727772800558	-19.2459471590175
			38.7089538724599	-19.2459471590175
			38.7451304648641	-19.2821237514216
			38.7813070572683	-19.2821237514216
			38.8174836496724	-19.2821237514216
			38.8536602420766	-19.2821237514216
			38.8898368344808	-19.2821237514216
			38.9260134268849	-19.2821237514216
			38.9621900192891	-19.2821237514216
			38.9983666116933	-19.2821237514216
			39.0345432040974	-19.2821237514216
			39.0707197965016	-19.2821237514216
			39.1068963889058	-19.2821237514216
			39.1430729813099	-19.3183003438258
			39.1792495737141	-19.3183003438258
			39.2154261661183	-19.3183003438258
			39.2516027585225	-19.3183003438258
			39.2877793509266	-19.3183003438258
			39.3239559433308	-19.3183003438258
			39.360132535735	-19.3183003438258
			39.3963091281391	-19.3183003438258
			39.4324857205433	-19.3183003438258
			39.4686623129475	-19.3183003438258
			39.5048389053516	-19.3183003438258
			39.5048389053516	-19.35447693623
			39.5410154977558	-19.35447693623
			39.57719209016	-19.35447693623
			39.6133686825641	-19.35447693623
			39.6495452749683	-19.35447693623
			39.6857218673725	-19.35447693623
			39.7218984597766	-19.35447693623
			39.7580750521808	-19.35447693623
			39.794251644585	-19.35447693623
			39.8304282369891	-19.3906535286341
			39.8666048293933	-19.3906535286341
			39.9027814217975	-19.3906535286341
			39.9389580142016	-19.3906535286341
			39.9751346066058	-19.3906535286341
			40.01131119901	-19.3906535286341
			40.0474877914141	-19.3906535286341
			40.0836643838183	-19.3906535286341
			40.1198409762225	-19.4268301210383
			40.1560175686267	-19.4268301210383
			40.1921941610308	-19.4268301210383
			40.228370753435	-19.4268301210383
			40.2645473458392	-19.4268301210383
			40.3007239382433	-19.4268301210383
			40.3369005306475	-19.4630067134425
			40.3730771230517	-19.4630067134425
			40.4092537154558	-19.4630067134425
			40.44543030786	-19.4630067134425
			40.4816069002642	-19.4991833058466
			40.5177834926683	-19.4991833058466
			40.5539600850725	-19.4991833058466
			40.5901366774767	-19.4991833058466
			40.6263132698808	-19.5353598982508
			40.662489862285	-19.5353598982508
			40.6986664546892	-19.5353598982508
			40.7348430470933	-19.571536490655
			40.7710196394975	-19.571536490655
			40.8071962319017	-19.6077130830591
			40.8433728243059	-19.6077130830591
			40.87954941671	-19.6077130830591
			40.9157260091142	-19.6077130830591
			40.9519026015184	-19.6438896754633
			40.9880791939225	-19.6438896754633
			41.0242557863267	-19.6438896754633
			41.0604323787309	-19.6438896754633
			41.096608971135	-19.6438896754633
			41.1327855635392	-19.6438896754633
			41.1689621559434	-19.6438896754633
			41.2051387483475	-19.6438896754633
			41.2413153407517	-19.6800662678675
			41.2774919331559	-19.6800662678675
			41.31366852556	-19.6800662678675
			41.3498451179642	-19.6800662678675
			41.3860217103684	-19.6800662678675
			41.4221983027725	-19.6800662678675
			41.4583748951767	-19.6800662678675
			41.4945514875809	-19.6800662678675
			41.530728079985	-19.6800662678675
			41.5669046723892	-19.7162428602716
			41.6030812647934	-19.7162428602716
			41.6392578571975	-19.7162428602716
			41.6754344496017	-19.7162428602716
			41.7116110420059	-19.7162428602716
			41.7477876344101	-19.7162428602716
			41.7839642268142	-19.7162428602716
			41.8201408192184	-19.7162428602716
			41.8563174116226	-19.7162428602716
			41.8924940040267	-19.7162428602716
			41.9286705964309	-19.7524194526758
			41.9648471888351	-19.7524194526758
			42.0010237812392	-19.7524194526758
			42.0372003736434	-19.7524194526758
			42.0733769660476	-19.7524194526758
			42.1095535584517	-19.7524194526758
			42.1457301508559	-19.7524194526758
			42.1819067432601	-19.7524194526758
			42.2180833356642	-19.7524194526758
			42.2542599280684	-19.7524194526758
			42.2904365204726	-19.7524194526758
			42.3266131128767	-19.78859604508
			42.3627897052809	-19.78859604508
			42.3989662976851	-19.78859604508
			42.4351428900892	-19.78859604508
			42.4713194824934	-19.78859604508
			42.5074960748976	-19.78859604508
			42.5436726673018	-19.78859604508
			42.5798492597059	-19.78859604508
			42.6160258521101	-19.78859604508
			42.6522024445143	-19.78859604508
			42.6883790369184	-19.78859604508
			42.7245556293226	-19.78859604508
			42.7607322217268	-19.78859604508
			42.7969088141309	-19.8247726374842
			42.8330854065351	-19.8247726374842
			42.8692619989393	-19.8247726374842
			42.9054385913434	-19.8247726374842
			42.9416151837476	-19.8247726374842
			42.9777917761518	-19.8247726374842
			43.0139683685559	-19.8247726374842
			43.0501449609601	-19.8247726374842
			43.0863215533643	-19.8247726374842
			43.1224981457684	-19.8247726374842
			43.1586747381726	-19.8247726374842
			43.1948513305768	-19.8247726374842
			43.2310279229809	-19.8247726374842
			43.2672045153851	-19.8247726374842
			43.3033811077893	-19.8247726374842
			43.3395577001935	-19.8609492298883
			43.3757342925976	-19.8609492298883
			43.4119108850018	-19.8609492298883
			43.448087477406	-19.8609492298883
			43.4842640698101	-19.8609492298883
			43.5204406622143	-19.8609492298883
			43.5566172546185	-19.8609492298883
			43.5927938470226	-19.8609492298883
			43.6289704394268	-19.8609492298883
			43.665147031831	-19.8609492298883
		</Dorsal_adipose>
		<Adipose_caudal type=matrix rownames=FALSE colnames=FALSE nrow=256 ncol=2 as.numeric=TRUE >
			43.665147031831	-19.8609492298883
			43.7013236242351	-19.8609492298883
			43.7375002166393	-19.8609492298883
			43.7736768090435	-19.8971258222925
			43.8098534014476	-19.8971258222925
			43.8460299938518	-19.8971258222925
			43.882206586256	-19.9333024146967
			43.9183831786601	-19.9333024146967
			43.9545597710643	-19.9694790071008
			43.9907363634685	-19.9694790071008
			44.0269129558726	-20.005655599505
			44.0630895482768	-20.0418321919092
			44.099266140681	-20.0780087843133
			44.1354427330851	-20.1141853767175
			44.1716193254893	-20.1503619691217
			44.2077959178935	-20.1865385615258
			44.2077959178935	-20.22271515393
			44.2439725102977	-20.2588917463342
			44.2801491027018	-20.2588917463342
			44.316325695106	-20.2950683387383
			44.3525022875102	-20.2950683387383
			44.3886788799143	-20.2950683387383
			44.4248554723185	-20.2950683387383
			44.4610320647227	-20.2950683387383
			44.4972086571268	-20.3312449311425
			44.533385249531	-20.3312449311425
			44.5695618419352	-20.3312449311425
			44.6057384343393	-20.3312449311425
			44.6419150267435	-20.3312449311425
			44.6780916191477	-20.3312449311425
			44.7142682115518	-20.3674215235467
			44.750444803956	-20.3674215235467
			44.7866213963602	-20.3674215235467
			44.8227979887643	-20.3674215235467
			44.8589745811685	-20.3674215235467
			44.8951511735727	-20.4035981159508
			44.9313277659769	-20.4035981159508
			44.967504358381	-20.4035981159508
			45.0036809507852	-20.4035981159508
			45.0398575431894	-20.4035981159508
			45.0760341355935	-20.4035981159508
			45.1122107279977	-20.4035981159508
			45.1483873204019	-20.439774708355
			45.184563912806	-20.439774708355
			45.2207405052102	-20.439774708355
			45.2569170976144	-20.439774708355
			45.2930936900185	-20.439774708355
			45.3292702824227	-20.439774708355
			45.3654468748269	-20.439774708355
			45.401623467231	-20.4759513007592
			45.4378000596352	-20.4759513007592
			45.4739766520394	-20.4759513007592
			45.5101532444435	-20.4759513007592
			45.5463298368477	-20.4759513007592
			45.5825064292519	-20.4759513007592
			45.618683021656	-20.4759513007592
			45.6548596140602	-20.4759513007592
			45.6910362064644	-20.5121278931633
			45.7272127988685	-20.5121278931633
			45.7633893912727	-20.5121278931633
			45.7995659836769	-20.5121278931633
			45.8357425760811	-20.5121278931633
			45.8719191684852	-20.5121278931633
			45.9080957608894	-20.5121278931633
			45.9442723532936	-20.5121278931633
			45.9804489456977	-20.5121278931633
			46.0166255381019	-20.5121278931633
			46.0528021305061	-20.5121278931633
			46.0889787229102	-20.5483044855675
			46.1251553153144	-20.5483044855675
			46.1613319077186	-20.5483044855675
			46.1975085001227	-20.5483044855675
			46.2336850925269	-20.5483044855675
			46.2698616849311	-20.5483044855675
			46.3060382773352	-20.5483044855675
			46.3422148697394	-20.5483044855675
			46.3783914621436	-20.5483044855675
			46.4145680545477	-20.5483044855675
			46.4507446469519	-20.5483044855675
			46.4869212393561	-20.5483044855675
			46.5230978317603	-20.5483044855675
			46.5592744241644	-20.5483044855675
			46.5954510165686	-20.5483044855675
			46.6316276089728	-20.5483044855675
			46.6678042013769	-20.5483044855675
			46.7039807937811	-20.5844810779717
			46.7401573861853	-20.5844810779717
			46.7763339785894	-20.5844810779717
			46.8125105709936	-20.5844810779717
			46.8486871633978	-20.5844810779717
			46.8848637558019	-20.5844810779717
			46.9210403482061	-20.5844810779717
			46.9572169406103	-20.5844810779717
			46.9933935330144	-20.5844810779717
			47.0295701254186	-20.5844810779717
			47.0657467178228	-20.5844810779717
			47.1019233102269	-20.5844810779717
			47.1380999026311	-20.5844810779717
			47.1742764950353	-20.5844810779717
			47.2104530874394	-20.5844810779717
			47.2466296798436	-20.5844810779717
			47.2828062722478	-20.6206576703758
			47.318982864652	-20.65683426278
			47.3551594570561	-20.65683426278
			47.3913360494603	-20.6930108551842
			47.4275126418645	-20.7291874475884
			47.4636892342686	-20.7291874475884
			47.4998658266728	-20.7291874475884
			47.536042419077	-20.7653640399925
			47.5722190114811	-20.7653640399925
			47.6083956038853	-20.7653640399925
			47.6445721962895	-20.7653640399925
			47.6807487886936	-20.7653640399925
			47.7169253810978	-20.8015406323967
			47.753101973502	-20.8015406323967
			47.7892785659061	-20.8015406323967
			47.8254551583103	-20.8015406323967
			47.8616317507145	-20.8015406323967
			47.8978083431186	-20.8015406323967
			47.9339849355228	-20.8377172248009
			47.970161527927	-20.8377172248009
			48.0063381203311	-20.8377172248009
			48.0425147127353	-20.8377172248009
			48.0786913051395	-20.8377172248009
			48.1148678975436	-20.8377172248009
			48.1510444899478	-20.8377172248009
			48.187221082352	-20.8377172248009
			48.2233976747562	-20.8377172248009
			48.2595742671603	-20.8377172248009
			48.2957508595645	-20.8377172248009
			48.3319274519687	-20.8377172248009
			48.3681040443728	-20.8377172248009
			48.404280636777	-20.8377172248009
			48.4404572291812	-20.8377172248009
			48.4766338215853	-20.8377172248009
			48.5128104139895	-20.8377172248009
			48.5489870063937	-20.873893817205
			48.5851635987978	-20.873893817205
			48.621340191202	-20.873893817205
			48.6575167836062	-20.873893817205
			48.6936933760103	-20.873893817205
			48.7298699684145	-20.873893817205
			48.7660465608187	-20.873893817205
			48.8022231532228	-20.873893817205
			48.838399745627	-20.873893817205
			48.8745763380312	-20.873893817205
			48.9107529304354	-20.873893817205
			48.9469295228395	-20.873893817205
			48.9831061152437	-20.873893817205
			49.0192827076479	-20.8377172248009
			49.055459300052	-20.8377172248009
			49.0916358924562	-20.8377172248009
			49.1278124848604	-20.8377172248009
			49.1639890772645	-20.8377172248009
			49.2001656696687	-20.8377172248009
			49.2363422620729	-20.8377172248009
			49.272518854477	-20.8377172248009
			49.3086954468812	-20.8377172248009
			49.3448720392854	-20.8377172248009
			49.3810486316895	-20.8377172248009
			49.4172252240937	-20.8377172248009
			49.4534018164979	-20.8377172248009
			49.489578408902	-20.8377172248009
			49.5257550013062	-20.8377172248009
			49.5619315937104	-20.8377172248009
			49.5981081861145	-20.8377172248009
			49.6342847785187	-20.8377172248009
			49.6704613709229	-20.8377172248009
			49.706637963327	-20.8377172248009
			49.7428145557312	-20.8377172248009
			49.7789911481354	-20.8377172248009
			49.8151677405396	-20.8377172248009
			49.8513443329437	-20.8377172248009
			49.8875209253479	-20.8377172248009
			49.9236975177521	-20.8377172248009
			49.9598741101562	-20.8015406323967
			49.9960507025604	-20.8015406323967
			50.0322272949646	-20.8015406323967
			50.0684038873687	-20.8015406323967
			50.1045804797729	-20.8015406323967
			50.1407570721771	-20.8015406323967
			50.1769336645812	-20.8015406323967
			50.2131102569854	-20.8015406323967
			50.2492868493896	-20.8015406323967
			50.2854634417937	-20.8015406323967
			50.3216400341979	-20.8015406323967
			50.3578166266021	-20.8015406323967
			50.3939932190062	-20.8015406323967
			50.4301698114104	-20.7653640399925
			50.4663464038146	-20.7653640399925
			50.5025229962188	-20.7653640399925
			50.5386995886229	-20.7653640399925
			50.5748761810271	-20.7653640399925
			50.6110527734313	-20.7653640399925
			50.6472293658354	-20.7653640399925
			50.6834059582396	-20.7653640399925
			50.7195825506438	-20.7653640399925
			50.7557591430479	-20.7653640399925
			50.7919357354521	-20.7291874475884
			50.8281123278563	-20.7291874475884
			50.8642889202604	-20.7291874475884
			50.9004655126646	-20.7291874475884
			50.9366421050688	-20.7291874475884
			50.9728186974729	-20.7291874475884
			51.0089952898771	-20.7291874475884
			51.0451718822813	-20.7291874475884
			51.0813484746854	-20.7291874475884
			51.1175250670896	-20.7291874475884
			51.1537016594938	-20.6930108551842
			51.1898782518979	-20.6930108551842
			51.2260548443021	-20.6930108551842
			51.2622314367063	-20.6930108551842
			51.2984080291104	-20.6930108551842
			51.3345846215146	-20.6930108551842
			51.3707612139188	-20.6930108551842
			51.406937806323	-20.6930108551842
			51.4431143987271	-20.6930108551842
			51.4792909911313	-20.6930108551842
			51.5154675835355	-20.6930108551842
			51.5516441759396	-20.6930108551842
			51.5878207683438	-20.65683426278
			51.623997360748	-20.65683426278
			51.6601739531521	-20.65683426278
			51.6963505455563	-20.65683426278
			51.7325271379605	-20.65683426278
			51.7687037303646	-20.65683426278
			51.8048803227688	-20.65683426278
			51.841056915173	-20.65683426278
			51.8772335075771	-20.65683426278
			51.9134100999813	-20.65683426278
			51.9495866923855	-20.65683426278
			51.9857632847896	-20.65683426278
			52.0219398771938	-20.65683426278
			52.058116469598	-20.65683426278
			52.0942930620021	-20.65683426278
			52.1304696544063	-20.65683426278
			52.1666462468105	-20.65683426278
			52.2028228392147	-20.65683426278
			52.2389994316188	-20.65683426278
			52.275176024023	-20.65683426278
			52.3113526164272	-20.65683426278
			52.3475292088313	-20.65683426278
			52.3837058012355	-20.65683426278
			52.4198823936397	-20.65683426278
			52.4560589860438	-20.65683426278
			52.492235578448	-20.65683426278
			52.5284121708522	-20.65683426278
			52.5645887632563	-20.65683426278
			52.6007653556605	-20.65683426278
			52.6369419480647	-20.65683426278
			52.6731185404688	-20.65683426278
			52.709295132873	-20.65683426278
			52.7454717252772	-20.65683426278
			52.7816483176813	-20.65683426278
			52.8178249100855	-20.6930108551842
			52.8540015024897	-20.6930108551842
		</Adipose_caudal>
		<Caudal_anal type=matrix rownames=FALSE colnames=FALSE nrow=512 ncol=2 as.numeric=TRUE >
			53.2519440189355	-25.3597912753219
			53.2157674265314	-25.395967867726
			53.1795908341272	-25.395967867726
			53.143414241723	-25.395967867726
			53.1072376493189	-25.4321444601302
			53.0710610569147	-25.4321444601302
			53.0348844645105	-25.4683210525344
			52.9987078721064	-25.4683210525344
			52.9625312797022	-25.4683210525344
			52.926354687298	-25.5044976449386
			52.8901780948938	-25.5044976449386
			52.8540015024897	-25.5044976449386
			52.8178249100855	-25.5406742373427
			52.7816483176813	-25.5406742373427
			52.7454717252772	-25.5406742373427
			52.709295132873	-25.5768508297469
			52.6731185404688	-25.5768508297469
			52.6369419480647	-25.5768508297469
			52.6007653556605	-25.5768508297469
			52.5645887632563	-25.5768508297469
			52.5284121708522	-25.6130274221511
			52.492235578448	-25.6130274221511
			52.4560589860438	-25.6130274221511
			52.4198823936397	-25.6130274221511
			52.3837058012355	-25.6130274221511
			52.3475292088313	-25.6130274221511
			52.3113526164272	-25.6492040145552
			52.275176024023	-25.6492040145552
			52.2389994316188	-25.6492040145552
			52.2028228392147	-25.6492040145552
			52.1666462468105	-25.6492040145552
			52.1304696544063	-25.6492040145552
			52.0942930620021	-25.6492040145552
			52.058116469598	-25.6853806069594
			52.0219398771938	-25.6853806069594
			51.9857632847896	-25.6853806069594
			51.9495866923855	-25.6853806069594
			51.9134100999813	-25.6853806069594
			51.8772335075771	-25.6853806069594
			51.841056915173	-25.6853806069594
			51.8048803227688	-25.6853806069594
			51.7687037303646	-25.6853806069594
			51.7325271379605	-25.7215571993636
			51.6963505455563	-25.7215571993636
			51.6601739531521	-25.7215571993636
			51.623997360748	-25.7215571993636
			51.5878207683438	-25.7215571993636
			51.5516441759396	-25.7215571993636
			51.5154675835355	-25.7215571993636
			51.4792909911313	-25.7215571993636
			51.4431143987271	-25.7215571993636
			51.406937806323	-25.7215571993636
			51.3707612139188	-25.7215571993636
			51.3345846215146	-25.7215571993636
			51.2984080291104	-25.7215571993636
			51.2622314367063	-25.7215571993636
			51.2260548443021	-25.7215571993636
			51.1898782518979	-25.7577337917677
			51.1537016594938	-25.7577337917677
			51.1175250670896	-25.7577337917677
			51.0813484746854	-25.7577337917677
			51.0451718822813	-25.7577337917677
			51.0089952898771	-25.7577337917677
			50.9728186974729	-25.7577337917677
			50.9366421050688	-25.7577337917677
			50.9004655126646	-25.7577337917677
			50.8642889202604	-25.7577337917677
			50.8281123278563	-25.7577337917677
			50.7919357354521	-25.7577337917677
			50.7557591430479	-25.7577337917677
			50.7195825506438	-25.7577337917677
			50.6834059582396	-25.7577337917677
			50.6472293658354	-25.7577337917677
			50.6110527734313	-25.7577337917677
			50.5748761810271	-25.7577337917677
			50.5386995886229	-25.7577337917677
			50.5025229962188	-25.7577337917677
			50.4663464038146	-25.7577337917677
			50.4301698114104	-25.7577337917677
			50.3939932190062	-25.7577337917677
			50.3578166266021	-25.7577337917677
			50.3216400341979	-25.7577337917677
			50.2854634417937	-25.7577337917677
			50.2492868493896	-25.7577337917677
			50.2131102569854	-25.7577337917677
			50.1769336645812	-25.7577337917677
			50.1407570721771	-25.7577337917677
			50.1045804797729	-25.7577337917677
			50.0684038873687	-25.7577337917677
			50.0322272949646	-25.7577337917677
			49.9960507025604	-25.7577337917677
			49.9598741101562	-25.7577337917677
			49.9236975177521	-25.7577337917677
			49.8875209253479	-25.7577337917677
			49.8513443329437	-25.7577337917677
			49.8151677405396	-25.7577337917677
			49.7789911481354	-25.7577337917677
			49.7428145557312	-25.7577337917677
			49.706637963327	-25.7577337917677
			49.6704613709229	-25.7577337917677
			49.6342847785187	-25.7577337917677
			49.5981081861145	-25.7215571993636
			49.5619315937104	-25.7215571993636
			49.5257550013062	-25.7215571993636
			49.489578408902	-25.7215571993636
			49.4534018164979	-25.7215571993636
			49.4172252240937	-25.7215571993636
			49.3810486316895	-25.7215571993636
			49.3448720392854	-25.7215571993636
			49.3086954468812	-25.7215571993636
			49.272518854477	-25.7215571993636
			49.2363422620729	-25.7215571993636
			49.2001656696687	-25.7215571993636
			49.1639890772645	-25.7215571993636
			49.1278124848604	-25.7215571993636
			49.0916358924562	-25.7215571993636
			49.055459300052	-25.7215571993636
			49.0192827076479	-25.7215571993636
			48.9831061152437	-25.7215571993636
			48.9469295228395	-25.7215571993636
			48.9107529304354	-25.7577337917677
			48.8745763380312	-25.7577337917677
			48.838399745627	-25.7577337917677
			48.8022231532228	-25.7577337917677
			48.7660465608187	-25.7577337917677
			48.7298699684145	-25.7577337917677
			48.6936933760103	-25.7577337917677
			48.6575167836062	-25.7577337917677
			48.621340191202	-25.7577337917677
			48.5851635987978	-25.7577337917677
			48.5489870063937	-25.7577337917677
			48.5128104139895	-25.7577337917677
			48.4766338215853	-25.7577337917677
			48.4404572291812	-25.7577337917677
			48.404280636777	-25.7577337917677
			48.3681040443728	-25.7577337917677
			48.3319274519687	-25.7577337917677
			48.2957508595645	-25.7577337917677
			48.2595742671603	-25.7577337917677
			48.2233976747562	-25.7577337917677
			48.187221082352	-25.7577337917677
			48.1510444899478	-25.7577337917677
			48.1148678975436	-25.7577337917677
			48.0786913051395	-25.7577337917677
			48.0425147127353	-25.7577337917677
			48.0063381203311	-25.7577337917677
			47.970161527927	-25.7577337917677
			47.9339849355228	-25.7577337917677
			47.8978083431186	-25.7939103841719
			47.8616317507145	-25.7939103841719
			47.8254551583103	-25.7939103841719
			47.7892785659061	-25.7939103841719
			47.753101973502	-25.7939103841719
			47.7169253810978	-25.7939103841719
			47.6807487886936	-25.7939103841719
			47.6445721962895	-25.7939103841719
			47.6083956038853	-25.7939103841719
			47.5722190114811	-25.7939103841719
			47.536042419077	-25.7939103841719
			47.4998658266728	-25.7939103841719
			47.4636892342686	-25.7939103841719
			47.4275126418645	-25.7939103841719
			47.3913360494603	-25.8300869765761
			47.3551594570561	-25.8300869765761
			47.318982864652	-25.8300869765761
			47.2828062722478	-25.8300869765761
			47.2466296798436	-25.8300869765761
			47.2104530874394	-25.8300869765761
			47.1742764950353	-25.8300869765761
			47.1380999026311	-25.8300869765761
			47.1019233102269	-25.8300869765761
			47.0657467178228	-25.8300869765761
			47.0295701254186	-25.8300869765761
			46.9933935330144	-25.8662635689802
			46.9572169406103	-25.8662635689802
			46.9210403482061	-25.8662635689802
			46.8848637558019	-25.8662635689802
			46.8486871633978	-25.8662635689802
			46.8125105709936	-25.8662635689802
			46.7763339785894	-25.8662635689802
			46.7401573861853	-25.8662635689802
			46.7039807937811	-25.8662635689802
			46.6678042013769	-25.9024401613844
			46.6316276089728	-25.9024401613844
			46.5954510165686	-25.9024401613844
			46.5592744241644	-25.9024401613844
			46.5230978317603	-25.9024401613844
			46.4869212393561	-25.9024401613844
			46.4507446469519	-25.9024401613844
			46.4145680545477	-25.9024401613844
			46.3783914621436	-25.9386167537886
			46.3422148697394	-25.9386167537886
			46.3060382773352	-25.9386167537886
			46.2698616849311	-25.9386167537886
			46.2336850925269	-25.9386167537886
			46.1975085001227	-25.9386167537886
			46.1613319077186	-25.9386167537886
			46.1613319077186	-25.9747933461927
			46.1251553153144	-25.9747933461927
			46.0889787229102	-25.9747933461927
			46.0528021305061	-25.9747933461927
			46.0166255381019	-25.9747933461927
			45.9804489456977	-25.9747933461927
			45.9442723532936	-25.9747933461927
			45.9080957608894	-26.0109699385969
			45.8719191684852	-26.0109699385969
			45.8357425760811	-26.0109699385969
			45.7995659836769	-26.0109699385969
			45.7633893912727	-26.0109699385969
			45.7272127988685	-26.0471465310011
			45.6910362064644	-26.0471465310011
			45.6548596140602	-26.0471465310011
			45.618683021656	-26.0471465310011
			45.5825064292519	-26.0471465310011
			45.5463298368477	-26.0471465310011
			45.5101532444435	-26.0833231234052
			45.4739766520394	-26.0833231234052
			45.4378000596352	-26.0833231234052
			45.401623467231	-26.0833231234052
			45.3654468748269	-26.0833231234052
			45.3292702824227	-26.1194997158094
			45.2930936900185	-26.1194997158094
			45.2569170976144	-26.1194997158094
			45.2207405052102	-26.1194997158094
			45.184563912806	-26.1194997158094
			45.1483873204019	-26.1556763082136
			45.1122107279977	-26.1556763082136
			45.0760341355935	-26.1556763082136
			45.0398575431894	-26.1556763082136
			45.0036809507852	-26.1556763082136
			44.967504358381	-26.1556763082136
			44.9313277659769	-26.1918529006177
			44.8951511735727	-26.1918529006177
			44.8589745811685	-26.1918529006177
			44.8227979887643	-26.1918529006177
			44.7866213963602	-26.1918529006177
			44.750444803956	-26.1918529006177
			44.7142682115518	-26.2280294930219
			44.6780916191477	-26.2280294930219
			44.6419150267435	-26.2280294930219
			44.6057384343393	-26.2280294930219
			44.5695618419352	-26.2280294930219
			44.5695618419352	-26.2642060854261
			44.533385249531	-26.2642060854261
			44.4972086571268	-26.2642060854261
			44.4610320647227	-26.2642060854261
			44.4248554723185	-26.2642060854261
			44.3886788799143	-26.2642060854261
			44.3525022875102	-26.3003826778302
			44.316325695106	-26.3003826778302
			44.2801491027018	-26.3003826778302
			44.2439725102977	-26.3003826778302
			44.2077959178935	-26.3003826778302
			44.1716193254893	-26.3003826778302
			44.1354427330851	-26.3365592702344
			44.099266140681	-26.3365592702344
			44.0630895482768	-26.3365592702344
			44.0269129558726	-26.3365592702344
			43.9907363634685	-26.3365592702344
			43.9545597710643	-26.3727358626386
			43.9183831786601	-26.3727358626386
			43.882206586256	-26.3727358626386
			43.8460299938518	-26.3727358626386
			43.8098534014476	-26.3727358626386
			43.7736768090435	-26.3727358626386
			43.7375002166393	-26.4089124550428
			43.7013236242351	-26.4089124550428
			43.665147031831	-26.4089124550428
			43.6289704394268	-26.4089124550428
			43.5927938470226	-26.4089124550428
			43.5566172546185	-26.4450890474469
			43.5204406622143	-26.4450890474469
			43.4842640698101	-26.4450890474469
			43.448087477406	-26.4450890474469
			43.4119108850018	-26.4450890474469
			43.3757342925976	-26.4450890474469
			43.3757342925976	-26.4812656398511
			43.3395577001935	-26.4812656398511
			43.3033811077893	-26.4812656398511
			43.2672045153851	-26.4812656398511
			43.2310279229809	-26.4812656398511
			43.1948513305768	-26.4812656398511
			43.1586747381726	-26.5174422322553
			43.1224981457684	-26.5174422322553
			43.0863215533643	-26.5174422322553
			43.0501449609601	-26.5174422322553
			43.0139683685559	-26.5174422322553
			42.9777917761518	-26.5536188246594
			42.9416151837476	-26.5536188246594
			42.9054385913434	-26.5536188246594
			42.8692619989393	-26.5536188246594
			42.8330854065351	-26.5536188246594
			42.7969088141309	-26.5536188246594
			42.7607322217268	-26.5897954170636
			42.7245556293226	-26.5897954170636
			42.6883790369184	-26.5897954170636
			42.6522024445143	-26.5897954170636
			42.6160258521101	-26.5897954170636
			42.5798492597059	-26.5897954170636
			42.5436726673018	-26.6259720094678
			42.5074960748976	-26.6259720094678
			42.4713194824934	-26.6259720094678
			42.4351428900892	-26.6259720094678
			42.3989662976851	-26.6259720094678
			42.3627897052809	-26.6621486018719
			42.3266131128767	-26.6621486018719
			42.2904365204726	-26.6621486018719
			42.2542599280684	-26.6621486018719
			42.2180833356642	-26.6621486018719
			42.1819067432601	-26.6621486018719
			42.1457301508559	-26.6983251942761
			42.1095535584517	-26.6983251942761
			42.0733769660476	-26.6983251942761
			42.0372003736434	-26.6983251942761
			42.0010237812392	-26.6983251942761
			41.9648471888351	-26.7345017866803
			41.9286705964309	-26.7345017866803
			41.8924940040267	-26.7345017866803
			41.8563174116226	-26.7345017866803
			41.8201408192184	-26.7345017866803
			41.7839642268142	-26.7345017866803
			41.7477876344101	-26.7706783790844
			41.7116110420059	-26.7706783790844
			41.6754344496017	-26.7706783790844
			41.6392578571975	-26.7706783790844
			41.6030812647934	-26.7706783790844
			41.5669046723892	-26.7706783790844
			41.5669046723892	-26.8068549714886
			41.530728079985	-26.8068549714886
			41.4945514875809	-26.8068549714886
			41.4583748951767	-26.8068549714886
			41.4221983027725	-26.8068549714886
			41.3860217103684	-26.8068549714886
			41.3498451179642	-26.8430315638928
			41.31366852556	-26.8430315638928
			41.2774919331559	-26.8430315638928
			41.2413153407517	-26.8430315638928
			41.2051387483475	-26.8430315638928
			41.1689621559434	-26.8430315638928
			41.1689621559434	-26.8792081562969
			41.1327855635392	-26.8792081562969
			41.096608971135	-26.8792081562969
			41.0604323787309	-26.8792081562969
			41.0242557863267	-26.8792081562969
			40.9880791939225	-26.8792081562969
			40.9519026015184	-26.9153847487011
			40.9157260091142	-26.9153847487011
			40.87954941671	-26.9153847487011
			40.8433728243059	-26.9153847487011
			40.8071962319017	-26.9153847487011
			40.7710196394975	-26.9515613411053
			40.7348430470933	-26.9515613411053
			40.6986664546892	-26.9515613411053
			40.662489862285	-26.9515613411053
			40.6263132698808	-26.9515613411053
			40.5901366774767	-26.9515613411053
			40.5539600850725	-26.9877379335094
			40.5177834926683	-26.9877379335094
			40.4816069002642	-26.9877379335094
			40.44543030786	-26.9877379335094
			40.4092537154558	-26.9877379335094
			40.3730771230517	-27.0239145259136
			40.3369005306475	-27.0239145259136
			40.3007239382433	-27.0239145259136
			40.2645473458392	-27.0239145259136
			40.228370753435	-27.0239145259136
			40.1921941610308	-27.0239145259136
			40.1560175686267	-27.0600911183178
			40.1198409762225	-27.0600911183178
			40.0836643838183	-27.0600911183178
			40.0474877914141	-27.0600911183178
			40.01131119901	-27.0600911183178
			39.9751346066058	-27.0600911183178
			39.9751346066058	-27.0962677107219
			39.9389580142016	-27.0962677107219
			39.9027814217975	-27.0962677107219
			39.8666048293933	-27.0962677107219
			39.8304282369891	-27.0962677107219
			39.794251644585	-27.0962677107219
			39.7580750521808	-27.1324443031261
			39.7218984597766	-27.1324443031261
			39.6857218673725	-27.1324443031261
			39.6495452749683	-27.1324443031261
			39.6133686825641	-27.1324443031261
			39.57719209016	-27.1324443031261
			39.5410154977558	-27.1686208955303
			39.5048389053516	-27.1686208955303
			39.4686623129475	-27.1686208955303
			39.4324857205433	-27.1686208955303
			39.3963091281391	-27.1686208955303
			39.360132535735	-27.2047974879345
			39.3239559433308	-27.2047974879345
			39.2877793509266	-27.2047974879345
			39.2516027585225	-27.2047974879345
			39.2154261661183	-27.2047974879345
			39.1792495737141	-27.2409740803386
			39.1430729813099	-27.2409740803386
			39.1068963889058	-27.2409740803386
			39.0707197965016	-27.2409740803386
			39.0345432040974	-27.2409740803386
			38.9983666116933	-27.2409740803386
			38.9621900192891	-27.2771506727428
			38.9260134268849	-27.2771506727428
			38.8898368344808	-27.2771506727428
			38.8536602420766	-27.2771506727428
			38.8174836496724	-27.2771506727428
			38.7813070572683	-27.2771506727428
			38.7451304648641	-27.313327265147
			38.7089538724599	-27.313327265147
			38.6727772800558	-27.313327265147
			38.6366006876516	-27.313327265147
			38.6004240952474	-27.313327265147
			38.5642475028433	-27.3495038575511
			38.5280709104391	-27.3495038575511
			38.4918943180349	-27.3495038575511
			38.4557177256307	-27.3495038575511
			38.4195411332266	-27.3495038575511
			38.3833645408224	-27.3495038575511
			38.3471879484182	-27.3856804499553
			38.3110113560141	-27.3856804499553
			38.2748347636099	-27.3856804499553
			38.2386581712057	-27.3856804499553
			38.2024815788016	-27.3856804499553
			38.1663049863974	-27.4218570423595
			38.1301283939932	-27.4218570423595
			38.0939518015891	-27.4218570423595
			38.0577752091849	-27.4218570423595
			38.0215986167807	-27.4218570423595
			37.9854220243766	-27.4218570423595
			37.9492454319724	-27.4580336347636
			37.9130688395682	-27.4580336347636
			37.8768922471641	-27.4580336347636
			37.8407156547599	-27.4580336347636
			37.8045390623557	-27.4580336347636
			37.7683624699516	-27.4580336347636
			37.7321858775474	-27.4942102271678
			37.6960092851432	-27.4942102271678
			37.6598326927391	-27.4942102271678
			37.6236561003349	-27.4942102271678
			37.5874795079307	-27.4942102271678
			37.5513029155265	-27.530386819572
			37.5151263231224	-27.530386819572
			37.4789497307182	-27.530386819572
			37.442773138314	-27.530386819572
			37.4065965459099	-27.530386819572
			37.3704199535057	-27.530386819572
			37.3342433611015	-27.5665634119761
			37.2980667686974	-27.5665634119761
			37.2618901762932	-27.5665634119761
			37.225713583889	-27.5665634119761
			37.1895369914849	-27.5665634119761
			37.1533603990807	-27.5665634119761
			37.1171838066765	-27.6027400043803
			37.0810072142724	-27.6027400043803
			37.0448306218682	-27.6027400043803
			37.008654029464	-27.6027400043803
			36.9724774370599	-27.6027400043803
			36.9363008446557	-27.6389165967845
			36.9001242522515	-27.6389165967845
			36.8639476598474	-27.6389165967845
			36.8277710674432	-27.6389165967845
			36.791594475039	-27.6389165967845
			36.7554178826348	-27.6389165967845
			36.7192412902307	-27.6750931891886
			36.6830646978265	-27.6750931891886
			36.6468881054223	-27.6750931891886
			36.6107115130182	-27.6750931891886
			36.574534920614	-27.6750931891886
			36.5383583282098	-27.7112697815928
			36.5021817358057	-27.7112697815928
			36.4660051434015	-27.7112697815928
			36.4298285509973	-27.7112697815928
			36.3936519585932	-27.7112697815928
			36.357475366189	-27.7112697815928
			36.3212987737848	-27.747446373997
			36.2851221813807	-27.747446373997
			36.2489455889765	-27.747446373997
			36.2127689965723	-27.747446373997
			36.1765924041682	-27.747446373997
			36.140415811764	-27.747446373997
			36.1042392193598	-27.7836229664011
			36.0680626269557	-27.7836229664011
			36.0318860345515	-27.7836229664011
			35.9957094421473	-27.7836229664011
			35.9595328497431	-27.7836229664011
			35.923356257339	-27.7836229664011
			35.8871796649348	-27.8197995588053
			35.8510030725306	-27.8197995588053
			35.8148264801265	-27.8197995588053
			35.7786498877223	-27.8197995588053
			35.7424732953181	-27.8197995588053
			35.706296702914	-27.8559761512095
			35.6701201105098	-27.8559761512095
			35.6339435181056	-27.8559761512095
			35.5977669257015	-27.8559761512095
			35.5615903332973	-27.8559761512095
			35.5254137408931	-27.8559761512095
			35.489237148489	-27.8921527436137
			35.4530605560848	-27.8921527436137
			35.4168839636806	-27.8921527436137
			35.3807073712765	-27.8921527436137
			35.3445307788723	-27.8921527436137
			35.3083541864681	-27.8921527436137
			35.272177594064	-27.9283293360178
			35.2360010016598	-27.9283293360178
			35.1998244092556	-27.9283293360178
			35.1636478168515	-27.9283293360178
			35.1274712244473	-27.9283293360178
			35.0912946320431	-27.964505928422
			35.0551180396389	-27.964505928422
			35.0189414472348	-27.964505928422
			34.9827648548306	-27.964505928422
		</Caudal_anal>
	</curves.scaled>
	<ruler.points type=matrix rownames=TRUE colnames=FALSE nrow=3 ncol=2 as.numeric=TRUE >
		Ruler point 1	611	947
		Ruler point 2	748	931
		Ruler point 3	886	919
	</ruler.points>
</shapes>

