<shapes type=list>
	<ruler.pixel type=vector names=FALSE length=1 as.numeric=TRUE >58.5341780502971</ruler.pixel>
	<ruler.interval type=vector names=FALSE length=1 as.numeric=TRUE >2</ruler.interval>
	<scaling.units type=vector names=FALSE length=1 as.numeric=FALSE >mm</scaling.units>
	<scaling type=vector names=FALSE length=1 as.numeric=TRUE >0.0341680718277353</scaling>
	<landmarks.pixel type=matrix rownames=TRUE colnames=FALSE nrow=11 ncol=2 as.numeric=TRUE >
		Anterior_eye	369	494
		Posterior_eye	488	488
		Posterior_Maxilla	554	621
		Anterior_Maxilla	351	554
		Dorsal_fin_insertion	880	366
		Adipose_fin_insertion	1389	448
		Dorsal_caudal	1635	465
		Ventral_caudal	1643	613
		Anal_fin_insertion	1180	695
		Pelvic_fin_insertion	917	662
		Pectoral_fin_insertion	732	607
	</landmarks.pixel>
	<landmarks.scaled type=matrix rownames=TRUE colnames=FALSE nrow=11 ncol=2 as.numeric=TRUE >
		Anterior_eye	12.6080185044343	-16.8790274829012
		Posterior_eye	16.6740190519348	-16.6740190519348
		Posterior_Maxilla	18.9291117925654	-21.2183726050236
		Anterior_Maxilla	11.9929932115351	-18.9291117925654
		Dorsal_fin_insertion	30.0679032084071	-12.5055142889511
		Adipose_fin_insertion	47.4594517687244	-15.3072961788254
		Dorsal_caudal	55.8647974383472	-15.8881533998969
		Ventral_caudal	56.1381420129691	-20.9450280304018
		Anal_fin_insertion	40.3183247567277	-23.746809920276
		Pelvic_fin_insertion	31.3321218660333	-22.6192635499608
		Pectoral_fin_insertion	25.0110285779023	-20.7400195994353
	</landmarks.scaled>
	<curves.control type=list>
		<Snout_dorsal type=matrix rownames=FALSE colnames=FALSE nrow=7 ncol=2 as.numeric=TRUE >
			351	554
			317	484
			430	399
			549	335
			698	359
			857	369
			880	366
		</Snout_dorsal>
		<Dorsal_adipose type=matrix rownames=FALSE colnames=FALSE nrow=5 ncol=2 as.numeric=TRUE >
			880	366
			1006	396
			1195	431
			1335	449
			1389	448
		</Dorsal_adipose>
		<Adipose_caudal type=matrix rownames=FALSE colnames=FALSE nrow=7 ncol=2 as.numeric=TRUE >
			1389	448
			1422	451
			1433	460
			1534	475
			1565	471
			1613	461
			1635	465
		</Adipose_caudal>
		<Caudal_anal type=matrix rownames=FALSE colnames=FALSE nrow=7 ncol=2 as.numeric=TRUE >
			1643	613
			1624	618
			1577	617
			1525	618
			1453	635
			1290	671
			1180	695
		</Caudal_anal>
	</curves.control>
	<curves.pixel type=list>
		<Snout_dorsal type=matrix rownames=FALSE colnames=FALSE nrow=631 ncol=2 as.numeric=TRUE >
			351	554
			351	553
			350	553
			350	552
			350	551
			349	550
			349	549
			348	548
			348	547
			348	546
			347	546
			347	545
			347	544
			347	543
			346	542
			346	541
			346	540
			345	539
			345	538
			345	537
			345	536
			345	535
			344	534
			344	533
			344	532
			344	531
			344	530
			344	529
			344	528
			343	527
			343	526
			343	525
			343	524
			343	523
			343	522
			343	521
			343	520
			343	519
			343	518
			343	517
			343	516
			343	515
			343	514
			344	513
			344	512
			344	511
			344	510
			344	509
			344	508
			344	507
			345	506
			345	505
			345	504
			345	503
			345	502
			346	502
			346	501
			346	500
			346	499
			347	498
			347	497
			347	496
			347	495
			348	494
			348	493
			349	492
			349	491
			349	490
			350	489
			350	488
			350	487
			351	486
			351	485
			352	485
			352	484
			353	483
			353	482
			353	481
			354	480
			354	479
			355	478
			355	477
			356	476
			356	475
			357	474
			358	473
			358	472
			359	472
			359	471
			360	470
			360	469
			361	468
			362	467
			362	466
			363	465
			364	464
			364	463
			365	462
			366	461
			366	460
			367	459
			368	458
			368	457
			369	456
			370	455
			371	455
			371	454
			372	453
			373	452
			374	451
			375	450
			375	449
			376	448
			377	447
			378	446
			379	445
			380	444
			380	443
			381	442
			382	441
			383	440
			384	439
			385	438
			386	437
			387	436
			388	435
			389	434
			390	433
			391	432
			392	431
			393	430
			394	429
			395	428
			396	427
			397	426
			398	425
			399	424
			400	423
			401	422
			402	421
			403	421
			404	420
			405	420
			405	419
			406	418
			407	418
			407	417
			408	417
			409	416
			409	415
			410	415
			411	414
			412	414
			412	413
			413	412
			414	412
			414	411
			415	411
			416	410
			417	409
			418	408
			419	407
			420	407
			421	406
			422	405
			423	405
			424	404
			425	403
			426	402
			427	402
			427	401
			428	400
			429	399
			430	399
			431	398
			432	398
			433	397
			434	397
			435	397
			435	396
			436	396
			437	396
			437	395
			438	395
			439	394
			440	394
			441	393
			442	393
			443	393
			443	392
			444	392
			445	391
			446	391
			447	390
			448	390
			449	390
			450	389
			451	389
			452	388
			453	387
			454	387
			455	387
			456	386
			457	386
			458	385
			459	385
			460	384
			461	384
			462	384
			462	383
			463	383
			464	383
			465	382
			466	382
			467	381
			468	381
			469	381
			470	380
			471	380
			472	380
			473	379
			474	379
			475	378
			476	378
			477	378
			478	377
			479	377
			480	377
			481	376
			482	376
			483	376
			484	375
			485	375
			486	375
			486	374
			487	374
			488	373
			489	373
			490	373
			491	373
			492	372
			493	372
			494	372
			495	371
			496	371
			497	371
			498	370
			499	370
			500	370
			501	369
			502	369
			503	369
			504	369
			505	368
			506	368
			507	368
			508	367
			509	367
			510	367
			511	367
			512	366
			513	366
			514	366
			515	365
			516	365
			517	365
			518	365
			519	364
			520	364
			521	364
			522	364
			523	363
			524	363
			525	363
			526	363
			527	363
			528	362
			529	362
			530	362
			531	362
			532	361
			533	361
			534	361
			535	361
			536	361
			537	360
			538	360
			539	360
			540	360
			541	360
			542	359
			543	359
			544	359
			545	359
			546	359
			547	358
			548	358
			549	358
			550	358
			551	358
			552	358
			553	358
			553	357
			554	357
			555	357
			556	357
			557	357
			558	357
			559	357
			560	357
			561	356
			562	356
			563	356
			564	356
			565	356
			566	356
			567	356
			568	355
			569	355
			570	355
			571	355
			572	355
			573	355
			574	355
			575	355
			576	355
			577	354
			578	354
			579	354
			580	354
			581	354
			582	354
			583	354
			584	354
			585	354
			586	354
			587	354
			588	354
			589	354
			590	353
			591	353
			592	353
			593	353
			594	353
			595	353
			596	353
			597	353
			598	353
			599	353
			600	353
			601	353
			602	353
			603	353
			604	353
			605	353
			606	353
			607	353
			608	353
			609	353
			610	353
			611	353
			612	353
			613	352
			614	352
			615	352
			616	352
			617	352
			618	352
			619	352
			620	352
			621	352
			622	352
			623	352
			624	352
			625	353
			626	353
			627	353
			628	353
			629	353
			630	353
			631	353
			632	353
			633	353
			634	353
			635	353
			636	353
			637	353
			638	353
			639	353
			640	353
			641	353
			642	353
			643	353
			644	353
			645	353
			646	353
			647	353
			648	353
			649	353
			650	354
			651	354
			652	354
			653	354
			654	354
			655	354
			656	354
			657	354
			658	354
			659	354
			660	354
			661	354
			662	354
			663	354
			663	355
			664	355
			665	355
			666	355
			667	355
			668	355
			669	355
			670	355
			671	355
			672	355
			673	356
			674	356
			675	356
			676	356
			677	356
			678	356
			679	356
			680	356
			681	357
			682	357
			683	357
			684	357
			685	357
			686	357
			687	357
			688	358
			689	358
			690	358
			691	358
			692	358
			693	358
			694	358
			695	359
			696	359
			697	359
			698	359
			699	359
			700	359
			701	359
			702	359
			703	359
			704	359
			705	359
			706	360
			707	360
			708	360
			709	360
			710	360
			711	360
			712	360
			713	360
			714	360
			715	360
			716	360
			717	360
			718	360
			719	360
			720	360
			721	360
			722	360
			723	361
			724	361
			725	361
			726	361
			727	361
			728	361
			729	361
			730	361
			731	361
			732	361
			733	361
			734	361
			735	361
			736	361
			737	361
			738	361
			739	362
			740	362
			741	362
			742	362
			743	362
			744	362
			745	362
			746	362
			747	362
			748	362
			749	362
			750	362
			751	362
			752	362
			753	362
			754	362
			755	362
			756	362
			757	363
			758	363
			759	363
			760	363
			761	363
			762	363
			763	363
			764	363
			765	363
			766	363
			767	363
			768	363
			769	363
			770	363
			771	363
			772	363
			773	363
			774	363
			775	364
			776	364
			777	364
			778	364
			779	364
			780	364
			781	364
			782	364
			783	364
			784	364
			785	364
			786	364
			787	364
			788	364
			789	364
			790	364
			791	364
			792	364
			793	364
			794	364
			795	365
			796	365
			797	365
			798	365
			799	365
			800	365
			801	365
			802	365
			803	365
			804	365
			805	365
			806	365
			807	365
			808	365
			809	365
			810	365
			811	365
			812	365
			813	365
			814	365
			815	365
			816	365
			817	366
			818	366
			819	366
			820	366
			821	366
			822	366
			823	366
			824	366
			825	366
			826	366
			827	366
			828	366
			829	366
			830	366
			831	366
			832	366
			833	366
			834	366
			835	366
			836	366
			837	366
			838	366
			839	366
			840	366
			841	366
			842	366
			843	366
			844	366
			845	366
			846	366
			847	367
			848	367
			849	367
			850	367
			851	367
			852	367
			853	367
			854	367
			855	367
			856	367
			857	367
			858	367
			859	367
			860	367
			861	367
			862	367
			863	367
			864	367
			865	367
			866	367
			867	367
			868	367
			869	367
			870	367
			871	367
			872	367
			873	367
			874	366
			875	366
			876	366
			877	366
			878	366
			879	366
			880	366
		</Snout_dorsal>
		<Dorsal_adipose type=matrix rownames=FALSE colnames=FALSE nrow=518 ncol=2 as.numeric=TRUE >
			880	366
			881	366
			882	366
			883	367
			884	367
			885	367
			886	367
			887	368
			888	368
			889	368
			890	368
			891	369
			892	369
			893	369
			894	369
			895	370
			896	370
			897	370
			898	370
			899	370
			900	371
			901	371
			902	371
			903	371
			904	372
			905	372
			906	372
			907	372
			908	373
			909	373
			910	373
			911	373
			912	374
			913	374
			914	374
			915	374
			916	374
			917	375
			918	375
			919	375
			920	375
			921	375
			921	376
			922	376
			923	376
			924	376
			925	376
			926	377
			927	377
			928	377
			929	377
			930	377
			930	378
			931	378
			932	378
			933	378
			934	378
			935	379
			936	379
			937	379
			938	379
			939	380
			940	380
			941	380
			942	380
			943	380
			944	381
			945	381
			946	381
			947	381
			948	382
			949	382
			950	382
			951	382
			952	382
			953	383
			954	383
			955	383
			956	383
			957	384
			958	384
			959	384
			960	384
			961	384
			962	385
			963	385
			964	385
			965	385
			966	386
			967	386
			968	386
			969	386
			970	386
			971	387
			972	387
			973	387
			974	387
			975	388
			976	388
			977	388
			978	388
			979	388
			980	389
			981	389
			982	389
			983	389
			984	389
			985	390
			986	390
			987	390
			988	390
			989	390
			990	391
			991	391
			992	391
			993	391
			994	391
			995	392
			996	392
			997	392
			998	392
			999	393
			1000	393
			1001	393
			1002	393
			1003	393
			1004	394
			1005	394
			1006	394
			1007	394
			1008	394
			1009	395
			1010	395
			1011	395
			1012	395
			1013	395
			1014	396
			1015	396
			1016	396
			1017	396
			1018	396
			1019	397
			1020	397
			1021	397
			1022	397
			1023	398
			1024	398
			1025	398
			1026	398
			1027	398
			1028	399
			1029	399
			1030	399
			1031	399
			1032	399
			1033	400
			1034	400
			1035	400
			1036	400
			1037	400
			1038	401
			1039	401
			1040	401
			1041	401
			1042	401
			1043	402
			1044	402
			1045	402
			1046	402
			1047	402
			1048	403
			1049	403
			1050	403
			1051	403
			1052	403
			1053	404
			1054	404
			1055	404
			1056	404
			1057	404
			1058	405
			1059	405
			1060	405
			1061	405
			1062	405
			1063	406
			1064	406
			1065	406
			1066	406
			1067	406
			1068	407
			1069	407
			1070	407
			1071	407
			1072	407
			1073	408
			1074	408
			1075	408
			1076	408
			1077	408
			1078	409
			1079	409
			1080	409
			1081	409
			1082	409
			1083	410
			1084	410
			1085	410
			1086	410
			1087	410
			1088	411
			1089	411
			1090	411
			1091	411
			1092	411
			1093	411
			1093	412
			1094	412
			1095	412
			1096	412
			1097	412
			1098	413
			1099	413
			1100	413
			1101	413
			1102	413
			1103	414
			1104	414
			1105	414
			1106	414
			1107	414
			1108	414
			1109	415
			1110	415
			1111	415
			1112	415
			1113	415
			1113	416
			1114	416
			1115	416
			1116	416
			1117	416
			1118	416
			1119	417
			1120	417
			1121	417
			1122	417
			1123	417
			1124	418
			1125	418
			1126	418
			1127	418
			1128	418
			1129	419
			1130	419
			1131	419
			1132	419
			1133	419
			1134	419
			1135	420
			1136	420
			1137	420
			1138	420
			1139	420
			1140	421
			1141	421
			1142	421
			1143	421
			1144	421
			1145	422
			1146	422
			1147	422
			1148	422
			1149	422
			1150	423
			1151	423
			1152	423
			1153	423
			1154	423
			1155	423
			1156	424
			1157	424
			1158	424
			1159	424
			1160	425
			1161	425
			1162	425
			1163	425
			1164	425
			1165	425
			1166	426
			1167	426
			1168	426
			1169	426
			1170	426
			1171	426
			1171	427
			1172	427
			1173	427
			1174	427
			1175	427
			1176	427
			1177	428
			1178	428
			1179	428
			1180	428
			1181	428
			1182	429
			1183	429
			1184	429
			1185	429
			1186	429
			1187	430
			1188	430
			1189	430
			1190	430
			1191	430
			1192	430
			1193	431
			1194	431
			1195	431
			1196	431
			1197	431
			1198	431
			1199	432
			1200	432
			1201	432
			1202	432
			1203	432
			1204	432
			1205	432
			1206	432
			1207	433
			1208	433
			1209	433
			1210	433
			1211	433
			1212	433
			1213	433
			1214	433
			1215	434
			1216	434
			1217	434
			1218	434
			1219	434
			1220	434
			1221	434
			1222	434
			1223	434
			1223	435
			1224	435
			1225	435
			1226	435
			1227	435
			1228	435
			1229	435
			1230	435
			1231	435
			1232	436
			1233	436
			1234	436
			1235	436
			1236	436
			1237	436
			1238	436
			1239	436
			1240	437
			1241	437
			1242	437
			1243	437
			1244	437
			1245	437
			1246	437
			1247	437
			1248	437
			1249	438
			1250	438
			1251	438
			1252	438
			1253	438
			1254	438
			1255	438
			1256	438
			1257	439
			1258	439
			1259	439
			1260	439
			1261	439
			1262	439
			1263	439
			1264	439
			1265	439
			1266	440
			1267	440
			1268	440
			1269	440
			1270	440
			1271	440
			1272	440
			1273	440
			1274	440
			1275	440
			1275	441
			1276	441
			1277	441
			1278	441
			1279	441
			1280	441
			1281	441
			1282	441
			1283	441
			1284	441
			1285	442
			1286	442
			1287	442
			1288	442
			1289	442
			1290	442
			1291	442
			1292	442
			1293	442
			1294	442
			1295	443
			1296	443
			1297	443
			1298	443
			1299	443
			1300	443
			1301	443
			1302	443
			1303	443
			1304	443
			1305	443
			1306	444
			1307	444
			1308	444
			1309	444
			1310	444
			1311	444
			1312	444
			1313	444
			1314	444
			1315	444
			1316	444
			1316	445
			1317	445
			1318	445
			1319	445
			1320	445
			1321	445
			1322	445
			1323	445
			1324	445
			1325	445
			1326	445
			1327	445
			1328	445
			1329	446
			1330	446
			1331	446
			1332	446
			1333	446
			1334	446
			1335	446
			1336	446
			1337	446
			1338	446
			1339	446
			1340	446
			1341	446
			1342	446
			1343	447
			1344	447
			1345	447
			1346	447
			1347	447
			1348	447
			1349	447
			1350	447
			1351	447
			1352	447
			1353	447
			1354	447
			1355	447
			1356	447
			1357	447
			1358	447
			1359	447
			1360	447
			1361	448
			1362	448
			1363	448
			1364	448
			1365	448
			1366	448
			1367	448
			1368	448
			1369	448
			1370	448
			1371	448
			1372	448
			1373	448
			1374	448
			1375	448
			1376	448
			1377	448
			1378	448
			1379	448
			1380	448
			1381	448
			1382	448
			1383	448
			1384	448
			1385	448
			1386	448
			1387	448
			1388	448
			1389	448
		</Dorsal_adipose>
		<Adipose_caudal type=matrix rownames=FALSE colnames=FALSE nrow=249 ncol=2 as.numeric=TRUE >
			1389	448
			1390	448
			1391	448
			1392	448
			1393	448
			1394	448
			1395	449
			1396	449
			1397	449
			1398	449
			1399	449
			1400	449
			1401	449
			1402	450
			1403	450
			1404	450
			1405	450
			1406	450
			1407	450
			1408	451
			1409	451
			1410	451
			1411	451
			1412	451
			1413	452
			1414	452
			1415	452
			1416	452
			1417	453
			1418	453
			1419	453
			1420	453
			1421	454
			1422	454
			1423	455
			1424	455
			1425	455
			1426	456
			1427	456
			1428	457
			1429	457
			1430	458
			1431	458
			1431	459
			1432	459
			1433	460
			1434	460
			1435	460
			1436	461
			1437	461
			1438	461
			1439	461
			1440	461
			1441	461
			1442	461
			1443	461
			1444	462
			1445	462
			1446	462
			1447	462
			1448	462
			1449	462
			1450	462
			1451	463
			1452	463
			1453	463
			1454	463
			1455	463
			1456	463
			1457	463
			1458	464
			1459	464
			1460	464
			1461	464
			1462	464
			1463	464
			1464	464
			1465	465
			1466	465
			1467	465
			1468	465
			1469	465
			1470	465
			1471	465
			1472	465
			1473	466
			1474	466
			1475	466
			1476	466
			1477	466
			1478	466
			1479	466
			1480	466
			1481	467
			1482	467
			1483	467
			1484	467
			1485	467
			1486	467
			1487	467
			1488	467
			1489	467
			1490	468
			1491	468
			1492	468
			1493	468
			1494	468
			1495	468
			1496	468
			1497	468
			1498	468
			1499	469
			1500	469
			1501	469
			1502	469
			1503	469
			1504	469
			1505	469
			1506	469
			1507	469
			1508	469
			1508	470
			1509	470
			1510	470
			1511	470
			1512	470
			1513	470
			1514	470
			1515	470
			1516	470
			1517	470
			1518	470
			1519	470
			1520	471
			1521	471
			1522	471
			1523	471
			1524	471
			1525	471
			1526	471
			1527	471
			1528	471
			1529	471
			1530	471
			1531	471
			1532	471
			1533	471
			1534	471
			1535	471
			1536	472
			1537	472
			1538	472
			1539	472
			1540	472
			1541	472
			1542	472
			1543	472
			1544	472
			1545	472
			1546	472
			1547	472
			1548	472
			1549	472
			1550	472
			1551	472
			1552	472
			1553	472
			1554	472
			1555	472
			1556	472
			1557	472
			1558	472
			1559	472
			1560	471
			1561	471
			1562	471
			1563	471
			1564	471
			1565	471
			1566	471
			1567	471
			1568	470
			1569	470
			1570	470
			1571	470
			1572	470
			1573	469
			1574	469
			1575	469
			1576	469
			1577	469
			1578	468
			1579	468
			1580	468
			1581	468
			1582	468
			1583	468
			1584	467
			1585	467
			1586	467
			1587	467
			1588	467
			1589	467
			1590	467
			1591	466
			1592	466
			1593	466
			1594	466
			1595	466
			1596	466
			1597	465
			1598	465
			1599	465
			1600	465
			1601	465
			1602	465
			1603	465
			1604	465
			1605	465
			1606	465
			1607	464
			1608	464
			1609	464
			1610	464
			1611	464
			1612	464
			1613	464
			1614	464
			1615	464
			1616	464
			1617	464
			1618	464
			1619	464
			1620	464
			1621	464
			1622	464
			1623	464
			1624	464
			1625	464
			1626	464
			1627	464
			1628	464
			1629	464
			1630	464
			1631	464
			1632	465
			1633	465
			1634	465
			1635	465
		</Adipose_caudal>
		<Caudal_anal type=matrix rownames=FALSE colnames=FALSE nrow=472 ncol=2 as.numeric=TRUE >
			1643	613
			1642	613
			1641	613
			1640	614
			1639	614
			1638	614
			1637	614
			1636	615
			1635	615
			1634	615
			1633	615
			1632	615
			1631	615
			1630	615
			1629	615
			1628	616
			1627	616
			1626	616
			1625	616
			1624	616
			1623	616
			1622	616
			1621	616
			1620	616
			1619	616
			1618	616
			1617	616
			1616	617
			1615	617
			1614	617
			1613	617
			1612	617
			1611	617
			1610	617
			1609	617
			1608	617
			1607	617
			1606	617
			1605	617
			1604	617
			1603	617
			1602	617
			1601	617
			1600	617
			1599	617
			1598	617
			1597	617
			1596	617
			1595	617
			1594	617
			1593	617
			1592	617
			1591	617
			1590	617
			1589	617
			1588	617
			1587	617
			1586	617
			1585	617
			1584	617
			1583	617
			1582	617
			1581	617
			1580	617
			1579	617
			1578	617
			1577	617
			1576	617
			1575	617
			1574	617
			1573	617
			1572	617
			1571	617
			1570	617
			1569	617
			1568	617
			1567	617
			1566	617
			1565	617
			1564	617
			1563	618
			1562	618
			1561	618
			1560	618
			1559	618
			1558	618
			1557	618
			1556	618
			1555	618
			1554	618
			1553	618
			1552	618
			1551	618
			1550	618
			1549	619
			1548	619
			1547	619
			1546	619
			1545	619
			1544	619
			1543	619
			1542	619
			1541	619
			1540	619
			1539	620
			1538	620
			1537	620
			1536	620
			1535	620
			1534	620
			1533	620
			1532	620
			1531	620
			1531	621
			1530	621
			1529	621
			1528	621
			1527	621
			1526	621
			1525	621
			1524	621
			1523	622
			1522	622
			1521	622
			1520	622
			1519	622
			1518	622
			1517	622
			1516	623
			1515	623
			1514	623
			1513	623
			1512	623
			1511	623
			1510	624
			1509	624
			1508	624
			1507	624
			1506	624
			1505	624
			1504	625
			1503	625
			1502	625
			1501	625
			1500	625
			1499	625
			1498	626
			1497	626
			1496	626
			1495	626
			1494	626
			1493	627
			1492	627
			1491	627
			1490	627
			1489	627
			1488	628
			1487	628
			1486	628
			1485	628
			1484	628
			1483	628
			1482	629
			1481	629
			1480	629
			1479	629
			1478	629
			1477	630
			1476	630
			1475	630
			1474	630
			1473	631
			1472	631
			1471	631
			1470	631
			1469	631
			1468	632
			1467	632
			1466	632
			1465	632
			1464	633
			1463	633
			1462	633
			1461	633
			1460	633
			1459	634
			1458	634
			1457	634
			1456	634
			1455	635
			1454	635
			1453	635
			1452	635
			1451	635
			1450	636
			1449	636
			1448	636
			1447	636
			1446	637
			1445	637
			1444	637
			1443	637
			1442	637
			1441	638
			1440	638
			1439	638
			1438	638
			1437	639
			1436	639
			1435	639
			1434	639
			1433	639
			1432	640
			1431	640
			1430	640
			1429	640
			1428	641
			1427	641
			1426	641
			1425	641
			1424	641
			1423	642
			1422	642
			1421	642
			1420	642
			1419	642
			1418	643
			1417	643
			1416	643
			1415	643
			1414	644
			1413	644
			1412	644
			1411	644
			1410	644
			1409	645
			1408	645
			1407	645
			1406	645
			1405	646
			1404	646
			1403	646
			1402	646
			1401	647
			1400	647
			1399	647
			1398	647
			1397	647
			1396	648
			1395	648
			1394	648
			1393	648
			1392	648
			1391	649
			1390	649
			1389	649
			1388	649
			1387	650
			1386	650
			1385	650
			1384	650
			1383	650
			1382	651
			1381	651
			1380	651
			1379	651
			1378	652
			1377	652
			1376	652
			1375	652
			1374	652
			1373	653
			1372	653
			1371	653
			1370	653
			1369	654
			1368	654
			1367	654
			1366	654
			1365	654
			1364	655
			1363	655
			1362	655
			1361	655
			1360	656
			1359	656
			1358	656
			1357	656
			1356	656
			1355	657
			1354	657
			1353	657
			1352	657
			1351	657
			1350	658
			1349	658
			1348	658
			1347	658
			1346	659
			1345	659
			1344	659
			1343	659
			1342	659
			1342	660
			1341	660
			1340	660
			1339	660
			1338	660
			1337	660
			1337	661
			1336	661
			1335	661
			1334	661
			1333	661
			1333	662
			1332	662
			1331	662
			1330	662
			1329	662
			1328	663
			1327	663
			1326	663
			1325	663
			1324	663
			1323	664
			1322	664
			1321	664
			1320	664
			1319	665
			1318	665
			1317	665
			1316	665
			1315	665
			1314	666
			1313	666
			1312	666
			1311	666
			1310	666
			1310	667
			1309	667
			1308	667
			1307	667
			1306	668
			1305	668
			1304	668
			1303	668
			1302	668
			1301	668
			1301	669
			1300	669
			1299	669
			1298	669
			1297	669
			1296	670
			1295	670
			1294	670
			1293	670
			1292	670
			1291	671
			1290	671
			1289	671
			1288	671
			1287	671
			1286	672
			1285	672
			1284	672
			1283	672
			1282	673
			1281	673
			1280	673
			1279	673
			1278	674
			1277	674
			1276	674
			1275	674
			1274	674
			1273	675
			1272	675
			1271	675
			1270	675
			1269	676
			1268	676
			1267	676
			1266	676
			1265	676
			1264	677
			1263	677
			1262	677
			1261	677
			1260	678
			1259	678
			1258	678
			1257	678
			1256	678
			1255	679
			1254	679
			1253	679
			1252	679
			1251	680
			1250	680
			1249	680
			1248	680
			1247	680
			1246	681
			1245	681
			1244	681
			1243	681
			1242	681
			1241	682
			1240	682
			1239	682
			1238	682
			1237	682
			1237	683
			1236	683
			1235	683
			1234	683
			1233	683
			1232	684
			1231	684
			1230	684
			1229	684
			1228	684
			1227	685
			1226	685
			1225	685
			1224	685
			1223	686
			1222	686
			1221	686
			1220	686
			1219	687
			1218	687
			1217	687
			1216	687
			1215	687
			1214	688
			1213	688
			1212	688
			1211	688
			1210	688
			1209	689
			1208	689
			1207	689
			1206	689
			1205	690
			1204	690
			1203	690
			1202	690
			1201	690
			1200	691
			1199	691
			1198	691
			1197	691
			1196	691
			1196	692
			1195	692
			1194	692
			1193	692
			1192	692
			1191	693
			1190	693
			1189	693
			1188	693
			1187	693
			1186	694
			1185	694
			1184	694
			1183	694
			1182	695
			1181	695
			1180	695
		</Caudal_anal>
	</curves.pixel>
	<curves.scaled type=list>
		<Snout_dorsal type=matrix rownames=FALSE colnames=FALSE nrow=631 ncol=2 as.numeric=TRUE >
			11.9929932115351	-18.9291117925654
			11.9929932115351	-18.8949437207376
			11.9588251397074	-18.8949437207376
			11.9588251397074	-18.8607756489099
			11.9588251397074	-18.8266075770822
			11.9246570678796	-18.7924395052544
			11.9246570678796	-18.7582714334267
			11.8904889960519	-18.724103361599
			11.8904889960519	-18.6899352897712
			11.8904889960519	-18.6557672179435
			11.8563209242242	-18.6557672179435
			11.8563209242242	-18.6215991461157
			11.8563209242242	-18.587431074288
			11.8563209242242	-18.5532630024603
			11.8221528523964	-18.5190949306325
			11.8221528523964	-18.4849268588048
			11.8221528523964	-18.4507587869771
			11.7879847805687	-18.4165907151493
			11.7879847805687	-18.3824226433216
			11.7879847805687	-18.3482545714939
			11.7879847805687	-18.3140864996661
			11.7879847805687	-18.2799184278384
			11.7538167087409	-18.2457503560107
			11.7538167087409	-18.2115822841829
			11.7538167087409	-18.1774142123552
			11.7538167087409	-18.1432461405275
			11.7538167087409	-18.1090780686997
			11.7538167087409	-18.074909996872
			11.7538167087409	-18.0407419250442
			11.7196486369132	-18.0065738532165
			11.7196486369132	-17.9724057813888
			11.7196486369132	-17.938237709561
			11.7196486369132	-17.9040696377333
			11.7196486369132	-17.8699015659056
			11.7196486369132	-17.8357334940778
			11.7196486369132	-17.8015654222501
			11.7196486369132	-17.7673973504224
			11.7196486369132	-17.7332292785946
			11.7196486369132	-17.6990612067669
			11.7196486369132	-17.6648931349392
			11.7196486369132	-17.6307250631114
			11.7196486369132	-17.5965569912837
			11.7196486369132	-17.562388919456
			11.7538167087409	-17.5282208476282
			11.7538167087409	-17.4940527758005
			11.7538167087409	-17.4598847039727
			11.7538167087409	-17.425716632145
			11.7538167087409	-17.3915485603173
			11.7538167087409	-17.3573804884895
			11.7538167087409	-17.3232124166618
			11.7879847805687	-17.2890443448341
			11.7879847805687	-17.2548762730063
			11.7879847805687	-17.2207082011786
			11.7879847805687	-17.1865401293509
			11.7879847805687	-17.1523720575231
			11.8221528523964	-17.1523720575231
			11.8221528523964	-17.1182039856954
			11.8221528523964	-17.0840359138677
			11.8221528523964	-17.0498678420399
			11.8563209242242	-17.0156997702122
			11.8563209242242	-16.9815316983845
			11.8563209242242	-16.9473636265567
			11.8563209242242	-16.913195554729
			11.8904889960519	-16.8790274829012
			11.8904889960519	-16.8448594110735
			11.9246570678796	-16.8106913392458
			11.9246570678796	-16.776523267418
			11.9246570678796	-16.7423551955903
			11.9588251397074	-16.7081871237626
			11.9588251397074	-16.6740190519348
			11.9588251397074	-16.6398509801071
			11.9929932115351	-16.6056829082794
			11.9929932115351	-16.5715148364516
			12.0271612833628	-16.5715148364516
			12.0271612833628	-16.5373467646239
			12.0613293551906	-16.5031786927962
			12.0613293551906	-16.4690106209684
			12.0613293551906	-16.4348425491407
			12.0954974270183	-16.400674477313
			12.0954974270183	-16.3665064054852
			12.129665498846	-16.3323383336575
			12.129665498846	-16.2981702618297
			12.1638335706738	-16.264002190002
			12.1638335706738	-16.2298341181743
			12.1980016425015	-16.1956660463465
			12.2321697143292	-16.1614979745188
			12.2321697143292	-16.1273299026911
			12.266337786157	-16.1273299026911
			12.266337786157	-16.0931618308633
			12.3005058579847	-16.0589937590356
			12.3005058579847	-16.0248256872079
			12.3346739298124	-15.9906576153801
			12.3688420016402	-15.9564895435524
			12.3688420016402	-15.9223214717247
			12.4030100734679	-15.8881533998969
			12.4371781452957	-15.8539853280692
			12.4371781452957	-15.8198172562415
			12.4713462171234	-15.7856491844137
			12.5055142889511	-15.751481112586
			12.5055142889511	-15.7173130407582
			12.5396823607789	-15.6831449689305
			12.5738504326066	-15.6489768971028
			12.5738504326066	-15.614808825275
			12.6080185044343	-15.5806407534473
			12.6421865762621	-15.5464726816196
			12.6763546480898	-15.5464726816196
			12.6763546480898	-15.5123046097918
			12.7105227199175	-15.4781365379641
			12.7446907917453	-15.4439684661364
			12.778858863573	-15.4098003943086
			12.8130269354007	-15.3756323224809
			12.8130269354007	-15.3414642506532
			12.8471950072285	-15.3072961788254
			12.8813630790562	-15.2731281069977
			12.915531150884	-15.23896003517
			12.9496992227117	-15.2047919633422
			12.9838672945394	-15.1706238915145
			12.9838672945394	-15.1364558196867
			13.0180353663672	-15.102287747859
			13.0522034381949	-15.0681196760313
			13.0863715100226	-15.0339516042035
			13.1205395818504	-14.9997835323758
			13.1547076536781	-14.9656154605481
			13.1888757255058	-14.9314473887203
			13.2230437973336	-14.8972793168926
			13.2572118691613	-14.8631112450649
			13.291379940989	-14.8289431732371
			13.3255480128168	-14.7947751014094
			13.3597160846445	-14.7606070295817
			13.3938841564722	-14.7264389577539
			13.4280522283	-14.6922708859262
			13.4622203001277	-14.6581028140985
			13.4963883719555	-14.6239347422707
			13.5305564437832	-14.589766670443
			13.5647245156109	-14.5555985986152
			13.5988925874387	-14.5214305267875
			13.6330606592664	-14.4872624549598
			13.6672287310941	-14.453094383132
			13.7013968029219	-14.4189263113043
			13.7355648747496	-14.3847582394766
			13.7697329465773	-14.3847582394766
			13.8039010184051	-14.3505901676488
			13.8380690902328	-14.3505901676488
			13.8380690902328	-14.3164220958211
			13.8722371620605	-14.2822540239934
			13.9064052338883	-14.2822540239934
			13.9064052338883	-14.2480859521656
			13.940573305716	-14.2480859521656
			13.9747413775437	-14.2139178803379
			13.9747413775437	-14.1797498085102
			14.0089094493715	-14.1797498085102
			14.0430775211992	-14.1455817366824
			14.077245593027	-14.1455817366824
			14.077245593027	-14.1114136648547
			14.1114136648547	-14.077245593027
			14.1455817366824	-14.077245593027
			14.1455817366824	-14.0430775211992
			14.1797498085102	-14.0430775211992
			14.2139178803379	-14.0089094493715
			14.2480859521656	-13.9747413775437
			14.2822540239934	-13.940573305716
			14.3164220958211	-13.9064052338883
			14.3505901676488	-13.9064052338883
			14.3847582394766	-13.8722371620605
			14.4189263113043	-13.8380690902328
			14.453094383132	-13.8380690902328
			14.4872624549598	-13.8039010184051
			14.5214305267875	-13.7697329465773
			14.5555985986152	-13.7355648747496
			14.589766670443	-13.7355648747496
			14.589766670443	-13.7013968029219
			14.6239347422707	-13.6672287310941
			14.6581028140985	-13.6330606592664
			14.6922708859262	-13.6330606592664
			14.7264389577539	-13.5988925874387
			14.7606070295817	-13.5988925874387
			14.7947751014094	-13.5647245156109
			14.8289431732371	-13.5647245156109
			14.8631112450649	-13.5647245156109
			14.8631112450649	-13.5305564437832
			14.8972793168926	-13.5305564437832
			14.9314473887203	-13.5305564437832
			14.9314473887203	-13.4963883719555
			14.9656154605481	-13.4963883719555
			14.9997835323758	-13.4622203001277
			15.0339516042035	-13.4622203001277
			15.0681196760313	-13.4280522283
			15.102287747859	-13.4280522283
			15.1364558196867	-13.4280522283
			15.1364558196867	-13.3938841564722
			15.1706238915145	-13.3938841564722
			15.2047919633422	-13.3597160846445
			15.23896003517	-13.3597160846445
			15.2731281069977	-13.3255480128168
			15.3072961788254	-13.3255480128168
			15.3414642506532	-13.3255480128168
			15.3756323224809	-13.291379940989
			15.4098003943086	-13.291379940989
			15.4439684661364	-13.2572118691613
			15.4781365379641	-13.2230437973336
			15.5123046097918	-13.2230437973336
			15.5464726816196	-13.2230437973336
			15.5806407534473	-13.1888757255058
			15.614808825275	-13.1888757255058
			15.6489768971028	-13.1547076536781
			15.6831449689305	-13.1547076536781
			15.7173130407582	-13.1205395818504
			15.751481112586	-13.1205395818504
			15.7856491844137	-13.1205395818504
			15.7856491844137	-13.0863715100226
			15.8198172562415	-13.0863715100226
			15.8539853280692	-13.0863715100226
			15.8881533998969	-13.0522034381949
			15.9223214717247	-13.0522034381949
			15.9564895435524	-13.0180353663672
			15.9906576153801	-13.0180353663672
			16.0248256872079	-13.0180353663672
			16.0589937590356	-12.9838672945394
			16.0931618308633	-12.9838672945394
			16.1273299026911	-12.9838672945394
			16.1614979745188	-12.9496992227117
			16.1956660463465	-12.9496992227117
			16.2298341181743	-12.915531150884
			16.264002190002	-12.915531150884
			16.2981702618297	-12.915531150884
			16.3323383336575	-12.8813630790562
			16.3665064054852	-12.8813630790562
			16.400674477313	-12.8813630790562
			16.4348425491407	-12.8471950072285
			16.4690106209684	-12.8471950072285
			16.5031786927962	-12.8471950072285
			16.5373467646239	-12.8130269354007
			16.5715148364516	-12.8130269354007
			16.6056829082794	-12.8130269354007
			16.6056829082794	-12.778858863573
			16.6398509801071	-12.778858863573
			16.6740190519348	-12.7446907917453
			16.7081871237626	-12.7446907917453
			16.7423551955903	-12.7446907917453
			16.776523267418	-12.7446907917453
			16.8106913392458	-12.7105227199175
			16.8448594110735	-12.7105227199175
			16.8790274829012	-12.7105227199175
			16.913195554729	-12.6763546480898
			16.9473636265567	-12.6763546480898
			16.9815316983845	-12.6763546480898
			17.0156997702122	-12.6421865762621
			17.0498678420399	-12.6421865762621
			17.0840359138677	-12.6421865762621
			17.1182039856954	-12.6080185044343
			17.1523720575231	-12.6080185044343
			17.1865401293509	-12.6080185044343
			17.2207082011786	-12.6080185044343
			17.2548762730063	-12.5738504326066
			17.2890443448341	-12.5738504326066
			17.3232124166618	-12.5738504326066
			17.3573804884895	-12.5396823607789
			17.3915485603173	-12.5396823607789
			17.425716632145	-12.5396823607789
			17.4598847039727	-12.5396823607789
			17.4940527758005	-12.5055142889511
			17.5282208476282	-12.5055142889511
			17.562388919456	-12.5055142889511
			17.5965569912837	-12.4713462171234
			17.6307250631114	-12.4713462171234
			17.6648931349392	-12.4713462171234
			17.6990612067669	-12.4713462171234
			17.7332292785946	-12.4371781452957
			17.7673973504224	-12.4371781452957
			17.8015654222501	-12.4371781452957
			17.8357334940778	-12.4371781452957
			17.8699015659056	-12.4030100734679
			17.9040696377333	-12.4030100734679
			17.938237709561	-12.4030100734679
			17.9724057813888	-12.4030100734679
			18.0065738532165	-12.4030100734679
			18.0407419250442	-12.3688420016402
			18.074909996872	-12.3688420016402
			18.1090780686997	-12.3688420016402
			18.1432461405275	-12.3688420016402
			18.1774142123552	-12.3346739298124
			18.2115822841829	-12.3346739298124
			18.2457503560107	-12.3346739298124
			18.2799184278384	-12.3346739298124
			18.3140864996661	-12.3346739298124
			18.3482545714939	-12.3005058579847
			18.3824226433216	-12.3005058579847
			18.4165907151493	-12.3005058579847
			18.4507587869771	-12.3005058579847
			18.4849268588048	-12.3005058579847
			18.5190949306325	-12.266337786157
			18.5532630024603	-12.266337786157
			18.587431074288	-12.266337786157
			18.6215991461157	-12.266337786157
			18.6557672179435	-12.266337786157
			18.6899352897712	-12.2321697143292
			18.724103361599	-12.2321697143292
			18.7582714334267	-12.2321697143292
			18.7924395052544	-12.2321697143292
			18.8266075770822	-12.2321697143292
			18.8607756489099	-12.2321697143292
			18.8949437207376	-12.2321697143292
			18.8949437207376	-12.1980016425015
			18.9291117925654	-12.1980016425015
			18.9632798643931	-12.1980016425015
			18.9974479362208	-12.1980016425015
			19.0316160080486	-12.1980016425015
			19.0657840798763	-12.1980016425015
			19.099952151704	-12.1980016425015
			19.1341202235318	-12.1980016425015
			19.1682882953595	-12.1638335706738
			19.2024563671872	-12.1638335706738
			19.236624439015	-12.1638335706738
			19.2707925108427	-12.1638335706738
			19.3049605826705	-12.1638335706738
			19.3391286544982	-12.1638335706738
			19.3732967263259	-12.1638335706738
			19.4074647981537	-12.129665498846
			19.4416328699814	-12.129665498846
			19.4758009418091	-12.129665498846
			19.5099690136369	-12.129665498846
			19.5441370854646	-12.129665498846
			19.5783051572923	-12.129665498846
			19.6124732291201	-12.129665498846
			19.6466413009478	-12.129665498846
			19.6808093727755	-12.129665498846
			19.7149774446033	-12.0954974270183
			19.749145516431	-12.0954974270183
			19.7833135882587	-12.0954974270183
			19.8174816600865	-12.0954974270183
			19.8516497319142	-12.0954974270183
			19.885817803742	-12.0954974270183
			19.9199858755697	-12.0954974270183
			19.9541539473974	-12.0954974270183
			19.9883220192252	-12.0954974270183
			20.0224900910529	-12.0954974270183
			20.0566581628806	-12.0954974270183
			20.0908262347084	-12.0954974270183
			20.1249943065361	-12.0954974270183
			20.1591623783638	-12.0613293551906
			20.1933304501916	-12.0613293551906
			20.2274985220193	-12.0613293551906
			20.261666593847	-12.0613293551906
			20.2958346656748	-12.0613293551906
			20.3300027375025	-12.0613293551906
			20.3641708093303	-12.0613293551906
			20.398338881158	-12.0613293551906
			20.4325069529857	-12.0613293551906
			20.4666750248135	-12.0613293551906
			20.5008430966412	-12.0613293551906
			20.5350111684689	-12.0613293551906
			20.5691792402967	-12.0613293551906
			20.6033473121244	-12.0613293551906
			20.6375153839521	-12.0613293551906
			20.6716834557799	-12.0613293551906
			20.7058515276076	-12.0613293551906
			20.7400195994353	-12.0613293551906
			20.7741876712631	-12.0613293551906
			20.8083557430908	-12.0613293551906
			20.8425238149185	-12.0613293551906
			20.8766918867463	-12.0613293551906
			20.910859958574	-12.0613293551906
			20.9450280304018	-12.0271612833628
			20.9791961022295	-12.0271612833628
			21.0133641740572	-12.0271612833628
			21.047532245885	-12.0271612833628
			21.0817003177127	-12.0271612833628
			21.1158683895404	-12.0271612833628
			21.1500364613682	-12.0271612833628
			21.1842045331959	-12.0271612833628
			21.2183726050236	-12.0271612833628
			21.2525406768514	-12.0271612833628
			21.2867087486791	-12.0271612833628
			21.3208768205068	-12.0271612833628
			21.3550448923346	-12.0613293551906
			21.3892129641623	-12.0613293551906
			21.42338103599	-12.0613293551906
			21.4575491078178	-12.0613293551906
			21.4917171796455	-12.0613293551906
			21.5258852514733	-12.0613293551906
			21.560053323301	-12.0613293551906
			21.5942213951287	-12.0613293551906
			21.6283894669565	-12.0613293551906
			21.6625575387842	-12.0613293551906
			21.6967256106119	-12.0613293551906
			21.7308936824397	-12.0613293551906
			21.7650617542674	-12.0613293551906
			21.7992298260951	-12.0613293551906
			21.8333978979229	-12.0613293551906
			21.8675659697506	-12.0613293551906
			21.9017340415783	-12.0613293551906
			21.9359021134061	-12.0613293551906
			21.9700701852338	-12.0613293551906
			22.0042382570615	-12.0613293551906
			22.0384063288893	-12.0613293551906
			22.072574400717	-12.0613293551906
			22.1067424725448	-12.0613293551906
			22.1409105443725	-12.0613293551906
			22.1750786162002	-12.0613293551906
			22.209246688028	-12.0954974270183
			22.2434147598557	-12.0954974270183
			22.2775828316834	-12.0954974270183
			22.3117509035112	-12.0954974270183
			22.3459189753389	-12.0954974270183
			22.3800870471666	-12.0954974270183
			22.4142551189944	-12.0954974270183
			22.4484231908221	-12.0954974270183
			22.4825912626498	-12.0954974270183
			22.5167593344776	-12.0954974270183
			22.5509274063053	-12.0954974270183
			22.585095478133	-12.0954974270183
			22.6192635499608	-12.0954974270183
			22.6534316217885	-12.0954974270183
			22.6534316217885	-12.129665498846
			22.6875996936163	-12.129665498846
			22.721767765444	-12.129665498846
			22.7559358372717	-12.129665498846
			22.7901039090995	-12.129665498846
			22.8242719809272	-12.129665498846
			22.8584400527549	-12.129665498846
			22.8926081245827	-12.129665498846
			22.9267761964104	-12.129665498846
			22.9609442682381	-12.129665498846
			22.9951123400659	-12.1638335706738
			23.0292804118936	-12.1638335706738
			23.0634484837213	-12.1638335706738
			23.0976165555491	-12.1638335706738
			23.1317846273768	-12.1638335706738
			23.1659526992045	-12.1638335706738
			23.2001207710323	-12.1638335706738
			23.23428884286	-12.1638335706738
			23.2684569146878	-12.1980016425015
			23.3026249865155	-12.1980016425015
			23.3367930583432	-12.1980016425015
			23.370961130171	-12.1980016425015
			23.4051292019987	-12.1980016425015
			23.4392972738264	-12.1980016425015
			23.4734653456542	-12.1980016425015
			23.5076334174819	-12.2321697143292
			23.5418014893096	-12.2321697143292
			23.5759695611374	-12.2321697143292
			23.6101376329651	-12.2321697143292
			23.6443057047928	-12.2321697143292
			23.6784737766206	-12.2321697143292
			23.7126418484483	-12.2321697143292
			23.746809920276	-12.266337786157
			23.7809779921038	-12.266337786157
			23.8151460639315	-12.266337786157
			23.8493141357593	-12.266337786157
			23.883482207587	-12.266337786157
			23.9176502794147	-12.266337786157
			23.9518183512425	-12.266337786157
			23.9859864230702	-12.266337786157
			24.0201544948979	-12.266337786157
			24.0543225667257	-12.266337786157
			24.0884906385534	-12.266337786157
			24.1226587103811	-12.3005058579847
			24.1568267822089	-12.3005058579847
			24.1909948540366	-12.3005058579847
			24.2251629258643	-12.3005058579847
			24.2593309976921	-12.3005058579847
			24.2934990695198	-12.3005058579847
			24.3276671413475	-12.3005058579847
			24.3618352131753	-12.3005058579847
			24.396003285003	-12.3005058579847
			24.4301713568308	-12.3005058579847
			24.4643394286585	-12.3005058579847
			24.4985075004862	-12.3005058579847
			24.532675572314	-12.3005058579847
			24.5668436441417	-12.3005058579847
			24.6010117159694	-12.3005058579847
			24.6351797877972	-12.3005058579847
			24.6693478596249	-12.3005058579847
			24.7035159314526	-12.3346739298124
			24.7376840032804	-12.3346739298124
			24.7718520751081	-12.3346739298124
			24.8060201469358	-12.3346739298124
			24.8401882187636	-12.3346739298124
			24.8743562905913	-12.3346739298124
			24.908524362419	-12.3346739298124
			24.9426924342468	-12.3346739298124
			24.9768605060745	-12.3346739298124
			25.0110285779023	-12.3346739298124
			25.04519664973	-12.3346739298124
			25.0793647215577	-12.3346739298124
			25.1135327933855	-12.3346739298124
			25.1477008652132	-12.3346739298124
			25.1818689370409	-12.3346739298124
			25.2160370088687	-12.3346739298124
			25.2502050806964	-12.3688420016402
			25.2843731525241	-12.3688420016402
			25.3185412243519	-12.3688420016402
			25.3527092961796	-12.3688420016402
			25.3868773680073	-12.3688420016402
			25.4210454398351	-12.3688420016402
			25.4552135116628	-12.3688420016402
			25.4893815834905	-12.3688420016402
			25.5235496553183	-12.3688420016402
			25.557717727146	-12.3688420016402
			25.5918857989738	-12.3688420016402
			25.6260538708015	-12.3688420016402
			25.6602219426292	-12.3688420016402
			25.694390014457	-12.3688420016402
			25.7285580862847	-12.3688420016402
			25.7627261581124	-12.3688420016402
			25.7968942299402	-12.3688420016402
			25.8310623017679	-12.3688420016402
			25.8652303735956	-12.4030100734679
			25.8993984454234	-12.4030100734679
			25.9335665172511	-12.4030100734679
			25.9677345890788	-12.4030100734679
			26.0019026609066	-12.4030100734679
			26.0360707327343	-12.4030100734679
			26.070238804562	-12.4030100734679
			26.1044068763898	-12.4030100734679
			26.1385749482175	-12.4030100734679
			26.1727430200453	-12.4030100734679
			26.206911091873	-12.4030100734679
			26.2410791637007	-12.4030100734679
			26.2752472355285	-12.4030100734679
			26.3094153073562	-12.4030100734679
			26.3435833791839	-12.4030100734679
			26.3777514510117	-12.4030100734679
			26.4119195228394	-12.4030100734679
			26.4460875946671	-12.4030100734679
			26.4802556664949	-12.4371781452957
			26.5144237383226	-12.4371781452957
			26.5485918101503	-12.4371781452957
			26.5827598819781	-12.4371781452957
			26.6169279538058	-12.4371781452957
			26.6510960256335	-12.4371781452957
			26.6852640974613	-12.4371781452957
			26.719432169289	-12.4371781452957
			26.7536002411168	-12.4371781452957
			26.7877683129445	-12.4371781452957
			26.8219363847722	-12.4371781452957
			26.8561044566	-12.4371781452957
			26.8902725284277	-12.4371781452957
			26.9244406002554	-12.4371781452957
			26.9586086720832	-12.4371781452957
			26.9927767439109	-12.4371781452957
			27.0269448157386	-12.4371781452957
			27.0611128875664	-12.4371781452957
			27.0952809593941	-12.4371781452957
			27.1294490312218	-12.4371781452957
			27.1636171030496	-12.4713462171234
			27.1977851748773	-12.4713462171234
			27.2319532467051	-12.4713462171234
			27.2661213185328	-12.4713462171234
			27.3002893903605	-12.4713462171234
			27.3344574621883	-12.4713462171234
			27.368625534016	-12.4713462171234
			27.4027936058437	-12.4713462171234
			27.4369616776715	-12.4713462171234
			27.4711297494992	-12.4713462171234
			27.5052978213269	-12.4713462171234
			27.5394658931547	-12.4713462171234
			27.5736339649824	-12.4713462171234
			27.6078020368101	-12.4713462171234
			27.6419701086379	-12.4713462171234
			27.6761381804656	-12.4713462171234
			27.7103062522933	-12.4713462171234
			27.7444743241211	-12.4713462171234
			27.7786423959488	-12.4713462171234
			27.8128104677766	-12.4713462171234
			27.8469785396043	-12.4713462171234
			27.881146611432	-12.4713462171234
			27.9153146832598	-12.5055142889511
			27.9494827550875	-12.5055142889511
			27.9836508269152	-12.5055142889511
			28.017818898743	-12.5055142889511
			28.0519869705707	-12.5055142889511
			28.0861550423984	-12.5055142889511
			28.1203231142262	-12.5055142889511
			28.1544911860539	-12.5055142889511
			28.1886592578816	-12.5055142889511
			28.2228273297094	-12.5055142889511
			28.2569954015371	-12.5055142889511
			28.2911634733648	-12.5055142889511
			28.3253315451926	-12.5055142889511
			28.3594996170203	-12.5055142889511
			28.3936676888481	-12.5055142889511
			28.4278357606758	-12.5055142889511
			28.4620038325035	-12.5055142889511
			28.4961719043313	-12.5055142889511
			28.530339976159	-12.5055142889511
			28.5645080479867	-12.5055142889511
			28.5986761198145	-12.5055142889511
			28.6328441916422	-12.5055142889511
			28.6670122634699	-12.5055142889511
			28.7011803352977	-12.5055142889511
			28.7353484071254	-12.5055142889511
			28.7695164789531	-12.5055142889511
			28.8036845507809	-12.5055142889511
			28.8378526226086	-12.5055142889511
			28.8720206944363	-12.5055142889511
			28.9061887662641	-12.5055142889511
			28.9403568380918	-12.5396823607789
			28.9745249099196	-12.5396823607789
			29.0086929817473	-12.5396823607789
			29.042861053575	-12.5396823607789
			29.0770291254028	-12.5396823607789
			29.1111971972305	-12.5396823607789
			29.1453652690582	-12.5396823607789
			29.179533340886	-12.5396823607789
			29.2137014127137	-12.5396823607789
			29.2478694845414	-12.5396823607789
			29.2820375563692	-12.5396823607789
			29.3162056281969	-12.5396823607789
			29.3503737000246	-12.5396823607789
			29.3845417718524	-12.5396823607789
			29.4187098436801	-12.5396823607789
			29.4528779155078	-12.5396823607789
			29.4870459873356	-12.5396823607789
			29.5212140591633	-12.5396823607789
			29.5553821309911	-12.5396823607789
			29.5895502028188	-12.5396823607789
			29.6237182746465	-12.5396823607789
			29.6578863464743	-12.5396823607789
			29.692054418302	-12.5396823607789
			29.7262224901297	-12.5396823607789
			29.7603905619575	-12.5396823607789
			29.7945586337852	-12.5396823607789
			29.8287267056129	-12.5396823607789
			29.8628947774407	-12.5055142889511
			29.8970628492684	-12.5055142889511
			29.9312309210961	-12.5055142889511
			29.9653989929239	-12.5055142889511
			29.9995670647516	-12.5055142889511
			30.0337351365793	-12.5055142889511
			30.0679032084071	-12.5055142889511
		</Snout_dorsal>
		<Dorsal_adipose type=matrix rownames=FALSE colnames=FALSE nrow=518 ncol=2 as.numeric=TRUE >
			30.0679032084071	-12.5055142889511
			30.1020712802348	-12.5055142889511
			30.1362393520626	-12.5055142889511
			30.1704074238903	-12.5396823607789
			30.204575495718	-12.5396823607789
			30.2387435675458	-12.5396823607789
			30.2729116393735	-12.5396823607789
			30.3070797112012	-12.5738504326066
			30.341247783029	-12.5738504326066
			30.3754158548567	-12.5738504326066
			30.4095839266844	-12.5738504326066
			30.4437519985122	-12.6080185044343
			30.4779200703399	-12.6080185044343
			30.5120881421676	-12.6080185044343
			30.5462562139954	-12.6080185044343
			30.5804242858231	-12.6421865762621
			30.6145923576508	-12.6421865762621
			30.6487604294786	-12.6421865762621
			30.6829285013063	-12.6421865762621
			30.7170965731341	-12.6421865762621
			30.7512646449618	-12.6763546480898
			30.7854327167895	-12.6763546480898
			30.8196007886173	-12.6763546480898
			30.853768860445	-12.6763546480898
			30.8879369322727	-12.7105227199175
			30.9221050041005	-12.7105227199175
			30.9562730759282	-12.7105227199175
			30.9904411477559	-12.7105227199175
			31.0246092195837	-12.7446907917453
			31.0587772914114	-12.7446907917453
			31.0929453632391	-12.7446907917453
			31.1271134350669	-12.7446907917453
			31.1612815068946	-12.778858863573
			31.1954495787223	-12.778858863573
			31.2296176505501	-12.778858863573
			31.2637857223778	-12.778858863573
			31.2979537942056	-12.778858863573
			31.3321218660333	-12.8130269354007
			31.366289937861	-12.8130269354007
			31.4004580096888	-12.8130269354007
			31.4346260815165	-12.8130269354007
			31.4687941533442	-12.8130269354007
			31.4687941533442	-12.8471950072285
			31.502962225172	-12.8471950072285
			31.5371302969997	-12.8471950072285
			31.5712983688274	-12.8471950072285
			31.6054664406552	-12.8471950072285
			31.6396345124829	-12.8813630790562
			31.6738025843106	-12.8813630790562
			31.7079706561384	-12.8813630790562
			31.7421387279661	-12.8813630790562
			31.7763067997938	-12.8813630790562
			31.7763067997938	-12.915531150884
			31.8104748716216	-12.915531150884
			31.8446429434493	-12.915531150884
			31.8788110152771	-12.915531150884
			31.9129790871048	-12.915531150884
			31.9471471589325	-12.9496992227117
			31.9813152307603	-12.9496992227117
			32.015483302588	-12.9496992227117
			32.0496513744157	-12.9496992227117
			32.0838194462435	-12.9838672945394
			32.1179875180712	-12.9838672945394
			32.1521555898989	-12.9838672945394
			32.1863236617267	-12.9838672945394
			32.2204917335544	-12.9838672945394
			32.2546598053821	-13.0180353663672
			32.2888278772099	-13.0180353663672
			32.3229959490376	-13.0180353663672
			32.3571640208653	-13.0180353663672
			32.3913320926931	-13.0522034381949
			32.4255001645208	-13.0522034381949
			32.4596682363486	-13.0522034381949
			32.4938363081763	-13.0522034381949
			32.528004380004	-13.0522034381949
			32.5621724518318	-13.0863715100226
			32.5963405236595	-13.0863715100226
			32.6305085954872	-13.0863715100226
			32.664676667315	-13.0863715100226
			32.6988447391427	-13.1205395818504
			32.7330128109704	-13.1205395818504
			32.7671808827982	-13.1205395818504
			32.8013489546259	-13.1205395818504
			32.8355170264536	-13.1205395818504
			32.8696850982814	-13.1547076536781
			32.9038531701091	-13.1547076536781
			32.9380212419368	-13.1547076536781
			32.9721893137646	-13.1547076536781
			33.0063573855923	-13.1888757255058
			33.0405254574201	-13.1888757255058
			33.0746935292478	-13.1888757255058
			33.1088616010755	-13.1888757255058
			33.1430296729033	-13.1888757255058
			33.177197744731	-13.2230437973336
			33.2113658165587	-13.2230437973336
			33.2455338883865	-13.2230437973336
			33.2797019602142	-13.2230437973336
			33.3138700320419	-13.2572118691613
			33.3480381038697	-13.2572118691613
			33.3822061756974	-13.2572118691613
			33.4163742475251	-13.2572118691613
			33.4505423193529	-13.2572118691613
			33.4847103911806	-13.291379940989
			33.5188784630083	-13.291379940989
			33.5530465348361	-13.291379940989
			33.5872146066638	-13.291379940989
			33.6213826784916	-13.291379940989
			33.6555507503193	-13.3255480128168
			33.689718822147	-13.3255480128168
			33.7238868939748	-13.3255480128168
			33.7580549658025	-13.3255480128168
			33.7922230376302	-13.3255480128168
			33.826391109458	-13.3597160846445
			33.8605591812857	-13.3597160846445
			33.8947272531134	-13.3597160846445
			33.9288953249412	-13.3597160846445
			33.9630633967689	-13.3597160846445
			33.9972314685966	-13.3938841564722
			34.0313995404244	-13.3938841564722
			34.0655676122521	-13.3938841564722
			34.0997356840798	-13.3938841564722
			34.1339037559076	-13.4280522283
			34.1680718277353	-13.4280522283
			34.2022398995631	-13.4280522283
			34.2364079713908	-13.4280522283
			34.2705760432185	-13.4280522283
			34.3047441150463	-13.4622203001277
			34.338912186874	-13.4622203001277
			34.3730802587017	-13.4622203001277
			34.4072483305295	-13.4622203001277
			34.4414164023572	-13.4622203001277
			34.4755844741849	-13.4963883719555
			34.5097525460127	-13.4963883719555
			34.5439206178404	-13.4963883719555
			34.5780886896681	-13.4963883719555
			34.6122567614959	-13.4963883719555
			34.6464248333236	-13.5305564437832
			34.6805929051514	-13.5305564437832
			34.7147609769791	-13.5305564437832
			34.7489290488068	-13.5305564437832
			34.7830971206346	-13.5305564437832
			34.8172651924623	-13.5647245156109
			34.85143326429	-13.5647245156109
			34.8856013361178	-13.5647245156109
			34.9197694079455	-13.5647245156109
			34.9539374797732	-13.5988925874387
			34.988105551601	-13.5988925874387
			35.0222736234287	-13.5988925874387
			35.0564416952564	-13.5988925874387
			35.0906097670842	-13.5988925874387
			35.1247778389119	-13.6330606592664
			35.1589459107396	-13.6330606592664
			35.1931139825674	-13.6330606592664
			35.2272820543951	-13.6330606592664
			35.2614501262228	-13.6330606592664
			35.2956181980506	-13.6672287310941
			35.3297862698783	-13.6672287310941
			35.3639543417061	-13.6672287310941
			35.3981224135338	-13.6672287310941
			35.4322904853615	-13.6672287310941
			35.4664585571893	-13.7013968029219
			35.500626629017	-13.7013968029219
			35.5347947008447	-13.7013968029219
			35.5689627726725	-13.7013968029219
			35.6031308445002	-13.7013968029219
			35.6372989163279	-13.7355648747496
			35.6714669881557	-13.7355648747496
			35.7056350599834	-13.7355648747496
			35.7398031318111	-13.7355648747496
			35.7739712036389	-13.7355648747496
			35.8081392754666	-13.7697329465773
			35.8423073472944	-13.7697329465773
			35.8764754191221	-13.7697329465773
			35.9106434909498	-13.7697329465773
			35.9448115627776	-13.7697329465773
			35.9789796346053	-13.8039010184051
			36.013147706433	-13.8039010184051
			36.0473157782608	-13.8039010184051
			36.0814838500885	-13.8039010184051
			36.1156519219162	-13.8039010184051
			36.149819993744	-13.8380690902328
			36.1839880655717	-13.8380690902328
			36.2181561373994	-13.8380690902328
			36.2523242092272	-13.8380690902328
			36.2864922810549	-13.8380690902328
			36.3206603528826	-13.8722371620605
			36.3548284247104	-13.8722371620605
			36.3889964965381	-13.8722371620605
			36.4231645683658	-13.8722371620605
			36.4573326401936	-13.8722371620605
			36.4915007120213	-13.9064052338883
			36.5256687838491	-13.9064052338883
			36.5598368556768	-13.9064052338883
			36.5940049275045	-13.9064052338883
			36.6281729993323	-13.9064052338883
			36.66234107116	-13.940573305716
			36.6965091429877	-13.940573305716
			36.7306772148155	-13.940573305716
			36.7648452866432	-13.940573305716
			36.7990133584709	-13.940573305716
			36.8331814302987	-13.9747413775437
			36.8673495021264	-13.9747413775437
			36.9015175739541	-13.9747413775437
			36.9356856457819	-13.9747413775437
			36.9698537176096	-13.9747413775437
			37.0040217894374	-14.0089094493715
			37.0381898612651	-14.0089094493715
			37.0723579330928	-14.0089094493715
			37.1065260049206	-14.0089094493715
			37.1406940767483	-14.0089094493715
			37.174862148576	-14.0430775211992
			37.2090302204038	-14.0430775211992
			37.2431982922315	-14.0430775211992
			37.2773663640592	-14.0430775211992
			37.311534435887	-14.0430775211992
			37.3457025077147	-14.0430775211992
			37.3457025077147	-14.077245593027
			37.3798705795424	-14.077245593027
			37.4140386513702	-14.077245593027
			37.4482067231979	-14.077245593027
			37.4823747950256	-14.077245593027
			37.5165428668534	-14.1114136648547
			37.5507109386811	-14.1114136648547
			37.5848790105088	-14.1114136648547
			37.6190470823366	-14.1114136648547
			37.6532151541643	-14.1114136648547
			37.6873832259921	-14.1455817366824
			37.7215512978198	-14.1455817366824
			37.7557193696475	-14.1455817366824
			37.7898874414753	-14.1455817366824
			37.824055513303	-14.1455817366824
			37.8582235851307	-14.1455817366824
			37.8923916569585	-14.1797498085102
			37.9265597287862	-14.1797498085102
			37.9607278006139	-14.1797498085102
			37.9948958724417	-14.1797498085102
			38.0290639442694	-14.1797498085102
			38.0290639442694	-14.2139178803379
			38.0632320160971	-14.2139178803379
			38.0974000879249	-14.2139178803379
			38.1315681597526	-14.2139178803379
			38.1657362315804	-14.2139178803379
			38.1999043034081	-14.2139178803379
			38.2340723752358	-14.2480859521656
			38.2682404470636	-14.2480859521656
			38.3024085188913	-14.2480859521656
			38.336576590719	-14.2480859521656
			38.3707446625468	-14.2480859521656
			38.4049127343745	-14.2822540239934
			38.4390808062022	-14.2822540239934
			38.47324887803	-14.2822540239934
			38.5074169498577	-14.2822540239934
			38.5415850216854	-14.2822540239934
			38.5757530935132	-14.3164220958211
			38.6099211653409	-14.3164220958211
			38.6440892371686	-14.3164220958211
			38.6782573089964	-14.3164220958211
			38.7124253808241	-14.3164220958211
			38.7465934526519	-14.3164220958211
			38.7807615244796	-14.3505901676488
			38.8149295963073	-14.3505901676488
			38.8490976681351	-14.3505901676488
			38.8832657399628	-14.3505901676488
			38.9174338117905	-14.3505901676488
			38.9516018836183	-14.3847582394766
			38.985769955446	-14.3847582394766
			39.0199380272737	-14.3847582394766
			39.0541060991015	-14.3847582394766
			39.0882741709292	-14.3847582394766
			39.1224422427569	-14.4189263113043
			39.1566103145847	-14.4189263113043
			39.1907783864124	-14.4189263113043
			39.2249464582401	-14.4189263113043
			39.2591145300679	-14.4189263113043
			39.2932826018956	-14.453094383132
			39.3274506737234	-14.453094383132
			39.3616187455511	-14.453094383132
			39.3957868173788	-14.453094383132
			39.4299548892066	-14.453094383132
			39.4641229610343	-14.453094383132
			39.498291032862	-14.4872624549598
			39.5324591046898	-14.4872624549598
			39.5666271765175	-14.4872624549598
			39.6007952483452	-14.4872624549598
			39.634963320173	-14.5214305267875
			39.6691313920007	-14.5214305267875
			39.7032994638284	-14.5214305267875
			39.7374675356562	-14.5214305267875
			39.7716356074839	-14.5214305267875
			39.8058036793116	-14.5214305267875
			39.8399717511394	-14.5555985986152
			39.8741398229671	-14.5555985986152
			39.9083078947949	-14.5555985986152
			39.9424759666226	-14.5555985986152
			39.9766440384503	-14.5555985986152
			40.0108121102781	-14.5555985986152
			40.0108121102781	-14.589766670443
			40.0449801821058	-14.589766670443
			40.0791482539335	-14.589766670443
			40.1133163257613	-14.589766670443
			40.147484397589	-14.589766670443
			40.1816524694167	-14.589766670443
			40.2158205412445	-14.6239347422707
			40.2499886130722	-14.6239347422707
			40.2841566848999	-14.6239347422707
			40.3183247567277	-14.6239347422707
			40.3524928285554	-14.6239347422707
			40.3866609003831	-14.6581028140985
			40.4208289722109	-14.6581028140985
			40.4549970440386	-14.6581028140985
			40.4891651158664	-14.6581028140985
			40.5233331876941	-14.6581028140985
			40.5575012595218	-14.6922708859262
			40.5916693313496	-14.6922708859262
			40.6258374031773	-14.6922708859262
			40.660005475005	-14.6922708859262
			40.6941735468328	-14.6922708859262
			40.7283416186605	-14.6922708859262
			40.7625096904882	-14.7264389577539
			40.796677762316	-14.7264389577539
			40.8308458341437	-14.7264389577539
			40.8650139059714	-14.7264389577539
			40.8991819777992	-14.7264389577539
			40.9333500496269	-14.7264389577539
			40.9675181214546	-14.7606070295817
			41.0016861932824	-14.7606070295817
			41.0358542651101	-14.7606070295817
			41.0700223369379	-14.7606070295817
			41.1041904087656	-14.7606070295817
			41.1383584805933	-14.7606070295817
			41.1725265524211	-14.7606070295817
			41.2066946242488	-14.7606070295817
			41.2408626960765	-14.7947751014094
			41.2750307679043	-14.7947751014094
			41.309198839732	-14.7947751014094
			41.3433669115597	-14.7947751014094
			41.3775349833875	-14.7947751014094
			41.4117030552152	-14.7947751014094
			41.4458711270429	-14.7947751014094
			41.4800391988707	-14.7947751014094
			41.5142072706984	-14.8289431732371
			41.5483753425261	-14.8289431732371
			41.5825434143539	-14.8289431732371
			41.6167114861816	-14.8289431732371
			41.6508795580094	-14.8289431732371
			41.6850476298371	-14.8289431732371
			41.7192157016648	-14.8289431732371
			41.7533837734926	-14.8289431732371
			41.7875518453203	-14.8289431732371
			41.7875518453203	-14.8631112450649
			41.821719917148	-14.8631112450649
			41.8558879889758	-14.8631112450649
			41.8900560608035	-14.8631112450649
			41.9242241326312	-14.8631112450649
			41.958392204459	-14.8631112450649
			41.9925602762867	-14.8631112450649
			42.0267283481144	-14.8631112450649
			42.0608964199422	-14.8631112450649
			42.0950644917699	-14.8972793168926
			42.1292325635976	-14.8972793168926
			42.1634006354254	-14.8972793168926
			42.1975687072531	-14.8972793168926
			42.2317367790809	-14.8972793168926
			42.2659048509086	-14.8972793168926
			42.3000729227363	-14.8972793168926
			42.3342409945641	-14.8972793168926
			42.3684090663918	-14.9314473887203
			42.4025771382195	-14.9314473887203
			42.4367452100473	-14.9314473887203
			42.470913281875	-14.9314473887203
			42.5050813537027	-14.9314473887203
			42.5392494255305	-14.9314473887203
			42.5734174973582	-14.9314473887203
			42.6075855691859	-14.9314473887203
			42.6417536410137	-14.9314473887203
			42.6759217128414	-14.9656154605481
			42.7100897846692	-14.9656154605481
			42.7442578564969	-14.9656154605481
			42.7784259283246	-14.9656154605481
			42.8125940001524	-14.9656154605481
			42.8467620719801	-14.9656154605481
			42.8809301438078	-14.9656154605481
			42.9150982156356	-14.9656154605481
			42.9492662874633	-14.9997835323758
			42.983434359291	-14.9997835323758
			43.0176024311188	-14.9997835323758
			43.0517705029465	-14.9997835323758
			43.0859385747742	-14.9997835323758
			43.120106646602	-14.9997835323758
			43.1542747184297	-14.9997835323758
			43.1884427902574	-14.9997835323758
			43.2226108620852	-14.9997835323758
			43.2567789339129	-15.0339516042035
			43.2909470057406	-15.0339516042035
			43.3251150775684	-15.0339516042035
			43.3592831493961	-15.0339516042035
			43.3934512212239	-15.0339516042035
			43.4276192930516	-15.0339516042035
			43.4617873648793	-15.0339516042035
			43.4959554367071	-15.0339516042035
			43.5301235085348	-15.0339516042035
			43.5642915803625	-15.0339516042035
			43.5642915803625	-15.0681196760313
			43.5984596521903	-15.0681196760313
			43.632627724018	-15.0681196760313
			43.6667957958457	-15.0681196760313
			43.7009638676735	-15.0681196760313
			43.7351319395012	-15.0681196760313
			43.7693000113289	-15.0681196760313
			43.8034680831567	-15.0681196760313
			43.8376361549844	-15.0681196760313
			43.8718042268122	-15.0681196760313
			43.9059722986399	-15.102287747859
			43.9401403704676	-15.102287747859
			43.9743084422954	-15.102287747859
			44.0084765141231	-15.102287747859
			44.0426445859508	-15.102287747859
			44.0768126577786	-15.102287747859
			44.1109807296063	-15.102287747859
			44.145148801434	-15.102287747859
			44.1793168732618	-15.102287747859
			44.2134849450895	-15.102287747859
			44.2476530169172	-15.1364558196867
			44.281821088745	-15.1364558196867
			44.3159891605727	-15.1364558196867
			44.3501572324004	-15.1364558196867
			44.3843253042282	-15.1364558196867
			44.4184933760559	-15.1364558196867
			44.4526614478836	-15.1364558196867
			44.4868295197114	-15.1364558196867
			44.5209975915391	-15.1364558196867
			44.5551656633669	-15.1364558196867
			44.5893337351946	-15.1364558196867
			44.6235018070223	-15.1706238915145
			44.6576698788501	-15.1706238915145
			44.6918379506778	-15.1706238915145
			44.7260060225055	-15.1706238915145
			44.7601740943333	-15.1706238915145
			44.794342166161	-15.1706238915145
			44.8285102379887	-15.1706238915145
			44.8626783098165	-15.1706238915145
			44.8968463816442	-15.1706238915145
			44.9310144534719	-15.1706238915145
			44.9651825252997	-15.1706238915145
			44.9651825252997	-15.2047919633422
			44.9993505971274	-15.2047919633422
			45.0335186689552	-15.2047919633422
			45.0676867407829	-15.2047919633422
			45.1018548126106	-15.2047919633422
			45.1360228844384	-15.2047919633422
			45.1701909562661	-15.2047919633422
			45.2043590280938	-15.2047919633422
			45.2385270999216	-15.2047919633422
			45.2726951717493	-15.2047919633422
			45.306863243577	-15.2047919633422
			45.3410313154048	-15.2047919633422
			45.3751993872325	-15.2047919633422
			45.4093674590602	-15.23896003517
			45.443535530888	-15.23896003517
			45.4777036027157	-15.23896003517
			45.5118716745434	-15.23896003517
			45.5460397463712	-15.23896003517
			45.5802078181989	-15.23896003517
			45.6143758900267	-15.23896003517
			45.6485439618544	-15.23896003517
			45.6827120336821	-15.23896003517
			45.7168801055099	-15.23896003517
			45.7510481773376	-15.23896003517
			45.7852162491653	-15.23896003517
			45.8193843209931	-15.23896003517
			45.8535523928208	-15.23896003517
			45.8877204646485	-15.2731281069977
			45.9218885364763	-15.2731281069977
			45.956056608304	-15.2731281069977
			45.9902246801317	-15.2731281069977
			46.0243927519595	-15.2731281069977
			46.0585608237872	-15.2731281069977
			46.0927288956149	-15.2731281069977
			46.1268969674427	-15.2731281069977
			46.1610650392704	-15.2731281069977
			46.1952331110982	-15.2731281069977
			46.2294011829259	-15.2731281069977
			46.2635692547536	-15.2731281069977
			46.2977373265814	-15.2731281069977
			46.3319053984091	-15.2731281069977
			46.3660734702368	-15.2731281069977
			46.4002415420646	-15.2731281069977
			46.4344096138923	-15.2731281069977
			46.46857768572	-15.2731281069977
			46.5027457575478	-15.3072961788254
			46.5369138293755	-15.3072961788254
			46.5710819012032	-15.3072961788254
			46.605249973031	-15.3072961788254
			46.6394180448587	-15.3072961788254
			46.6735861166864	-15.3072961788254
			46.7077541885142	-15.3072961788254
			46.7419222603419	-15.3072961788254
			46.7760903321697	-15.3072961788254
			46.8102584039974	-15.3072961788254
			46.8444264758251	-15.3072961788254
			46.8785945476529	-15.3072961788254
			46.9127626194806	-15.3072961788254
			46.9469306913083	-15.3072961788254
			46.9810987631361	-15.3072961788254
			47.0152668349638	-15.3072961788254
			47.0494349067915	-15.3072961788254
			47.0836029786193	-15.3072961788254
			47.117771050447	-15.3072961788254
			47.1519391222747	-15.3072961788254
			47.1861071941025	-15.3072961788254
			47.2202752659302	-15.3072961788254
			47.2544433377579	-15.3072961788254
			47.2886114095857	-15.3072961788254
			47.3227794814134	-15.3072961788254
			47.3569475532411	-15.3072961788254
			47.3911156250689	-15.3072961788254
			47.4252836968966	-15.3072961788254
			47.4594517687244	-15.3072961788254
		</Dorsal_adipose>
		<Adipose_caudal type=matrix rownames=FALSE colnames=FALSE nrow=249 ncol=2 as.numeric=TRUE >
			47.4594517687244	-15.3072961788254
			47.4936198405521	-15.3072961788254
			47.5277879123798	-15.3072961788254
			47.5619559842076	-15.3072961788254
			47.5961240560353	-15.3072961788254
			47.630292127863	-15.3072961788254
			47.6644601996908	-15.3414642506532
			47.6986282715185	-15.3414642506532
			47.7327963433462	-15.3414642506532
			47.766964415174	-15.3414642506532
			47.8011324870017	-15.3414642506532
			47.8353005588294	-15.3414642506532
			47.8694686306572	-15.3414642506532
			47.9036367024849	-15.3756323224809
			47.9378047743127	-15.3756323224809
			47.9719728461404	-15.3756323224809
			48.0061409179681	-15.3756323224809
			48.0403089897959	-15.3756323224809
			48.0744770616236	-15.3756323224809
			48.1086451334513	-15.4098003943086
			48.1428132052791	-15.4098003943086
			48.1769812771068	-15.4098003943086
			48.2111493489345	-15.4098003943086
			48.2453174207623	-15.4098003943086
			48.27948549259	-15.4439684661364
			48.3136535644177	-15.4439684661364
			48.3478216362455	-15.4439684661364
			48.3819897080732	-15.4439684661364
			48.4161577799009	-15.4781365379641
			48.4503258517287	-15.4781365379641
			48.4844939235564	-15.4781365379641
			48.5186619953842	-15.4781365379641
			48.5528300672119	-15.5123046097918
			48.5869981390396	-15.5123046097918
			48.6211662108674	-15.5464726816196
			48.6553342826951	-15.5464726816196
			48.6895023545228	-15.5464726816196
			48.7236704263506	-15.5806407534473
			48.7578384981783	-15.5806407534473
			48.792006570006	-15.614808825275
			48.8261746418338	-15.614808825275
			48.8603427136615	-15.6489768971028
			48.8945107854892	-15.6489768971028
			48.8945107854892	-15.6831449689305
			48.928678857317	-15.6831449689305
			48.9628469291447	-15.7173130407582
			48.9970150009724	-15.7173130407582
			49.0311830728002	-15.7173130407582
			49.0653511446279	-15.751481112586
			49.0995192164557	-15.751481112586
			49.1336872882834	-15.751481112586
			49.1678553601111	-15.751481112586
			49.2020234319389	-15.751481112586
			49.2361915037666	-15.751481112586
			49.2703595755943	-15.751481112586
			49.3045276474221	-15.751481112586
			49.3386957192498	-15.7856491844137
			49.3728637910775	-15.7856491844137
			49.4070318629053	-15.7856491844137
			49.441199934733	-15.7856491844137
			49.4753680065607	-15.7856491844137
			49.5095360783885	-15.7856491844137
			49.5437041502162	-15.7856491844137
			49.577872222044	-15.8198172562415
			49.6120402938717	-15.8198172562415
			49.6462083656994	-15.8198172562415
			49.6803764375272	-15.8198172562415
			49.7145445093549	-15.8198172562415
			49.7487125811826	-15.8198172562415
			49.7828806530104	-15.8198172562415
			49.8170487248381	-15.8539853280692
			49.8512167966658	-15.8539853280692
			49.8853848684936	-15.8539853280692
			49.9195529403213	-15.8539853280692
			49.953721012149	-15.8539853280692
			49.9878890839768	-15.8539853280692
			50.0220571558045	-15.8539853280692
			50.0562252276322	-15.8881533998969
			50.09039329946	-15.8881533998969
			50.1245613712877	-15.8881533998969
			50.1587294431154	-15.8881533998969
			50.1928975149432	-15.8881533998969
			50.2270655867709	-15.8881533998969
			50.2612336585987	-15.8881533998969
			50.2954017304264	-15.8881533998969
			50.3295698022541	-15.9223214717247
			50.3637378740819	-15.9223214717247
			50.3979059459096	-15.9223214717247
			50.4320740177373	-15.9223214717247
			50.4662420895651	-15.9223214717247
			50.5004101613928	-15.9223214717247
			50.5345782332205	-15.9223214717247
			50.5687463050483	-15.9223214717247
			50.602914376876	-15.9564895435524
			50.6370824487037	-15.9564895435524
			50.6712505205315	-15.9564895435524
			50.7054185923592	-15.9564895435524
			50.739586664187	-15.9564895435524
			50.7737547360147	-15.9564895435524
			50.8079228078424	-15.9564895435524
			50.8420908796702	-15.9564895435524
			50.8762589514979	-15.9564895435524
			50.9104270233256	-15.9906576153801
			50.9445950951534	-15.9906576153801
			50.9787631669811	-15.9906576153801
			51.0129312388088	-15.9906576153801
			51.0470993106366	-15.9906576153801
			51.0812673824643	-15.9906576153801
			51.115435454292	-15.9906576153801
			51.1496035261198	-15.9906576153801
			51.1837715979475	-15.9906576153801
			51.2179396697752	-16.0248256872079
			51.252107741603	-16.0248256872079
			51.2862758134307	-16.0248256872079
			51.3204438852584	-16.0248256872079
			51.3546119570862	-16.0248256872079
			51.3887800289139	-16.0248256872079
			51.4229481007417	-16.0248256872079
			51.4571161725694	-16.0248256872079
			51.4912842443971	-16.0248256872079
			51.5254523162249	-16.0248256872079
			51.5254523162249	-16.0589937590356
			51.5596203880526	-16.0589937590356
			51.5937884598803	-16.0589937590356
			51.6279565317081	-16.0589937590356
			51.6621246035358	-16.0589937590356
			51.6962926753635	-16.0589937590356
			51.7304607471913	-16.0589937590356
			51.764628819019	-16.0589937590356
			51.7987968908467	-16.0589937590356
			51.8329649626745	-16.0589937590356
			51.8671330345022	-16.0589937590356
			51.90130110633	-16.0589937590356
			51.9354691781577	-16.0931618308633
			51.9696372499854	-16.0931618308633
			52.0038053218132	-16.0931618308633
			52.0379733936409	-16.0931618308633
			52.0721414654686	-16.0931618308633
			52.1063095372964	-16.0931618308633
			52.1404776091241	-16.0931618308633
			52.1746456809518	-16.0931618308633
			52.2088137527796	-16.0931618308633
			52.2429818246073	-16.0931618308633
			52.277149896435	-16.0931618308633
			52.3113179682628	-16.0931618308633
			52.3454860400905	-16.0931618308633
			52.3796541119182	-16.0931618308633
			52.413822183746	-16.0931618308633
			52.4479902555737	-16.0931618308633
			52.4821583274015	-16.1273299026911
			52.5163263992292	-16.1273299026911
			52.5504944710569	-16.1273299026911
			52.5846625428847	-16.1273299026911
			52.6188306147124	-16.1273299026911
			52.6529986865401	-16.1273299026911
			52.6871667583679	-16.1273299026911
			52.7213348301956	-16.1273299026911
			52.7555029020233	-16.1273299026911
			52.7896709738511	-16.1273299026911
			52.8238390456788	-16.1273299026911
			52.8580071175065	-16.1273299026911
			52.8921751893343	-16.1273299026911
			52.926343261162	-16.1273299026911
			52.9605113329897	-16.1273299026911
			52.9946794048175	-16.1273299026911
			53.0288474766452	-16.1273299026911
			53.0630155484729	-16.1273299026911
			53.0971836203007	-16.1273299026911
			53.1313516921284	-16.1273299026911
			53.1655197639562	-16.1273299026911
			53.1996878357839	-16.1273299026911
			53.2338559076116	-16.1273299026911
			53.2680239794394	-16.1273299026911
			53.3021920512671	-16.0931618308633
			53.3363601230948	-16.0931618308633
			53.3705281949226	-16.0931618308633
			53.4046962667503	-16.0931618308633
			53.438864338578	-16.0931618308633
			53.4730324104058	-16.0931618308633
			53.5072004822335	-16.0931618308633
			53.5413685540612	-16.0931618308633
			53.575536625889	-16.0589937590356
			53.6097046977167	-16.0589937590356
			53.6438727695445	-16.0589937590356
			53.6780408413722	-16.0589937590356
			53.7122089131999	-16.0589937590356
			53.7463769850277	-16.0248256872079
			53.7805450568554	-16.0248256872079
			53.8147131286831	-16.0248256872079
			53.8488812005109	-16.0248256872079
			53.8830492723386	-16.0248256872079
			53.9172173441663	-15.9906576153801
			53.9513854159941	-15.9906576153801
			53.9855534878218	-15.9906576153801
			54.0197215596495	-15.9906576153801
			54.0538896314773	-15.9906576153801
			54.088057703305	-15.9906576153801
			54.1222257751327	-15.9564895435524
			54.1563938469605	-15.9564895435524
			54.1905619187882	-15.9564895435524
			54.2247299906159	-15.9564895435524
			54.2588980624437	-15.9564895435524
			54.2930661342714	-15.9564895435524
			54.3272342060992	-15.9564895435524
			54.3614022779269	-15.9223214717247
			54.3955703497546	-15.9223214717247
			54.4297384215824	-15.9223214717247
			54.4639064934101	-15.9223214717247
			54.4980745652378	-15.9223214717247
			54.5322426370656	-15.9223214717247
			54.5664107088933	-15.8881533998969
			54.600578780721	-15.8881533998969
			54.6347468525488	-15.8881533998969
			54.6689149243765	-15.8881533998969
			54.7030829962042	-15.8881533998969
			54.737251068032	-15.8881533998969
			54.7714191398597	-15.8881533998969
			54.8055872116875	-15.8881533998969
			54.8397552835152	-15.8881533998969
			54.8739233553429	-15.8881533998969
			54.9080914271707	-15.8539853280692
			54.9422594989984	-15.8539853280692
			54.9764275708261	-15.8539853280692
			55.0105956426539	-15.8539853280692
			55.0447637144816	-15.8539853280692
			55.0789317863093	-15.8539853280692
			55.1130998581371	-15.8539853280692
			55.1472679299648	-15.8539853280692
			55.1814360017925	-15.8539853280692
			55.2156040736203	-15.8539853280692
			55.249772145448	-15.8539853280692
			55.2839402172757	-15.8539853280692
			55.3181082891035	-15.8539853280692
			55.3522763609312	-15.8539853280692
			55.3864444327589	-15.8539853280692
			55.4206125045867	-15.8539853280692
			55.4547805764144	-15.8539853280692
			55.4889486482422	-15.8539853280692
			55.5231167200699	-15.8539853280692
			55.5572847918976	-15.8539853280692
			55.5914528637254	-15.8539853280692
			55.6256209355531	-15.8539853280692
			55.6597890073808	-15.8539853280692
			55.6939570792086	-15.8539853280692
			55.7281251510363	-15.8539853280692
			55.762293222864	-15.8881533998969
			55.7964612946918	-15.8881533998969
			55.8306293665195	-15.8881533998969
			55.8647974383472	-15.8881533998969
		</Adipose_caudal>
		<Caudal_anal type=matrix rownames=FALSE colnames=FALSE nrow=472 ncol=2 as.numeric=TRUE >
			56.1381420129691	-20.9450280304018
			56.1039739411414	-20.9450280304018
			56.0698058693137	-20.9450280304018
			56.0356377974859	-20.9791961022295
			56.0014697256582	-20.9791961022295
			55.9673016538305	-20.9791961022295
			55.9331335820027	-20.9791961022295
			55.898965510175	-21.0133641740572
			55.8647974383472	-21.0133641740572
			55.8306293665195	-21.0133641740572
			55.7964612946918	-21.0133641740572
			55.762293222864	-21.0133641740572
			55.7281251510363	-21.0133641740572
			55.6939570792086	-21.0133641740572
			55.6597890073808	-21.0133641740572
			55.6256209355531	-21.047532245885
			55.5914528637254	-21.047532245885
			55.5572847918976	-21.047532245885
			55.5231167200699	-21.047532245885
			55.4889486482422	-21.047532245885
			55.4547805764144	-21.047532245885
			55.4206125045867	-21.047532245885
			55.3864444327589	-21.047532245885
			55.3522763609312	-21.047532245885
			55.3181082891035	-21.047532245885
			55.2839402172757	-21.047532245885
			55.249772145448	-21.047532245885
			55.2156040736203	-21.0817003177127
			55.1814360017925	-21.0817003177127
			55.1472679299648	-21.0817003177127
			55.1130998581371	-21.0817003177127
			55.0789317863093	-21.0817003177127
			55.0447637144816	-21.0817003177127
			55.0105956426539	-21.0817003177127
			54.9764275708261	-21.0817003177127
			54.9422594989984	-21.0817003177127
			54.9080914271707	-21.0817003177127
			54.8739233553429	-21.0817003177127
			54.8397552835152	-21.0817003177127
			54.8055872116875	-21.0817003177127
			54.7714191398597	-21.0817003177127
			54.737251068032	-21.0817003177127
			54.7030829962042	-21.0817003177127
			54.6689149243765	-21.0817003177127
			54.6347468525488	-21.0817003177127
			54.600578780721	-21.0817003177127
			54.5664107088933	-21.0817003177127
			54.5322426370656	-21.0817003177127
			54.4980745652378	-21.0817003177127
			54.4639064934101	-21.0817003177127
			54.4297384215824	-21.0817003177127
			54.3955703497546	-21.0817003177127
			54.3614022779269	-21.0817003177127
			54.3272342060992	-21.0817003177127
			54.2930661342714	-21.0817003177127
			54.2588980624437	-21.0817003177127
			54.2247299906159	-21.0817003177127
			54.1905619187882	-21.0817003177127
			54.1563938469605	-21.0817003177127
			54.1222257751327	-21.0817003177127
			54.088057703305	-21.0817003177127
			54.0538896314773	-21.0817003177127
			54.0197215596495	-21.0817003177127
			53.9855534878218	-21.0817003177127
			53.9513854159941	-21.0817003177127
			53.9172173441663	-21.0817003177127
			53.8830492723386	-21.0817003177127
			53.8488812005109	-21.0817003177127
			53.8147131286831	-21.0817003177127
			53.7805450568554	-21.0817003177127
			53.7463769850277	-21.0817003177127
			53.7122089131999	-21.0817003177127
			53.6780408413722	-21.0817003177127
			53.6438727695445	-21.0817003177127
			53.6097046977167	-21.0817003177127
			53.575536625889	-21.0817003177127
			53.5413685540612	-21.0817003177127
			53.5072004822335	-21.0817003177127
			53.4730324104058	-21.0817003177127
			53.438864338578	-21.0817003177127
			53.4046962667503	-21.1158683895404
			53.3705281949226	-21.1158683895404
			53.3363601230948	-21.1158683895404
			53.3021920512671	-21.1158683895404
			53.2680239794394	-21.1158683895404
			53.2338559076116	-21.1158683895404
			53.1996878357839	-21.1158683895404
			53.1655197639562	-21.1158683895404
			53.1313516921284	-21.1158683895404
			53.0971836203007	-21.1158683895404
			53.0630155484729	-21.1158683895404
			53.0288474766452	-21.1158683895404
			52.9946794048175	-21.1158683895404
			52.9605113329897	-21.1158683895404
			52.926343261162	-21.1500364613682
			52.8921751893343	-21.1500364613682
			52.8580071175065	-21.1500364613682
			52.8238390456788	-21.1500364613682
			52.7896709738511	-21.1500364613682
			52.7555029020233	-21.1500364613682
			52.7213348301956	-21.1500364613682
			52.6871667583679	-21.1500364613682
			52.6529986865401	-21.1500364613682
			52.6188306147124	-21.1500364613682
			52.5846625428847	-21.1842045331959
			52.5504944710569	-21.1842045331959
			52.5163263992292	-21.1842045331959
			52.4821583274015	-21.1842045331959
			52.4479902555737	-21.1842045331959
			52.413822183746	-21.1842045331959
			52.3796541119182	-21.1842045331959
			52.3454860400905	-21.1842045331959
			52.3113179682628	-21.1842045331959
			52.3113179682628	-21.2183726050236
			52.277149896435	-21.2183726050236
			52.2429818246073	-21.2183726050236
			52.2088137527796	-21.2183726050236
			52.1746456809518	-21.2183726050236
			52.1404776091241	-21.2183726050236
			52.1063095372964	-21.2183726050236
			52.0721414654686	-21.2183726050236
			52.0379733936409	-21.2525406768514
			52.0038053218132	-21.2525406768514
			51.9696372499854	-21.2525406768514
			51.9354691781577	-21.2525406768514
			51.90130110633	-21.2525406768514
			51.8671330345022	-21.2525406768514
			51.8329649626745	-21.2525406768514
			51.7987968908467	-21.2867087486791
			51.764628819019	-21.2867087486791
			51.7304607471913	-21.2867087486791
			51.6962926753635	-21.2867087486791
			51.6621246035358	-21.2867087486791
			51.6279565317081	-21.2867087486791
			51.5937884598803	-21.3208768205068
			51.5596203880526	-21.3208768205068
			51.5254523162249	-21.3208768205068
			51.4912842443971	-21.3208768205068
			51.4571161725694	-21.3208768205068
			51.4229481007417	-21.3208768205068
			51.3887800289139	-21.3550448923346
			51.3546119570862	-21.3550448923346
			51.3204438852584	-21.3550448923346
			51.2862758134307	-21.3550448923346
			51.252107741603	-21.3550448923346
			51.2179396697752	-21.3550448923346
			51.1837715979475	-21.3892129641623
			51.1496035261198	-21.3892129641623
			51.115435454292	-21.3892129641623
			51.0812673824643	-21.3892129641623
			51.0470993106366	-21.3892129641623
			51.0129312388088	-21.42338103599
			50.9787631669811	-21.42338103599
			50.9445950951534	-21.42338103599
			50.9104270233256	-21.42338103599
			50.8762589514979	-21.42338103599
			50.8420908796702	-21.4575491078178
			50.8079228078424	-21.4575491078178
			50.7737547360147	-21.4575491078178
			50.739586664187	-21.4575491078178
			50.7054185923592	-21.4575491078178
			50.6712505205315	-21.4575491078178
			50.6370824487037	-21.4917171796455
			50.602914376876	-21.4917171796455
			50.5687463050483	-21.4917171796455
			50.5345782332205	-21.4917171796455
			50.5004101613928	-21.4917171796455
			50.4662420895651	-21.5258852514733
			50.4320740177373	-21.5258852514733
			50.3979059459096	-21.5258852514733
			50.3637378740819	-21.5258852514733
			50.3295698022541	-21.560053323301
			50.2954017304264	-21.560053323301
			50.2612336585987	-21.560053323301
			50.2270655867709	-21.560053323301
			50.1928975149432	-21.560053323301
			50.1587294431154	-21.5942213951287
			50.1245613712877	-21.5942213951287
			50.09039329946	-21.5942213951287
			50.0562252276322	-21.5942213951287
			50.0220571558045	-21.6283894669565
			49.9878890839768	-21.6283894669565
			49.953721012149	-21.6283894669565
			49.9195529403213	-21.6283894669565
			49.8853848684936	-21.6283894669565
			49.8512167966658	-21.6625575387842
			49.8170487248381	-21.6625575387842
			49.7828806530104	-21.6625575387842
			49.7487125811826	-21.6625575387842
			49.7145445093549	-21.6967256106119
			49.6803764375272	-21.6967256106119
			49.6462083656994	-21.6967256106119
			49.6120402938717	-21.6967256106119
			49.577872222044	-21.6967256106119
			49.5437041502162	-21.7308936824397
			49.5095360783885	-21.7308936824397
			49.4753680065607	-21.7308936824397
			49.441199934733	-21.7308936824397
			49.4070318629053	-21.7650617542674
			49.3728637910775	-21.7650617542674
			49.3386957192498	-21.7650617542674
			49.3045276474221	-21.7650617542674
			49.2703595755943	-21.7650617542674
			49.2361915037666	-21.7992298260951
			49.2020234319389	-21.7992298260951
			49.1678553601111	-21.7992298260951
			49.1336872882834	-21.7992298260951
			49.0995192164557	-21.8333978979229
			49.0653511446279	-21.8333978979229
			49.0311830728002	-21.8333978979229
			48.9970150009724	-21.8333978979229
			48.9628469291447	-21.8333978979229
			48.928678857317	-21.8675659697506
			48.8945107854892	-21.8675659697506
			48.8603427136615	-21.8675659697506
			48.8261746418338	-21.8675659697506
			48.792006570006	-21.9017340415783
			48.7578384981783	-21.9017340415783
			48.7236704263506	-21.9017340415783
			48.6895023545228	-21.9017340415783
			48.6553342826951	-21.9017340415783
			48.6211662108674	-21.9359021134061
			48.5869981390396	-21.9359021134061
			48.5528300672119	-21.9359021134061
			48.5186619953842	-21.9359021134061
			48.4844939235564	-21.9359021134061
			48.4503258517287	-21.9700701852338
			48.4161577799009	-21.9700701852338
			48.3819897080732	-21.9700701852338
			48.3478216362455	-21.9700701852338
			48.3136535644177	-22.0042382570615
			48.27948549259	-22.0042382570615
			48.2453174207623	-22.0042382570615
			48.2111493489345	-22.0042382570615
			48.1769812771068	-22.0042382570615
			48.1428132052791	-22.0384063288893
			48.1086451334513	-22.0384063288893
			48.0744770616236	-22.0384063288893
			48.0403089897959	-22.0384063288893
			48.0061409179681	-22.072574400717
			47.9719728461404	-22.072574400717
			47.9378047743127	-22.072574400717
			47.9036367024849	-22.072574400717
			47.8694686306572	-22.1067424725448
			47.8353005588294	-22.1067424725448
			47.8011324870017	-22.1067424725448
			47.766964415174	-22.1067424725448
			47.7327963433462	-22.1067424725448
			47.6986282715185	-22.1409105443725
			47.6644601996908	-22.1409105443725
			47.630292127863	-22.1409105443725
			47.5961240560353	-22.1409105443725
			47.5619559842076	-22.1409105443725
			47.5277879123798	-22.1750786162002
			47.4936198405521	-22.1750786162002
			47.4594517687244	-22.1750786162002
			47.4252836968966	-22.1750786162002
			47.3911156250689	-22.209246688028
			47.3569475532411	-22.209246688028
			47.3227794814134	-22.209246688028
			47.2886114095857	-22.209246688028
			47.2544433377579	-22.209246688028
			47.2202752659302	-22.2434147598557
			47.1861071941025	-22.2434147598557
			47.1519391222747	-22.2434147598557
			47.117771050447	-22.2434147598557
			47.0836029786193	-22.2775828316834
			47.0494349067915	-22.2775828316834
			47.0152668349638	-22.2775828316834
			46.9810987631361	-22.2775828316834
			46.9469306913083	-22.2775828316834
			46.9127626194806	-22.3117509035112
			46.8785945476529	-22.3117509035112
			46.8444264758251	-22.3117509035112
			46.8102584039974	-22.3117509035112
			46.7760903321697	-22.3459189753389
			46.7419222603419	-22.3459189753389
			46.7077541885142	-22.3459189753389
			46.6735861166864	-22.3459189753389
			46.6394180448587	-22.3459189753389
			46.605249973031	-22.3800870471666
			46.5710819012032	-22.3800870471666
			46.5369138293755	-22.3800870471666
			46.5027457575478	-22.3800870471666
			46.46857768572	-22.4142551189944
			46.4344096138923	-22.4142551189944
			46.4002415420646	-22.4142551189944
			46.3660734702368	-22.4142551189944
			46.3319053984091	-22.4142551189944
			46.2977373265814	-22.4484231908221
			46.2635692547536	-22.4484231908221
			46.2294011829259	-22.4484231908221
			46.1952331110982	-22.4484231908221
			46.1610650392704	-22.4484231908221
			46.1268969674427	-22.4825912626498
			46.0927288956149	-22.4825912626498
			46.0585608237872	-22.4825912626498
			46.0243927519595	-22.4825912626498
			45.9902246801317	-22.5167593344776
			45.956056608304	-22.5167593344776
			45.9218885364763	-22.5167593344776
			45.8877204646485	-22.5167593344776
			45.8535523928208	-22.5167593344776
			45.8535523928208	-22.5509274063053
			45.8193843209931	-22.5509274063053
			45.7852162491653	-22.5509274063053
			45.7510481773376	-22.5509274063053
			45.7168801055099	-22.5509274063053
			45.6827120336821	-22.5509274063053
			45.6827120336821	-22.585095478133
			45.6485439618544	-22.585095478133
			45.6143758900267	-22.585095478133
			45.5802078181989	-22.585095478133
			45.5460397463712	-22.585095478133
			45.5460397463712	-22.6192635499608
			45.5118716745434	-22.6192635499608
			45.4777036027157	-22.6192635499608
			45.443535530888	-22.6192635499608
			45.4093674590602	-22.6192635499608
			45.3751993872325	-22.6534316217885
			45.3410313154048	-22.6534316217885
			45.306863243577	-22.6534316217885
			45.2726951717493	-22.6534316217885
			45.2385270999216	-22.6534316217885
			45.2043590280938	-22.6875996936163
			45.1701909562661	-22.6875996936163
			45.1360228844384	-22.6875996936163
			45.1018548126106	-22.6875996936163
			45.0676867407829	-22.721767765444
			45.0335186689552	-22.721767765444
			44.9993505971274	-22.721767765444
			44.9651825252997	-22.721767765444
			44.9310144534719	-22.721767765444
			44.8968463816442	-22.7559358372717
			44.8626783098165	-22.7559358372717
			44.8285102379887	-22.7559358372717
			44.794342166161	-22.7559358372717
			44.7601740943333	-22.7559358372717
			44.7601740943333	-22.7901039090995
			44.7260060225055	-22.7901039090995
			44.6918379506778	-22.7901039090995
			44.6576698788501	-22.7901039090995
			44.6235018070223	-22.8242719809272
			44.5893337351946	-22.8242719809272
			44.5551656633669	-22.8242719809272
			44.5209975915391	-22.8242719809272
			44.4868295197114	-22.8242719809272
			44.4526614478836	-22.8242719809272
			44.4526614478836	-22.8584400527549
			44.4184933760559	-22.8584400527549
			44.3843253042282	-22.8584400527549
			44.3501572324004	-22.8584400527549
			44.3159891605727	-22.8584400527549
			44.281821088745	-22.8926081245827
			44.2476530169172	-22.8926081245827
			44.2134849450895	-22.8926081245827
			44.1793168732618	-22.8926081245827
			44.145148801434	-22.8926081245827
			44.1109807296063	-22.9267761964104
			44.0768126577786	-22.9267761964104
			44.0426445859508	-22.9267761964104
			44.0084765141231	-22.9267761964104
			43.9743084422954	-22.9267761964104
			43.9401403704676	-22.9609442682381
			43.9059722986399	-22.9609442682381
			43.8718042268122	-22.9609442682381
			43.8376361549844	-22.9609442682381
			43.8034680831567	-22.9951123400659
			43.7693000113289	-22.9951123400659
			43.7351319395012	-22.9951123400659
			43.7009638676735	-22.9951123400659
			43.6667957958457	-23.0292804118936
			43.632627724018	-23.0292804118936
			43.5984596521903	-23.0292804118936
			43.5642915803625	-23.0292804118936
			43.5301235085348	-23.0292804118936
			43.4959554367071	-23.0634484837213
			43.4617873648793	-23.0634484837213
			43.4276192930516	-23.0634484837213
			43.3934512212239	-23.0634484837213
			43.3592831493961	-23.0976165555491
			43.3251150775684	-23.0976165555491
			43.2909470057406	-23.0976165555491
			43.2567789339129	-23.0976165555491
			43.2226108620852	-23.0976165555491
			43.1884427902574	-23.1317846273768
			43.1542747184297	-23.1317846273768
			43.120106646602	-23.1317846273768
			43.0859385747742	-23.1317846273768
			43.0517705029465	-23.1659526992045
			43.0176024311188	-23.1659526992045
			42.983434359291	-23.1659526992045
			42.9492662874633	-23.1659526992045
			42.9150982156356	-23.1659526992045
			42.8809301438078	-23.2001207710323
			42.8467620719801	-23.2001207710323
			42.8125940001524	-23.2001207710323
			42.7784259283246	-23.2001207710323
			42.7442578564969	-23.23428884286
			42.7100897846692	-23.23428884286
			42.6759217128414	-23.23428884286
			42.6417536410137	-23.23428884286
			42.6075855691859	-23.23428884286
			42.5734174973582	-23.2684569146878
			42.5392494255305	-23.2684569146878
			42.5050813537027	-23.2684569146878
			42.470913281875	-23.2684569146878
			42.4367452100473	-23.2684569146878
			42.4025771382195	-23.3026249865155
			42.3684090663918	-23.3026249865155
			42.3342409945641	-23.3026249865155
			42.3000729227363	-23.3026249865155
			42.2659048509086	-23.3026249865155
			42.2659048509086	-23.3367930583432
			42.2317367790809	-23.3367930583432
			42.1975687072531	-23.3367930583432
			42.1634006354254	-23.3367930583432
			42.1292325635976	-23.3367930583432
			42.0950644917699	-23.370961130171
			42.0608964199422	-23.370961130171
			42.0267283481144	-23.370961130171
			41.9925602762867	-23.370961130171
			41.958392204459	-23.370961130171
			41.9242241326312	-23.4051292019987
			41.8900560608035	-23.4051292019987
			41.8558879889758	-23.4051292019987
			41.821719917148	-23.4051292019987
			41.7875518453203	-23.4392972738264
			41.7533837734926	-23.4392972738264
			41.7192157016648	-23.4392972738264
			41.6850476298371	-23.4392972738264
			41.6508795580094	-23.4734653456542
			41.6167114861816	-23.4734653456542
			41.5825434143539	-23.4734653456542
			41.5483753425261	-23.4734653456542
			41.5142072706984	-23.4734653456542
			41.4800391988707	-23.5076334174819
			41.4458711270429	-23.5076334174819
			41.4117030552152	-23.5076334174819
			41.3775349833875	-23.5076334174819
			41.3433669115597	-23.5076334174819
			41.309198839732	-23.5418014893096
			41.2750307679043	-23.5418014893096
			41.2408626960765	-23.5418014893096
			41.2066946242488	-23.5418014893096
			41.1725265524211	-23.5759695611374
			41.1383584805933	-23.5759695611374
			41.1041904087656	-23.5759695611374
			41.0700223369379	-23.5759695611374
			41.0358542651101	-23.5759695611374
			41.0016861932824	-23.6101376329651
			40.9675181214546	-23.6101376329651
			40.9333500496269	-23.6101376329651
			40.8991819777992	-23.6101376329651
			40.8650139059714	-23.6101376329651
			40.8650139059714	-23.6443057047928
			40.8308458341437	-23.6443057047928
			40.796677762316	-23.6443057047928
			40.7625096904882	-23.6443057047928
			40.7283416186605	-23.6443057047928
			40.6941735468328	-23.6784737766206
			40.660005475005	-23.6784737766206
			40.6258374031773	-23.6784737766206
			40.5916693313496	-23.6784737766206
			40.5575012595218	-23.6784737766206
			40.5233331876941	-23.7126418484483
			40.4891651158664	-23.7126418484483
			40.4549970440386	-23.7126418484483
			40.4208289722109	-23.7126418484483
			40.3866609003831	-23.746809920276
			40.3524928285554	-23.746809920276
			40.3183247567277	-23.746809920276
		</Caudal_anal>
	</curves.scaled>
	<ruler.points type=matrix rownames=TRUE colnames=FALSE nrow=3 ncol=2 as.numeric=TRUE >
		Ruler point 1	816	874
		Ruler point 2	874	876
		Ruler point 3	933	878
	</ruler.points>
</shapes>

