<shapes type=list>
	<ruler.pixel type=vector names=FALSE length=1 as.numeric=TRUE >121.162045953992</ruler.pixel>
	<ruler.interval type=vector names=FALSE length=1 as.numeric=TRUE >5</ruler.interval>
	<scaling.units type=vector names=FALSE length=1 as.numeric=FALSE >mm</scaling.units>
	<scaling type=vector names=FALSE length=1 as.numeric=TRUE >0.0412670482792823</scaling>
	<landmarks.pixel type=matrix rownames=TRUE colnames=FALSE nrow=11 ncol=2 as.numeric=TRUE >
		Anterior_eye	1065	967
		Posterior_eye	1213	959
		Posterior_Maxilla	1273	1062
		Anterior_Maxilla	1041	1020
		Dorsal_fin_insertion	1588	794
		Adipose_fin_insertion	1986	879
		Dorsal_caudal	2182	901
		Ventral_caudal	2191	1032
		Anal_fin_insertion	1818	1088
		Pelvic_fin_insertion	1562	1067
		Pectoral_fin_insertion	1408	1017
	</landmarks.pixel>
	<landmarks.scaled type=matrix rownames=TRUE colnames=FALSE nrow=11 ncol=2 as.numeric=TRUE >
		Anterior_eye	43.9494064174356	-39.905235686066
		Posterior_eye	50.0569295627694	-39.5750992998317
		Posterior_Maxilla	52.5329524595263	-43.8256052725978
		Anterior_Maxilla	42.9589972587328	-42.0923892448679
		Dorsal_fin_insertion	65.5320726675002	-32.7660363337501
		Adipose_fin_insertion	81.9563578826546	-36.2737354374891
		Dorsal_caudal	90.0446993453939	-37.1816104996333
		Ventral_caudal	90.4161027799075	-42.5875938242193
		Anal_fin_insertion	75.0234937717352	-44.8985485278591
		Pelvic_fin_insertion	64.4591294122389	-44.0319405139942
		Pectoral_fin_insertion	58.1040039772294	-41.9685881000301
	</landmarks.scaled>
	<curves.control type=list>
		<Snout_dorsal type=matrix rownames=FALSE colnames=FALSE nrow=7 ncol=2 as.numeric=TRUE >
			1041	1020
			1005	948
			1131	855
			1225	810
			1404	803
			1525	806
			1588	794
		</Snout_dorsal>
		<Dorsal_adipose type=matrix rownames=FALSE colnames=FALSE nrow=5 ncol=2 as.numeric=TRUE >
			1588	794
			1691	823
			1794	862
			1917	887
			1986	879
		</Dorsal_adipose>
		<Adipose_caudal type=matrix rownames=FALSE colnames=FALSE nrow=5 ncol=2 as.numeric=TRUE >
			1986	879
			2007	882
			2021	891
			2100	912
			2182	901
		</Adipose_caudal>
		<Caudal_anal type=matrix rownames=FALSE colnames=FALSE nrow=7 ncol=2 as.numeric=TRUE >
			2191	1032
			2180	1037
			2155	1032
			2082	1032
			2005	1051
			1921	1078
			1818	1088
		</Caudal_anal>
	</curves.control>
	<curves.pixel type=list>
		<Snout_dorsal type=matrix rownames=FALSE colnames=FALSE nrow=643 ncol=2 as.numeric=TRUE >
			1041	1020
			1041	1019
			1040	1019
			1040	1018
			1040	1017
			1039	1017
			1039	1016
			1039	1015
			1038	1014
			1038	1013
			1037	1012
			1037	1011
			1037	1010
			1037	1009
			1036	1008
			1036	1007
			1036	1006
			1035	1005
			1035	1004
			1035	1003
			1035	1002
			1034	1001
			1034	1000
			1034	999
			1034	998
			1034	997
			1034	996
			1033	995
			1033	994
			1033	993
			1033	992
			1033	991
			1033	990
			1033	989
			1033	988
			1033	987
			1033	986
			1033	985
			1033	984
			1033	983
			1033	982
			1033	981
			1033	980
			1033	979
			1034	978
			1034	977
			1034	976
			1034	975
			1034	974
			1034	973
			1034	972
			1035	971
			1035	970
			1035	969
			1035	968
			1036	967
			1036	966
			1036	965
			1036	964
			1037	963
			1037	962
			1037	961
			1038	960
			1038	959
			1039	958
			1039	957
			1039	956
			1040	955
			1040	954
			1041	953
			1041	952
			1042	951
			1042	950
			1042	949
			1043	948
			1043	947
			1044	946
			1044	945
			1045	944
			1045	943
			1046	942
			1046	941
			1047	940
			1048	939
			1048	938
			1049	937
			1049	936
			1050	935
			1051	934
			1051	933
			1052	932
			1053	931
			1054	930
			1054	929
			1055	928
			1055	927
			1056	926
			1057	925
			1058	924
			1058	923
			1059	922
			1060	921
			1061	920
			1062	919
			1062	918
			1063	917
			1064	916
			1065	915
			1066	914
			1066	913
			1067	912
			1068	911
			1069	910
			1070	909
			1071	908
			1072	907
			1073	906
			1074	905
			1075	904
			1076	903
			1076	902
			1077	901
			1078	900
			1079	899
			1080	898
			1081	897
			1082	896
			1083	896
			1083	895
			1084	894
			1085	894
			1085	893
			1086	892
			1087	892
			1087	891
			1088	891
			1089	890
			1089	889
			1090	889
			1091	888
			1092	887
			1093	886
			1094	885
			1095	884
			1096	883
			1097	883
			1097	882
			1098	881
			1099	880
			1100	880
			1101	879
			1102	878
			1103	877
			1104	877
			1104	876
			1105	875
			1106	874
			1107	874
			1108	873
			1109	872
			1110	871
			1111	871
			1112	870
			1113	869
			1114	868
			1115	868
			1116	867
			1117	866
			1118	865
			1118	864
			1119	864
			1120	863
			1121	862
			1122	861
			1123	861
			1124	860
			1125	859
			1126	859
			1127	858
			1128	857
			1129	856
			1130	855
			1131	855
			1132	855
			1132	854
			1133	854
			1134	854
			1135	853
			1136	853
			1137	852
			1138	852
			1139	851
			1140	851
			1141	850
			1142	850
			1143	849
			1144	849
			1145	849
			1146	848
			1147	848
			1148	848
			1148	847
			1149	847
			1150	847
			1151	846
			1152	846
			1153	845
			1154	845
			1155	845
			1156	844
			1157	844
			1158	843
			1159	843
			1160	843
			1161	842
			1162	842
			1163	842
			1164	841
			1165	841
			1166	841
			1167	840
			1168	840
			1169	839
			1170	839
			1171	839
			1172	838
			1173	838
			1174	838
			1175	837
			1176	837
			1177	837
			1178	836
			1179	836
			1180	836
			1181	835
			1182	835
			1183	835
			1184	835
			1185	834
			1186	834
			1187	834
			1188	833
			1189	833
			1190	833
			1191	833
			1192	832
			1193	832
			1194	832
			1195	831
			1196	831
			1197	831
			1198	831
			1199	830
			1200	830
			1201	830
			1202	829
			1203	829
			1204	829
			1205	829
			1206	829
			1207	828
			1208	828
			1209	828
			1210	827
			1211	827
			1212	827
			1213	827
			1214	826
			1215	826
			1216	826
			1217	826
			1218	825
			1219	825
			1220	825
			1221	825
			1222	825
			1223	824
			1224	824
			1225	824
			1226	824
			1227	823
			1228	823
			1229	823
			1230	823
			1231	823
			1232	822
			1233	822
			1234	822
			1235	822
			1236	822
			1237	821
			1238	821
			1239	821
			1240	821
			1241	821
			1242	820
			1243	820
			1244	820
			1245	820
			1246	820
			1247	819
			1248	819
			1249	819
			1250	819
			1251	819
			1252	818
			1253	818
			1254	818
			1255	818
			1256	818
			1257	818
			1258	817
			1259	817
			1260	817
			1261	817
			1262	817
			1263	816
			1264	816
			1265	816
			1266	816
			1267	816
			1268	816
			1269	815
			1270	815
			1271	815
			1272	815
			1273	815
			1274	815
			1275	815
			1276	814
			1277	814
			1278	814
			1279	814
			1280	814
			1281	814
			1282	814
			1283	813
			1284	813
			1285	813
			1286	813
			1287	813
			1288	813
			1289	813
			1290	812
			1291	812
			1292	812
			1293	812
			1294	812
			1295	812
			1296	812
			1297	811
			1298	811
			1299	811
			1300	811
			1301	811
			1302	811
			1303	811
			1304	811
			1305	811
			1306	810
			1307	810
			1308	810
			1309	810
			1310	810
			1311	810
			1312	810
			1313	810
			1314	809
			1315	809
			1316	809
			1317	809
			1318	809
			1319	809
			1320	809
			1321	809
			1322	809
			1323	809
			1324	808
			1325	808
			1326	808
			1327	808
			1328	808
			1329	808
			1330	808
			1331	808
			1332	808
			1333	808
			1334	807
			1335	807
			1336	807
			1337	807
			1338	807
			1339	807
			1340	807
			1341	807
			1342	807
			1343	807
			1344	807
			1345	807
			1346	806
			1347	806
			1348	806
			1349	806
			1350	806
			1351	806
			1352	806
			1353	806
			1354	806
			1355	806
			1356	806
			1357	806
			1358	806
			1359	805
			1360	805
			1361	805
			1362	805
			1363	805
			1364	805
			1365	805
			1366	805
			1367	805
			1368	805
			1369	805
			1370	805
			1371	805
			1372	805
			1373	805
			1374	804
			1375	804
			1376	804
			1377	804
			1378	804
			1379	804
			1380	804
			1381	804
			1382	804
			1383	804
			1384	804
			1385	804
			1386	804
			1387	804
			1388	804
			1389	804
			1390	804
			1391	804
			1392	804
			1393	803
			1394	803
			1395	803
			1396	803
			1397	803
			1398	803
			1399	803
			1400	803
			1401	803
			1402	803
			1403	803
			1404	803
			1405	803
			1406	803
			1407	803
			1408	803
			1409	803
			1410	803
			1411	803
			1412	803
			1413	803
			1414	803
			1415	803
			1416	803
			1417	803
			1418	803
			1419	803
			1420	803
			1421	803
			1422	803
			1423	803
			1424	803
			1425	803
			1426	803
			1427	803
			1428	803
			1429	803
			1430	803
			1431	803
			1432	803
			1433	804
			1434	804
			1435	804
			1436	804
			1437	804
			1438	804
			1439	804
			1440	804
			1441	804
			1442	804
			1443	804
			1444	804
			1445	804
			1446	804
			1447	804
			1448	804
			1449	804
			1450	804
			1451	804
			1452	804
			1453	804
			1454	804
			1455	804
			1456	804
			1457	804
			1458	804
			1459	804
			1460	804
			1461	804
			1462	804
			1463	804
			1464	804
			1465	804
			1466	804
			1467	804
			1468	803
			1469	803
			1470	803
			1471	803
			1472	803
			1473	803
			1474	803
			1475	803
			1476	803
			1477	803
			1478	803
			1479	803
			1480	803
			1481	803
			1482	803
			1483	803
			1484	803
			1485	803
			1486	803
			1487	803
			1488	803
			1489	803
			1490	803
			1491	803
			1492	803
			1493	803
			1494	803
			1495	803
			1496	803
			1497	803
			1498	803
			1499	803
			1500	803
			1501	803
			1502	803
			1503	803
			1504	803
			1505	803
			1506	802
			1507	802
			1508	802
			1509	802
			1510	802
			1511	802
			1512	802
			1513	802
			1514	802
			1515	802
			1516	802
			1517	802
			1518	802
			1519	802
			1520	802
			1521	802
			1522	802
			1523	802
			1524	801
			1525	801
			1526	801
			1527	801
			1528	801
			1529	801
			1530	801
			1531	801
			1532	801
			1533	801
			1534	801
			1535	801
			1536	801
			1537	801
			1538	800
			1539	800
			1540	800
			1541	800
			1542	800
			1543	800
			1544	800
			1545	800
			1546	800
			1547	800
			1548	800
			1549	799
			1550	799
			1551	799
			1552	799
			1553	799
			1554	799
			1555	799
			1556	799
			1557	799
			1558	799
			1559	798
			1560	798
			1561	798
			1562	798
			1563	798
			1564	798
			1565	798
			1566	797
			1567	797
			1568	797
			1569	797
			1570	797
			1571	797
			1572	797
			1573	797
			1573	796
			1574	796
			1575	796
			1576	796
			1577	796
			1578	796
			1579	796
			1580	795
			1581	795
			1582	795
			1583	795
			1584	795
			1585	795
			1586	794
			1587	794
			1588	794
		</Snout_dorsal>
		<Dorsal_adipose type=matrix rownames=FALSE colnames=FALSE nrow=402 ncol=2 as.numeric=TRUE >
			1588	794
			1589	794
			1590	795
			1591	795
			1592	795
			1593	795
			1594	796
			1595	796
			1596	796
			1597	797
			1598	797
			1599	797
			1600	797
			1601	798
			1602	798
			1603	798
			1604	799
			1605	799
			1606	799
			1607	799
			1608	800
			1609	800
			1610	800
			1611	801
			1612	801
			1613	801
			1614	802
			1615	802
			1616	802
			1617	802
			1618	803
			1619	803
			1620	803
			1621	804
			1622	804
			1623	804
			1624	804
			1625	805
			1626	805
			1627	805
			1628	806
			1629	806
			1630	806
			1631	807
			1632	807
			1633	807
			1634	808
			1635	808
			1636	808
			1637	808
			1638	809
			1639	809
			1640	809
			1641	810
			1642	810
			1643	810
			1644	811
			1645	811
			1646	811
			1647	812
			1648	812
			1649	812
			1650	812
			1651	813
			1652	813
			1653	813
			1654	814
			1655	814
			1656	814
			1657	815
			1658	815
			1659	815
			1660	816
			1661	816
			1662	816
			1663	817
			1664	817
			1665	817
			1666	817
			1667	818
			1668	818
			1669	818
			1670	819
			1671	819
			1672	819
			1673	820
			1674	820
			1675	820
			1676	821
			1677	821
			1678	821
			1679	822
			1680	822
			1681	822
			1682	823
			1683	823
			1684	823
			1685	824
			1686	824
			1687	824
			1688	825
			1689	825
			1690	825
			1691	826
			1692	826
			1693	826
			1694	827
			1695	827
			1696	827
			1697	828
			1698	828
			1699	828
			1700	829
			1701	829
			1702	829
			1703	830
			1704	830
			1705	830
			1706	831
			1707	831
			1708	831
			1709	832
			1710	832
			1711	832
			1712	833
			1713	833
			1714	833
			1715	834
			1716	834
			1717	834
			1718	835
			1719	835
			1720	835
			1721	836
			1722	836
			1723	836
			1724	837
			1725	837
			1726	837
			1727	838
			1728	838
			1729	838
			1730	839
			1731	839
			1732	839
			1733	840
			1734	840
			1735	841
			1736	841
			1737	841
			1738	842
			1739	842
			1740	842
			1741	843
			1742	843
			1743	843
			1744	844
			1745	844
			1746	844
			1747	845
			1748	845
			1749	846
			1750	846
			1751	846
			1752	846
			1753	847
			1754	847
			1755	847
			1756	848
			1757	848
			1758	849
			1759	849
			1760	849
			1761	850
			1762	850
			1763	851
			1764	851
			1765	851
			1766	851
			1766	852
			1767	852
			1768	852
			1769	853
			1770	853
			1771	853
			1772	854
			1773	854
			1774	854
			1775	855
			1776	855
			1777	856
			1778	856
			1779	856
			1780	857
			1781	857
			1782	858
			1783	858
			1784	858
			1785	858
			1785	859
			1786	859
			1787	859
			1788	860
			1789	860
			1790	860
			1791	861
			1792	861
			1793	862
			1794	862
			1795	862
			1796	862
			1797	863
			1798	863
			1799	863
			1800	863
			1801	863
			1802	864
			1803	864
			1804	864
			1805	864
			1806	864
			1807	865
			1808	865
			1809	865
			1810	865
			1811	865
			1812	866
			1813	866
			1814	866
			1815	866
			1816	866
			1817	866
			1818	867
			1819	867
			1820	867
			1821	867
			1822	867
			1823	868
			1824	868
			1825	868
			1826	868
			1827	868
			1828	868
			1829	869
			1830	869
			1831	869
			1832	869
			1833	869
			1834	870
			1835	870
			1836	870
			1837	870
			1838	870
			1839	870
			1840	870
			1841	871
			1842	871
			1843	871
			1844	871
			1845	871
			1846	871
			1847	872
			1848	872
			1849	872
			1850	872
			1851	872
			1852	872
			1853	873
			1854	873
			1855	873
			1856	873
			1857	873
			1858	873
			1859	873
			1860	874
			1861	874
			1862	874
			1863	874
			1864	874
			1865	874
			1866	875
			1867	875
			1868	875
			1869	875
			1870	875
			1871	875
			1872	875
			1873	875
			1874	875
			1875	876
			1876	876
			1877	876
			1878	876
			1879	876
			1880	876
			1881	876
			1882	876
			1883	877
			1884	877
			1885	877
			1886	877
			1887	877
			1888	877
			1889	877
			1890	877
			1891	878
			1892	878
			1893	878
			1894	878
			1895	878
			1896	878
			1897	878
			1898	878
			1899	878
			1900	878
			1901	878
			1902	879
			1903	879
			1904	879
			1905	879
			1906	879
			1907	879
			1908	879
			1909	879
			1910	879
			1911	879
			1912	879
			1913	880
			1914	880
			1915	880
			1916	880
			1917	880
			1918	880
			1919	880
			1920	880
			1921	880
			1922	880
			1923	880
			1924	880
			1925	880
			1926	880
			1927	880
			1928	880
			1929	880
			1930	881
			1931	881
			1932	881
			1933	881
			1934	881
			1935	881
			1936	881
			1937	881
			1938	881
			1939	881
			1940	881
			1941	881
			1942	881
			1943	881
			1944	881
			1945	881
			1946	881
			1947	881
			1948	881
			1949	881
			1950	881
			1951	881
			1952	881
			1953	881
			1954	881
			1955	881
			1956	881
			1957	881
			1958	881
			1959	881
			1960	881
			1961	881
			1962	881
			1963	881
			1964	881
			1965	881
			1966	881
			1967	881
			1968	881
			1968	880
			1969	880
			1970	880
			1971	880
			1972	880
			1973	880
			1974	880
			1975	880
			1976	880
			1977	880
			1978	880
			1979	880
			1980	880
			1981	879
			1982	879
			1983	879
			1984	879
			1985	879
			1986	879
		</Dorsal_adipose>
		<Adipose_caudal type=matrix rownames=FALSE colnames=FALSE nrow=198 ncol=2 as.numeric=TRUE >
			1986	879
			1987	879
			1988	879
			1989	880
			1990	880
			1991	880
			1992	880
			1993	880
			1994	880
			1995	881
			1996	881
			1997	881
			1998	881
			1999	882
			2000	882
			2001	882
			2002	883
			2003	883
			2004	883
			2005	884
			2006	884
			2007	884
			2008	885
			2009	885
			2010	885
			2011	886
			2012	886
			2013	887
			2014	887
			2015	888
			2016	888
			2017	888
			2017	889
			2018	889
			2019	890
			2020	890
			2021	891
			2022	891
			2023	892
			2024	892
			2025	892
			2026	892
			2027	893
			2028	893
			2029	893
			2030	893
			2031	894
			2032	894
			2033	894
			2034	894
			2035	894
			2036	895
			2037	895
			2038	895
			2039	895
			2040	896
			2041	896
			2042	896
			2043	896
			2044	896
			2045	897
			2046	897
			2047	897
			2048	897
			2049	897
			2050	898
			2051	898
			2052	898
			2053	898
			2054	898
			2055	899
			2056	899
			2057	899
			2058	899
			2059	899
			2060	899
			2061	900
			2062	900
			2063	900
			2064	900
			2065	900
			2066	900
			2067	900
			2068	901
			2069	901
			2070	901
			2071	901
			2072	901
			2073	901
			2074	901
			2075	902
			2076	902
			2077	902
			2078	902
			2079	902
			2080	902
			2081	902
			2082	902
			2083	902
			2084	903
			2085	903
			2086	903
			2087	903
			2088	903
			2089	903
			2090	903
			2091	903
			2092	903
			2093	903
			2094	904
			2095	904
			2096	904
			2097	904
			2098	904
			2099	904
			2100	904
			2101	904
			2102	904
			2103	904
			2104	904
			2105	904
			2106	904
			2107	904
			2108	904
			2109	904
			2110	904
			2111	905
			2112	905
			2113	905
			2114	905
			2115	905
			2116	905
			2117	905
			2118	905
			2119	905
			2120	905
			2121	905
			2122	905
			2123	905
			2124	905
			2125	905
			2126	905
			2127	905
			2128	905
			2129	905
			2130	905
			2131	905
			2132	905
			2133	905
			2134	905
			2135	905
			2136	905
			2137	905
			2138	905
			2139	905
			2140	905
			2141	905
			2142	904
			2143	904
			2144	904
			2145	904
			2146	904
			2147	904
			2148	904
			2149	904
			2150	904
			2151	904
			2152	904
			2153	904
			2154	904
			2155	904
			2156	904
			2157	904
			2158	904
			2159	903
			2160	903
			2161	903
			2162	903
			2163	903
			2164	903
			2165	903
			2166	903
			2167	903
			2168	903
			2169	903
			2170	902
			2171	902
			2172	902
			2173	902
			2174	902
			2175	902
			2176	902
			2177	902
			2178	901
			2179	901
			2180	901
			2181	901
			2182	901
		</Adipose_caudal>
		<Caudal_anal type=matrix rownames=FALSE colnames=FALSE nrow=376 ncol=2 as.numeric=TRUE >
			2191	1032
			2190	1032
			2190	1033
			2189	1033
			2188	1033
			2187	1033
			2186	1034
			2185	1034
			2184	1034
			2183	1034
			2182	1034
			2181	1034
			2180	1034
			2179	1034
			2178	1034
			2177	1034
			2176	1034
			2175	1034
			2174	1034
			2173	1034
			2172	1034
			2171	1034
			2170	1034
			2169	1034
			2168	1034
			2167	1034
			2166	1034
			2165	1034
			2164	1034
			2163	1033
			2162	1033
			2161	1033
			2160	1033
			2159	1033
			2158	1033
			2157	1032
			2156	1032
			2155	1032
			2154	1032
			2153	1032
			2152	1032
			2151	1032
			2150	1032
			2149	1032
			2148	1032
			2147	1032
			2146	1032
			2145	1032
			2144	1032
			2143	1032
			2142	1032
			2141	1032
			2140	1032
			2139	1032
			2138	1032
			2137	1032
			2136	1032
			2135	1032
			2134	1032
			2133	1032
			2132	1032
			2131	1033
			2130	1033
			2129	1033
			2128	1033
			2127	1033
			2126	1033
			2125	1033
			2124	1033
			2123	1033
			2122	1033
			2121	1033
			2120	1033
			2119	1033
			2118	1033
			2117	1033
			2116	1033
			2115	1033
			2114	1033
			2113	1034
			2112	1034
			2111	1034
			2110	1034
			2109	1034
			2108	1034
			2107	1034
			2106	1034
			2105	1034
			2104	1034
			2103	1034
			2102	1034
			2101	1035
			2100	1035
			2099	1035
			2098	1035
			2097	1035
			2096	1035
			2095	1035
			2094	1035
			2093	1035
			2092	1035
			2091	1036
			2090	1036
			2089	1036
			2088	1036
			2087	1036
			2086	1036
			2085	1036
			2084	1036
			2083	1037
			2082	1037
			2081	1037
			2080	1037
			2079	1037
			2078	1037
			2077	1037
			2076	1037
			2075	1038
			2074	1038
			2073	1038
			2072	1038
			2071	1038
			2070	1038
			2069	1038
			2068	1039
			2067	1039
			2066	1039
			2065	1039
			2064	1039
			2063	1039
			2062	1039
			2061	1040
			2060	1040
			2059	1040
			2058	1040
			2057	1040
			2056	1040
			2055	1041
			2054	1041
			2053	1041
			2052	1041
			2051	1041
			2050	1041
			2049	1042
			2048	1042
			2047	1042
			2046	1042
			2045	1042
			2044	1043
			2043	1043
			2042	1043
			2041	1043
			2040	1043
			2039	1043
			2038	1044
			2037	1044
			2036	1044
			2035	1044
			2034	1044
			2033	1045
			2032	1045
			2031	1045
			2030	1045
			2029	1045
			2028	1046
			2027	1046
			2026	1046
			2025	1046
			2024	1047
			2023	1047
			2022	1047
			2021	1047
			2020	1047
			2019	1048
			2018	1048
			2017	1048
			2016	1048
			2015	1049
			2014	1049
			2013	1049
			2012	1049
			2011	1050
			2010	1050
			2009	1050
			2008	1050
			2007	1051
			2006	1051
			2005	1051
			2004	1051
			2003	1052
			2002	1052
			2001	1052
			2000	1053
			1999	1053
			1998	1053
			1997	1054
			1996	1054
			1995	1054
			1994	1054
			1993	1055
			1992	1055
			1991	1055
			1990	1056
			1989	1056
			1988	1056
			1987	1057
			1986	1057
			1985	1057
			1984	1057
			1983	1058
			1982	1058
			1981	1058
			1980	1059
			1979	1059
			1978	1059
			1977	1059
			1976	1060
			1975	1060
			1974	1060
			1973	1060
			1972	1061
			1971	1061
			1970	1061
			1969	1062
			1968	1062
			1967	1062
			1966	1062
			1965	1063
			1964	1063
			1963	1063
			1962	1063
			1961	1064
			1960	1064
			1959	1064
			1958	1064
			1957	1065
			1956	1065
			1955	1065
			1954	1065
			1953	1066
			1952	1066
			1951	1066
			1950	1066
			1949	1067
			1948	1067
			1947	1067
			1946	1067
			1945	1068
			1944	1068
			1943	1068
			1942	1068
			1941	1069
			1940	1069
			1939	1069
			1938	1069
			1937	1069
			1936	1070
			1935	1070
			1934	1070
			1933	1070
			1932	1071
			1931	1071
			1930	1071
			1929	1071
			1928	1071
			1927	1072
			1926	1072
			1925	1072
			1924	1072
			1923	1072
			1922	1073
			1921	1073
			1920	1073
			1919	1073
			1918	1073
			1917	1074
			1916	1074
			1915	1074
			1914	1074
			1913	1074
			1912	1075
			1911	1075
			1910	1075
			1909	1075
			1908	1075
			1907	1076
			1906	1076
			1905	1076
			1904	1076
			1903	1076
			1902	1076
			1901	1077
			1900	1077
			1899	1077
			1898	1077
			1897	1077
			1896	1077
			1895	1078
			1894	1078
			1893	1078
			1892	1078
			1891	1078
			1890	1078
			1889	1079
			1888	1079
			1887	1079
			1886	1079
			1885	1079
			1884	1079
			1883	1080
			1882	1080
			1881	1080
			1880	1080
			1879	1080
			1878	1081
			1877	1081
			1876	1081
			1875	1081
			1874	1081
			1873	1081
			1872	1081
			1871	1081
			1870	1082
			1869	1082
			1868	1082
			1867	1082
			1866	1082
			1865	1082
			1864	1083
			1863	1083
			1862	1083
			1861	1083
			1860	1083
			1859	1083
			1858	1083
			1857	1083
			1856	1084
			1855	1084
			1854	1084
			1853	1084
			1852	1084
			1851	1084
			1850	1084
			1849	1084
			1849	1085
			1848	1085
			1847	1085
			1846	1085
			1845	1085
			1844	1085
			1843	1085
			1842	1085
			1841	1085
			1840	1086
			1839	1086
			1838	1086
			1837	1086
			1836	1086
			1835	1086
			1834	1086
			1833	1086
			1832	1087
			1831	1087
			1830	1087
			1829	1087
			1828	1087
			1827	1087
			1826	1087
			1825	1087
			1824	1087
			1823	1088
			1822	1088
			1821	1088
			1820	1088
			1819	1088
			1818	1088
		</Caudal_anal>
	</curves.pixel>
	<curves.scaled type=list>
		<Snout_dorsal type=matrix rownames=FALSE colnames=FALSE nrow=643 ncol=2 as.numeric=TRUE >
			42.9589972587328	-42.0923892448679
			42.9589972587328	-42.0511221965886
			42.9177302104536	-42.0511221965886
			42.9177302104536	-42.0098551483094
			42.9177302104536	-41.9685881000301
			42.8764631621743	-41.9685881000301
			42.8764631621743	-41.9273210517508
			42.8764631621743	-41.8860540034715
			42.835196113895	-41.8447869551922
			42.835196113895	-41.8035199069129
			42.7939290656157	-41.7622528586337
			42.7939290656157	-41.7209858103544
			42.7939290656157	-41.6797187620751
			42.7939290656157	-41.6384517137958
			42.7526620173364	-41.5971846655165
			42.7526620173364	-41.5559176172372
			42.7526620173364	-41.514650568958
			42.7113949690572	-41.4733835206787
			42.7113949690572	-41.4321164723994
			42.7113949690572	-41.3908494241201
			42.7113949690572	-41.3495823758408
			42.6701279207779	-41.3083153275616
			42.6701279207779	-41.2670482792823
			42.6701279207779	-41.225781231003
			42.6701279207779	-41.1845141827237
			42.6701279207779	-41.1432471344444
			42.6701279207779	-41.1019800861651
			42.6288608724986	-41.0607130378859
			42.6288608724986	-41.0194459896066
			42.6288608724986	-40.9781789413273
			42.6288608724986	-40.936911893048
			42.6288608724986	-40.8956448447687
			42.6288608724986	-40.8543777964895
			42.6288608724986	-40.8131107482102
			42.6288608724986	-40.7718436999309
			42.6288608724986	-40.7305766516516
			42.6288608724986	-40.6893096033723
			42.6288608724986	-40.648042555093
			42.6288608724986	-40.6067755068138
			42.6288608724986	-40.5655084585345
			42.6288608724986	-40.5242414102552
			42.6288608724986	-40.4829743619759
			42.6288608724986	-40.4417073136966
			42.6288608724986	-40.4004402654173
			42.6701279207779	-40.3591732171381
			42.6701279207779	-40.3179061688588
			42.6701279207779	-40.2766391205795
			42.6701279207779	-40.2353720723002
			42.6701279207779	-40.1941050240209
			42.6701279207779	-40.1528379757416
			42.6701279207779	-40.1115709274624
			42.7113949690572	-40.0703038791831
			42.7113949690572	-40.0290368309038
			42.7113949690572	-39.9877697826245
			42.7113949690572	-39.9465027343452
			42.7526620173364	-39.905235686066
			42.7526620173364	-39.8639686377867
			42.7526620173364	-39.8227015895074
			42.7526620173364	-39.7814345412281
			42.7939290656157	-39.7401674929488
			42.7939290656157	-39.6989004446695
			42.7939290656157	-39.6576333963903
			42.835196113895	-39.616366348111
			42.835196113895	-39.5750992998317
			42.8764631621743	-39.5338322515524
			42.8764631621743	-39.4925652032731
			42.8764631621743	-39.4512981549939
			42.9177302104536	-39.4100311067146
			42.9177302104536	-39.3687640584353
			42.9589972587328	-39.327497010156
			42.9589972587328	-39.2862299618767
			43.0002643070121	-39.2449629135974
			43.0002643070121	-39.2036958653182
			43.0002643070121	-39.1624288170389
			43.0415313552914	-39.1211617687596
			43.0415313552914	-39.0798947204803
			43.0827984035707	-39.038627672201
			43.0827984035707	-38.9973606239217
			43.12406545185	-38.9560935756425
			43.12406545185	-38.9148265273632
			43.1653325001293	-38.8735594790839
			43.1653325001293	-38.8322924308046
			43.2065995484085	-38.7910253825253
			43.2478665966878	-38.7497583342461
			43.2478665966878	-38.7084912859668
			43.2891336449671	-38.6672242376875
			43.2891336449671	-38.6259571894082
			43.3304006932464	-38.5846901411289
			43.3716677415257	-38.5434230928496
			43.3716677415257	-38.5021560445704
			43.412934789805	-38.4608889962911
			43.4542018380842	-38.4196219480118
			43.4954688863635	-38.3783548997325
			43.4954688863635	-38.3370878514532
			43.5367359346428	-38.2958208031739
			43.5367359346428	-38.2545537548947
			43.5780029829221	-38.2132867066154
			43.6192700312014	-38.1720196583361
			43.6605370794806	-38.1307526100568
			43.6605370794806	-38.0894855617775
			43.7018041277599	-38.0482185134983
			43.7430711760392	-38.006951465219
			43.7843382243185	-37.9656844169397
			43.8256052725978	-37.9244173686604
			43.8256052725978	-37.8831503203811
			43.8668723208771	-37.8418832721018
			43.9081393691563	-37.8006162238226
			43.9494064174356	-37.7593491755433
			43.9906734657149	-37.718082127264
			43.9906734657149	-37.6768150789847
			44.0319405139942	-37.6355480307054
			44.0732075622735	-37.5942809824261
			44.1144746105527	-37.5530139341469
			44.155741658832	-37.5117468858676
			44.1970087071113	-37.4704798375883
			44.2382757553906	-37.429212789309
			44.2795428036699	-37.3879457410297
			44.3208098519492	-37.3466786927505
			44.3620769002284	-37.3054116444712
			44.4033439485077	-37.2641445961919
			44.4033439485077	-37.2228775479126
			44.444610996787	-37.1816104996333
			44.4858780450663	-37.140343451354
			44.5271450933456	-37.0990764030748
			44.5684121416249	-37.0578093547955
			44.6096791899041	-37.0165423065162
			44.6509462381834	-36.9752752582369
			44.6922132864627	-36.9752752582369
			44.6922132864627	-36.9340082099576
			44.733480334742	-36.8927411616784
			44.7747473830213	-36.8927411616784
			44.7747473830213	-36.8514741133991
			44.8160144313005	-36.8102070651198
			44.8572814795798	-36.8102070651198
			44.8572814795798	-36.7689400168405
			44.8985485278591	-36.7689400168405
			44.9398155761384	-36.7276729685612
			44.9398155761384	-36.6864059202819
			44.9810826244177	-36.6864059202819
			45.022349672697	-36.6451388720027
			45.0636167209762	-36.6038718237234
			45.1048837692555	-36.5626047754441
			45.1461508175348	-36.5213377271648
			45.1874178658141	-36.4800706788855
			45.2286849140934	-36.4388036306062
			45.2699519623727	-36.4388036306062
			45.2699519623727	-36.397536582327
			45.3112190106519	-36.3562695340477
			45.3524860589312	-36.3150024857684
			45.3937531072105	-36.3150024857684
			45.4350201554898	-36.2737354374891
			45.4762872037691	-36.2324683892098
			45.5175542520483	-36.1912013409306
			45.5588213003276	-36.1912013409306
			45.5588213003276	-36.1499342926513
			45.6000883486069	-36.108667244372
			45.6413553968862	-36.0674001960927
			45.6826224451655	-36.0674001960927
			45.7238894934448	-36.0261331478134
			45.765156541724	-35.9848660995341
			45.8064235900033	-35.9435990512549
			45.8476906382826	-35.9435990512549
			45.8889576865619	-35.9023320029756
			45.9302247348412	-35.8610649546963
			45.9714917831204	-35.819797906417
			46.0127588313997	-35.819797906417
			46.054025879679	-35.7785308581377
			46.0952929279583	-35.7372638098584
			46.1365599762376	-35.6959967615792
			46.1365599762376	-35.6547297132999
			46.1778270245169	-35.6547297132999
			46.2190940727961	-35.6134626650206
			46.2603611210754	-35.5721956167413
			46.3016281693547	-35.530928568462
			46.342895217634	-35.530928568462
			46.3841622659133	-35.4896615201828
			46.4254293141926	-35.4483944719035
			46.4666963624718	-35.4483944719035
			46.5079634107511	-35.4071274236242
			46.5492304590304	-35.3658603753449
			46.5904975073097	-35.3245933270656
			46.631764555589	-35.2833262787863
			46.6730316038682	-35.2833262787863
			46.7142986521475	-35.2833262787863
			46.7142986521475	-35.2420592305071
			46.7555657004268	-35.2420592305071
			46.7968327487061	-35.2420592305071
			46.8380997969854	-35.2007921822278
			46.8793668452647	-35.2007921822278
			46.9206338935439	-35.1595251339485
			46.9619009418232	-35.1595251339485
			47.0031679901025	-35.1182580856692
			47.0444350383818	-35.1182580856692
			47.0857020866611	-35.0769910373899
			47.1269691349404	-35.0769910373899
			47.1682361832196	-35.0357239891107
			47.2095032314989	-35.0357239891107
			47.2507702797782	-35.0357239891107
			47.2920373280575	-34.9944569408314
			47.3333043763368	-34.9944569408314
			47.3745714246161	-34.9944569408314
			47.3745714246161	-34.9531898925521
			47.4158384728953	-34.9531898925521
			47.4571055211746	-34.9531898925521
			47.4983725694539	-34.9119228442728
			47.5396396177332	-34.9119228442728
			47.5809066660125	-34.8706557959935
			47.6221737142917	-34.8706557959935
			47.663440762571	-34.8706557959935
			47.7047078108503	-34.8293887477142
			47.7459748591296	-34.8293887477142
			47.7872419074089	-34.788121699435
			47.8285089556882	-34.788121699435
			47.8697760039674	-34.788121699435
			47.9110430522467	-34.7468546511557
			47.952310100526	-34.7468546511557
			47.9935771488053	-34.7468546511557
			48.0348441970846	-34.7055876028764
			48.0761112453638	-34.7055876028764
			48.1173782936431	-34.7055876028764
			48.1586453419224	-34.6643205545971
			48.1999123902017	-34.6643205545971
			48.241179438481	-34.6230535063178
			48.2824464867603	-34.6230535063178
			48.3237135350395	-34.6230535063178
			48.3649805833188	-34.5817864580385
			48.4062476315981	-34.5817864580385
			48.4475146798774	-34.5817864580385
			48.4887817281567	-34.5405194097593
			48.530048776436	-34.5405194097593
			48.5713158247152	-34.5405194097593
			48.6125828729945	-34.49925236148
			48.6538499212738	-34.49925236148
			48.6951169695531	-34.49925236148
			48.7363840178324	-34.4579853132007
			48.7776510661116	-34.4579853132007
			48.8189181143909	-34.4579853132007
			48.8601851626702	-34.4579853132007
			48.9014522109495	-34.4167182649214
			48.9427192592288	-34.4167182649214
			48.9839863075081	-34.4167182649214
			49.0252533557873	-34.3754512166421
			49.0665204040666	-34.3754512166421
			49.1077874523459	-34.3754512166421
			49.1490545006252	-34.3754512166421
			49.1903215489045	-34.3341841683629
			49.2315885971838	-34.3341841683629
			49.272855645463	-34.3341841683629
			49.3141226937423	-34.2929171200836
			49.3553897420216	-34.2929171200836
			49.3966567903009	-34.2929171200836
			49.4379238385802	-34.2929171200836
			49.4791908868594	-34.2516500718043
			49.5204579351387	-34.2516500718043
			49.561724983418	-34.2516500718043
			49.6029920316973	-34.210383023525
			49.6442590799766	-34.210383023525
			49.6855261282559	-34.210383023525
			49.7267931765351	-34.210383023525
			49.7680602248144	-34.210383023525
			49.8093272730937	-34.1691159752457
			49.850594321373	-34.1691159752457
			49.8918613696523	-34.1691159752457
			49.9331284179315	-34.1278489269664
			49.9743954662108	-34.1278489269664
			50.0156625144901	-34.1278489269664
			50.0569295627694	-34.1278489269664
			50.0981966110487	-34.0865818786872
			50.139463659328	-34.0865818786872
			50.1807307076072	-34.0865818786872
			50.2219977558865	-34.0865818786872
			50.2632648041658	-34.0453148304079
			50.3045318524451	-34.0453148304079
			50.3457989007244	-34.0453148304079
			50.3870659490037	-34.0453148304079
			50.4283329972829	-34.0453148304079
			50.4696000455622	-34.0040477821286
			50.5108670938415	-34.0040477821286
			50.5521341421208	-34.0040477821286
			50.5934011904001	-34.0040477821286
			50.6346682386793	-33.9627807338493
			50.6759352869586	-33.9627807338493
			50.7172023352379	-33.9627807338493
			50.7584693835172	-33.9627807338493
			50.7997364317965	-33.9627807338493
			50.8410034800758	-33.92151368557
			50.882270528355	-33.92151368557
			50.9235375766343	-33.92151368557
			50.9648046249136	-33.92151368557
			51.0060716731929	-33.92151368557
			51.0473387214722	-33.8802466372907
			51.0886057697515	-33.8802466372907
			51.1298728180307	-33.8802466372907
			51.17113986631	-33.8802466372907
			51.2124069145893	-33.8802466372907
			51.2536739628686	-33.8389795890115
			51.2949410111479	-33.8389795890115
			51.3362080594271	-33.8389795890115
			51.3774751077064	-33.8389795890115
			51.4187421559857	-33.8389795890115
			51.460009204265	-33.7977125407322
			51.5012762525443	-33.7977125407322
			51.5425433008236	-33.7977125407322
			51.5838103491028	-33.7977125407322
			51.6250773973821	-33.7977125407322
			51.6663444456614	-33.7564454924529
			51.7076114939407	-33.7564454924529
			51.74887854222	-33.7564454924529
			51.7901455904993	-33.7564454924529
			51.8314126387785	-33.7564454924529
			51.8726796870578	-33.7564454924529
			51.9139467353371	-33.7151784441736
			51.9552137836164	-33.7151784441736
			51.9964808318957	-33.7151784441736
			52.0377478801749	-33.7151784441736
			52.0790149284542	-33.7151784441736
			52.1202819767335	-33.6739113958943
			52.1615490250128	-33.6739113958943
			52.2028160732921	-33.6739113958943
			52.2440831215714	-33.6739113958943
			52.2853501698506	-33.6739113958943
			52.3266172181299	-33.6739113958943
			52.3678842664092	-33.632644347615
			52.4091513146885	-33.632644347615
			52.4504183629678	-33.632644347615
			52.491685411247	-33.632644347615
			52.5329524595263	-33.632644347615
			52.5742195078056	-33.632644347615
			52.6154865560849	-33.632644347615
			52.6567536043642	-33.5913772993358
			52.6980206526435	-33.5913772993358
			52.7392877009227	-33.5913772993358
			52.780554749202	-33.5913772993358
			52.8218217974813	-33.5913772993358
			52.8630888457606	-33.5913772993358
			52.9043558940399	-33.5913772993358
			52.9456229423192	-33.5501102510565
			52.9868899905984	-33.5501102510565
			53.0281570388777	-33.5501102510565
			53.069424087157	-33.5501102510565
			53.1106911354363	-33.5501102510565
			53.1519581837156	-33.5501102510565
			53.1932252319948	-33.5501102510565
			53.2344922802741	-33.5088432027772
			53.2757593285534	-33.5088432027772
			53.3170263768327	-33.5088432027772
			53.358293425112	-33.5088432027772
			53.3995604733913	-33.5088432027772
			53.4408275216705	-33.5088432027772
			53.4820945699498	-33.5088432027772
			53.5233616182291	-33.4675761544979
			53.5646286665084	-33.4675761544979
			53.6058957147877	-33.4675761544979
			53.647162763067	-33.4675761544979
			53.6884298113462	-33.4675761544979
			53.7296968596255	-33.4675761544979
			53.7709639079048	-33.4675761544979
			53.8122309561841	-33.4675761544979
			53.8534980044634	-33.4675761544979
			53.8947650527426	-33.4263091062186
			53.9360321010219	-33.4263091062186
			53.9772991493012	-33.4263091062186
			54.0185661975805	-33.4263091062186
			54.0598332458598	-33.4263091062186
			54.1011002941391	-33.4263091062186
			54.1423673424183	-33.4263091062186
			54.1836343906976	-33.4263091062186
			54.2249014389769	-33.3850420579394
			54.2661684872562	-33.3850420579394
			54.3074355355355	-33.3850420579394
			54.3487025838147	-33.3850420579394
			54.389969632094	-33.3850420579394
			54.4312366803733	-33.3850420579394
			54.4725037286526	-33.3850420579394
			54.5137707769319	-33.3850420579394
			54.5550378252112	-33.3850420579394
			54.5963048734904	-33.3850420579394
			54.6375719217697	-33.3437750096601
			54.678838970049	-33.3437750096601
			54.7201060183283	-33.3437750096601
			54.7613730666076	-33.3437750096601
			54.8026401148869	-33.3437750096601
			54.8439071631661	-33.3437750096601
			54.8851742114454	-33.3437750096601
			54.9264412597247	-33.3437750096601
			54.967708308004	-33.3437750096601
			55.0089753562833	-33.3437750096601
			55.0502424045626	-33.3025079613808
			55.0915094528418	-33.3025079613808
			55.1327765011211	-33.3025079613808
			55.1740435494004	-33.3025079613808
			55.2153105976797	-33.3025079613808
			55.256577645959	-33.3025079613808
			55.2978446942382	-33.3025079613808
			55.3391117425175	-33.3025079613808
			55.3803787907968	-33.3025079613808
			55.4216458390761	-33.3025079613808
			55.4629128873554	-33.3025079613808
			55.5041799356347	-33.3025079613808
			55.5454469839139	-33.2612409131015
			55.5867140321932	-33.2612409131015
			55.6279810804725	-33.2612409131015
			55.6692481287518	-33.2612409131015
			55.7105151770311	-33.2612409131015
			55.7517822253104	-33.2612409131015
			55.7930492735896	-33.2612409131015
			55.8343163218689	-33.2612409131015
			55.8755833701482	-33.2612409131015
			55.9168504184275	-33.2612409131015
			55.9581174667068	-33.2612409131015
			55.999384514986	-33.2612409131015
			56.0406515632653	-33.2612409131015
			56.0819186115446	-33.2199738648222
			56.1231856598239	-33.2199738648222
			56.1644527081032	-33.2199738648222
			56.2057197563825	-33.2199738648222
			56.2469868046617	-33.2199738648222
			56.288253852941	-33.2199738648222
			56.3295209012203	-33.2199738648222
			56.3707879494996	-33.2199738648222
			56.4120549977789	-33.2199738648222
			56.4533220460581	-33.2199738648222
			56.4945890943374	-33.2199738648222
			56.5358561426167	-33.2199738648222
			56.577123190896	-33.2199738648222
			56.6183902391753	-33.2199738648222
			56.6596572874546	-33.2199738648222
			56.7009243357338	-33.1787068165429
			56.7421913840131	-33.1787068165429
			56.7834584322924	-33.1787068165429
			56.8247254805717	-33.1787068165429
			56.865992528851	-33.1787068165429
			56.9072595771303	-33.1787068165429
			56.9485266254095	-33.1787068165429
			56.9897936736888	-33.1787068165429
			57.0310607219681	-33.1787068165429
			57.0723277702474	-33.1787068165429
			57.1135948185267	-33.1787068165429
			57.1548618668059	-33.1787068165429
			57.1961289150852	-33.1787068165429
			57.2373959633645	-33.1787068165429
			57.2786630116438	-33.1787068165429
			57.3199300599231	-33.1787068165429
			57.3611971082024	-33.1787068165429
			57.4024641564816	-33.1787068165429
			57.4437312047609	-33.1787068165429
			57.4849982530402	-33.1374397682637
			57.5262653013195	-33.1374397682637
			57.5675323495988	-33.1374397682637
			57.6087993978781	-33.1374397682637
			57.6500664461573	-33.1374397682637
			57.6913334944366	-33.1374397682637
			57.7326005427159	-33.1374397682637
			57.7738675909952	-33.1374397682637
			57.8151346392745	-33.1374397682637
			57.8564016875537	-33.1374397682637
			57.897668735833	-33.1374397682637
			57.9389357841123	-33.1374397682637
			57.9802028323916	-33.1374397682637
			58.0214698806709	-33.1374397682637
			58.0627369289502	-33.1374397682637
			58.1040039772294	-33.1374397682637
			58.1452710255087	-33.1374397682637
			58.186538073788	-33.1374397682637
			58.2278051220673	-33.1374397682637
			58.2690721703466	-33.1374397682637
			58.3103392186258	-33.1374397682637
			58.3516062669051	-33.1374397682637
			58.3928733151844	-33.1374397682637
			58.4341403634637	-33.1374397682637
			58.475407411743	-33.1374397682637
			58.5166744600223	-33.1374397682637
			58.5579415083015	-33.1374397682637
			58.5992085565808	-33.1374397682637
			58.6404756048601	-33.1374397682637
			58.6817426531394	-33.1374397682637
			58.7230097014187	-33.1374397682637
			58.764276749698	-33.1374397682637
			58.8055437979772	-33.1374397682637
			58.8468108462565	-33.1374397682637
			58.8880778945358	-33.1374397682637
			58.9293449428151	-33.1374397682637
			58.9706119910944	-33.1374397682637
			59.0118790393736	-33.1374397682637
			59.0531460876529	-33.1374397682637
			59.0944131359322	-33.1374397682637
			59.1356801842115	-33.1787068165429
			59.1769472324908	-33.1787068165429
			59.2182142807701	-33.1787068165429
			59.2594813290493	-33.1787068165429
			59.3007483773286	-33.1787068165429
			59.3420154256079	-33.1787068165429
			59.3832824738872	-33.1787068165429
			59.4245495221665	-33.1787068165429
			59.4658165704458	-33.1787068165429
			59.507083618725	-33.1787068165429
			59.5483506670043	-33.1787068165429
			59.5896177152836	-33.1787068165429
			59.6308847635629	-33.1787068165429
			59.6721518118422	-33.1787068165429
			59.7134188601215	-33.1787068165429
			59.7546859084007	-33.1787068165429
			59.79595295668	-33.1787068165429
			59.8372200049593	-33.1787068165429
			59.8784870532386	-33.1787068165429
			59.9197541015179	-33.1787068165429
			59.9610211497971	-33.1787068165429
			60.0022881980764	-33.1787068165429
			60.0435552463557	-33.1787068165429
			60.084822294635	-33.1787068165429
			60.1260893429143	-33.1787068165429
			60.1673563911936	-33.1787068165429
			60.2086234394728	-33.1787068165429
			60.2498904877521	-33.1787068165429
			60.2911575360314	-33.1787068165429
			60.3324245843107	-33.1787068165429
			60.37369163259	-33.1787068165429
			60.4149586808692	-33.1787068165429
			60.4562257291485	-33.1787068165429
			60.4974927774278	-33.1787068165429
			60.5387598257071	-33.1787068165429
			60.5800268739864	-33.1374397682637
			60.6212939222657	-33.1374397682637
			60.6625609705449	-33.1374397682637
			60.7038280188242	-33.1374397682637
			60.7450950671035	-33.1374397682637
			60.7863621153828	-33.1374397682637
			60.8276291636621	-33.1374397682637
			60.8688962119413	-33.1374397682637
			60.9101632602206	-33.1374397682637
			60.9514303084999	-33.1374397682637
			60.9926973567792	-33.1374397682637
			61.0339644050585	-33.1374397682637
			61.0752314533378	-33.1374397682637
			61.116498501617	-33.1374397682637
			61.1577655498963	-33.1374397682637
			61.1990325981756	-33.1374397682637
			61.2402996464549	-33.1374397682637
			61.2815666947342	-33.1374397682637
			61.3228337430135	-33.1374397682637
			61.3641007912927	-33.1374397682637
			61.405367839572	-33.1374397682637
			61.4466348878513	-33.1374397682637
			61.4879019361306	-33.1374397682637
			61.5291689844099	-33.1374397682637
			61.5704360326892	-33.1374397682637
			61.6117030809684	-33.1374397682637
			61.6529701292477	-33.1374397682637
			61.694237177527	-33.1374397682637
			61.7355042258063	-33.1374397682637
			61.7767712740856	-33.1374397682637
			61.8180383223648	-33.1374397682637
			61.8593053706441	-33.1374397682637
			61.9005724189234	-33.1374397682637
			61.9418394672027	-33.1374397682637
			61.983106515482	-33.1374397682637
			62.0243735637613	-33.1374397682637
			62.0656406120405	-33.1374397682637
			62.1069076603198	-33.1374397682637
			62.1481747085991	-33.0961727199844
			62.1894417568784	-33.0961727199844
			62.2307088051577	-33.0961727199844
			62.2719758534369	-33.0961727199844
			62.3132429017162	-33.0961727199844
			62.3545099499955	-33.0961727199844
			62.3957769982748	-33.0961727199844
			62.4370440465541	-33.0961727199844
			62.4783110948334	-33.0961727199844
			62.5195781431126	-33.0961727199844
			62.5608451913919	-33.0961727199844
			62.6021122396712	-33.0961727199844
			62.6433792879505	-33.0961727199844
			62.6846463362298	-33.0961727199844
			62.7259133845091	-33.0961727199844
			62.7671804327883	-33.0961727199844
			62.8084474810676	-33.0961727199844
			62.8497145293469	-33.0961727199844
			62.8909815776262	-33.0549056717051
			62.9322486259055	-33.0549056717051
			62.9735156741847	-33.0549056717051
			63.014782722464	-33.0549056717051
			63.0560497707433	-33.0549056717051
			63.0973168190226	-33.0549056717051
			63.1385838673019	-33.0549056717051
			63.1798509155812	-33.0549056717051
			63.2211179638604	-33.0549056717051
			63.2623850121397	-33.0549056717051
			63.303652060419	-33.0549056717051
			63.3449191086983	-33.0549056717051
			63.3861861569776	-33.0549056717051
			63.4274532052569	-33.0549056717051
			63.4687202535361	-33.0136386234258
			63.5099873018154	-33.0136386234258
			63.5512543500947	-33.0136386234258
			63.592521398374	-33.0136386234258
			63.6337884466533	-33.0136386234258
			63.6750554949325	-33.0136386234258
			63.7163225432118	-33.0136386234258
			63.7575895914911	-33.0136386234258
			63.7988566397704	-33.0136386234258
			63.8401236880497	-33.0136386234258
			63.881390736329	-33.0136386234258
			63.9226577846082	-32.9723715751465
			63.9639248328875	-32.9723715751465
			64.0051918811668	-32.9723715751465
			64.0464589294461	-32.9723715751465
			64.0877259777254	-32.9723715751465
			64.1289930260047	-32.9723715751465
			64.1702600742839	-32.9723715751465
			64.2115271225632	-32.9723715751465
			64.2527941708425	-32.9723715751465
			64.2940612191218	-32.9723715751465
			64.3353282674011	-32.9311045268673
			64.3765953156803	-32.9311045268673
			64.4178623639596	-32.9311045268673
			64.4591294122389	-32.9311045268673
			64.5003964605182	-32.9311045268673
			64.5416635087975	-32.9311045268673
			64.5829305570768	-32.9311045268673
			64.624197605356	-32.889837478588
			64.6654646536353	-32.889837478588
			64.7067317019146	-32.889837478588
			64.7479987501939	-32.889837478588
			64.7892657984732	-32.889837478588
			64.8305328467524	-32.889837478588
			64.8717998950317	-32.889837478588
			64.913066943311	-32.889837478588
			64.913066943311	-32.8485704303087
			64.9543339915903	-32.8485704303087
			64.9956010398696	-32.8485704303087
			65.0368680881489	-32.8485704303087
			65.0781351364281	-32.8485704303087
			65.1194021847074	-32.8485704303087
			65.1606692329867	-32.8485704303087
			65.201936281266	-32.8073033820294
			65.2432033295453	-32.8073033820294
			65.2844703778245	-32.8073033820294
			65.3257374261038	-32.8073033820294
			65.3670044743831	-32.8073033820294
			65.4082715226624	-32.8073033820294
			65.4495385709417	-32.7660363337501
			65.490805619221	-32.7660363337501
			65.5320726675002	-32.7660363337501
		</Snout_dorsal>
		<Dorsal_adipose type=matrix rownames=FALSE colnames=FALSE nrow=402 ncol=2 as.numeric=TRUE >
			65.5320726675002	-32.7660363337501
			65.5733397157795	-32.7660363337501
			65.6146067640588	-32.8073033820294
			65.6558738123381	-32.8073033820294
			65.6971408606174	-32.8073033820294
			65.7384079088967	-32.8073033820294
			65.7796749571759	-32.8485704303087
			65.8209420054552	-32.8485704303087
			65.8622090537345	-32.8485704303087
			65.9034761020138	-32.889837478588
			65.9447431502931	-32.889837478588
			65.9860101985724	-32.889837478588
			66.0272772468516	-32.889837478588
			66.0685442951309	-32.9311045268673
			66.1098113434102	-32.9311045268673
			66.1510783916895	-32.9311045268673
			66.1923454399688	-32.9723715751465
			66.233612488248	-32.9723715751465
			66.2748795365273	-32.9723715751465
			66.3161465848066	-32.9723715751465
			66.3574136330859	-33.0136386234258
			66.3986806813652	-33.0136386234258
			66.4399477296445	-33.0136386234258
			66.4812147779237	-33.0549056717051
			66.522481826203	-33.0549056717051
			66.5637488744823	-33.0549056717051
			66.6050159227616	-33.0961727199844
			66.6462829710409	-33.0961727199844
			66.6875500193202	-33.0961727199844
			66.7288170675994	-33.0961727199844
			66.7700841158787	-33.1374397682637
			66.811351164158	-33.1374397682637
			66.8526182124373	-33.1374397682637
			66.8938852607166	-33.1787068165429
			66.9351523089958	-33.1787068165429
			66.9764193572751	-33.1787068165429
			67.0176864055544	-33.1787068165429
			67.0589534538337	-33.2199738648222
			67.100220502113	-33.2199738648222
			67.1414875503923	-33.2199738648222
			67.1827545986715	-33.2612409131015
			67.2240216469508	-33.2612409131015
			67.2652886952301	-33.2612409131015
			67.3065557435094	-33.3025079613808
			67.3478227917887	-33.3025079613808
			67.389089840068	-33.3025079613808
			67.4303568883472	-33.3437750096601
			67.4716239366265	-33.3437750096601
			67.5128909849058	-33.3437750096601
			67.5541580331851	-33.3437750096601
			67.5954250814644	-33.3850420579394
			67.6366921297436	-33.3850420579394
			67.6779591780229	-33.3850420579394
			67.7192262263022	-33.4263091062186
			67.7604932745815	-33.4263091062186
			67.8017603228608	-33.4263091062186
			67.8430273711401	-33.4675761544979
			67.8842944194193	-33.4675761544979
			67.9255614676986	-33.4675761544979
			67.9668285159779	-33.5088432027772
			68.0080955642572	-33.5088432027772
			68.0493626125365	-33.5088432027772
			68.0906296608158	-33.5088432027772
			68.131896709095	-33.5501102510565
			68.1731637573743	-33.5501102510565
			68.2144308056536	-33.5501102510565
			68.2556978539329	-33.5913772993358
			68.2969649022122	-33.5913772993358
			68.3382319504914	-33.5913772993358
			68.3794989987707	-33.632644347615
			68.42076604705	-33.632644347615
			68.4620330953293	-33.632644347615
			68.5033001436086	-33.6739113958943
			68.5445671918879	-33.6739113958943
			68.5858342401671	-33.6739113958943
			68.6271012884464	-33.7151784441736
			68.6683683367257	-33.7151784441736
			68.709635385005	-33.7151784441736
			68.7509024332843	-33.7151784441736
			68.7921694815635	-33.7564454924529
			68.8334365298428	-33.7564454924529
			68.8747035781221	-33.7564454924529
			68.9159706264014	-33.7977125407322
			68.9572376746807	-33.7977125407322
			68.99850472296	-33.7977125407322
			69.0397717712392	-33.8389795890115
			69.0810388195185	-33.8389795890115
			69.1223058677978	-33.8389795890115
			69.1635729160771	-33.8802466372907
			69.2048399643564	-33.8802466372907
			69.2461070126356	-33.8802466372907
			69.2873740609149	-33.92151368557
			69.3286411091942	-33.92151368557
			69.3699081574735	-33.92151368557
			69.4111752057528	-33.9627807338493
			69.4524422540321	-33.9627807338493
			69.4937093023113	-33.9627807338493
			69.5349763505906	-34.0040477821286
			69.5762433988699	-34.0040477821286
			69.6175104471492	-34.0040477821286
			69.6587774954285	-34.0453148304079
			69.7000445437078	-34.0453148304079
			69.741311591987	-34.0453148304079
			69.7825786402663	-34.0865818786872
			69.8238456885456	-34.0865818786872
			69.8651127368249	-34.0865818786872
			69.9063797851042	-34.1278489269664
			69.9476468333834	-34.1278489269664
			69.9889138816627	-34.1278489269664
			70.030180929942	-34.1691159752457
			70.0714479782213	-34.1691159752457
			70.1127150265006	-34.1691159752457
			70.1539820747799	-34.210383023525
			70.1952491230591	-34.210383023525
			70.2365161713384	-34.210383023525
			70.2777832196177	-34.2516500718043
			70.319050267897	-34.2516500718043
			70.3603173161763	-34.2516500718043
			70.4015843644556	-34.2929171200836
			70.4428514127348	-34.2929171200836
			70.4841184610141	-34.2929171200836
			70.5253855092934	-34.3341841683629
			70.5666525575727	-34.3341841683629
			70.607919605852	-34.3341841683629
			70.6491866541312	-34.3754512166421
			70.6904537024105	-34.3754512166421
			70.7317207506898	-34.3754512166421
			70.7729877989691	-34.4167182649214
			70.8142548472484	-34.4167182649214
			70.8555218955277	-34.4167182649214
			70.8967889438069	-34.4579853132007
			70.9380559920862	-34.4579853132007
			70.9793230403655	-34.4579853132007
			71.0205900886448	-34.49925236148
			71.0618571369241	-34.49925236148
			71.1031241852034	-34.49925236148
			71.1443912334826	-34.5405194097593
			71.1856582817619	-34.5405194097593
			71.2269253300412	-34.5405194097593
			71.2681923783205	-34.5817864580385
			71.3094594265998	-34.5817864580385
			71.3507264748791	-34.5817864580385
			71.3919935231583	-34.6230535063178
			71.4332605714376	-34.6230535063178
			71.4745276197169	-34.6230535063178
			71.5157946679962	-34.6643205545971
			71.5570617162755	-34.6643205545971
			71.5983287645547	-34.7055876028764
			71.639595812834	-34.7055876028764
			71.6808628611133	-34.7055876028764
			71.7221299093926	-34.7468546511557
			71.7633969576719	-34.7468546511557
			71.8046640059512	-34.7468546511557
			71.8459310542304	-34.788121699435
			71.8871981025097	-34.788121699435
			71.928465150789	-34.788121699435
			71.9697321990683	-34.8293887477142
			72.0109992473476	-34.8293887477142
			72.0522662956269	-34.8293887477142
			72.0935333439061	-34.8706557959935
			72.1348003921854	-34.8706557959935
			72.1760674404647	-34.9119228442728
			72.217334488744	-34.9119228442728
			72.2586015370233	-34.9119228442728
			72.2998685853025	-34.9119228442728
			72.3411356335818	-34.9531898925521
			72.3824026818611	-34.9531898925521
			72.4236697301404	-34.9531898925521
			72.4649367784197	-34.9944569408314
			72.506203826699	-34.9944569408314
			72.5474708749782	-35.0357239891107
			72.5887379232575	-35.0357239891107
			72.6300049715368	-35.0357239891107
			72.6712720198161	-35.0769910373899
			72.7125390680954	-35.0769910373899
			72.7538061163746	-35.1182580856692
			72.7950731646539	-35.1182580856692
			72.8363402129332	-35.1182580856692
			72.8776072612125	-35.1182580856692
			72.8776072612125	-35.1595251339485
			72.9188743094918	-35.1595251339485
			72.9601413577711	-35.1595251339485
			73.0014084060503	-35.2007921822278
			73.0426754543296	-35.2007921822278
			73.0839425026089	-35.2007921822278
			73.1252095508882	-35.2420592305071
			73.1664765991675	-35.2420592305071
			73.2077436474467	-35.2420592305071
			73.249010695726	-35.2833262787863
			73.2902777440053	-35.2833262787863
			73.3315447922846	-35.3245933270656
			73.3728118405639	-35.3245933270656
			73.4140788888432	-35.3245933270656
			73.4553459371224	-35.3658603753449
			73.4966129854017	-35.3658603753449
			73.537880033681	-35.4071274236242
			73.5791470819603	-35.4071274236242
			73.6204141302396	-35.4071274236242
			73.6616811785189	-35.4071274236242
			73.6616811785189	-35.4483944719035
			73.7029482267981	-35.4483944719035
			73.7442152750774	-35.4483944719035
			73.7854823233567	-35.4896615201828
			73.826749371636	-35.4896615201828
			73.8680164199153	-35.4896615201828
			73.9092834681945	-35.530928568462
			73.9505505164738	-35.530928568462
			73.9918175647531	-35.5721956167413
			74.0330846130324	-35.5721956167413
			74.0743516613117	-35.5721956167413
			74.115618709591	-35.5721956167413
			74.1568857578702	-35.6134626650206
			74.1981528061495	-35.6134626650206
			74.2394198544288	-35.6134626650206
			74.2806869027081	-35.6134626650206
			74.3219539509874	-35.6134626650206
			74.3632209992667	-35.6547297132999
			74.4044880475459	-35.6547297132999
			74.4457550958252	-35.6547297132999
			74.4870221441045	-35.6547297132999
			74.5282891923838	-35.6547297132999
			74.5695562406631	-35.6959967615792
			74.6108232889423	-35.6959967615792
			74.6520903372216	-35.6959967615792
			74.6933573855009	-35.6959967615792
			74.7346244337802	-35.6959967615792
			74.7758914820595	-35.7372638098584
			74.8171585303388	-35.7372638098584
			74.858425578618	-35.7372638098584
			74.8996926268973	-35.7372638098584
			74.9409596751766	-35.7372638098584
			74.9822267234559	-35.7372638098584
			75.0234937717352	-35.7785308581377
			75.0647608200145	-35.7785308581377
			75.1060278682937	-35.7785308581377
			75.147294916573	-35.7785308581377
			75.1885619648523	-35.7785308581377
			75.2298290131316	-35.819797906417
			75.2710960614109	-35.819797906417
			75.3123631096901	-35.819797906417
			75.3536301579694	-35.819797906417
			75.3948972062487	-35.819797906417
			75.436164254528	-35.819797906417
			75.4774313028073	-35.8610649546963
			75.5186983510866	-35.8610649546963
			75.5599653993658	-35.8610649546963
			75.6012324476451	-35.8610649546963
			75.6424994959244	-35.8610649546963
			75.6837665442037	-35.9023320029756
			75.725033592483	-35.9023320029756
			75.7663006407623	-35.9023320029756
			75.8075676890415	-35.9023320029756
			75.8488347373208	-35.9023320029756
			75.8901017856001	-35.9023320029756
			75.9313688338794	-35.9023320029756
			75.9726358821587	-35.9435990512549
			76.013902930438	-35.9435990512549
			76.0551699787172	-35.9435990512549
			76.0964370269965	-35.9435990512549
			76.1377040752758	-35.9435990512549
			76.1789711235551	-35.9435990512549
			76.2202381718344	-35.9848660995341
			76.2615052201136	-35.9848660995341
			76.3027722683929	-35.9848660995341
			76.3440393166722	-35.9848660995341
			76.3853063649515	-35.9848660995341
			76.4265734132308	-35.9848660995341
			76.4678404615101	-36.0261331478134
			76.5091075097893	-36.0261331478134
			76.5503745580686	-36.0261331478134
			76.5916416063479	-36.0261331478134
			76.6329086546272	-36.0261331478134
			76.6741757029065	-36.0261331478134
			76.7154427511857	-36.0261331478134
			76.756709799465	-36.0674001960927
			76.7979768477443	-36.0674001960927
			76.8392438960236	-36.0674001960927
			76.8805109443029	-36.0674001960927
			76.9217779925822	-36.0674001960927
			76.9630450408614	-36.0674001960927
			77.0043120891407	-36.108667244372
			77.04557913742	-36.108667244372
			77.0868461856993	-36.108667244372
			77.1281132339786	-36.108667244372
			77.1693802822578	-36.108667244372
			77.2106473305371	-36.108667244372
			77.2519143788164	-36.108667244372
			77.2931814270957	-36.108667244372
			77.334448475375	-36.108667244372
			77.3757155236543	-36.1499342926513
			77.4169825719335	-36.1499342926513
			77.4582496202128	-36.1499342926513
			77.4995166684921	-36.1499342926513
			77.5407837167714	-36.1499342926513
			77.5820507650507	-36.1499342926513
			77.6233178133299	-36.1499342926513
			77.6645848616092	-36.1499342926513
			77.7058519098885	-36.1912013409306
			77.7471189581678	-36.1912013409306
			77.7883860064471	-36.1912013409306
			77.8296530547264	-36.1912013409306
			77.8709201030056	-36.1912013409306
			77.9121871512849	-36.1912013409306
			77.9534541995642	-36.1912013409306
			77.9947212478435	-36.1912013409306
			78.0359882961228	-36.2324683892098
			78.0772553444021	-36.2324683892098
			78.1185223926813	-36.2324683892098
			78.1597894409606	-36.2324683892098
			78.2010564892399	-36.2324683892098
			78.2423235375192	-36.2324683892098
			78.2835905857985	-36.2324683892098
			78.3248576340777	-36.2324683892098
			78.366124682357	-36.2324683892098
			78.4073917306363	-36.2324683892098
			78.4486587789156	-36.2324683892098
			78.4899258271949	-36.2737354374891
			78.5311928754742	-36.2737354374891
			78.5724599237534	-36.2737354374891
			78.6137269720327	-36.2737354374891
			78.654994020312	-36.2737354374891
			78.6962610685913	-36.2737354374891
			78.7375281168706	-36.2737354374891
			78.7787951651499	-36.2737354374891
			78.8200622134291	-36.2737354374891
			78.8613292617084	-36.2737354374891
			78.9025963099877	-36.2737354374891
			78.943863358267	-36.3150024857684
			78.9851304065463	-36.3150024857684
			79.0263974548256	-36.3150024857684
			79.0676645031048	-36.3150024857684
			79.1089315513841	-36.3150024857684
			79.1501985996634	-36.3150024857684
			79.1914656479427	-36.3150024857684
			79.232732696222	-36.3150024857684
			79.2739997445012	-36.3150024857684
			79.3152667927805	-36.3150024857684
			79.3565338410598	-36.3150024857684
			79.3978008893391	-36.3150024857684
			79.4390679376184	-36.3150024857684
			79.4803349858977	-36.3150024857684
			79.5216020341769	-36.3150024857684
			79.5628690824562	-36.3150024857684
			79.6041361307355	-36.3150024857684
			79.6454031790148	-36.3562695340477
			79.6866702272941	-36.3562695340477
			79.7279372755734	-36.3562695340477
			79.7692043238526	-36.3562695340477
			79.8104713721319	-36.3562695340477
			79.8517384204112	-36.3562695340477
			79.8930054686905	-36.3562695340477
			79.9342725169698	-36.3562695340477
			79.975539565249	-36.3562695340477
			80.0168066135283	-36.3562695340477
			80.0580736618076	-36.3562695340477
			80.0993407100869	-36.3562695340477
			80.1406077583662	-36.3562695340477
			80.1818748066455	-36.3562695340477
			80.2231418549247	-36.3562695340477
			80.264408903204	-36.3562695340477
			80.3056759514833	-36.3562695340477
			80.3469429997626	-36.3562695340477
			80.3882100480419	-36.3562695340477
			80.4294770963212	-36.3562695340477
			80.4707441446004	-36.3562695340477
			80.5120111928797	-36.3562695340477
			80.553278241159	-36.3562695340477
			80.5945452894383	-36.3562695340477
			80.6358123377176	-36.3562695340477
			80.6770793859968	-36.3562695340477
			80.7183464342761	-36.3562695340477
			80.7596134825554	-36.3562695340477
			80.8008805308347	-36.3562695340477
			80.842147579114	-36.3562695340477
			80.8834146273933	-36.3562695340477
			80.9246816756725	-36.3562695340477
			80.9659487239518	-36.3562695340477
			81.0072157722311	-36.3562695340477
			81.0484828205104	-36.3562695340477
			81.0897498687897	-36.3562695340477
			81.1310169170689	-36.3562695340477
			81.1722839653482	-36.3562695340477
			81.2135510136275	-36.3562695340477
			81.2135510136275	-36.3150024857684
			81.2548180619068	-36.3150024857684
			81.2960851101861	-36.3150024857684
			81.3373521584654	-36.3150024857684
			81.3786192067446	-36.3150024857684
			81.4198862550239	-36.3150024857684
			81.4611533033032	-36.3150024857684
			81.5024203515825	-36.3150024857684
			81.5436873998618	-36.3150024857684
			81.584954448141	-36.3150024857684
			81.6262214964203	-36.3150024857684
			81.6674885446996	-36.3150024857684
			81.7087555929789	-36.3150024857684
			81.7500226412582	-36.2737354374891
			81.7912896895375	-36.2737354374891
			81.8325567378167	-36.2737354374891
			81.873823786096	-36.2737354374891
			81.9150908343753	-36.2737354374891
			81.9563578826546	-36.2737354374891
		</Dorsal_adipose>
		<Adipose_caudal type=matrix rownames=FALSE colnames=FALSE nrow=198 ncol=2 as.numeric=TRUE >
			81.9563578826546	-36.2737354374891
			81.9976249309339	-36.2737354374891
			82.0388919792132	-36.2737354374891
			82.0801590274924	-36.3150024857684
			82.1214260757717	-36.3150024857684
			82.162693124051	-36.3150024857684
			82.2039601723303	-36.3150024857684
			82.2452272206096	-36.3150024857684
			82.2864942688888	-36.3150024857684
			82.3277613171681	-36.3562695340477
			82.3690283654474	-36.3562695340477
			82.4102954137267	-36.3562695340477
			82.451562462006	-36.3562695340477
			82.4928295102853	-36.397536582327
			82.5340965585645	-36.397536582327
			82.5753636068438	-36.397536582327
			82.6166306551231	-36.4388036306062
			82.6578977034024	-36.4388036306062
			82.6991647516817	-36.4388036306062
			82.740431799961	-36.4800706788855
			82.7816988482402	-36.4800706788855
			82.8229658965195	-36.4800706788855
			82.8642329447988	-36.5213377271648
			82.9054999930781	-36.5213377271648
			82.9467670413574	-36.5213377271648
			82.9880340896366	-36.5626047754441
			83.0293011379159	-36.5626047754441
			83.0705681861952	-36.6038718237234
			83.1118352344745	-36.6038718237234
			83.1531022827538	-36.6451388720027
			83.1943693310331	-36.6451388720027
			83.2356363793123	-36.6451388720027
			83.2356363793123	-36.6864059202819
			83.2769034275916	-36.6864059202819
			83.3181704758709	-36.7276729685612
			83.3594375241502	-36.7276729685612
			83.4007045724295	-36.7689400168405
			83.4419716207088	-36.7689400168405
			83.483238668988	-36.8102070651198
			83.5245057172673	-36.8102070651198
			83.5657727655466	-36.8102070651198
			83.6070398138259	-36.8102070651198
			83.6483068621052	-36.8514741133991
			83.6895739103845	-36.8514741133991
			83.7308409586637	-36.8514741133991
			83.772108006943	-36.8514741133991
			83.8133750552223	-36.8927411616784
			83.8546421035016	-36.8927411616784
			83.8959091517809	-36.8927411616784
			83.9371762000601	-36.8927411616784
			83.9784432483394	-36.8927411616784
			84.0197102966187	-36.9340082099576
			84.060977344898	-36.9340082099576
			84.1022443931773	-36.9340082099576
			84.1435114414566	-36.9340082099576
			84.1847784897358	-36.9752752582369
			84.2260455380151	-36.9752752582369
			84.2673125862944	-36.9752752582369
			84.3085796345737	-36.9752752582369
			84.349846682853	-36.9752752582369
			84.3911137311323	-37.0165423065162
			84.4323807794115	-37.0165423065162
			84.4736478276908	-37.0165423065162
			84.5149148759701	-37.0165423065162
			84.5561819242494	-37.0165423065162
			84.5974489725287	-37.0578093547955
			84.6387160208079	-37.0578093547955
			84.6799830690872	-37.0578093547955
			84.7212501173665	-37.0578093547955
			84.7625171656458	-37.0578093547955
			84.8037842139251	-37.0990764030748
			84.8450512622044	-37.0990764030748
			84.8863183104836	-37.0990764030748
			84.9275853587629	-37.0990764030748
			84.9688524070422	-37.0990764030748
			85.0101194553215	-37.0990764030748
			85.0513865036008	-37.140343451354
			85.09265355188	-37.140343451354
			85.1339206001593	-37.140343451354
			85.1751876484386	-37.140343451354
			85.2164546967179	-37.140343451354
			85.2577217449972	-37.140343451354
			85.2989887932765	-37.140343451354
			85.3402558415557	-37.1816104996333
			85.381522889835	-37.1816104996333
			85.4227899381143	-37.1816104996333
			85.4640569863936	-37.1816104996333
			85.5053240346729	-37.1816104996333
			85.5465910829521	-37.1816104996333
			85.5878581312314	-37.1816104996333
			85.6291251795107	-37.2228775479126
			85.67039222779	-37.2228775479126
			85.7116592760693	-37.2228775479126
			85.7529263243486	-37.2228775479126
			85.7941933726278	-37.2228775479126
			85.8354604209071	-37.2228775479126
			85.8767274691864	-37.2228775479126
			85.9179945174657	-37.2228775479126
			85.959261565745	-37.2228775479126
			86.0005286140242	-37.2641445961919
			86.0417956623035	-37.2641445961919
			86.0830627105828	-37.2641445961919
			86.1243297588621	-37.2641445961919
			86.1655968071414	-37.2641445961919
			86.2068638554207	-37.2641445961919
			86.2481309036999	-37.2641445961919
			86.2893979519792	-37.2641445961919
			86.3306650002585	-37.2641445961919
			86.3719320485378	-37.2641445961919
			86.4131990968171	-37.3054116444712
			86.4544661450964	-37.3054116444712
			86.4957331933756	-37.3054116444712
			86.5370002416549	-37.3054116444712
			86.5782672899342	-37.3054116444712
			86.6195343382135	-37.3054116444712
			86.6608013864928	-37.3054116444712
			86.7020684347721	-37.3054116444712
			86.7433354830513	-37.3054116444712
			86.7846025313306	-37.3054116444712
			86.8258695796099	-37.3054116444712
			86.8671366278892	-37.3054116444712
			86.9084036761685	-37.3054116444712
			86.9496707244477	-37.3054116444712
			86.990937772727	-37.3054116444712
			87.0322048210063	-37.3054116444712
			87.0734718692856	-37.3054116444712
			87.1147389175649	-37.3466786927505
			87.1560059658442	-37.3466786927505
			87.1972730141234	-37.3466786927505
			87.2385400624027	-37.3466786927505
			87.279807110682	-37.3466786927505
			87.3210741589613	-37.3466786927505
			87.3623412072406	-37.3466786927505
			87.4036082555199	-37.3466786927505
			87.4448753037991	-37.3466786927505
			87.4861423520784	-37.3466786927505
			87.5274094003577	-37.3466786927505
			87.568676448637	-37.3466786927505
			87.6099434969163	-37.3466786927505
			87.6512105451955	-37.3466786927505
			87.6924775934748	-37.3466786927505
			87.7337446417541	-37.3466786927505
			87.7750116900334	-37.3466786927505
			87.8162787383127	-37.3466786927505
			87.857545786592	-37.3466786927505
			87.8988128348712	-37.3466786927505
			87.9400798831505	-37.3466786927505
			87.9813469314298	-37.3466786927505
			88.0226139797091	-37.3466786927505
			88.0638810279884	-37.3466786927505
			88.1051480762677	-37.3466786927505
			88.1464151245469	-37.3466786927505
			88.1876821728262	-37.3466786927505
			88.2289492211055	-37.3466786927505
			88.2702162693848	-37.3466786927505
			88.3114833176641	-37.3466786927505
			88.3527503659433	-37.3466786927505
			88.3940174142226	-37.3054116444712
			88.4352844625019	-37.3054116444712
			88.4765515107812	-37.3054116444712
			88.5178185590605	-37.3054116444712
			88.5590856073398	-37.3054116444712
			88.600352655619	-37.3054116444712
			88.6416197038983	-37.3054116444712
			88.6828867521776	-37.3054116444712
			88.7241538004569	-37.3054116444712
			88.7654208487362	-37.3054116444712
			88.8066878970155	-37.3054116444712
			88.8479549452947	-37.3054116444712
			88.889221993574	-37.3054116444712
			88.9304890418533	-37.3054116444712
			88.9717560901326	-37.3054116444712
			89.0130231384119	-37.3054116444712
			89.0542901866911	-37.3054116444712
			89.0955572349704	-37.2641445961919
			89.1368242832497	-37.2641445961919
			89.178091331529	-37.2641445961919
			89.2193583798083	-37.2641445961919
			89.2606254280876	-37.2641445961919
			89.3018924763668	-37.2641445961919
			89.3431595246461	-37.2641445961919
			89.3844265729254	-37.2641445961919
			89.4256936212047	-37.2641445961919
			89.466960669484	-37.2641445961919
			89.5082277177632	-37.2641445961919
			89.5494947660425	-37.2228775479126
			89.5907618143218	-37.2228775479126
			89.6320288626011	-37.2228775479126
			89.6732959108804	-37.2228775479126
			89.7145629591597	-37.2228775479126
			89.7558300074389	-37.2228775479126
			89.7970970557182	-37.2228775479126
			89.8383641039975	-37.2228775479126
			89.8796311522768	-37.1816104996333
			89.9208982005561	-37.1816104996333
			89.9621652488353	-37.1816104996333
			90.0034322971146	-37.1816104996333
			90.0446993453939	-37.1816104996333
		</Adipose_caudal>
		<Caudal_anal type=matrix rownames=FALSE colnames=FALSE nrow=376 ncol=2 as.numeric=TRUE >
			90.4161027799075	-42.5875938242193
			90.3748357316282	-42.5875938242193
			90.3748357316282	-42.6288608724986
			90.3335686833489	-42.6288608724986
			90.2923016350696	-42.6288608724986
			90.2510345867903	-42.6288608724986
			90.209767538511	-42.6701279207779
			90.1685004902318	-42.6701279207779
			90.1272334419525	-42.6701279207779
			90.0859663936732	-42.6701279207779
			90.0446993453939	-42.6701279207779
			90.0034322971146	-42.6701279207779
			89.9621652488353	-42.6701279207779
			89.9208982005561	-42.6701279207779
			89.8796311522768	-42.6701279207779
			89.8383641039975	-42.6701279207779
			89.7970970557182	-42.6701279207779
			89.7558300074389	-42.6701279207779
			89.7145629591597	-42.6701279207779
			89.6732959108804	-42.6701279207779
			89.6320288626011	-42.6701279207779
			89.5907618143218	-42.6701279207779
			89.5494947660425	-42.6701279207779
			89.5082277177632	-42.6701279207779
			89.466960669484	-42.6701279207779
			89.4256936212047	-42.6701279207779
			89.3844265729254	-42.6701279207779
			89.3431595246461	-42.6701279207779
			89.3018924763668	-42.6701279207779
			89.2606254280876	-42.6288608724986
			89.2193583798083	-42.6288608724986
			89.178091331529	-42.6288608724986
			89.1368242832497	-42.6288608724986
			89.0955572349704	-42.6288608724986
			89.0542901866911	-42.6288608724986
			89.0130231384119	-42.5875938242193
			88.9717560901326	-42.5875938242193
			88.9304890418533	-42.5875938242193
			88.889221993574	-42.5875938242193
			88.8479549452947	-42.5875938242193
			88.8066878970155	-42.5875938242193
			88.7654208487362	-42.5875938242193
			88.7241538004569	-42.5875938242193
			88.6828867521776	-42.5875938242193
			88.6416197038983	-42.5875938242193
			88.600352655619	-42.5875938242193
			88.5590856073398	-42.5875938242193
			88.5178185590605	-42.5875938242193
			88.4765515107812	-42.5875938242193
			88.4352844625019	-42.5875938242193
			88.3940174142226	-42.5875938242193
			88.3527503659433	-42.5875938242193
			88.3114833176641	-42.5875938242193
			88.2702162693848	-42.5875938242193
			88.2289492211055	-42.5875938242193
			88.1876821728262	-42.5875938242193
			88.1464151245469	-42.5875938242193
			88.1051480762677	-42.5875938242193
			88.0638810279884	-42.5875938242193
			88.0226139797091	-42.5875938242193
			87.9813469314298	-42.5875938242193
			87.9400798831505	-42.6288608724986
			87.8988128348712	-42.6288608724986
			87.857545786592	-42.6288608724986
			87.8162787383127	-42.6288608724986
			87.7750116900334	-42.6288608724986
			87.7337446417541	-42.6288608724986
			87.6924775934748	-42.6288608724986
			87.6512105451955	-42.6288608724986
			87.6099434969163	-42.6288608724986
			87.568676448637	-42.6288608724986
			87.5274094003577	-42.6288608724986
			87.4861423520784	-42.6288608724986
			87.4448753037991	-42.6288608724986
			87.4036082555199	-42.6288608724986
			87.3623412072406	-42.6288608724986
			87.3210741589613	-42.6288608724986
			87.279807110682	-42.6288608724986
			87.2385400624027	-42.6288608724986
			87.1972730141234	-42.6701279207779
			87.1560059658442	-42.6701279207779
			87.1147389175649	-42.6701279207779
			87.0734718692856	-42.6701279207779
			87.0322048210063	-42.6701279207779
			86.990937772727	-42.6701279207779
			86.9496707244477	-42.6701279207779
			86.9084036761685	-42.6701279207779
			86.8671366278892	-42.6701279207779
			86.8258695796099	-42.6701279207779
			86.7846025313306	-42.6701279207779
			86.7433354830513	-42.6701279207779
			86.7020684347721	-42.7113949690572
			86.6608013864928	-42.7113949690572
			86.6195343382135	-42.7113949690572
			86.5782672899342	-42.7113949690572
			86.5370002416549	-42.7113949690572
			86.4957331933756	-42.7113949690572
			86.4544661450964	-42.7113949690572
			86.4131990968171	-42.7113949690572
			86.3719320485378	-42.7113949690572
			86.3306650002585	-42.7113949690572
			86.2893979519792	-42.7526620173364
			86.2481309036999	-42.7526620173364
			86.2068638554207	-42.7526620173364
			86.1655968071414	-42.7526620173364
			86.1243297588621	-42.7526620173364
			86.0830627105828	-42.7526620173364
			86.0417956623035	-42.7526620173364
			86.0005286140242	-42.7526620173364
			85.959261565745	-42.7939290656157
			85.9179945174657	-42.7939290656157
			85.8767274691864	-42.7939290656157
			85.8354604209071	-42.7939290656157
			85.7941933726278	-42.7939290656157
			85.7529263243486	-42.7939290656157
			85.7116592760693	-42.7939290656157
			85.67039222779	-42.7939290656157
			85.6291251795107	-42.835196113895
			85.5878581312314	-42.835196113895
			85.5465910829521	-42.835196113895
			85.5053240346729	-42.835196113895
			85.4640569863936	-42.835196113895
			85.4227899381143	-42.835196113895
			85.381522889835	-42.835196113895
			85.3402558415557	-42.8764631621743
			85.2989887932765	-42.8764631621743
			85.2577217449972	-42.8764631621743
			85.2164546967179	-42.8764631621743
			85.1751876484386	-42.8764631621743
			85.1339206001593	-42.8764631621743
			85.09265355188	-42.8764631621743
			85.0513865036008	-42.9177302104536
			85.0101194553215	-42.9177302104536
			84.9688524070422	-42.9177302104536
			84.9275853587629	-42.9177302104536
			84.8863183104836	-42.9177302104536
			84.8450512622044	-42.9177302104536
			84.8037842139251	-42.9589972587328
			84.7625171656458	-42.9589972587328
			84.7212501173665	-42.9589972587328
			84.6799830690872	-42.9589972587328
			84.6387160208079	-42.9589972587328
			84.5974489725287	-42.9589972587328
			84.5561819242494	-43.0002643070121
			84.5149148759701	-43.0002643070121
			84.4736478276908	-43.0002643070121
			84.4323807794115	-43.0002643070121
			84.3911137311323	-43.0002643070121
			84.349846682853	-43.0415313552914
			84.3085796345737	-43.0415313552914
			84.2673125862944	-43.0415313552914
			84.2260455380151	-43.0415313552914
			84.1847784897358	-43.0415313552914
			84.1435114414566	-43.0415313552914
			84.1022443931773	-43.0827984035707
			84.060977344898	-43.0827984035707
			84.0197102966187	-43.0827984035707
			83.9784432483394	-43.0827984035707
			83.9371762000601	-43.0827984035707
			83.8959091517809	-43.12406545185
			83.8546421035016	-43.12406545185
			83.8133750552223	-43.12406545185
			83.772108006943	-43.12406545185
			83.7308409586637	-43.12406545185
			83.6895739103845	-43.1653325001293
			83.6483068621052	-43.1653325001293
			83.6070398138259	-43.1653325001293
			83.5657727655466	-43.1653325001293
			83.5245057172673	-43.2065995484085
			83.483238668988	-43.2065995484085
			83.4419716207088	-43.2065995484085
			83.4007045724295	-43.2065995484085
			83.3594375241502	-43.2065995484085
			83.3181704758709	-43.2478665966878
			83.2769034275916	-43.2478665966878
			83.2356363793123	-43.2478665966878
			83.1943693310331	-43.2478665966878
			83.1531022827538	-43.2891336449671
			83.1118352344745	-43.2891336449671
			83.0705681861952	-43.2891336449671
			83.0293011379159	-43.2891336449671
			82.9880340896366	-43.3304006932464
			82.9467670413574	-43.3304006932464
			82.9054999930781	-43.3304006932464
			82.8642329447988	-43.3304006932464
			82.8229658965195	-43.3716677415257
			82.7816988482402	-43.3716677415257
			82.740431799961	-43.3716677415257
			82.6991647516817	-43.3716677415257
			82.6578977034024	-43.412934789805
			82.6166306551231	-43.412934789805
			82.5753636068438	-43.412934789805
			82.5340965585645	-43.4542018380842
			82.4928295102853	-43.4542018380842
			82.451562462006	-43.4542018380842
			82.4102954137267	-43.4954688863635
			82.3690283654474	-43.4954688863635
			82.3277613171681	-43.4954688863635
			82.2864942688888	-43.4954688863635
			82.2452272206096	-43.5367359346428
			82.2039601723303	-43.5367359346428
			82.162693124051	-43.5367359346428
			82.1214260757717	-43.5780029829221
			82.0801590274924	-43.5780029829221
			82.0388919792132	-43.5780029829221
			81.9976249309339	-43.6192700312014
			81.9563578826546	-43.6192700312014
			81.9150908343753	-43.6192700312014
			81.873823786096	-43.6192700312014
			81.8325567378167	-43.6605370794806
			81.7912896895375	-43.6605370794806
			81.7500226412582	-43.6605370794806
			81.7087555929789	-43.7018041277599
			81.6674885446996	-43.7018041277599
			81.6262214964203	-43.7018041277599
			81.584954448141	-43.7018041277599
			81.5436873998618	-43.7430711760392
			81.5024203515825	-43.7430711760392
			81.4611533033032	-43.7430711760392
			81.4198862550239	-43.7430711760392
			81.3786192067446	-43.7843382243185
			81.3373521584654	-43.7843382243185
			81.2960851101861	-43.7843382243185
			81.2548180619068	-43.8256052725978
			81.2135510136275	-43.8256052725978
			81.1722839653482	-43.8256052725978
			81.1310169170689	-43.8256052725978
			81.0897498687897	-43.8668723208771
			81.0484828205104	-43.8668723208771
			81.0072157722311	-43.8668723208771
			80.9659487239518	-43.8668723208771
			80.9246816756725	-43.9081393691563
			80.8834146273933	-43.9081393691563
			80.842147579114	-43.9081393691563
			80.8008805308347	-43.9081393691563
			80.7596134825554	-43.9494064174356
			80.7183464342761	-43.9494064174356
			80.6770793859968	-43.9494064174356
			80.6358123377176	-43.9494064174356
			80.5945452894383	-43.9906734657149
			80.553278241159	-43.9906734657149
			80.5120111928797	-43.9906734657149
			80.4707441446004	-43.9906734657149
			80.4294770963212	-44.0319405139942
			80.3882100480419	-44.0319405139942
			80.3469429997626	-44.0319405139942
			80.3056759514833	-44.0319405139942
			80.264408903204	-44.0732075622735
			80.2231418549247	-44.0732075622735
			80.1818748066455	-44.0732075622735
			80.1406077583662	-44.0732075622735
			80.0993407100869	-44.1144746105527
			80.0580736618076	-44.1144746105527
			80.0168066135283	-44.1144746105527
			79.975539565249	-44.1144746105527
			79.9342725169698	-44.1144746105527
			79.8930054686905	-44.155741658832
			79.8517384204112	-44.155741658832
			79.8104713721319	-44.155741658832
			79.7692043238526	-44.155741658832
			79.7279372755734	-44.1970087071113
			79.6866702272941	-44.1970087071113
			79.6454031790148	-44.1970087071113
			79.6041361307355	-44.1970087071113
			79.5628690824562	-44.1970087071113
			79.5216020341769	-44.2382757553906
			79.4803349858977	-44.2382757553906
			79.4390679376184	-44.2382757553906
			79.3978008893391	-44.2382757553906
			79.3565338410598	-44.2382757553906
			79.3152667927805	-44.2795428036699
			79.2739997445012	-44.2795428036699
			79.232732696222	-44.2795428036699
			79.1914656479427	-44.2795428036699
			79.1501985996634	-44.2795428036699
			79.1089315513841	-44.3208098519492
			79.0676645031048	-44.3208098519492
			79.0263974548256	-44.3208098519492
			78.9851304065463	-44.3208098519492
			78.943863358267	-44.3208098519492
			78.9025963099877	-44.3620769002284
			78.8613292617084	-44.3620769002284
			78.8200622134291	-44.3620769002284
			78.7787951651499	-44.3620769002284
			78.7375281168706	-44.3620769002284
			78.6962610685913	-44.4033439485077
			78.654994020312	-44.4033439485077
			78.6137269720327	-44.4033439485077
			78.5724599237534	-44.4033439485077
			78.5311928754742	-44.4033439485077
			78.4899258271949	-44.4033439485077
			78.4486587789156	-44.444610996787
			78.4073917306363	-44.444610996787
			78.366124682357	-44.444610996787
			78.3248576340777	-44.444610996787
			78.2835905857985	-44.444610996787
			78.2423235375192	-44.444610996787
			78.2010564892399	-44.4858780450663
			78.1597894409606	-44.4858780450663
			78.1185223926813	-44.4858780450663
			78.0772553444021	-44.4858780450663
			78.0359882961228	-44.4858780450663
			77.9947212478435	-44.4858780450663
			77.9534541995642	-44.5271450933456
			77.9121871512849	-44.5271450933456
			77.8709201030056	-44.5271450933456
			77.8296530547264	-44.5271450933456
			77.7883860064471	-44.5271450933456
			77.7471189581678	-44.5271450933456
			77.7058519098885	-44.5684121416249
			77.6645848616092	-44.5684121416249
			77.6233178133299	-44.5684121416249
			77.5820507650507	-44.5684121416249
			77.5407837167714	-44.5684121416249
			77.4995166684921	-44.6096791899041
			77.4582496202128	-44.6096791899041
			77.4169825719335	-44.6096791899041
			77.3757155236543	-44.6096791899041
			77.334448475375	-44.6096791899041
			77.2931814270957	-44.6096791899041
			77.2519143788164	-44.6096791899041
			77.2106473305371	-44.6096791899041
			77.1693802822578	-44.6509462381834
			77.1281132339786	-44.6509462381834
			77.0868461856993	-44.6509462381834
			77.04557913742	-44.6509462381834
			77.0043120891407	-44.6509462381834
			76.9630450408614	-44.6509462381834
			76.9217779925822	-44.6922132864627
			76.8805109443029	-44.6922132864627
			76.8392438960236	-44.6922132864627
			76.7979768477443	-44.6922132864627
			76.756709799465	-44.6922132864627
			76.7154427511857	-44.6922132864627
			76.6741757029065	-44.6922132864627
			76.6329086546272	-44.6922132864627
			76.5916416063479	-44.733480334742
			76.5503745580686	-44.733480334742
			76.5091075097893	-44.733480334742
			76.4678404615101	-44.733480334742
			76.4265734132308	-44.733480334742
			76.3853063649515	-44.733480334742
			76.3440393166722	-44.733480334742
			76.3027722683929	-44.733480334742
			76.3027722683929	-44.7747473830213
			76.2615052201136	-44.7747473830213
			76.2202381718344	-44.7747473830213
			76.1789711235551	-44.7747473830213
			76.1377040752758	-44.7747473830213
			76.0964370269965	-44.7747473830213
			76.0551699787172	-44.7747473830213
			76.013902930438	-44.7747473830213
			75.9726358821587	-44.7747473830213
			75.9313688338794	-44.8160144313005
			75.8901017856001	-44.8160144313005
			75.8488347373208	-44.8160144313005
			75.8075676890415	-44.8160144313005
			75.7663006407623	-44.8160144313005
			75.725033592483	-44.8160144313005
			75.6837665442037	-44.8160144313005
			75.6424994959244	-44.8160144313005
			75.6012324476451	-44.8572814795798
			75.5599653993658	-44.8572814795798
			75.5186983510866	-44.8572814795798
			75.4774313028073	-44.8572814795798
			75.436164254528	-44.8572814795798
			75.3948972062487	-44.8572814795798
			75.3536301579694	-44.8572814795798
			75.3123631096901	-44.8572814795798
			75.2710960614109	-44.8572814795798
			75.2298290131316	-44.8985485278591
			75.1885619648523	-44.8985485278591
			75.147294916573	-44.8985485278591
			75.1060278682937	-44.8985485278591
			75.0647608200145	-44.8985485278591
			75.0234937717352	-44.8985485278591
		</Caudal_anal>
	</curves.scaled>
	<ruler.points type=matrix rownames=TRUE colnames=FALSE nrow=3 ncol=2 as.numeric=TRUE >
		Ruler point 1	1238	1350
		Ruler point 2	1367	1372
		Ruler point 3	1477	1390
	</ruler.points>
</shapes>

