<shapes type=list>
	<ruler.pixel type=vector names=FALSE length=1 as.numeric=TRUE >119.50067150939</ruler.pixel>
	<ruler.interval type=vector names=FALSE length=1 as.numeric=TRUE >5</ruler.interval>
	<scaling.units type=vector names=FALSE length=1 as.numeric=FALSE >mm</scaling.units>
	<scaling type=vector names=FALSE length=1 as.numeric=TRUE >0.0418407690672023</scaling>
	<landmarks.pixel type=matrix rownames=TRUE colnames=FALSE nrow=11 ncol=2 as.numeric=TRUE >
		Anterior_eye	547	588
		Posterior_eye	640	588
		Posterior_Maxilla	678	677
		Anterior_Maxilla	534	629
		Dorsal_fin_insertion	971	497
		Adipose_fin_insertion	1288	557
		Dorsal_caudal	1473	572
		Ventral_caudal	1473	688
		Anal_fin_insertion	1166	718
		Pelvic_fin_insertion	948	697
		Pectoral_fin_insertion	801	658
	</landmarks.pixel>
	<landmarks.scaled type=matrix rownames=TRUE colnames=FALSE nrow=11 ncol=2 as.numeric=TRUE >
		Anterior_eye	22.8869006797597	-24.602372211515
		Posterior_eye	26.7780922030095	-24.602372211515
		Posterior_Maxilla	28.3680414275632	-28.326200658496
		Anterior_Maxilla	22.342970681886	-26.3178437432702
		Dorsal_fin_insertion	40.6273867642534	-20.7948622263995
		Adipose_fin_insertion	53.8909105585566	-23.3053083704317
		Dorsal_caudal	61.631452835989	-23.9329199064397
		Ventral_caudal	61.631452835989	-28.7864491182352
		Anal_fin_insertion	48.7863367323579	-30.0416721902513
		Pelvic_fin_insertion	39.6650490757078	-29.16301603984
		Pectoral_fin_insertion	33.514456022829	-27.5312260462191
	</landmarks.scaled>
	<curves.control type=list>
		<Snout_dorsal type=matrix rownames=FALSE colnames=FALSE nrow=7 ncol=2 as.numeric=TRUE >
			534	629
			508	560
			600	516
			639	486
			850	492
			929	497
			971	497
		</Snout_dorsal>
		<Dorsal_adipose type=matrix rownames=FALSE colnames=FALSE nrow=5 ncol=2 as.numeric=TRUE >
			971	497
			1056	528
			1153	550
			1203	561
			1288	557
		</Dorsal_adipose>
		<Adipose_caudal type=matrix rownames=FALSE colnames=FALSE nrow=7 ncol=2 as.numeric=TRUE >
			1288	557
			1312	558
			1317	568
			1419	582
			1438	577
			1462	568
			1473	572
		</Adipose_caudal>
		<Caudal_anal type=matrix rownames=FALSE colnames=FALSE nrow=5 ncol=2 as.numeric=TRUE >
			1473	688
			1462	691
			1436	685
			1414	675
			1166	718
		</Caudal_anal>
	</curves.control>
	<curves.pixel type=list>
		<Snout_dorsal type=matrix rownames=FALSE colnames=FALSE nrow=516 ncol=2 as.numeric=TRUE >
			534	629
			534	628
			533	627
			533	626
			533	625
			532	624
			532	623
			532	622
			531	621
			531	620
			531	619
			531	618
			530	617
			530	616
			530	615
			530	614
			529	613
			529	612
			529	611
			529	610
			529	609
			529	608
			529	607
			529	606
			528	605
			528	604
			528	603
			528	602
			528	601
			528	600
			528	599
			528	598
			528	597
			528	596
			528	595
			529	594
			529	593
			529	592
			529	591
			529	590
			529	589
			529	588
			530	587
			530	586
			530	585
			530	584
			530	583
			531	583
			531	582
			531	581
			531	580
			532	579
			532	578
			532	577
			533	576
			533	575
			534	574
			534	573
			535	572
			535	571
			536	570
			536	569
			536	568
			537	568
			537	567
			537	566
			538	566
			538	565
			539	564
			540	563
			540	562
			541	561
			541	560
			542	560
			542	559
			543	558
			543	557
			544	557
			545	556
			545	555
			546	555
			546	554
			547	553
			548	553
			548	552
			549	551
			550	550
			551	549
			552	548
			553	547
			554	546
			555	545
			556	545
			556	544
			557	543
			558	542
			559	541
			560	541
			561	540
			562	539
			563	538
			564	538
			565	537
			566	536
			567	535
			568	534
			569	534
			570	533
			571	532
			572	531
			573	531
			574	531
			574	530
			575	530
			576	529
			577	529
			577	528
			578	528
			579	528
			579	527
			580	527
			581	526
			582	526
			582	525
			583	525
			584	524
			585	524
			586	523
			587	523
			588	522
			589	522
			590	521
			591	521
			592	520
			593	520
			594	519
			595	519
			596	518
			597	518
			598	517
			599	517
			600	516
			601	515
			602	515
			603	514
			604	514
			605	513
			606	512
			607	512
			608	511
			609	511
			610	510
			611	510
			612	509
			613	509
			614	509
			614	508
			615	508
			616	508
			617	507
			618	507
			619	507
			620	506
			621	506
			622	506
			623	505
			624	505
			625	505
			626	504
			627	504
			628	504
			629	504
			630	503
			631	503
			632	503
			633	503
			634	502
			635	502
			636	502
			637	502
			638	501
			639	501
			640	501
			641	501
			642	501
			643	500
			644	500
			645	500
			646	500
			647	500
			648	499
			649	499
			650	499
			651	499
			652	499
			653	499
			654	499
			654	498
			655	498
			656	498
			657	498
			658	498
			659	498
			660	498
			661	497
			662	497
			663	497
			664	497
			665	497
			666	497
			667	497
			668	496
			669	496
			670	496
			671	496
			672	496
			673	496
			674	496
			675	496
			676	496
			677	495
			678	495
			679	495
			680	495
			681	495
			682	495
			683	495
			684	495
			685	495
			686	495
			687	495
			688	494
			689	494
			690	494
			691	494
			692	494
			693	494
			694	494
			695	494
			696	494
			697	494
			698	494
			699	494
			700	494
			701	493
			702	493
			703	493
			704	493
			705	493
			706	493
			707	493
			708	493
			709	493
			710	493
			711	493
			712	493
			713	493
			714	493
			715	493
			716	493
			717	493
			718	492
			719	492
			720	492
			721	492
			722	492
			723	492
			724	492
			725	492
			726	492
			727	492
			728	492
			729	492
			730	492
			731	492
			732	492
			733	492
			734	492
			735	492
			736	492
			737	492
			738	492
			739	492
			740	492
			741	492
			742	492
			743	492
			744	491
			745	491
			746	491
			747	491
			748	491
			749	491
			750	491
			751	491
			752	491
			753	491
			754	491
			755	491
			756	491
			757	491
			758	491
			759	491
			760	491
			761	491
			762	491
			763	491
			764	491
			765	491
			766	491
			767	491
			768	491
			769	491
			770	491
			771	491
			772	491
			773	491
			774	491
			775	491
			776	491
			777	491
			778	491
			779	491
			780	491
			781	491
			782	491
			783	491
			784	491
			785	491
			786	491
			787	491
			788	491
			789	491
			790	491
			791	491
			792	491
			793	491
			794	491
			795	491
			796	491
			797	491
			798	491
			799	491
			800	491
			801	491
			802	491
			803	491
			804	491
			805	491
			806	491
			807	491
			808	491
			809	491
			810	491
			811	491
			812	491
			813	491
			814	491
			815	491
			816	491
			817	491
			818	491
			819	491
			820	491
			821	491
			822	491
			823	491
			824	491
			825	491
			826	491
			827	491
			828	491
			829	491
			830	491
			830	492
			831	492
			832	492
			833	492
			834	492
			835	492
			836	492
			837	492
			838	492
			839	492
			840	492
			841	492
			842	492
			843	492
			844	492
			845	492
			846	492
			847	492
			848	492
			849	492
			850	492
			851	492
			852	492
			853	492
			854	492
			855	492
			856	492
			857	492
			858	493
			859	493
			860	493
			861	493
			862	493
			863	493
			864	493
			865	493
			866	493
			867	493
			868	493
			869	493
			870	493
			871	493
			872	493
			873	493
			874	493
			875	494
			876	494
			877	494
			878	494
			879	494
			880	494
			881	494
			882	494
			883	494
			884	494
			885	494
			886	494
			887	494
			888	494
			889	494
			890	494
			891	494
			892	494
			893	495
			894	495
			895	495
			896	495
			897	495
			898	495
			899	495
			900	495
			901	495
			902	495
			903	495
			904	495
			905	495
			906	495
			907	495
			908	495
			909	495
			910	495
			911	495
			912	495
			913	495
			914	496
			915	496
			916	496
			917	496
			918	496
			919	496
			920	496
			921	496
			922	496
			923	496
			924	496
			925	496
			926	496
			927	496
			928	496
			929	496
			930	496
			931	496
			932	496
			933	496
			934	496
			935	496
			936	496
			937	496
			938	496
			939	496
			940	496
			941	497
			942	497
			943	497
			944	497
			945	497
			946	497
			947	497
			948	497
			949	497
			950	497
			951	497
			952	497
			953	497
			954	497
			955	497
			956	497
			957	497
			958	497
			959	497
			960	497
			961	497
			962	497
			963	497
			964	497
			965	497
			966	497
			967	497
			968	497
			969	497
			970	497
			971	497
		</Snout_dorsal>
		<Dorsal_adipose type=matrix rownames=FALSE colnames=FALSE nrow=322 ncol=2 as.numeric=TRUE >
			971	497
			972	497
			973	498
			974	498
			975	499
			976	499
			977	499
			978	500
			979	500
			980	500
			981	501
			982	501
			983	501
			984	502
			985	502
			986	502
			987	503
			988	503
			989	503
			990	504
			991	504
			992	504
			993	505
			994	505
			995	505
			996	506
			997	506
			998	507
			999	507
			1000	507
			1001	508
			1002	508
			1003	508
			1004	508
			1005	509
			1006	509
			1007	510
			1008	510
			1009	510
			1010	511
			1011	511
			1012	511
			1013	512
			1014	512
			1015	512
			1016	512
			1017	513
			1018	513
			1019	513
			1020	514
			1021	514
			1022	514
			1023	515
			1024	515
			1025	515
			1026	516
			1027	516
			1028	516
			1029	517
			1030	517
			1031	517
			1032	518
			1033	518
			1034	518
			1035	518
			1035	519
			1036	519
			1037	519
			1038	520
			1039	520
			1040	520
			1041	520
			1042	521
			1043	521
			1044	521
			1045	522
			1046	522
			1047	522
			1048	523
			1049	523
			1050	523
			1051	523
			1052	524
			1053	524
			1054	524
			1055	525
			1056	525
			1057	525
			1058	525
			1058	526
			1059	526
			1060	526
			1061	526
			1062	527
			1063	527
			1064	527
			1065	527
			1066	528
			1067	528
			1068	528
			1069	528
			1069	529
			1070	529
			1071	529
			1072	530
			1073	530
			1074	530
			1075	530
			1076	531
			1077	531
			1078	531
			1079	532
			1080	532
			1081	532
			1082	532
			1083	533
			1084	533
			1085	533
			1086	533
			1087	534
			1088	534
			1089	534
			1090	534
			1091	535
			1092	535
			1093	535
			1094	535
			1095	536
			1096	536
			1097	536
			1098	536
			1099	537
			1100	537
			1101	537
			1102	537
			1103	538
			1104	538
			1105	538
			1106	539
			1107	539
			1108	539
			1109	539
			1110	540
			1111	540
			1112	540
			1113	540
			1114	541
			1115	541
			1116	541
			1117	542
			1118	542
			1119	542
			1120	542
			1121	543
			1122	543
			1123	543
			1124	543
			1125	543
			1126	544
			1127	544
			1128	544
			1129	544
			1130	545
			1131	545
			1132	545
			1133	545
			1134	546
			1135	546
			1136	546
			1137	546
			1138	547
			1139	547
			1140	547
			1141	547
			1142	547
			1143	548
			1144	548
			1145	548
			1146	548
			1147	549
			1148	549
			1149	549
			1150	549
			1151	550
			1152	550
			1153	550
			1154	550
			1155	550
			1156	551
			1157	551
			1158	551
			1159	551
			1160	551
			1161	552
			1162	552
			1163	552
			1164	552
			1165	552
			1166	553
			1167	553
			1168	553
			1169	553
			1170	553
			1171	553
			1172	553
			1173	554
			1174	554
			1175	554
			1176	554
			1177	554
			1178	554
			1179	554
			1180	555
			1181	555
			1182	555
			1183	555
			1184	555
			1185	555
			1186	555
			1187	555
			1188	555
			1189	556
			1190	556
			1191	556
			1192	556
			1193	556
			1194	556
			1195	556
			1196	556
			1197	556
			1198	556
			1199	556
			1200	557
			1201	557
			1202	557
			1203	557
			1204	557
			1205	557
			1206	557
			1207	557
			1208	557
			1209	557
			1210	557
			1211	557
			1212	557
			1213	557
			1214	557
			1215	557
			1216	557
			1217	557
			1218	558
			1219	558
			1220	558
			1221	558
			1222	558
			1223	558
			1224	558
			1225	558
			1226	558
			1227	558
			1228	558
			1229	558
			1230	558
			1231	558
			1232	558
			1233	558
			1234	558
			1235	558
			1236	558
			1237	558
			1238	558
			1239	558
			1240	558
			1241	558
			1242	558
			1243	558
			1244	558
			1245	558
			1246	558
			1247	558
			1248	558
			1249	558
			1250	558
			1251	558
			1252	558
			1253	558
			1254	558
			1255	558
			1256	558
			1257	558
			1258	558
			1259	558
			1260	558
			1261	558
			1262	558
			1263	558
			1264	558
			1265	558
			1266	558
			1267	558
			1268	558
			1269	558
			1270	558
			1271	558
			1272	558
			1273	558
			1274	558
			1275	558
			1276	558
			1276	557
			1277	557
			1278	557
			1279	557
			1280	557
			1281	557
			1282	557
			1283	557
			1284	557
			1285	557
			1286	557
			1287	557
			1288	557
		</Dorsal_adipose>
		<Adipose_caudal type=matrix rownames=FALSE colnames=FALSE nrow=192 ncol=2 as.numeric=TRUE >
			1288	557
			1289	557
			1290	557
			1291	557
			1292	557
			1293	557
			1294	557
			1295	558
			1296	558
			1297	558
			1298	558
			1299	558
			1300	558
			1301	558
			1301	559
			1302	559
			1303	559
			1304	559
			1305	559
			1305	560
			1306	560
			1307	560
			1308	561
			1309	561
			1310	562
			1311	562
			1312	563
			1313	564
			1314	564
			1315	565
			1316	566
			1316	567
			1317	568
			1318	568
			1319	568
			1320	568
			1321	568
			1321	569
			1322	569
			1323	569
			1324	569
			1325	569
			1326	569
			1327	569
			1328	569
			1329	570
			1330	570
			1331	570
			1332	570
			1333	570
			1334	570
			1335	570
			1336	571
			1337	571
			1338	571
			1339	571
			1340	571
			1341	571
			1342	571
			1343	571
			1344	572
			1345	572
			1346	572
			1347	572
			1348	572
			1349	572
			1350	572
			1351	572
			1352	573
			1353	573
			1354	573
			1355	573
			1356	573
			1357	573
			1358	573
			1359	573
			1360	573
			1360	574
			1361	574
			1362	574
			1363	574
			1364	574
			1365	574
			1366	574
			1367	574
			1368	574
			1369	575
			1370	575
			1371	575
			1372	575
			1373	575
			1374	575
			1375	575
			1376	575
			1377	575
			1378	575
			1379	576
			1380	576
			1381	576
			1382	576
			1383	576
			1384	576
			1385	576
			1386	576
			1387	576
			1388	576
			1389	577
			1390	577
			1391	577
			1392	577
			1393	577
			1394	577
			1395	577
			1396	577
			1397	577
			1398	577
			1399	577
			1400	577
			1401	577
			1402	578
			1403	578
			1404	578
			1405	578
			1406	578
			1407	578
			1408	578
			1409	578
			1410	578
			1411	578
			1412	578
			1413	578
			1414	578
			1415	578
			1416	578
			1417	578
			1418	578
			1419	578
			1420	578
			1421	578
			1422	578
			1423	578
			1424	578
			1425	578
			1426	578
			1427	578
			1428	578
			1429	578
			1430	578
			1431	578
			1432	578
			1433	578
			1434	578
			1435	578
			1436	577
			1437	577
			1438	577
			1439	577
			1440	576
			1441	576
			1442	576
			1443	575
			1444	575
			1445	574
			1446	574
			1447	574
			1448	574
			1449	573
			1450	573
			1451	573
			1452	573
			1453	572
			1454	572
			1455	572
			1456	572
			1457	572
			1457	571
			1458	571
			1459	571
			1460	571
			1461	571
			1462	571
			1463	571
			1464	571
			1465	571
			1466	571
			1467	571
			1468	571
			1469	571
			1470	571
			1471	571
			1472	572
			1473	572
		</Adipose_caudal>
		<Caudal_anal type=matrix rownames=FALSE colnames=FALSE nrow=313 ncol=2 as.numeric=TRUE >
			1473	688
			1472	688
			1471	688
			1470	689
			1469	689
			1468	689
			1467	689
			1466	689
			1465	689
			1464	689
			1463	689
			1462	689
			1461	689
			1460	689
			1459	689
			1458	689
			1457	689
			1456	689
			1455	688
			1454	688
			1453	688
			1452	688
			1451	688
			1450	688
			1449	688
			1448	687
			1447	687
			1446	687
			1445	687
			1444	687
			1443	687
			1442	686
			1441	686
			1440	686
			1439	686
			1438	685
			1437	685
			1436	685
			1435	685
			1434	684
			1433	684
			1432	684
			1431	684
			1430	684
			1429	683
			1428	683
			1427	683
			1426	683
			1425	683
			1424	683
			1423	683
			1422	683
			1421	683
			1420	683
			1419	683
			1418	683
			1417	683
			1416	683
			1415	683
			1414	683
			1413	683
			1412	683
			1411	683
			1410	683
			1409	683
			1408	683
			1407	684
			1406	684
			1405	684
			1404	684
			1403	684
			1402	684
			1401	684
			1400	684
			1399	684
			1398	684
			1397	684
			1396	684
			1395	684
			1394	684
			1393	684
			1392	685
			1391	685
			1390	685
			1389	685
			1388	685
			1387	685
			1386	685
			1385	685
			1384	685
			1383	685
			1382	685
			1382	686
			1381	686
			1380	686
			1379	686
			1378	686
			1377	686
			1376	686
			1375	686
			1374	686
			1373	686
			1372	687
			1371	687
			1370	687
			1369	687
			1368	687
			1367	687
			1366	687
			1365	687
			1364	688
			1363	688
			1362	688
			1361	688
			1360	688
			1359	688
			1358	688
			1357	688
			1356	688
			1355	689
			1354	689
			1353	689
			1352	689
			1351	689
			1350	689
			1349	689
			1348	689
			1347	690
			1346	690
			1345	690
			1344	690
			1343	690
			1342	690
			1341	690
			1340	691
			1339	691
			1338	691
			1337	691
			1336	691
			1335	691
			1334	691
			1333	691
			1332	692
			1331	692
			1330	692
			1329	692
			1328	692
			1327	692
			1326	692
			1325	693
			1324	693
			1323	693
			1322	693
			1321	693
			1320	693
			1319	693
			1318	694
			1317	694
			1316	694
			1315	694
			1314	694
			1313	694
			1312	694
			1311	694
			1311	695
			1310	695
			1309	695
			1308	695
			1307	695
			1306	695
			1305	695
			1304	696
			1303	696
			1302	696
			1301	696
			1300	696
			1299	696
			1298	696
			1297	697
			1296	697
			1295	697
			1294	697
			1293	697
			1292	697
			1291	697
			1290	698
			1289	698
			1288	698
			1287	698
			1286	698
			1285	698
			1284	699
			1283	699
			1282	699
			1281	699
			1280	699
			1279	699
			1278	700
			1277	700
			1276	700
			1275	700
			1274	700
			1273	700
			1272	700
			1271	701
			1270	701
			1269	701
			1268	701
			1267	701
			1266	701
			1265	701
			1264	702
			1263	702
			1262	702
			1261	702
			1260	702
			1259	702
			1258	703
			1257	703
			1256	703
			1255	703
			1254	703
			1253	703
			1252	704
			1251	704
			1250	704
			1249	704
			1248	704
			1247	704
			1246	705
			1245	705
			1244	705
			1243	705
			1242	705
			1241	705
			1240	706
			1239	706
			1238	706
			1237	706
			1236	706
			1235	706
			1234	706
			1234	707
			1233	707
			1232	707
			1231	707
			1230	707
			1229	707
			1228	708
			1227	708
			1226	708
			1225	708
			1224	708
			1223	708
			1222	708
			1221	709
			1220	709
			1219	709
			1218	709
			1217	709
			1216	709
			1216	710
			1215	710
			1214	710
			1213	710
			1212	710
			1211	710
			1210	711
			1209	711
			1208	711
			1207	711
			1206	711
			1205	711
			1204	712
			1203	712
			1202	712
			1201	712
			1200	712
			1199	712
			1198	713
			1197	713
			1196	713
			1195	713
			1194	713
			1193	713
			1192	714
			1191	714
			1190	714
			1189	714
			1188	714
			1187	714
			1186	715
			1185	715
			1184	715
			1183	715
			1182	715
			1181	715
			1180	716
			1179	716
			1178	716
			1177	716
			1176	716
			1175	716
			1175	717
			1174	717
			1173	717
			1172	717
			1171	717
			1170	717
			1169	717
			1168	718
			1167	718
			1166	718
		</Caudal_anal>
	</curves.pixel>
	<curves.scaled type=list>
		<Snout_dorsal type=matrix rownames=FALSE colnames=FALSE nrow=516 ncol=2 as.numeric=TRUE >
			22.342970681886	-26.3178437432702
			22.342970681886	-26.276002974203
			22.3011299128188	-26.2341622051358
			22.3011299128188	-26.1923214360686
			22.3011299128188	-26.1504806670014
			22.2592891437516	-26.1086398979342
			22.2592891437516	-26.066799128867
			22.2592891437516	-26.0249583597998
			22.2174483746844	-25.9831175907326
			22.2174483746844	-25.9412768216654
			22.2174483746844	-25.8994360525982
			22.2174483746844	-25.857595283531
			22.1756076056172	-25.8157545144638
			22.1756076056172	-25.7739137453966
			22.1756076056172	-25.7320729763294
			22.1756076056172	-25.6902322072622
			22.13376683655	-25.648391438195
			22.13376683655	-25.6065506691278
			22.13376683655	-25.5647099000606
			22.13376683655	-25.5228691309934
			22.13376683655	-25.4810283619262
			22.13376683655	-25.439187592859
			22.13376683655	-25.3973468237918
			22.13376683655	-25.3555060547246
			22.0919260674828	-25.3136652856574
			22.0919260674828	-25.2718245165902
			22.0919260674828	-25.229983747523
			22.0919260674828	-25.1881429784558
			22.0919260674828	-25.1463022093886
			22.0919260674828	-25.1044614403214
			22.0919260674828	-25.0626206712542
			22.0919260674828	-25.020779902187
			22.0919260674828	-24.9789391331198
			22.0919260674828	-24.9370983640526
			22.0919260674828	-24.8952575949854
			22.13376683655	-24.8534168259182
			22.13376683655	-24.811576056851
			22.13376683655	-24.7697352877838
			22.13376683655	-24.7278945187166
			22.13376683655	-24.6860537496494
			22.13376683655	-24.6442129805822
			22.13376683655	-24.602372211515
			22.1756076056172	-24.5605314424478
			22.1756076056172	-24.5186906733806
			22.1756076056172	-24.4768499043133
			22.1756076056172	-24.4350091352461
			22.1756076056172	-24.3931683661789
			22.2174483746844	-24.3931683661789
			22.2174483746844	-24.3513275971117
			22.2174483746844	-24.3094868280445
			22.2174483746844	-24.2676460589773
			22.2592891437516	-24.2258052899101
			22.2592891437516	-24.1839645208429
			22.2592891437516	-24.1421237517757
			22.3011299128188	-24.1002829827085
			22.3011299128188	-24.0584422136413
			22.342970681886	-24.0166014445741
			22.342970681886	-23.9747606755069
			22.3848114509532	-23.9329199064397
			22.3848114509532	-23.8910791373725
			22.4266522200204	-23.8492383683053
			22.4266522200204	-23.8073975992381
			22.4266522200204	-23.7655568301709
			22.4684929890876	-23.7655568301709
			22.4684929890876	-23.7237160611037
			22.4684929890876	-23.6818752920365
			22.5103337581548	-23.6818752920365
			22.5103337581548	-23.6400345229693
			22.552174527222	-23.5981937539021
			22.5940152962892	-23.5563529848349
			22.5940152962892	-23.5145122157677
			22.6358560653564	-23.4726714467005
			22.6358560653564	-23.4308306776333
			22.6776968344236	-23.4308306776333
			22.6776968344236	-23.3889899085661
			22.7195376034909	-23.3471491394989
			22.7195376034909	-23.3053083704317
			22.7613783725581	-23.3053083704317
			22.8032191416253	-23.2634676013645
			22.8032191416253	-23.2216268322973
			22.8450599106925	-23.2216268322973
			22.8450599106925	-23.1797860632301
			22.8869006797597	-23.1379452941629
			22.9287414488269	-23.1379452941629
			22.9287414488269	-23.0961045250957
			22.9705822178941	-23.0542637560285
			23.0124229869613	-23.0124229869613
			23.0542637560285	-22.9705822178941
			23.0961045250957	-22.9287414488269
			23.1379452941629	-22.8869006797597
			23.1797860632301	-22.8450599106925
			23.2216268322973	-22.8032191416253
			23.2634676013645	-22.8032191416253
			23.2634676013645	-22.7613783725581
			23.3053083704317	-22.7195376034909
			23.3471491394989	-22.6776968344236
			23.3889899085661	-22.6358560653564
			23.4308306776333	-22.6358560653564
			23.4726714467005	-22.5940152962892
			23.5145122157677	-22.552174527222
			23.5563529848349	-22.5103337581548
			23.5981937539021	-22.5103337581548
			23.6400345229693	-22.4684929890876
			23.6818752920365	-22.4266522200204
			23.7237160611037	-22.3848114509532
			23.7655568301709	-22.342970681886
			23.8073975992381	-22.342970681886
			23.8492383683053	-22.3011299128188
			23.8910791373725	-22.2592891437516
			23.9329199064397	-22.2174483746844
			23.9747606755069	-22.2174483746844
			24.0166014445741	-22.2174483746844
			24.0166014445741	-22.1756076056172
			24.0584422136413	-22.1756076056172
			24.1002829827085	-22.13376683655
			24.1421237517757	-22.13376683655
			24.1421237517757	-22.0919260674828
			24.1839645208429	-22.0919260674828
			24.2258052899101	-22.0919260674828
			24.2258052899101	-22.0500852984156
			24.2676460589773	-22.0500852984156
			24.3094868280445	-22.0082445293484
			24.3513275971117	-22.0082445293484
			24.3513275971117	-21.9664037602812
			24.3931683661789	-21.9664037602812
			24.4350091352461	-21.924562991214
			24.4768499043133	-21.924562991214
			24.5186906733806	-21.8827222221468
			24.5605314424478	-21.8827222221468
			24.602372211515	-21.8408814530796
			24.6442129805822	-21.8408814530796
			24.6860537496494	-21.7990406840124
			24.7278945187166	-21.7990406840124
			24.7697352877838	-21.7571999149452
			24.811576056851	-21.7571999149452
			24.8534168259182	-21.715359145878
			24.8952575949854	-21.715359145878
			24.9370983640526	-21.6735183768108
			24.9789391331198	-21.6735183768108
			25.020779902187	-21.6316776077436
			25.0626206712542	-21.6316776077436
			25.1044614403214	-21.5898368386764
			25.1463022093886	-21.5479960696092
			25.1881429784558	-21.5479960696092
			25.229983747523	-21.506155300542
			25.2718245165902	-21.506155300542
			25.3136652856574	-21.4643145314748
			25.3555060547246	-21.4224737624076
			25.3973468237918	-21.4224737624076
			25.439187592859	-21.3806329933404
			25.4810283619262	-21.3806329933404
			25.5228691309934	-21.3387922242732
			25.5647099000606	-21.3387922242732
			25.6065506691278	-21.296951455206
			25.648391438195	-21.296951455206
			25.6902322072622	-21.296951455206
			25.6902322072622	-21.2551106861388
			25.7320729763294	-21.2551106861388
			25.7739137453966	-21.2551106861388
			25.8157545144638	-21.2132699170716
			25.857595283531	-21.2132699170716
			25.8994360525982	-21.2132699170716
			25.9412768216654	-21.1714291480044
			25.9831175907326	-21.1714291480044
			26.0249583597998	-21.1714291480044
			26.066799128867	-21.1295883789372
			26.1086398979342	-21.1295883789372
			26.1504806670014	-21.1295883789372
			26.1923214360686	-21.08774760987
			26.2341622051358	-21.08774760987
			26.276002974203	-21.08774760987
			26.3178437432702	-21.08774760987
			26.3596845123375	-21.0459068408028
			26.4015252814047	-21.0459068408028
			26.4433660504719	-21.0459068408028
			26.4852068195391	-21.0459068408028
			26.5270475886063	-21.0040660717356
			26.5688883576735	-21.0040660717356
			26.6107291267407	-21.0040660717356
			26.6525698958079	-21.0040660717356
			26.6944106648751	-20.9622253026684
			26.7362514339423	-20.9622253026684
			26.7780922030095	-20.9622253026684
			26.8199329720767	-20.9622253026684
			26.8617737411439	-20.9622253026684
			26.9036145102111	-20.9203845336012
			26.9454552792783	-20.9203845336012
			26.9872960483455	-20.9203845336012
			27.0291368174127	-20.9203845336012
			27.0709775864799	-20.9203845336012
			27.1128183555471	-20.878543764534
			27.1546591246143	-20.878543764534
			27.1964998936815	-20.878543764534
			27.2383406627487	-20.878543764534
			27.2801814318159	-20.878543764534
			27.3220222008831	-20.878543764534
			27.3638629699503	-20.878543764534
			27.3638629699503	-20.8367029954667
			27.4057037390175	-20.8367029954667
			27.4475445080847	-20.8367029954667
			27.4893852771519	-20.8367029954667
			27.5312260462191	-20.8367029954667
			27.5730668152863	-20.8367029954667
			27.6149075843535	-20.8367029954667
			27.6567483534207	-20.7948622263995
			27.6985891224879	-20.7948622263995
			27.7404298915551	-20.7948622263995
			27.7822706606223	-20.7948622263995
			27.8241114296895	-20.7948622263995
			27.8659521987567	-20.7948622263995
			27.9077929678239	-20.7948622263995
			27.9496337368911	-20.7530214573323
			27.9914745059583	-20.7530214573323
			28.0333152750255	-20.7530214573323
			28.0751560440927	-20.7530214573323
			28.11699681316	-20.7530214573323
			28.1588375822272	-20.7530214573323
			28.2006783512944	-20.7530214573323
			28.2425191203616	-20.7530214573323
			28.2843598894288	-20.7530214573323
			28.326200658496	-20.7111806882651
			28.3680414275632	-20.7111806882651
			28.4098821966304	-20.7111806882651
			28.4517229656976	-20.7111806882651
			28.4935637347648	-20.7111806882651
			28.535404503832	-20.7111806882651
			28.5772452728992	-20.7111806882651
			28.6190860419664	-20.7111806882651
			28.6609268110336	-20.7111806882651
			28.7027675801008	-20.7111806882651
			28.744608349168	-20.7111806882651
			28.7864491182352	-20.6693399191979
			28.8282898873024	-20.6693399191979
			28.8701306563696	-20.6693399191979
			28.9119714254368	-20.6693399191979
			28.953812194504	-20.6693399191979
			28.9956529635712	-20.6693399191979
			29.0374937326384	-20.6693399191979
			29.0793345017056	-20.6693399191979
			29.1211752707728	-20.6693399191979
			29.16301603984	-20.6693399191979
			29.2048568089072	-20.6693399191979
			29.2466975779744	-20.6693399191979
			29.2885383470416	-20.6693399191979
			29.3303791161088	-20.6274991501307
			29.372219885176	-20.6274991501307
			29.4140606542432	-20.6274991501307
			29.4559014233104	-20.6274991501307
			29.4977421923776	-20.6274991501307
			29.5395829614448	-20.6274991501307
			29.581423730512	-20.6274991501307
			29.6232644995792	-20.6274991501307
			29.6651052686464	-20.6274991501307
			29.7069460377136	-20.6274991501307
			29.7487868067808	-20.6274991501307
			29.790627575848	-20.6274991501307
			29.8324683449152	-20.6274991501307
			29.8743091139824	-20.6274991501307
			29.9161498830496	-20.6274991501307
			29.9579906521169	-20.6274991501307
			29.9998314211841	-20.6274991501307
			30.0416721902513	-20.5856583810635
			30.0835129593185	-20.5856583810635
			30.1253537283857	-20.5856583810635
			30.1671944974529	-20.5856583810635
			30.2090352665201	-20.5856583810635
			30.2508760355873	-20.5856583810635
			30.2927168046545	-20.5856583810635
			30.3345575737217	-20.5856583810635
			30.3763983427889	-20.5856583810635
			30.4182391118561	-20.5856583810635
			30.4600798809233	-20.5856583810635
			30.5019206499905	-20.5856583810635
			30.5437614190577	-20.5856583810635
			30.5856021881249	-20.5856583810635
			30.6274429571921	-20.5856583810635
			30.6692837262593	-20.5856583810635
			30.7111244953265	-20.5856583810635
			30.7529652643937	-20.5856583810635
			30.7948060334609	-20.5856583810635
			30.8366468025281	-20.5856583810635
			30.8784875715953	-20.5856583810635
			30.9203283406625	-20.5856583810635
			30.9621691097297	-20.5856583810635
			31.0040098787969	-20.5856583810635
			31.0458506478641	-20.5856583810635
			31.0876914169313	-20.5856583810635
			31.1295321859985	-20.5438176119963
			31.1713729550657	-20.5438176119963
			31.2132137241329	-20.5438176119963
			31.2550544932001	-20.5438176119963
			31.2968952622673	-20.5438176119963
			31.3387360313345	-20.5438176119963
			31.3805768004017	-20.5438176119963
			31.4224175694689	-20.5438176119963
			31.4642583385361	-20.5438176119963
			31.5060991076033	-20.5438176119963
			31.5479398766705	-20.5438176119963
			31.5897806457377	-20.5438176119963
			31.6316214148049	-20.5438176119963
			31.6734621838721	-20.5438176119963
			31.7153029529393	-20.5438176119963
			31.7571437220065	-20.5438176119963
			31.7989844910738	-20.5438176119963
			31.840825260141	-20.5438176119963
			31.8826660292082	-20.5438176119963
			31.9245067982754	-20.5438176119963
			31.9663475673426	-20.5438176119963
			32.0081883364098	-20.5438176119963
			32.050029105477	-20.5438176119963
			32.0918698745442	-20.5438176119963
			32.1337106436114	-20.5438176119963
			32.1755514126786	-20.5438176119963
			32.2173921817458	-20.5438176119963
			32.259232950813	-20.5438176119963
			32.3010737198802	-20.5438176119963
			32.3429144889474	-20.5438176119963
			32.3847552580146	-20.5438176119963
			32.4265960270818	-20.5438176119963
			32.468436796149	-20.5438176119963
			32.5102775652162	-20.5438176119963
			32.5521183342834	-20.5438176119963
			32.5939591033506	-20.5438176119963
			32.6357998724178	-20.5438176119963
			32.677640641485	-20.5438176119963
			32.7194814105522	-20.5438176119963
			32.7613221796194	-20.5438176119963
			32.8031629486866	-20.5438176119963
			32.8450037177538	-20.5438176119963
			32.886844486821	-20.5438176119963
			32.9286852558882	-20.5438176119963
			32.9705260249554	-20.5438176119963
			33.0123667940226	-20.5438176119963
			33.0542075630898	-20.5438176119963
			33.096048332157	-20.5438176119963
			33.1378891012242	-20.5438176119963
			33.1797298702914	-20.5438176119963
			33.2215706393586	-20.5438176119963
			33.2634114084258	-20.5438176119963
			33.305252177493	-20.5438176119963
			33.3470929465602	-20.5438176119963
			33.3889337156274	-20.5438176119963
			33.4307744846946	-20.5438176119963
			33.4726152537618	-20.5438176119963
			33.514456022829	-20.5438176119963
			33.5562967918963	-20.5438176119963
			33.5981375609635	-20.5438176119963
			33.6399783300307	-20.5438176119963
			33.6818190990979	-20.5438176119963
			33.7236598681651	-20.5438176119963
			33.7655006372323	-20.5438176119963
			33.8073414062995	-20.5438176119963
			33.8491821753667	-20.5438176119963
			33.8910229444339	-20.5438176119963
			33.9328637135011	-20.5438176119963
			33.9747044825683	-20.5438176119963
			34.0165452516355	-20.5438176119963
			34.0583860207027	-20.5438176119963
			34.1002267897699	-20.5438176119963
			34.1420675588371	-20.5438176119963
			34.1839083279043	-20.5438176119963
			34.2257490969715	-20.5438176119963
			34.2675898660387	-20.5438176119963
			34.3094306351059	-20.5438176119963
			34.3512714041731	-20.5438176119963
			34.3931121732403	-20.5438176119963
			34.4349529423075	-20.5438176119963
			34.4767937113747	-20.5438176119963
			34.5186344804419	-20.5438176119963
			34.5604752495091	-20.5438176119963
			34.6023160185763	-20.5438176119963
			34.6441567876435	-20.5438176119963
			34.6859975567107	-20.5438176119963
			34.7278383257779	-20.5438176119963
			34.7278383257779	-20.5856583810635
			34.7696790948451	-20.5856583810635
			34.8115198639123	-20.5856583810635
			34.8533606329795	-20.5856583810635
			34.8952014020467	-20.5856583810635
			34.9370421711139	-20.5856583810635
			34.9788829401811	-20.5856583810635
			35.0207237092483	-20.5856583810635
			35.0625644783155	-20.5856583810635
			35.1044052473827	-20.5856583810635
			35.1462460164499	-20.5856583810635
			35.1880867855171	-20.5856583810635
			35.2299275545843	-20.5856583810635
			35.2717683236515	-20.5856583810635
			35.3136090927187	-20.5856583810635
			35.3554498617859	-20.5856583810635
			35.3972906308531	-20.5856583810635
			35.4391313999204	-20.5856583810635
			35.4809721689876	-20.5856583810635
			35.5228129380548	-20.5856583810635
			35.564653707122	-20.5856583810635
			35.6064944761892	-20.5856583810635
			35.6483352452564	-20.5856583810635
			35.6901760143236	-20.5856583810635
			35.7320167833908	-20.5856583810635
			35.773857552458	-20.5856583810635
			35.8156983215252	-20.5856583810635
			35.8575390905924	-20.5856583810635
			35.8993798596596	-20.6274991501307
			35.9412206287268	-20.6274991501307
			35.983061397794	-20.6274991501307
			36.0249021668612	-20.6274991501307
			36.0667429359284	-20.6274991501307
			36.1085837049956	-20.6274991501307
			36.1504244740628	-20.6274991501307
			36.19226524313	-20.6274991501307
			36.2341060121972	-20.6274991501307
			36.2759467812644	-20.6274991501307
			36.3177875503316	-20.6274991501307
			36.3596283193988	-20.6274991501307
			36.401469088466	-20.6274991501307
			36.4433098575332	-20.6274991501307
			36.4851506266004	-20.6274991501307
			36.5269913956676	-20.6274991501307
			36.5688321647348	-20.6274991501307
			36.610672933802	-20.6693399191979
			36.6525137028692	-20.6693399191979
			36.6943544719364	-20.6693399191979
			36.7361952410036	-20.6693399191979
			36.7780360100708	-20.6693399191979
			36.819876779138	-20.6693399191979
			36.8617175482052	-20.6693399191979
			36.9035583172724	-20.6693399191979
			36.9453990863396	-20.6693399191979
			36.9872398554068	-20.6693399191979
			37.029080624474	-20.6693399191979
			37.0709213935412	-20.6693399191979
			37.1127621626084	-20.6693399191979
			37.1546029316756	-20.6693399191979
			37.1964437007428	-20.6693399191979
			37.2382844698101	-20.6693399191979
			37.2801252388773	-20.6693399191979
			37.3219660079445	-20.6693399191979
			37.3638067770117	-20.7111806882651
			37.4056475460789	-20.7111806882651
			37.4474883151461	-20.7111806882651
			37.4893290842133	-20.7111806882651
			37.5311698532805	-20.7111806882651
			37.5730106223477	-20.7111806882651
			37.6148513914149	-20.7111806882651
			37.6566921604821	-20.7111806882651
			37.6985329295493	-20.7111806882651
			37.7403736986165	-20.7111806882651
			37.7822144676837	-20.7111806882651
			37.8240552367509	-20.7111806882651
			37.8658960058181	-20.7111806882651
			37.9077367748853	-20.7111806882651
			37.9495775439525	-20.7111806882651
			37.9914183130197	-20.7111806882651
			38.0332590820869	-20.7111806882651
			38.0750998511541	-20.7111806882651
			38.1169406202213	-20.7111806882651
			38.1587813892885	-20.7111806882651
			38.2006221583557	-20.7111806882651
			38.2424629274229	-20.7530214573323
			38.2843036964901	-20.7530214573323
			38.3261444655573	-20.7530214573323
			38.3679852346245	-20.7530214573323
			38.4098260036917	-20.7530214573323
			38.4516667727589	-20.7530214573323
			38.4935075418261	-20.7530214573323
			38.5353483108933	-20.7530214573323
			38.5771890799605	-20.7530214573323
			38.6190298490277	-20.7530214573323
			38.6608706180949	-20.7530214573323
			38.7027113871621	-20.7530214573323
			38.7445521562293	-20.7530214573323
			38.7863929252965	-20.7530214573323
			38.8282336943637	-20.7530214573323
			38.8700744634309	-20.7530214573323
			38.9119152324981	-20.7530214573323
			38.9537560015653	-20.7530214573323
			38.9955967706326	-20.7530214573323
			39.0374375396998	-20.7530214573323
			39.079278308767	-20.7530214573323
			39.1211190778342	-20.7530214573323
			39.1629598469014	-20.7530214573323
			39.2048006159686	-20.7530214573323
			39.2466413850358	-20.7530214573323
			39.288482154103	-20.7530214573323
			39.3303229231702	-20.7530214573323
			39.3721636922374	-20.7948622263995
			39.4140044613046	-20.7948622263995
			39.4558452303718	-20.7948622263995
			39.497685999439	-20.7948622263995
			39.5395267685062	-20.7948622263995
			39.5813675375734	-20.7948622263995
			39.6232083066406	-20.7948622263995
			39.6650490757078	-20.7948622263995
			39.706889844775	-20.7948622263995
			39.7487306138422	-20.7948622263995
			39.7905713829094	-20.7948622263995
			39.8324121519766	-20.7948622263995
			39.8742529210438	-20.7948622263995
			39.916093690111	-20.7948622263995
			39.9579344591782	-20.7948622263995
			39.9997752282454	-20.7948622263995
			40.0416159973126	-20.7948622263995
			40.0834567663798	-20.7948622263995
			40.125297535447	-20.7948622263995
			40.1671383045142	-20.7948622263995
			40.2089790735814	-20.7948622263995
			40.2508198426486	-20.7948622263995
			40.2926606117158	-20.7948622263995
			40.334501380783	-20.7948622263995
			40.3763421498502	-20.7948622263995
			40.4181829189174	-20.7948622263995
			40.4600236879846	-20.7948622263995
			40.5018644570518	-20.7948622263995
			40.543705226119	-20.7948622263995
			40.5855459951862	-20.7948622263995
			40.6273867642534	-20.7948622263995
		</Snout_dorsal>
		<Dorsal_adipose type=matrix rownames=FALSE colnames=FALSE nrow=322 ncol=2 as.numeric=TRUE >
			40.6273867642534	-20.7948622263995
			40.6692275333206	-20.7948622263995
			40.7110683023878	-20.8367029954667
			40.752909071455	-20.8367029954667
			40.7947498405223	-20.878543764534
			40.8365906095895	-20.878543764534
			40.8784313786566	-20.878543764534
			40.9202721477239	-20.9203845336012
			40.9621129167911	-20.9203845336012
			41.0039536858583	-20.9203845336012
			41.0457944549255	-20.9622253026684
			41.0876352239927	-20.9622253026684
			41.1294759930599	-20.9622253026684
			41.1713167621271	-21.0040660717356
			41.2131575311943	-21.0040660717356
			41.2549983002615	-21.0040660717356
			41.2968390693287	-21.0459068408028
			41.3386798383959	-21.0459068408028
			41.3805206074631	-21.0459068408028
			41.4223613765303	-21.08774760987
			41.4642021455975	-21.08774760987
			41.5060429146647	-21.08774760987
			41.5478836837319	-21.1295883789372
			41.5897244527991	-21.1295883789372
			41.6315652218663	-21.1295883789372
			41.6734059909335	-21.1714291480044
			41.7152467600007	-21.1714291480044
			41.7570875290679	-21.2132699170716
			41.7989282981351	-21.2132699170716
			41.8407690672023	-21.2132699170716
			41.8826098362695	-21.2551106861388
			41.9244506053367	-21.2551106861388
			41.9662913744039	-21.2551106861388
			42.0081321434711	-21.2551106861388
			42.0499729125383	-21.296951455206
			42.0918136816055	-21.296951455206
			42.1336544506727	-21.3387922242732
			42.1754952197399	-21.3387922242732
			42.2173359888071	-21.3387922242732
			42.2591767578743	-21.3806329933404
			42.3010175269415	-21.3806329933404
			42.3428582960087	-21.3806329933404
			42.3846990650759	-21.4224737624076
			42.4265398341431	-21.4224737624076
			42.4683806032103	-21.4224737624076
			42.5102213722775	-21.4224737624076
			42.5520621413447	-21.4643145314748
			42.5939029104119	-21.4643145314748
			42.6357436794791	-21.4643145314748
			42.6775844485464	-21.506155300542
			42.7194252176136	-21.506155300542
			42.7612659866808	-21.506155300542
			42.803106755748	-21.5479960696092
			42.8449475248152	-21.5479960696092
			42.8867882938824	-21.5479960696092
			42.9286290629496	-21.5898368386764
			42.9704698320168	-21.5898368386764
			43.012310601084	-21.5898368386764
			43.0541513701512	-21.6316776077436
			43.0959921392184	-21.6316776077436
			43.1378329082856	-21.6316776077436
			43.1796736773528	-21.6735183768108
			43.22151444642	-21.6735183768108
			43.2633552154872	-21.6735183768108
			43.3051959845544	-21.6735183768108
			43.3051959845544	-21.715359145878
			43.3470367536216	-21.715359145878
			43.3888775226888	-21.715359145878
			43.430718291756	-21.7571999149452
			43.4725590608232	-21.7571999149452
			43.5143998298904	-21.7571999149452
			43.5562405989576	-21.7571999149452
			43.5980813680248	-21.7990406840124
			43.639922137092	-21.7990406840124
			43.6817629061592	-21.7990406840124
			43.7236036752264	-21.8408814530796
			43.7654444442936	-21.8408814530796
			43.8072852133608	-21.8408814530796
			43.849125982428	-21.8827222221468
			43.8909667514952	-21.8827222221468
			43.9328075205624	-21.8827222221468
			43.9746482896296	-21.8827222221468
			44.0164890586968	-21.924562991214
			44.058329827764	-21.924562991214
			44.1001705968312	-21.924562991214
			44.1420113658984	-21.9664037602812
			44.1838521349656	-21.9664037602812
			44.2256929040328	-21.9664037602812
			44.2675336731	-21.9664037602812
			44.2675336731	-22.0082445293484
			44.3093744421672	-22.0082445293484
			44.3512152112344	-22.0082445293484
			44.3930559803016	-22.0082445293484
			44.4348967493688	-22.0500852984156
			44.4767375184361	-22.0500852984156
			44.5185782875033	-22.0500852984156
			44.5604190565705	-22.0500852984156
			44.6022598256377	-22.0919260674828
			44.6441005947049	-22.0919260674828
			44.6859413637721	-22.0919260674828
			44.7277821328393	-22.0919260674828
			44.7277821328393	-22.13376683655
			44.7696229019065	-22.13376683655
			44.8114636709737	-22.13376683655
			44.8533044400409	-22.1756076056172
			44.8951452091081	-22.1756076056172
			44.9369859781753	-22.1756076056172
			44.9788267472425	-22.1756076056172
			45.0206675163097	-22.2174483746844
			45.0625082853769	-22.2174483746844
			45.1043490544441	-22.2174483746844
			45.1461898235113	-22.2592891437516
			45.1880305925785	-22.2592891437516
			45.2298713616457	-22.2592891437516
			45.2717121307129	-22.2592891437516
			45.3135528997801	-22.3011299128188
			45.3553936688473	-22.3011299128188
			45.3972344379145	-22.3011299128188
			45.4390752069817	-22.3011299128188
			45.4809159760489	-22.342970681886
			45.5227567451161	-22.342970681886
			45.5645975141833	-22.342970681886
			45.6064382832505	-22.342970681886
			45.6482790523177	-22.3848114509532
			45.6901198213849	-22.3848114509532
			45.7319605904521	-22.3848114509532
			45.7738013595193	-22.3848114509532
			45.8156421285865	-22.4266522200204
			45.8574828976537	-22.4266522200204
			45.8993236667209	-22.4266522200204
			45.9411644357881	-22.4266522200204
			45.9830052048553	-22.4684929890876
			46.0248459739225	-22.4684929890876
			46.0666867429897	-22.4684929890876
			46.1085275120569	-22.4684929890876
			46.1503682811241	-22.5103337581548
			46.1922090501913	-22.5103337581548
			46.2340498192586	-22.5103337581548
			46.2758905883258	-22.552174527222
			46.317731357393	-22.552174527222
			46.3595721264602	-22.552174527222
			46.4014128955274	-22.552174527222
			46.4432536645946	-22.5940152962892
			46.4850944336618	-22.5940152962892
			46.526935202729	-22.5940152962892
			46.5687759717962	-22.5940152962892
			46.6106167408634	-22.6358560653564
			46.6524575099306	-22.6358560653564
			46.6942982789978	-22.6358560653564
			46.736139048065	-22.6776968344236
			46.7779798171322	-22.6776968344236
			46.8198205861994	-22.6776968344236
			46.8616613552666	-22.6776968344236
			46.9035021243338	-22.7195376034909
			46.945342893401	-22.7195376034909
			46.9871836624682	-22.7195376034909
			47.0290244315354	-22.7195376034909
			47.0708652006026	-22.7195376034909
			47.1127059696698	-22.7613783725581
			47.154546738737	-22.7613783725581
			47.1963875078042	-22.7613783725581
			47.2382282768714	-22.7613783725581
			47.2800690459386	-22.8032191416253
			47.3219098150058	-22.8032191416253
			47.363750584073	-22.8032191416253
			47.4055913531402	-22.8032191416253
			47.4474321222074	-22.8450599106925
			47.4892728912746	-22.8450599106925
			47.5311136603418	-22.8450599106925
			47.572954429409	-22.8450599106925
			47.6147951984762	-22.8869006797597
			47.6566359675434	-22.8869006797597
			47.6984767366106	-22.8869006797597
			47.7403175056778	-22.8869006797597
			47.782158274745	-22.8869006797597
			47.8239990438122	-22.9287414488269
			47.8658398128794	-22.9287414488269
			47.9076805819466	-22.9287414488269
			47.9495213510138	-22.9287414488269
			47.991362120081	-22.9705822178941
			48.0332028891482	-22.9705822178941
			48.0750436582154	-22.9705822178941
			48.1168844272826	-22.9705822178941
			48.1587251963499	-23.0124229869613
			48.2005659654171	-23.0124229869613
			48.2424067344843	-23.0124229869613
			48.2842475035515	-23.0124229869613
			48.3260882726187	-23.0124229869613
			48.3679290416859	-23.0542637560285
			48.4097698107531	-23.0542637560285
			48.4516105798203	-23.0542637560285
			48.4934513488875	-23.0542637560285
			48.5352921179547	-23.0542637560285
			48.5771328870219	-23.0961045250957
			48.6189736560891	-23.0961045250957
			48.6608144251563	-23.0961045250957
			48.7026551942235	-23.0961045250957
			48.7444959632907	-23.0961045250957
			48.7863367323579	-23.1379452941629
			48.8281775014251	-23.1379452941629
			48.8700182704923	-23.1379452941629
			48.9118590395595	-23.1379452941629
			48.9536998086267	-23.1379452941629
			48.9955405776939	-23.1379452941629
			49.0373813467611	-23.1379452941629
			49.0792221158283	-23.1797860632301
			49.1210628848955	-23.1797860632301
			49.1629036539627	-23.1797860632301
			49.2047444230299	-23.1797860632301
			49.2465851920971	-23.1797860632301
			49.2884259611643	-23.1797860632301
			49.3302667302315	-23.1797860632301
			49.3721074992987	-23.2216268322973
			49.4139482683659	-23.2216268322973
			49.4557890374331	-23.2216268322973
			49.4976298065003	-23.2216268322973
			49.5394705755675	-23.2216268322973
			49.5813113446347	-23.2216268322973
			49.6231521137019	-23.2216268322973
			49.6649928827691	-23.2216268322973
			49.7068336518363	-23.2216268322973
			49.7486744209035	-23.2634676013645
			49.7905151899707	-23.2634676013645
			49.8323559590379	-23.2634676013645
			49.8741967281051	-23.2634676013645
			49.9160374971724	-23.2634676013645
			49.9578782662396	-23.2634676013645
			49.9997190353068	-23.2634676013645
			50.041559804374	-23.2634676013645
			50.0834005734412	-23.2634676013645
			50.1252413425084	-23.2634676013645
			50.1670821115756	-23.2634676013645
			50.2089228806428	-23.3053083704317
			50.25076364971	-23.3053083704317
			50.2926044187772	-23.3053083704317
			50.3344451878444	-23.3053083704317
			50.3762859569116	-23.3053083704317
			50.4181267259788	-23.3053083704317
			50.459967495046	-23.3053083704317
			50.5018082641132	-23.3053083704317
			50.5436490331804	-23.3053083704317
			50.5854898022476	-23.3053083704317
			50.6273305713148	-23.3053083704317
			50.669171340382	-23.3053083704317
			50.7110121094492	-23.3053083704317
			50.7528528785164	-23.3053083704317
			50.7946936475836	-23.3053083704317
			50.8365344166508	-23.3053083704317
			50.878375185718	-23.3053083704317
			50.9202159547852	-23.3053083704317
			50.9620567238524	-23.3471491394989
			51.0038974929196	-23.3471491394989
			51.0457382619868	-23.3471491394989
			51.087579031054	-23.3471491394989
			51.1294198001212	-23.3471491394989
			51.1712605691884	-23.3471491394989
			51.2131013382556	-23.3471491394989
			51.2549421073228	-23.3471491394989
			51.29678287639	-23.3471491394989
			51.3386236454572	-23.3471491394989
			51.3804644145244	-23.3471491394989
			51.4223051835916	-23.3471491394989
			51.4641459526588	-23.3471491394989
			51.505986721726	-23.3471491394989
			51.5478274907932	-23.3471491394989
			51.5896682598604	-23.3471491394989
			51.6315090289276	-23.3471491394989
			51.6733497979948	-23.3471491394989
			51.7151905670621	-23.3471491394989
			51.7570313361293	-23.3471491394989
			51.7988721051965	-23.3471491394989
			51.8407128742637	-23.3471491394989
			51.8825536433309	-23.3471491394989
			51.9243944123981	-23.3471491394989
			51.9662351814653	-23.3471491394989
			52.0080759505325	-23.3471491394989
			52.0499167195997	-23.3471491394989
			52.0917574886669	-23.3471491394989
			52.1335982577341	-23.3471491394989
			52.1754390268013	-23.3471491394989
			52.2172797958685	-23.3471491394989
			52.2591205649357	-23.3471491394989
			52.3009613340029	-23.3471491394989
			52.3428021030701	-23.3471491394989
			52.3846428721373	-23.3471491394989
			52.4264836412045	-23.3471491394989
			52.4683244102717	-23.3471491394989
			52.5101651793389	-23.3471491394989
			52.5520059484061	-23.3471491394989
			52.5938467174733	-23.3471491394989
			52.6356874865405	-23.3471491394989
			52.6775282556077	-23.3471491394989
			52.7193690246749	-23.3471491394989
			52.7612097937421	-23.3471491394989
			52.8030505628093	-23.3471491394989
			52.8448913318765	-23.3471491394989
			52.8867321009437	-23.3471491394989
			52.9285728700109	-23.3471491394989
			52.9704136390781	-23.3471491394989
			53.0122544081453	-23.3471491394989
			53.0540951772125	-23.3471491394989
			53.0959359462797	-23.3471491394989
			53.1377767153469	-23.3471491394989
			53.1796174844141	-23.3471491394989
			53.2214582534813	-23.3471491394989
			53.2632990225485	-23.3471491394989
			53.3051397916157	-23.3471491394989
			53.3469805606829	-23.3471491394989
			53.3888213297501	-23.3471491394989
			53.3888213297501	-23.3053083704317
			53.4306620988173	-23.3053083704317
			53.4725028678846	-23.3053083704317
			53.5143436369518	-23.3053083704317
			53.556184406019	-23.3053083704317
			53.5980251750862	-23.3053083704317
			53.6398659441534	-23.3053083704317
			53.6817067132206	-23.3053083704317
			53.7235474822878	-23.3053083704317
			53.765388251355	-23.3053083704317
			53.8072290204222	-23.3053083704317
			53.8490697894894	-23.3053083704317
			53.8909105585566	-23.3053083704317
		</Dorsal_adipose>
		<Adipose_caudal type=matrix rownames=FALSE colnames=FALSE nrow=192 ncol=2 as.numeric=TRUE >
			53.8909105585566	-23.3053083704317
			53.9327513276238	-23.3053083704317
			53.974592096691	-23.3053083704317
			54.0164328657582	-23.3053083704317
			54.0582736348254	-23.3053083704317
			54.1001144038926	-23.3053083704317
			54.1419551729598	-23.3053083704317
			54.183795942027	-23.3471491394989
			54.2256367110942	-23.3471491394989
			54.2674774801614	-23.3471491394989
			54.3093182492286	-23.3471491394989
			54.3511590182958	-23.3471491394989
			54.392999787363	-23.3471491394989
			54.4348405564302	-23.3471491394989
			54.4348405564302	-23.3889899085661
			54.4766813254974	-23.3889899085661
			54.5185220945646	-23.3889899085661
			54.5603628636318	-23.3889899085661
			54.602203632699	-23.3889899085661
			54.602203632699	-23.4308306776333
			54.6440444017662	-23.4308306776333
			54.6858851708334	-23.4308306776333
			54.7277259399006	-23.4726714467005
			54.7695667089678	-23.4726714467005
			54.811407478035	-23.5145122157677
			54.8532482471022	-23.5145122157677
			54.8950890161694	-23.5563529848349
			54.9369297852366	-23.5981937539021
			54.9787705543038	-23.5981937539021
			55.020611323371	-23.6400345229693
			55.0624520924382	-23.6818752920365
			55.0624520924382	-23.7237160611037
			55.1042928615054	-23.7655568301709
			55.1461336305726	-23.7655568301709
			55.1879743996398	-23.7655568301709
			55.229815168707	-23.7655568301709
			55.2716559377742	-23.7655568301709
			55.2716559377742	-23.8073975992381
			55.3134967068414	-23.8073975992381
			55.3553374759086	-23.8073975992381
			55.3971782449759	-23.8073975992381
			55.4390190140431	-23.8073975992381
			55.4808597831103	-23.8073975992381
			55.5227005521775	-23.8073975992381
			55.5645413212447	-23.8073975992381
			55.6063820903119	-23.8492383683053
			55.6482228593791	-23.8492383683053
			55.6900636284463	-23.8492383683053
			55.7319043975135	-23.8492383683053
			55.7737451665807	-23.8492383683053
			55.8155859356479	-23.8492383683053
			55.8574267047151	-23.8492383683053
			55.8992674737823	-23.8910791373725
			55.9411082428495	-23.8910791373725
			55.9829490119167	-23.8910791373725
			56.0247897809839	-23.8910791373725
			56.0666305500511	-23.8910791373725
			56.1084713191183	-23.8910791373725
			56.1503120881855	-23.8910791373725
			56.1921528572527	-23.8910791373725
			56.2339936263199	-23.9329199064397
			56.2758343953871	-23.9329199064397
			56.3176751644543	-23.9329199064397
			56.3595159335215	-23.9329199064397
			56.4013567025887	-23.9329199064397
			56.4431974716559	-23.9329199064397
			56.4850382407231	-23.9329199064397
			56.5268790097903	-23.9329199064397
			56.5687197788575	-23.9747606755069
			56.6105605479247	-23.9747606755069
			56.6524013169919	-23.9747606755069
			56.6942420860591	-23.9747606755069
			56.7360828551263	-23.9747606755069
			56.7779236241935	-23.9747606755069
			56.8197643932607	-23.9747606755069
			56.8616051623279	-23.9747606755069
			56.9034459313951	-23.9747606755069
			56.9034459313951	-24.0166014445741
			56.9452867004623	-24.0166014445741
			56.9871274695295	-24.0166014445741
			57.0289682385967	-24.0166014445741
			57.0708090076639	-24.0166014445741
			57.1126497767311	-24.0166014445741
			57.1544905457984	-24.0166014445741
			57.1963313148656	-24.0166014445741
			57.2381720839328	-24.0166014445741
			57.280012853	-24.0584422136413
			57.3218536220672	-24.0584422136413
			57.3636943911344	-24.0584422136413
			57.4055351602016	-24.0584422136413
			57.4473759292688	-24.0584422136413
			57.489216698336	-24.0584422136413
			57.5310574674032	-24.0584422136413
			57.5728982364704	-24.0584422136413
			57.6147390055376	-24.0584422136413
			57.6565797746048	-24.0584422136413
			57.698420543672	-24.1002829827085
			57.7402613127392	-24.1002829827085
			57.7821020818064	-24.1002829827085
			57.8239428508736	-24.1002829827085
			57.8657836199408	-24.1002829827085
			57.907624389008	-24.1002829827085
			57.9494651580752	-24.1002829827085
			57.9913059271424	-24.1002829827085
			58.0331466962096	-24.1002829827085
			58.0749874652768	-24.1002829827085
			58.116828234344	-24.1421237517757
			58.1586690034112	-24.1421237517757
			58.2005097724784	-24.1421237517757
			58.2423505415456	-24.1421237517757
			58.2841913106128	-24.1421237517757
			58.32603207968	-24.1421237517757
			58.3678728487472	-24.1421237517757
			58.4097136178144	-24.1421237517757
			58.4515543868816	-24.1421237517757
			58.4933951559488	-24.1421237517757
			58.535235925016	-24.1421237517757
			58.5770766940832	-24.1421237517757
			58.6189174631504	-24.1421237517757
			58.6607582322176	-24.1839645208429
			58.7025990012848	-24.1839645208429
			58.744439770352	-24.1839645208429
			58.7862805394192	-24.1839645208429
			58.8281213084864	-24.1839645208429
			58.8699620775536	-24.1839645208429
			58.9118028466208	-24.1839645208429
			58.9536436156881	-24.1839645208429
			58.9954843847553	-24.1839645208429
			59.0373251538225	-24.1839645208429
			59.0791659228897	-24.1839645208429
			59.1210066919569	-24.1839645208429
			59.1628474610241	-24.1839645208429
			59.2046882300913	-24.1839645208429
			59.2465289991585	-24.1839645208429
			59.2883697682257	-24.1839645208429
			59.3302105372929	-24.1839645208429
			59.3720513063601	-24.1839645208429
			59.4138920754273	-24.1839645208429
			59.4557328444945	-24.1839645208429
			59.4975736135617	-24.1839645208429
			59.5394143826289	-24.1839645208429
			59.5812551516961	-24.1839645208429
			59.6230959207633	-24.1839645208429
			59.6649366898305	-24.1839645208429
			59.7067774588977	-24.1839645208429
			59.7486182279649	-24.1839645208429
			59.7904589970321	-24.1839645208429
			59.8322997660993	-24.1839645208429
			59.8741405351665	-24.1839645208429
			59.9159813042337	-24.1839645208429
			59.9578220733009	-24.1839645208429
			59.9996628423681	-24.1839645208429
			60.0415036114353	-24.1839645208429
			60.0833443805025	-24.1421237517757
			60.1251851495697	-24.1421237517757
			60.1670259186369	-24.1421237517757
			60.2088666877041	-24.1421237517757
			60.2507074567713	-24.1002829827085
			60.2925482258385	-24.1002829827085
			60.3343889949057	-24.1002829827085
			60.3762297639729	-24.0584422136413
			60.4180705330401	-24.0584422136413
			60.4599113021073	-24.0166014445741
			60.5017520711745	-24.0166014445741
			60.5435928402417	-24.0166014445741
			60.5854336093089	-24.0166014445741
			60.6272743783761	-23.9747606755069
			60.6691151474433	-23.9747606755069
			60.7109559165105	-23.9747606755069
			60.7527966855777	-23.9747606755069
			60.7946374546449	-23.9329199064397
			60.8364782237122	-23.9329199064397
			60.8783189927794	-23.9329199064397
			60.9201597618466	-23.9329199064397
			60.9620005309138	-23.9329199064397
			60.9620005309138	-23.8910791373725
			61.003841299981	-23.8910791373725
			61.0456820690482	-23.8910791373725
			61.0875228381154	-23.8910791373725
			61.1293636071826	-23.8910791373725
			61.1712043762498	-23.8910791373725
			61.213045145317	-23.8910791373725
			61.2548859143842	-23.8910791373725
			61.2967266834514	-23.8910791373725
			61.3385674525186	-23.8910791373725
			61.3804082215858	-23.8910791373725
			61.422248990653	-23.8910791373725
			61.4640897597202	-23.8910791373725
			61.5059305287874	-23.8910791373725
			61.5477712978546	-23.8910791373725
			61.5896120669218	-23.9329199064397
			61.631452835989	-23.9329199064397
		</Adipose_caudal>
		<Caudal_anal type=matrix rownames=FALSE colnames=FALSE nrow=313 ncol=2 as.numeric=TRUE >
			61.631452835989	-28.7864491182352
			61.5896120669218	-28.7864491182352
			61.5477712978546	-28.7864491182352
			61.5059305287874	-28.8282898873024
			61.4640897597202	-28.8282898873024
			61.422248990653	-28.8282898873024
			61.3804082215858	-28.8282898873024
			61.3385674525186	-28.8282898873024
			61.2967266834514	-28.8282898873024
			61.2548859143842	-28.8282898873024
			61.213045145317	-28.8282898873024
			61.1712043762498	-28.8282898873024
			61.1293636071826	-28.8282898873024
			61.0875228381154	-28.8282898873024
			61.0456820690482	-28.8282898873024
			61.003841299981	-28.8282898873024
			60.9620005309138	-28.8282898873024
			60.9201597618466	-28.8282898873024
			60.8783189927794	-28.7864491182352
			60.8364782237122	-28.7864491182352
			60.7946374546449	-28.7864491182352
			60.7527966855777	-28.7864491182352
			60.7109559165105	-28.7864491182352
			60.6691151474433	-28.7864491182352
			60.6272743783761	-28.7864491182352
			60.5854336093089	-28.744608349168
			60.5435928402417	-28.744608349168
			60.5017520711745	-28.744608349168
			60.4599113021073	-28.744608349168
			60.4180705330401	-28.744608349168
			60.3762297639729	-28.744608349168
			60.3343889949057	-28.7027675801008
			60.2925482258385	-28.7027675801008
			60.2507074567713	-28.7027675801008
			60.2088666877041	-28.7027675801008
			60.1670259186369	-28.6609268110336
			60.1251851495697	-28.6609268110336
			60.0833443805025	-28.6609268110336
			60.0415036114353	-28.6609268110336
			59.9996628423681	-28.6190860419664
			59.9578220733009	-28.6190860419664
			59.9159813042337	-28.6190860419664
			59.8741405351665	-28.6190860419664
			59.8322997660993	-28.6190860419664
			59.7904589970321	-28.5772452728992
			59.7486182279649	-28.5772452728992
			59.7067774588977	-28.5772452728992
			59.6649366898305	-28.5772452728992
			59.6230959207633	-28.5772452728992
			59.5812551516961	-28.5772452728992
			59.5394143826289	-28.5772452728992
			59.4975736135617	-28.5772452728992
			59.4557328444945	-28.5772452728992
			59.4138920754273	-28.5772452728992
			59.3720513063601	-28.5772452728992
			59.3302105372929	-28.5772452728992
			59.2883697682257	-28.5772452728992
			59.2465289991585	-28.5772452728992
			59.2046882300913	-28.5772452728992
			59.1628474610241	-28.5772452728992
			59.1210066919569	-28.5772452728992
			59.0791659228897	-28.5772452728992
			59.0373251538225	-28.5772452728992
			58.9954843847553	-28.5772452728992
			58.9536436156881	-28.5772452728992
			58.9118028466208	-28.5772452728992
			58.8699620775536	-28.6190860419664
			58.8281213084864	-28.6190860419664
			58.7862805394192	-28.6190860419664
			58.744439770352	-28.6190860419664
			58.7025990012848	-28.6190860419664
			58.6607582322176	-28.6190860419664
			58.6189174631504	-28.6190860419664
			58.5770766940832	-28.6190860419664
			58.535235925016	-28.6190860419664
			58.4933951559488	-28.6190860419664
			58.4515543868816	-28.6190860419664
			58.4097136178144	-28.6190860419664
			58.3678728487472	-28.6190860419664
			58.32603207968	-28.6190860419664
			58.2841913106128	-28.6190860419664
			58.2423505415456	-28.6609268110336
			58.2005097724784	-28.6609268110336
			58.1586690034112	-28.6609268110336
			58.116828234344	-28.6609268110336
			58.0749874652768	-28.6609268110336
			58.0331466962096	-28.6609268110336
			57.9913059271424	-28.6609268110336
			57.9494651580752	-28.6609268110336
			57.907624389008	-28.6609268110336
			57.8657836199408	-28.6609268110336
			57.8239428508736	-28.6609268110336
			57.8239428508736	-28.7027675801008
			57.7821020818064	-28.7027675801008
			57.7402613127392	-28.7027675801008
			57.698420543672	-28.7027675801008
			57.6565797746048	-28.7027675801008
			57.6147390055376	-28.7027675801008
			57.5728982364704	-28.7027675801008
			57.5310574674032	-28.7027675801008
			57.489216698336	-28.7027675801008
			57.4473759292688	-28.7027675801008
			57.4055351602016	-28.744608349168
			57.3636943911344	-28.744608349168
			57.3218536220672	-28.744608349168
			57.280012853	-28.744608349168
			57.2381720839328	-28.744608349168
			57.1963313148656	-28.744608349168
			57.1544905457984	-28.744608349168
			57.1126497767311	-28.744608349168
			57.0708090076639	-28.7864491182352
			57.0289682385967	-28.7864491182352
			56.9871274695295	-28.7864491182352
			56.9452867004623	-28.7864491182352
			56.9034459313951	-28.7864491182352
			56.8616051623279	-28.7864491182352
			56.8197643932607	-28.7864491182352
			56.7779236241935	-28.7864491182352
			56.7360828551263	-28.7864491182352
			56.6942420860591	-28.8282898873024
			56.6524013169919	-28.8282898873024
			56.6105605479247	-28.8282898873024
			56.5687197788575	-28.8282898873024
			56.5268790097903	-28.8282898873024
			56.4850382407231	-28.8282898873024
			56.4431974716559	-28.8282898873024
			56.4013567025887	-28.8282898873024
			56.3595159335215	-28.8701306563696
			56.3176751644543	-28.8701306563696
			56.2758343953871	-28.8701306563696
			56.2339936263199	-28.8701306563696
			56.1921528572527	-28.8701306563696
			56.1503120881855	-28.8701306563696
			56.1084713191183	-28.8701306563696
			56.0666305500511	-28.9119714254368
			56.0247897809839	-28.9119714254368
			55.9829490119167	-28.9119714254368
			55.9411082428495	-28.9119714254368
			55.8992674737823	-28.9119714254368
			55.8574267047151	-28.9119714254368
			55.8155859356479	-28.9119714254368
			55.7737451665807	-28.9119714254368
			55.7319043975135	-28.953812194504
			55.6900636284463	-28.953812194504
			55.6482228593791	-28.953812194504
			55.6063820903119	-28.953812194504
			55.5645413212447	-28.953812194504
			55.5227005521775	-28.953812194504
			55.4808597831103	-28.953812194504
			55.4390190140431	-28.9956529635712
			55.3971782449759	-28.9956529635712
			55.3553374759086	-28.9956529635712
			55.3134967068414	-28.9956529635712
			55.2716559377742	-28.9956529635712
			55.229815168707	-28.9956529635712
			55.1879743996398	-28.9956529635712
			55.1461336305726	-29.0374937326384
			55.1042928615054	-29.0374937326384
			55.0624520924382	-29.0374937326384
			55.020611323371	-29.0374937326384
			54.9787705543038	-29.0374937326384
			54.9369297852366	-29.0374937326384
			54.8950890161694	-29.0374937326384
			54.8532482471022	-29.0374937326384
			54.8532482471022	-29.0793345017056
			54.811407478035	-29.0793345017056
			54.7695667089678	-29.0793345017056
			54.7277259399006	-29.0793345017056
			54.6858851708334	-29.0793345017056
			54.6440444017662	-29.0793345017056
			54.602203632699	-29.0793345017056
			54.5603628636318	-29.1211752707728
			54.5185220945646	-29.1211752707728
			54.4766813254974	-29.1211752707728
			54.4348405564302	-29.1211752707728
			54.392999787363	-29.1211752707728
			54.3511590182958	-29.1211752707728
			54.3093182492286	-29.1211752707728
			54.2674774801614	-29.16301603984
			54.2256367110942	-29.16301603984
			54.183795942027	-29.16301603984
			54.1419551729598	-29.16301603984
			54.1001144038926	-29.16301603984
			54.0582736348254	-29.16301603984
			54.0164328657582	-29.16301603984
			53.974592096691	-29.2048568089072
			53.9327513276238	-29.2048568089072
			53.8909105585566	-29.2048568089072
			53.8490697894894	-29.2048568089072
			53.8072290204222	-29.2048568089072
			53.765388251355	-29.2048568089072
			53.7235474822878	-29.2466975779744
			53.6817067132206	-29.2466975779744
			53.6398659441534	-29.2466975779744
			53.5980251750862	-29.2466975779744
			53.556184406019	-29.2466975779744
			53.5143436369518	-29.2466975779744
			53.4725028678846	-29.2885383470416
			53.4306620988173	-29.2885383470416
			53.3888213297501	-29.2885383470416
			53.3469805606829	-29.2885383470416
			53.3051397916157	-29.2885383470416
			53.2632990225485	-29.2885383470416
			53.2214582534813	-29.2885383470416
			53.1796174844141	-29.3303791161088
			53.1377767153469	-29.3303791161088
			53.0959359462797	-29.3303791161088
			53.0540951772125	-29.3303791161088
			53.0122544081453	-29.3303791161088
			52.9704136390781	-29.3303791161088
			52.9285728700109	-29.3303791161088
			52.8867321009437	-29.372219885176
			52.8448913318765	-29.372219885176
			52.8030505628093	-29.372219885176
			52.7612097937421	-29.372219885176
			52.7193690246749	-29.372219885176
			52.6775282556077	-29.372219885176
			52.6356874865405	-29.4140606542432
			52.5938467174733	-29.4140606542432
			52.5520059484061	-29.4140606542432
			52.5101651793389	-29.4140606542432
			52.4683244102717	-29.4140606542432
			52.4264836412045	-29.4140606542432
			52.3846428721373	-29.4559014233104
			52.3428021030701	-29.4559014233104
			52.3009613340029	-29.4559014233104
			52.2591205649357	-29.4559014233104
			52.2172797958685	-29.4559014233104
			52.1754390268013	-29.4559014233104
			52.1335982577341	-29.4977421923776
			52.0917574886669	-29.4977421923776
			52.0499167195997	-29.4977421923776
			52.0080759505325	-29.4977421923776
			51.9662351814653	-29.4977421923776
			51.9243944123981	-29.4977421923776
			51.8825536433309	-29.5395829614448
			51.8407128742637	-29.5395829614448
			51.7988721051965	-29.5395829614448
			51.7570313361293	-29.5395829614448
			51.7151905670621	-29.5395829614448
			51.6733497979948	-29.5395829614448
			51.6315090289276	-29.5395829614448
			51.6315090289276	-29.581423730512
			51.5896682598604	-29.581423730512
			51.5478274907932	-29.581423730512
			51.505986721726	-29.581423730512
			51.4641459526588	-29.581423730512
			51.4223051835916	-29.581423730512
			51.3804644145244	-29.6232644995792
			51.3386236454572	-29.6232644995792
			51.29678287639	-29.6232644995792
			51.2549421073228	-29.6232644995792
			51.2131013382556	-29.6232644995792
			51.1712605691884	-29.6232644995792
			51.1294198001212	-29.6232644995792
			51.087579031054	-29.6651052686464
			51.0457382619868	-29.6651052686464
			51.0038974929196	-29.6651052686464
			50.9620567238524	-29.6651052686464
			50.9202159547852	-29.6651052686464
			50.878375185718	-29.6651052686464
			50.878375185718	-29.7069460377136
			50.8365344166508	-29.7069460377136
			50.7946936475836	-29.7069460377136
			50.7528528785164	-29.7069460377136
			50.7110121094492	-29.7069460377136
			50.669171340382	-29.7069460377136
			50.6273305713148	-29.7487868067808
			50.5854898022476	-29.7487868067808
			50.5436490331804	-29.7487868067808
			50.5018082641132	-29.7487868067808
			50.459967495046	-29.7487868067808
			50.4181267259788	-29.7487868067808
			50.3762859569116	-29.790627575848
			50.3344451878444	-29.790627575848
			50.2926044187772	-29.790627575848
			50.25076364971	-29.790627575848
			50.2089228806428	-29.790627575848
			50.1670821115756	-29.790627575848
			50.1252413425084	-29.8324683449152
			50.0834005734412	-29.8324683449152
			50.041559804374	-29.8324683449152
			49.9997190353068	-29.8324683449152
			49.9578782662396	-29.8324683449152
			49.9160374971724	-29.8324683449152
			49.8741967281051	-29.8743091139824
			49.8323559590379	-29.8743091139824
			49.7905151899707	-29.8743091139824
			49.7486744209035	-29.8743091139824
			49.7068336518363	-29.8743091139824
			49.6649928827691	-29.8743091139824
			49.6231521137019	-29.9161498830496
			49.5813113446347	-29.9161498830496
			49.5394705755675	-29.9161498830496
			49.4976298065003	-29.9161498830496
			49.4557890374331	-29.9161498830496
			49.4139482683659	-29.9161498830496
			49.3721074992987	-29.9579906521169
			49.3302667302315	-29.9579906521169
			49.2884259611643	-29.9579906521169
			49.2465851920971	-29.9579906521169
			49.2047444230299	-29.9579906521169
			49.1629036539627	-29.9579906521169
			49.1629036539627	-29.9998314211841
			49.1210628848955	-29.9998314211841
			49.0792221158283	-29.9998314211841
			49.0373813467611	-29.9998314211841
			48.9955405776939	-29.9998314211841
			48.9536998086267	-29.9998314211841
			48.9118590395595	-29.9998314211841
			48.8700182704923	-30.0416721902513
			48.8281775014251	-30.0416721902513
			48.7863367323579	-30.0416721902513
		</Caudal_anal>
	</curves.scaled>
	<ruler.points type=matrix rownames=TRUE colnames=FALSE nrow=3 ncol=2 as.numeric=TRUE >
		Ruler point 1	893	818
		Ruler point 2	1013	818
		Ruler point 3	1132	817
	</ruler.points>
</shapes>

