<shapes type=list>
	<ruler.pixel type=vector names=FALSE length=1 as.numeric=TRUE >211.509456135133</ruler.pixel>
	<ruler.interval type=vector names=FALSE length=1 as.numeric=TRUE >5</ruler.interval>
	<scaling.units type=vector names=FALSE length=1 as.numeric=FALSE >mm</scaling.units>
	<scaling type=vector names=FALSE length=1 as.numeric=TRUE >0.0236396050151324</scaling>
	<landmarks.pixel type=matrix rownames=TRUE colnames=FALSE nrow=11 ncol=2 as.numeric=TRUE >
		Anterior_eye	1479	2500
		Posterior_eye	1613	2493
		Posterior_Maxilla	1674	2599
		Anterior_Maxilla	1447	2560
		Dorsal_fin_insertion	1956	2351
		Adipose_fin_insertion	2282	2480
		Dorsal_caudal	2478	2546
		Ventral_caudal	2456	2667
		Anal_fin_insertion	2112	2649
		Pelvic_fin_insertion	1911	2611
		Pectoral_fin_insertion	1780	2548
	</landmarks.pixel>
	<landmarks.scaled type=matrix rownames=TRUE colnames=FALSE nrow=11 ncol=2 as.numeric=TRUE >
		Anterior_eye	34.9629758173808	-59.0990125378309
		Posterior_eye	38.1306828894085	-58.933535302725
		Posterior_Maxilla	39.5726987953316	-61.439333434329
		Anterior_Maxilla	34.2065084568965	-60.5173888387388
		Dorsal_fin_insertion	46.2390674095989	-55.5767113905762
		Adipose_fin_insertion	53.945578644532	-58.6262204375282
		Dorsal_caudal	58.578941227498	-60.186434368527
		Ventral_caudal	58.0588699171651	-63.046826575358
		Anal_fin_insertion	49.9268457919595	-62.6213136850856
		Pelvic_fin_insertion	45.1752851839179	-61.7230086945106
		Pectoral_fin_insertion	42.0784969269356	-60.2337135785572
	</landmarks.scaled>
	<curves.control type=list>
		<Snout_dorsal type=matrix rownames=FALSE colnames=FALSE nrow=7 ncol=2 as.numeric=TRUE >
			1447	2560
			1399	2426
			1650	2362
			1766	2333
			1843	2344
			1923	2356
			1956	2351
		</Snout_dorsal>
		<Dorsal_adipose type=matrix rownames=FALSE colnames=FALSE nrow=5 ncol=2 as.numeric=TRUE >
			1956	2351
			2031	2371
			2156	2445
			2228	2479
			2282	2480
		</Dorsal_adipose>
		<Adipose_caudal type=matrix rownames=FALSE colnames=FALSE nrow=7 ncol=2 as.numeric=TRUE >
			2282	2480
			2304	2483
			2313	2498
			2398	2529
			2441	2534
			2463	2532
			2478	2546
		</Adipose_caudal>
		<Caudal_anal type=matrix rownames=FALSE colnames=FALSE nrow=7 ncol=2 as.numeric=TRUE >
			2456	2667
			2436	2672
			2412	2660
			2364	2651
			2278	2645
			2248	2659
			2112	2649
		</Caudal_anal>
	</curves.control>
	<curves.pixel type=list>
		<Snout_dorsal type=matrix rownames=FALSE colnames=FALSE nrow=613 ncol=2 as.numeric=TRUE >
			1447	2560
			1447	2559
			1446	2558
			1446	2557
			1446	2556
			1445	2555
			1445	2554
			1445	2553
			1444	2552
			1444	2551
			1444	2550
			1443	2549
			1443	2548
			1443	2547
			1443	2546
			1443	2545
			1442	2544
			1442	2543
			1442	2542
			1442	2541
			1441	2540
			1441	2539
			1441	2538
			1441	2537
			1441	2536
			1441	2535
			1440	2534
			1440	2533
			1440	2532
			1440	2531
			1440	2530
			1440	2529
			1440	2528
			1440	2527
			1440	2526
			1439	2525
			1439	2524
			1439	2523
			1439	2522
			1439	2521
			1439	2520
			1439	2519
			1439	2518
			1439	2517
			1439	2516
			1439	2515
			1439	2514
			1439	2513
			1440	2512
			1440	2511
			1440	2510
			1440	2509
			1440	2508
			1440	2507
			1440	2506
			1440	2505
			1440	2504
			1441	2503
			1441	2502
			1441	2501
			1441	2500
			1441	2499
			1442	2498
			1442	2497
			1442	2496
			1442	2495
			1443	2494
			1443	2493
			1443	2492
			1443	2491
			1444	2490
			1444	2489
			1444	2488
			1445	2487
			1445	2486
			1445	2485
			1446	2485
			1446	2484
			1446	2483
			1447	2482
			1447	2481
			1447	2480
			1448	2479
			1448	2478
			1449	2478
			1449	2477
			1450	2476
			1450	2475
			1450	2474
			1451	2473
			1451	2472
			1452	2471
			1453	2470
			1453	2469
			1454	2468
			1455	2467
			1455	2466
			1456	2465
			1457	2464
			1457	2463
			1458	2462
			1459	2461
			1459	2460
			1460	2459
			1461	2458
			1462	2457
			1463	2456
			1463	2455
			1464	2454
			1465	2453
			1466	2452
			1467	2451
			1468	2450
			1468	2449
			1469	2448
			1470	2447
			1471	2446
			1472	2445
			1473	2444
			1474	2443
			1475	2442
			1476	2441
			1477	2441
			1478	2440
			1479	2439
			1480	2438
			1481	2437
			1482	2436
			1483	2435
			1484	2434
			1485	2433
			1486	2433
			1487	2432
			1488	2431
			1489	2430
			1490	2429
			1491	2429
			1492	2428
			1493	2427
			1494	2427
			1495	2426
			1495	2425
			1496	2425
			1497	2424
			1498	2424
			1499	2423
			1500	2422
			1501	2422
			1502	2421
			1503	2420
			1504	2420
			1505	2419
			1506	2419
			1507	2418
			1508	2417
			1509	2417
			1510	2416
			1511	2416
			1512	2415
			1513	2414
			1514	2414
			1515	2413
			1516	2413
			1517	2412
			1518	2411
			1519	2411
			1520	2410
			1521	2410
			1522	2409
			1523	2408
			1524	2408
			1525	2407
			1526	2407
			1527	2406
			1528	2406
			1529	2405
			1530	2405
			1531	2405
			1531	2404
			1532	2404
			1533	2403
			1534	2403
			1535	2402
			1536	2402
			1537	2401
			1538	2401
			1539	2400
			1540	2400
			1541	2399
			1542	2399
			1543	2398
			1544	2398
			1545	2397
			1546	2397
			1547	2396
			1548	2396
			1549	2396
			1550	2395
			1551	2395
			1552	2394
			1553	2394
			1554	2394
			1554	2393
			1555	2393
			1556	2393
			1557	2392
			1558	2392
			1559	2391
			1560	2391
			1561	2391
			1562	2390
			1563	2390
			1564	2389
			1565	2389
			1566	2389
			1567	2388
			1568	2388
			1569	2387
			1570	2387
			1571	2387
			1572	2386
			1573	2386
			1574	2385
			1575	2385
			1576	2385
			1577	2384
			1578	2384
			1579	2384
			1580	2383
			1581	2383
			1582	2382
			1583	2382
			1584	2382
			1585	2381
			1586	2381
			1587	2381
			1588	2380
			1589	2380
			1590	2380
			1591	2379
			1592	2379
			1593	2379
			1594	2378
			1595	2378
			1596	2378
			1597	2377
			1598	2377
			1599	2377
			1600	2377
			1601	2376
			1602	2376
			1603	2376
			1604	2375
			1605	2375
			1606	2375
			1606	2374
			1607	2374
			1608	2374
			1609	2373
			1610	2373
			1611	2373
			1612	2372
			1613	2372
			1614	2372
			1615	2372
			1616	2371
			1617	2371
			1618	2371
			1619	2371
			1619	2370
			1620	2370
			1621	2370
			1622	2370
			1623	2369
			1624	2369
			1625	2369
			1626	2369
			1627	2368
			1628	2368
			1629	2368
			1630	2367
			1631	2367
			1632	2367
			1633	2367
			1633	2366
			1634	2366
			1635	2366
			1636	2366
			1637	2365
			1638	2365
			1639	2365
			1640	2365
			1641	2364
			1642	2364
			1643	2364
			1644	2364
			1645	2363
			1646	2363
			1647	2363
			1648	2362
			1649	2362
			1650	2362
			1651	2362
			1652	2362
			1653	2361
			1654	2361
			1655	2361
			1656	2361
			1657	2360
			1658	2360
			1659	2360
			1660	2360
			1661	2359
			1662	2359
			1663	2359
			1664	2359
			1665	2358
			1666	2358
			1667	2358
			1668	2358
			1669	2358
			1669	2357
			1670	2357
			1671	2357
			1672	2357
			1673	2357
			1674	2356
			1675	2356
			1676	2356
			1677	2356
			1678	2356
			1678	2355
			1679	2355
			1680	2355
			1681	2355
			1682	2355
			1683	2354
			1684	2354
			1685	2354
			1686	2354
			1687	2354
			1687	2353
			1688	2353
			1689	2353
			1690	2353
			1691	2353
			1692	2353
			1693	2352
			1694	2352
			1695	2352
			1696	2352
			1697	2352
			1698	2351
			1699	2351
			1700	2351
			1701	2351
			1702	2351
			1703	2350
			1704	2350
			1705	2350
			1706	2350
			1707	2350
			1708	2350
			1709	2349
			1710	2349
			1711	2349
			1712	2349
			1713	2349
			1714	2349
			1715	2348
			1716	2348
			1717	2348
			1718	2348
			1719	2348
			1720	2347
			1721	2347
			1722	2347
			1723	2347
			1724	2347
			1725	2347
			1726	2347
			1727	2347
			1727	2346
			1728	2346
			1729	2346
			1730	2346
			1731	2346
			1732	2346
			1733	2346
			1734	2346
			1735	2345
			1736	2345
			1737	2345
			1738	2345
			1739	2345
			1740	2345
			1741	2345
			1742	2345
			1743	2344
			1744	2344
			1745	2344
			1746	2344
			1747	2344
			1748	2344
			1749	2344
			1750	2344
			1751	2344
			1752	2343
			1753	2343
			1754	2343
			1755	2343
			1756	2343
			1757	2343
			1758	2343
			1759	2343
			1760	2343
			1761	2343
			1762	2342
			1763	2342
			1764	2342
			1765	2342
			1766	2342
			1767	2342
			1768	2342
			1769	2342
			1770	2342
			1771	2342
			1772	2342
			1773	2342
			1774	2342
			1775	2342
			1776	2342
			1777	2341
			1778	2341
			1779	2341
			1780	2341
			1781	2341
			1782	2341
			1783	2341
			1784	2341
			1785	2341
			1786	2341
			1787	2341
			1788	2341
			1789	2341
			1790	2341
			1791	2341
			1792	2341
			1793	2341
			1794	2341
			1795	2341
			1796	2341
			1797	2341
			1798	2341
			1799	2341
			1800	2341
			1801	2341
			1802	2341
			1803	2341
			1804	2341
			1805	2341
			1806	2341
			1807	2341
			1808	2341
			1809	2341
			1810	2341
			1811	2341
			1812	2341
			1813	2341
			1814	2341
			1815	2341
			1816	2341
			1817	2341
			1818	2342
			1819	2342
			1820	2342
			1821	2342
			1822	2342
			1823	2342
			1824	2342
			1825	2342
			1826	2342
			1827	2342
			1828	2342
			1829	2342
			1830	2342
			1831	2343
			1832	2343
			1833	2343
			1834	2343
			1835	2343
			1836	2343
			1837	2343
			1838	2343
			1839	2343
			1840	2344
			1841	2344
			1842	2344
			1843	2344
			1844	2344
			1845	2344
			1846	2344
			1847	2345
			1848	2345
			1849	2345
			1850	2345
			1851	2345
			1852	2345
			1853	2345
			1854	2346
			1855	2346
			1856	2346
			1857	2346
			1858	2346
			1859	2346
			1860	2346
			1861	2347
			1862	2347
			1863	2347
			1864	2347
			1865	2347
			1866	2347
			1867	2347
			1868	2347
			1868	2348
			1869	2348
			1870	2348
			1871	2348
			1872	2348
			1873	2348
			1874	2348
			1875	2348
			1876	2348
			1877	2349
			1878	2349
			1879	2349
			1880	2349
			1881	2349
			1882	2349
			1883	2349
			1884	2349
			1885	2350
			1886	2350
			1887	2350
			1888	2350
			1889	2350
			1890	2350
			1891	2350
			1892	2350
			1893	2350
			1894	2350
			1895	2351
			1896	2351
			1897	2351
			1898	2351
			1899	2351
			1900	2351
			1901	2351
			1902	2351
			1903	2351
			1904	2351
			1905	2351
			1906	2351
			1907	2351
			1908	2352
			1909	2352
			1910	2352
			1911	2352
			1912	2352
			1913	2352
			1914	2352
			1915	2352
			1916	2352
			1917	2352
			1918	2352
			1919	2352
			1920	2352
			1921	2352
			1922	2352
			1923	2352
			1924	2352
			1925	2352
			1926	2352
			1927	2352
			1928	2352
			1929	2352
			1930	2352
			1931	2352
			1932	2352
			1933	2352
			1934	2352
			1935	2352
			1936	2352
			1937	2352
			1938	2352
			1939	2352
			1940	2352
			1941	2352
			1942	2352
			1943	2352
			1944	2352
			1945	2352
			1946	2352
			1947	2352
			1948	2352
			1949	2352
			1950	2352
			1951	2352
			1952	2351
			1953	2351
			1954	2351
			1955	2351
			1956	2351
		</Snout_dorsal>
		<Dorsal_adipose type=matrix rownames=FALSE colnames=FALSE nrow=341 ncol=2 as.numeric=TRUE >
			1956	2351
			1957	2351
			1958	2351
			1959	2352
			1960	2352
			1961	2352
			1962	2353
			1963	2353
			1964	2353
			1965	2354
			1966	2354
			1967	2354
			1968	2355
			1969	2355
			1970	2355
			1971	2355
			1971	2356
			1972	2356
			1973	2356
			1974	2356
			1975	2357
			1976	2357
			1977	2357
			1978	2358
			1979	2358
			1980	2358
			1981	2359
			1982	2359
			1983	2359
			1984	2360
			1985	2360
			1986	2360
			1987	2361
			1988	2361
			1989	2361
			1990	2362
			1991	2362
			1992	2363
			1993	2363
			1994	2363
			1995	2364
			1996	2364
			1997	2365
			1998	2365
			1999	2365
			2000	2366
			2001	2366
			2002	2367
			2003	2367
			2004	2367
			2005	2368
			2006	2368
			2007	2369
			2008	2369
			2009	2369
			2010	2370
			2011	2370
			2012	2371
			2013	2371
			2014	2371
			2014	2372
			2015	2372
			2016	2372
			2017	2373
			2018	2373
			2019	2374
			2020	2374
			2021	2374
			2022	2375
			2023	2375
			2024	2376
			2025	2376
			2026	2376
			2027	2377
			2028	2377
			2029	2378
			2030	2378
			2031	2379
			2032	2379
			2033	2380
			2034	2380
			2035	2380
			2036	2381
			2037	2381
			2038	2382
			2039	2382
			2040	2383
			2041	2383
			2042	2384
			2043	2384
			2044	2385
			2045	2385
			2046	2386
			2047	2386
			2048	2387
			2049	2387
			2050	2388
			2051	2388
			2052	2388
			2053	2389
			2054	2389
			2055	2390
			2056	2391
			2057	2391
			2058	2392
			2059	2392
			2060	2393
			2061	2393
			2062	2394
			2063	2394
			2064	2395
			2065	2395
			2066	2395
			2066	2396
			2067	2396
			2068	2396
			2068	2397
			2069	2397
			2070	2397
			2070	2398
			2071	2398
			2072	2398
			2072	2399
			2073	2399
			2074	2399
			2074	2400
			2075	2400
			2076	2400
			2076	2401
			2077	2401
			2078	2402
			2079	2402
			2080	2403
			2081	2403
			2082	2404
			2083	2404
			2084	2405
			2085	2405
			2086	2406
			2087	2406
			2088	2407
			2089	2407
			2090	2408
			2091	2408
			2092	2409
			2093	2409
			2094	2410
			2095	2410
			2096	2411
			2097	2412
			2098	2412
			2099	2413
			2100	2413
			2101	2414
			2102	2414
			2103	2415
			2104	2415
			2105	2416
			2106	2416
			2107	2417
			2108	2417
			2109	2418
			2110	2419
			2111	2419
			2112	2420
			2113	2420
			2114	2421
			2115	2421
			2116	2422
			2117	2423
			2118	2423
			2119	2424
			2120	2424
			2121	2425
			2122	2425
			2123	2426
			2124	2427
			2125	2427
			2126	2428
			2127	2428
			2128	2429
			2129	2430
			2130	2430
			2131	2431
			2132	2431
			2133	2432
			2134	2432
			2135	2433
			2136	2433
			2137	2434
			2138	2435
			2139	2435
			2140	2436
			2141	2436
			2142	2437
			2143	2437
			2144	2438
			2145	2438
			2145	2439
			2146	2439
			2147	2440
			2148	2440
			2149	2441
			2150	2442
			2151	2442
			2152	2443
			2153	2443
			2154	2444
			2155	2444
			2156	2445
			2157	2445
			2158	2446
			2159	2446
			2160	2447
			2161	2447
			2162	2448
			2163	2448
			2164	2449
			2165	2449
			2166	2450
			2167	2450
			2168	2451
			2169	2451
			2170	2451
			2170	2452
			2171	2452
			2172	2452
			2173	2453
			2174	2453
			2175	2454
			2176	2454
			2177	2454
			2178	2455
			2179	2455
			2180	2455
			2181	2456
			2182	2457
			2183	2457
			2184	2457
			2185	2458
			2186	2458
			2187	2459
			2188	2459
			2189	2459
			2190	2459
			2190	2460
			2191	2460
			2192	2460
			2193	2461
			2194	2461
			2195	2462
			2196	2462
			2197	2462
			2198	2463
			2199	2463
			2200	2463
			2201	2464
			2202	2464
			2203	2464
			2204	2465
			2205	2465
			2206	2465
			2207	2466
			2208	2466
			2209	2466
			2210	2467
			2211	2467
			2212	2467
			2213	2468
			2214	2468
			2215	2468
			2216	2468
			2216	2469
			2217	2469
			2218	2469
			2219	2470
			2220	2470
			2221	2470
			2222	2470
			2223	2471
			2224	2471
			2225	2471
			2226	2472
			2227	2472
			2228	2472
			2229	2472
			2230	2472
			2231	2473
			2232	2473
			2233	2473
			2234	2473
			2234	2474
			2235	2474
			2236	2474
			2237	2474
			2238	2474
			2239	2475
			2240	2475
			2241	2475
			2242	2475
			2243	2475
			2243	2476
			2244	2476
			2245	2476
			2246	2476
			2247	2476
			2248	2476
			2249	2477
			2250	2477
			2251	2477
			2252	2477
			2253	2477
			2254	2478
			2255	2478
			2256	2478
			2257	2478
			2258	2478
			2259	2478
			2260	2478
			2261	2478
			2262	2479
			2263	2479
			2264	2479
			2265	2479
			2266	2479
			2267	2479
			2268	2479
			2269	2479
			2270	2479
			2271	2479
			2272	2480
			2273	2480
			2274	2480
			2275	2480
			2276	2480
			2277	2480
			2278	2480
			2279	2480
			2280	2480
			2281	2480
			2282	2480
		</Dorsal_adipose>
		<Adipose_caudal type=matrix rownames=FALSE colnames=FALSE nrow=205 ncol=2 as.numeric=TRUE >
			2282	2480
			2283	2480
			2284	2480
			2285	2480
			2286	2481
			2287	2481
			2288	2481
			2289	2481
			2290	2482
			2291	2482
			2292	2482
			2293	2483
			2294	2483
			2295	2483
			2296	2484
			2297	2484
			2298	2484
			2299	2485
			2300	2486
			2301	2486
			2302	2487
			2303	2487
			2304	2488
			2305	2489
			2306	2490
			2307	2491
			2308	2491
			2309	2492
			2310	2493
			2310	2494
			2311	2495
			2312	2496
			2312	2497
			2313	2498
			2314	2498
			2315	2499
			2316	2499
			2317	2499
			2318	2500
			2319	2500
			2320	2501
			2321	2501
			2322	2501
			2323	2502
			2324	2502
			2325	2502
			2326	2503
			2327	2503
			2328	2504
			2329	2504
			2330	2504
			2331	2504
			2331	2505
			2332	2505
			2333	2505
			2334	2505
			2335	2506
			2336	2506
			2337	2507
			2338	2507
			2339	2507
			2340	2508
			2341	2508
			2342	2508
			2343	2509
			2344	2509
			2345	2509
			2346	2510
			2347	2510
			2348	2510
			2349	2511
			2350	2511
			2351	2511
			2352	2512
			2353	2512
			2354	2512
			2355	2513
			2356	2513
			2357	2513
			2358	2514
			2359	2514
			2360	2514
			2361	2515
			2362	2515
			2363	2515
			2364	2515
			2365	2516
			2366	2516
			2367	2516
			2368	2517
			2369	2517
			2370	2517
			2371	2518
			2372	2518
			2373	2518
			2374	2519
			2375	2519
			2376	2519
			2377	2519
			2378	2520
			2379	2520
			2380	2520
			2381	2521
			2382	2521
			2383	2521
			2384	2521
			2385	2522
			2386	2522
			2387	2522
			2388	2523
			2389	2523
			2390	2523
			2391	2523
			2392	2524
			2393	2524
			2394	2524
			2395	2524
			2395	2525
			2396	2525
			2397	2525
			2398	2525
			2399	2526
			2400	2526
			2401	2526
			2402	2526
			2403	2527
			2404	2527
			2405	2527
			2406	2527
			2407	2528
			2408	2528
			2409	2528
			2410	2528
			2411	2529
			2412	2529
			2413	2529
			2414	2529
			2415	2530
			2416	2530
			2417	2530
			2418	2530
			2419	2530
			2420	2531
			2421	2531
			2422	2531
			2423	2531
			2424	2531
			2425	2531
			2425	2532
			2426	2532
			2427	2532
			2428	2532
			2429	2532
			2430	2532
			2431	2533
			2432	2533
			2433	2533
			2434	2533
			2435	2533
			2436	2533
			2437	2534
			2438	2534
			2439	2534
			2440	2534
			2441	2534
			2442	2534
			2443	2534
			2444	2534
			2445	2534
			2446	2534
			2447	2534
			2448	2534
			2449	2534
			2450	2534
			2451	2534
			2452	2534
			2453	2534
			2454	2534
			2455	2534
			2456	2535
			2457	2535
			2458	2535
			2459	2535
			2460	2536
			2461	2536
			2462	2536
			2463	2536
			2463	2537
			2464	2537
			2465	2537
			2466	2538
			2467	2538
			2468	2539
			2469	2539
			2470	2540
			2471	2540
			2472	2541
			2472	2542
			2473	2542
			2474	2543
			2475	2543
			2476	2544
			2477	2545
			2477	2546
			2478	2546
		</Adipose_caudal>
		<Caudal_anal type=matrix rownames=FALSE colnames=FALSE nrow=346 ncol=2 as.numeric=TRUE >
			2456	2667
			2455	2667
			2454	2667
			2453	2668
			2452	2668
			2451	2668
			2450	2668
			2449	2668
			2448	2668
			2447	2668
			2446	2668
			2445	2668
			2444	2668
			2443	2668
			2442	2668
			2441	2668
			2440	2668
			2439	2668
			2438	2668
			2437	2668
			2436	2668
			2435	2668
			2434	2668
			2433	2667
			2432	2667
			2431	2667
			2430	2667
			2429	2666
			2428	2666
			2427	2666
			2426	2666
			2425	2665
			2424	2665
			2423	2665
			2422	2664
			2421	2664
			2420	2664
			2419	2663
			2418	2663
			2417	2662
			2416	2662
			2415	2661
			2414	2661
			2413	2661
			2412	2660
			2411	2660
			2410	2660
			2409	2659
			2408	2659
			2407	2659
			2406	2659
			2405	2659
			2404	2659
			2403	2658
			2402	2658
			2401	2658
			2400	2658
			2399	2658
			2398	2658
			2397	2657
			2396	2657
			2395	2657
			2394	2657
			2393	2657
			2392	2657
			2391	2657
			2390	2656
			2389	2656
			2388	2656
			2387	2656
			2386	2656
			2385	2656
			2384	2655
			2383	2655
			2382	2655
			2381	2655
			2380	2655
			2379	2655
			2378	2655
			2377	2654
			2376	2654
			2375	2654
			2374	2654
			2373	2654
			2372	2654
			2371	2654
			2370	2654
			2369	2653
			2368	2653
			2367	2653
			2366	2653
			2365	2653
			2364	2653
			2363	2653
			2362	2653
			2361	2652
			2360	2652
			2359	2652
			2358	2652
			2357	2652
			2356	2652
			2355	2652
			2354	2652
			2353	2652
			2352	2651
			2351	2651
			2350	2651
			2349	2651
			2348	2651
			2347	2651
			2346	2651
			2345	2651
			2344	2651
			2343	2651
			2342	2650
			2341	2650
			2340	2650
			2339	2650
			2338	2650
			2337	2650
			2336	2650
			2335	2650
			2334	2650
			2333	2650
			2332	2649
			2331	2649
			2330	2649
			2329	2649
			2328	2649
			2327	2649
			2326	2649
			2325	2649
			2324	2649
			2323	2649
			2322	2648
			2321	2648
			2320	2648
			2319	2648
			2318	2648
			2317	2648
			2316	2648
			2315	2648
			2314	2648
			2313	2648
			2312	2648
			2311	2648
			2310	2647
			2309	2647
			2308	2647
			2307	2647
			2306	2647
			2305	2647
			2304	2647
			2303	2647
			2302	2647
			2301	2647
			2300	2647
			2299	2647
			2298	2646
			2297	2646
			2296	2646
			2295	2646
			2294	2646
			2293	2646
			2292	2646
			2291	2646
			2290	2646
			2289	2646
			2288	2646
			2287	2646
			2286	2646
			2285	2646
			2284	2645
			2283	2645
			2282	2645
			2281	2645
			2280	2645
			2279	2645
			2278	2645
			2277	2645
			2277	2646
			2276	2646
			2275	2646
			2274	2647
			2273	2647
			2272	2647
			2271	2647
			2270	2648
			2269	2648
			2268	2648
			2267	2649
			2266	2649
			2265	2649
			2264	2649
			2263	2649
			2262	2650
			2261	2650
			2260	2650
			2259	2650
			2258	2650
			2257	2650
			2256	2651
			2255	2651
			2254	2651
			2253	2651
			2252	2651
			2251	2651
			2250	2651
			2249	2651
			2248	2652
			2247	2652
			2246	2652
			2245	2652
			2244	2652
			2243	2652
			2242	2652
			2241	2652
			2240	2652
			2239	2652
			2238	2652
			2237	2652
			2236	2652
			2235	2653
			2234	2653
			2233	2653
			2232	2653
			2231	2653
			2230	2653
			2229	2653
			2228	2653
			2227	2653
			2226	2653
			2225	2653
			2224	2653
			2223	2653
			2222	2653
			2221	2653
			2220	2653
			2219	2653
			2218	2653
			2217	2653
			2216	2653
			2215	2653
			2214	2653
			2213	2653
			2212	2653
			2211	2653
			2210	2653
			2209	2653
			2208	2653
			2207	2653
			2206	2653
			2205	2653
			2204	2653
			2203	2653
			2202	2653
			2201	2653
			2200	2653
			2199	2653
			2198	2653
			2197	2653
			2196	2653
			2195	2653
			2194	2653
			2193	2653
			2192	2653
			2191	2653
			2190	2653
			2189	2653
			2188	2653
			2187	2653
			2186	2653
			2185	2653
			2184	2653
			2183	2653
			2182	2653
			2181	2653
			2180	2653
			2179	2653
			2178	2653
			2177	2653
			2176	2653
			2175	2653
			2174	2653
			2173	2652
			2172	2652
			2171	2652
			2170	2652
			2169	2652
			2168	2652
			2167	2652
			2166	2652
			2165	2652
			2164	2652
			2163	2652
			2162	2652
			2161	2652
			2160	2652
			2159	2652
			2158	2652
			2157	2652
			2156	2652
			2155	2652
			2154	2652
			2153	2652
			2152	2652
			2151	2651
			2150	2651
			2149	2651
			2148	2651
			2147	2651
			2146	2651
			2145	2651
			2144	2651
			2143	2651
			2142	2651
			2141	2651
			2140	2651
			2139	2651
			2138	2651
			2137	2651
			2136	2651
			2135	2651
			2134	2650
			2133	2650
			2132	2650
			2131	2650
			2130	2650
			2129	2650
			2128	2650
			2127	2650
			2126	2650
			2125	2650
			2124	2650
			2123	2650
			2122	2650
			2121	2650
			2120	2650
			2119	2650
			2118	2649
			2117	2649
			2116	2649
			2115	2649
			2114	2649
			2113	2649
			2112	2649
		</Caudal_anal>
	</curves.pixel>
	<curves.scaled type=list>
		<Snout_dorsal type=matrix rownames=FALSE colnames=FALSE nrow=613 ncol=2 as.numeric=TRUE >
			34.2065084568965	-60.5173888387388
			34.2065084568965	-60.4937492337237
			34.1828688518814	-60.4701096287086
			34.1828688518814	-60.4464700236934
			34.1828688518814	-60.4228304186783
			34.1592292468663	-60.3991908136632
			34.1592292468663	-60.375551208648
			34.1592292468663	-60.3519116036329
			34.1355896418511	-60.3282719986178
			34.1355896418511	-60.3046323936026
			34.1355896418511	-60.2809927885875
			34.111950036836	-60.2573531835724
			34.111950036836	-60.2337135785572
			34.111950036836	-60.2100739735421
			34.111950036836	-60.186434368527
			34.111950036836	-60.1627947635118
			34.0883104318209	-60.1391551584967
			34.0883104318209	-60.1155155534816
			34.0883104318209	-60.0918759484664
			34.0883104318209	-60.0682363434513
			34.0646708268057	-60.0445967384362
			34.0646708268057	-60.020957133421
			34.0646708268057	-59.9973175284059
			34.0646708268057	-59.9736779233908
			34.0646708268057	-59.9500383183757
			34.0646708268057	-59.9263987133605
			34.0410312217906	-59.9027591083454
			34.0410312217906	-59.8791195033303
			34.0410312217906	-59.8554798983151
			34.0410312217906	-59.8318402933
			34.0410312217906	-59.8082006882849
			34.0410312217906	-59.7845610832697
			34.0410312217906	-59.7609214782546
			34.0410312217906	-59.7372818732395
			34.0410312217906	-59.7136422682243
			34.0173916167755	-59.6900026632092
			34.0173916167755	-59.6663630581941
			34.0173916167755	-59.6427234531789
			34.0173916167755	-59.6190838481638
			34.0173916167755	-59.5954442431487
			34.0173916167755	-59.5718046381335
			34.0173916167755	-59.5481650331184
			34.0173916167755	-59.5245254281033
			34.0173916167755	-59.5008858230881
			34.0173916167755	-59.477246218073
			34.0173916167755	-59.4536066130579
			34.0173916167755	-59.4299670080427
			34.0173916167755	-59.4063274030276
			34.0410312217906	-59.3826877980125
			34.0410312217906	-59.3590481929973
			34.0410312217906	-59.3354085879822
			34.0410312217906	-59.3117689829671
			34.0410312217906	-59.2881293779519
			34.0410312217906	-59.2644897729368
			34.0410312217906	-59.2408501679217
			34.0410312217906	-59.2172105629066
			34.0410312217906	-59.1935709578914
			34.0646708268057	-59.1699313528763
			34.0646708268057	-59.1462917478611
			34.0646708268057	-59.122652142846
			34.0646708268057	-59.0990125378309
			34.0646708268057	-59.0753729328158
			34.0883104318209	-59.0517333278006
			34.0883104318209	-59.0280937227855
			34.0883104318209	-59.0044541177704
			34.0883104318209	-58.9808145127552
			34.111950036836	-58.9571749077401
			34.111950036836	-58.933535302725
			34.111950036836	-58.9098956977098
			34.111950036836	-58.8862560926947
			34.1355896418511	-58.8626164876796
			34.1355896418511	-58.8389768826644
			34.1355896418511	-58.8153372776493
			34.1592292468663	-58.7916976726342
			34.1592292468663	-58.768058067619
			34.1592292468663	-58.7444184626039
			34.1828688518814	-58.7444184626039
			34.1828688518814	-58.7207788575888
			34.1828688518814	-58.6971392525736
			34.2065084568965	-58.6734996475585
			34.2065084568965	-58.6498600425434
			34.2065084568965	-58.6262204375282
			34.2301480619116	-58.6025808325131
			34.2301480619116	-58.578941227498
			34.2537876669268	-58.578941227498
			34.2537876669268	-58.5553016224828
			34.2774272719419	-58.5316620174677
			34.2774272719419	-58.5080224124526
			34.2774272719419	-58.4843828074374
			34.301066876957	-58.4607432024223
			34.301066876957	-58.4371035974072
			34.3247064819722	-58.413463992392
			34.3483460869873	-58.3898243873769
			34.3483460869873	-58.3661847823618
			34.3719856920024	-58.3425451773467
			34.3956252970176	-58.3189055723315
			34.3956252970176	-58.2952659673164
			34.4192649020327	-58.2716263623013
			34.4429045070478	-58.2479867572861
			34.4429045070478	-58.224347152271
			34.466544112063	-58.2007075472559
			34.4901837170781	-58.1770679422407
			34.4901837170781	-58.1534283372256
			34.5138233220932	-58.1297887322105
			34.5374629271084	-58.1061491271953
			34.5611025321235	-58.0825095221802
			34.5847421371386	-58.0588699171651
			34.5847421371386	-58.0352303121499
			34.6083817421538	-58.0115907071348
			34.6320213471689	-57.9879511021197
			34.655660952184	-57.9643114971045
			34.6793005571992	-57.9406718920894
			34.7029401622143	-57.9170322870743
			34.7029401622143	-57.8933926820591
			34.7265797672294	-57.869753077044
			34.7502193722446	-57.8461134720289
			34.7738589772597	-57.8224738670137
			34.7974985822748	-57.7988342619986
			34.82113818729	-57.7751946569835
			34.8447777923051	-57.7515550519683
			34.8684173973202	-57.7279154469532
			34.8920570023354	-57.7042758419381
			34.9156966073505	-57.7042758419381
			34.9393362123656	-57.6806362369229
			34.9629758173808	-57.6569966319078
			34.9866154223959	-57.6333570268927
			35.010255027411	-57.6097174218775
			35.0338946324261	-57.5860778168624
			35.0575342374413	-57.5624382118473
			35.0811738424564	-57.5387986068322
			35.1048134474715	-57.515159001817
			35.1284530524867	-57.515159001817
			35.1520926575018	-57.4915193968019
			35.1757322625169	-57.4678797917868
			35.1993718675321	-57.4442401867716
			35.2230114725472	-57.4206005817565
			35.2466510775623	-57.4206005817565
			35.2702906825775	-57.3969609767414
			35.2939302875926	-57.3733213717262
			35.3175698926077	-57.3733213717262
			35.3412094976229	-57.3496817667111
			35.3412094976229	-57.326042161696
			35.364849102638	-57.326042161696
			35.3884887076531	-57.3024025566808
			35.4121283126683	-57.3024025566808
			35.4357679176834	-57.2787629516657
			35.4594075226985	-57.2551233466506
			35.4830471277137	-57.2551233466506
			35.5066867327288	-57.2314837416354
			35.5303263377439	-57.2078441366203
			35.5539659427591	-57.2078441366203
			35.5776055477742	-57.1842045316052
			35.6012451527893	-57.1842045316052
			35.6248847578045	-57.16056492659
			35.6485243628196	-57.1369253215749
			35.6721639678347	-57.1369253215749
			35.6958035728499	-57.1132857165598
			35.719443177865	-57.1132857165598
			35.7430827828801	-57.0896461115446
			35.7667223878952	-57.0660065065295
			35.7903619929104	-57.0660065065295
			35.8140015979255	-57.0423669015144
			35.8376412029407	-57.0423669015144
			35.8612808079558	-57.0187272964992
			35.8849204129709	-56.9950876914841
			35.908560017986	-56.9950876914841
			35.9321996230012	-56.971448086469
			35.9558392280163	-56.971448086469
			35.9794788330314	-56.9478084814538
			36.0031184380466	-56.9241688764387
			36.0267580430617	-56.9241688764387
			36.0503976480768	-56.9005292714236
			36.074037253092	-56.9005292714236
			36.0976768581071	-56.8768896664084
			36.1213164631222	-56.8768896664084
			36.1449560681374	-56.8532500613933
			36.1685956731525	-56.8532500613933
			36.1922352781676	-56.8532500613933
			36.1922352781676	-56.8296104563782
			36.2158748831828	-56.8296104563782
			36.2395144881979	-56.805970851363
			36.263154093213	-56.805970851363
			36.2867936982282	-56.7823312463479
			36.3104333032433	-56.7823312463479
			36.3340729082584	-56.7586916413328
			36.3577125132736	-56.7586916413328
			36.3813521182887	-56.7350520363177
			36.4049917233038	-56.7350520363177
			36.428631328319	-56.7114124313025
			36.4522709333341	-56.7114124313025
			36.4759105383492	-56.6877728262874
			36.4995501433644	-56.6877728262874
			36.5231897483795	-56.6641332212723
			36.5468293533946	-56.6641332212723
			36.5704689584098	-56.6404936162571
			36.5941085634249	-56.6404936162571
			36.61774816844	-56.6404936162571
			36.6413877734552	-56.616854011242
			36.6650273784703	-56.616854011242
			36.6886669834854	-56.5932144062269
			36.7123065885005	-56.5932144062269
			36.7359461935157	-56.5932144062269
			36.7359461935157	-56.5695748012117
			36.7595857985308	-56.5695748012117
			36.7832254035459	-56.5695748012117
			36.8068650085611	-56.5459351961966
			36.8305046135762	-56.5459351961966
			36.8541442185913	-56.5222955911815
			36.8777838236065	-56.5222955911815
			36.9014234286216	-56.5222955911815
			36.9250630336367	-56.4986559861663
			36.9487026386519	-56.4986559861663
			36.972342243667	-56.4750163811512
			36.9959818486821	-56.4750163811512
			37.0196214536973	-56.4750163811512
			37.0432610587124	-56.4513767761361
			37.0669006637275	-56.4513767761361
			37.0905402687427	-56.4277371711209
			37.1141798737578	-56.4277371711209
			37.1378194787729	-56.4277371711209
			37.1614590837881	-56.4040975661058
			37.1850986888032	-56.4040975661058
			37.2087382938183	-56.3804579610907
			37.2323778988335	-56.3804579610907
			37.2560175038486	-56.3804579610907
			37.2796571088637	-56.3568183560755
			37.3032967138789	-56.3568183560755
			37.326936318894	-56.3568183560755
			37.3505759239091	-56.3331787510604
			37.3742155289243	-56.3331787510604
			37.3978551339394	-56.3095391460453
			37.4214947389545	-56.3095391460453
			37.4451343439696	-56.3095391460453
			37.4687739489848	-56.2858995410301
			37.4924135539999	-56.2858995410301
			37.516053159015	-56.2858995410301
			37.5396927640302	-56.262259936015
			37.5633323690453	-56.262259936015
			37.5869719740604	-56.262259936015
			37.6106115790756	-56.2386203309999
			37.6342511840907	-56.2386203309999
			37.6578907891058	-56.2386203309999
			37.681530394121	-56.2149807259847
			37.7051699991361	-56.2149807259847
			37.7288096041512	-56.2149807259847
			37.7524492091664	-56.1913411209696
			37.7760888141815	-56.1913411209696
			37.7997284191966	-56.1913411209696
			37.8233680242118	-56.1913411209696
			37.8470076292269	-56.1677015159545
			37.870647234242	-56.1677015159545
			37.8942868392572	-56.1677015159545
			37.9179264442723	-56.1440619109393
			37.9415660492874	-56.1440619109393
			37.9652056543026	-56.1440619109393
			37.9652056543026	-56.1204223059242
			37.9888452593177	-56.1204223059242
			38.0124848643328	-56.1204223059242
			38.036124469348	-56.0967827009091
			38.0597640743631	-56.0967827009091
			38.0834036793782	-56.0967827009091
			38.1070432843934	-56.0731430958939
			38.1306828894085	-56.0731430958939
			38.1543224944236	-56.0731430958939
			38.1779620994388	-56.0731430958939
			38.2016017044539	-56.0495034908788
			38.225241309469	-56.0495034908788
			38.2488809144841	-56.0495034908788
			38.2725205194993	-56.0495034908788
			38.2725205194993	-56.0258638858637
			38.2961601245144	-56.0258638858637
			38.3197997295295	-56.0258638858637
			38.3434393345447	-56.0258638858637
			38.3670789395598	-56.0022242808486
			38.3907185445749	-56.0022242808486
			38.4143581495901	-56.0022242808486
			38.4379977546052	-56.0022242808486
			38.4616373596203	-55.9785846758334
			38.4852769646355	-55.9785846758334
			38.5089165696506	-55.9785846758334
			38.5325561746657	-55.9549450708183
			38.5561957796809	-55.9549450708183
			38.579835384696	-55.9549450708183
			38.6034749897111	-55.9549450708183
			38.6034749897111	-55.9313054658031
			38.6271145947263	-55.9313054658031
			38.6507541997414	-55.9313054658031
			38.6743938047565	-55.9313054658031
			38.6980334097717	-55.907665860788
			38.7216730147868	-55.907665860788
			38.7453126198019	-55.907665860788
			38.7689522248171	-55.907665860788
			38.7925918298322	-55.8840262557729
			38.8162314348473	-55.8840262557729
			38.8398710398625	-55.8840262557729
			38.8635106448776	-55.8840262557729
			38.8871502498927	-55.8603866507578
			38.9107898549079	-55.8603866507578
			38.934429459923	-55.8603866507578
			38.9580690649381	-55.8367470457426
			38.9817086699532	-55.8367470457426
			39.0053482749684	-55.8367470457426
			39.0289878799835	-55.8367470457426
			39.0526274849987	-55.8367470457426
			39.0762670900138	-55.8131074407275
			39.0999066950289	-55.8131074407275
			39.123546300044	-55.8131074407275
			39.1471859050592	-55.8131074407275
			39.1708255100743	-55.7894678357124
			39.1944651150894	-55.7894678357124
			39.2181047201046	-55.7894678357124
			39.2417443251197	-55.7894678357124
			39.2653839301348	-55.7658282306972
			39.28902353515	-55.7658282306972
			39.3126631401651	-55.7658282306972
			39.3363027451802	-55.7658282306972
			39.3599423501954	-55.7421886256821
			39.3835819552105	-55.7421886256821
			39.4072215602256	-55.7421886256821
			39.4308611652408	-55.7421886256821
			39.4545007702559	-55.7421886256821
			39.4545007702559	-55.718549020667
			39.478140375271	-55.718549020667
			39.5017799802862	-55.718549020667
			39.5254195853013	-55.718549020667
			39.5490591903164	-55.718549020667
			39.5726987953316	-55.6949094156518
			39.5963384003467	-55.6949094156518
			39.6199780053618	-55.6949094156518
			39.643617610377	-55.6949094156518
			39.6672572153921	-55.6949094156518
			39.6672572153921	-55.6712698106367
			39.6908968204072	-55.6712698106367
			39.7145364254224	-55.6712698106367
			39.7381760304375	-55.6712698106367
			39.7618156354526	-55.6712698106367
			39.7854552404678	-55.6476302056216
			39.8090948454829	-55.6476302056216
			39.832734450498	-55.6476302056216
			39.8563740555132	-55.6476302056216
			39.8800136605283	-55.6476302056216
			39.8800136605283	-55.6239906006064
			39.9036532655434	-55.6239906006064
			39.9272928705585	-55.6239906006064
			39.9509324755737	-55.6239906006064
			39.9745720805888	-55.6239906006064
			39.9982116856039	-55.6239906006064
			40.0218512906191	-55.6003509955913
			40.0454908956342	-55.6003509955913
			40.0691305006493	-55.6003509955913
			40.0927701056645	-55.6003509955913
			40.1164097106796	-55.6003509955913
			40.1400493156947	-55.5767113905762
			40.1636889207099	-55.5767113905762
			40.187328525725	-55.5767113905762
			40.2109681307401	-55.5767113905762
			40.2346077357553	-55.5767113905762
			40.2582473407704	-55.553071785561
			40.2818869457855	-55.553071785561
			40.3055265508007	-55.553071785561
			40.3291661558158	-55.553071785561
			40.3528057608309	-55.553071785561
			40.3764453658461	-55.553071785561
			40.4000849708612	-55.5294321805459
			40.4237245758763	-55.5294321805459
			40.4473641808915	-55.5294321805459
			40.4710037859066	-55.5294321805459
			40.4946433909217	-55.5294321805459
			40.5182829959369	-55.5294321805459
			40.541922600952	-55.5057925755308
			40.5655622059671	-55.5057925755308
			40.5892018109823	-55.5057925755308
			40.6128414159974	-55.5057925755308
			40.6364810210125	-55.5057925755308
			40.6601206260276	-55.4821529705156
			40.6837602310428	-55.4821529705156
			40.7073998360579	-55.4821529705156
			40.731039441073	-55.4821529705156
			40.7546790460882	-55.4821529705156
			40.7783186511033	-55.4821529705156
			40.8019582561184	-55.4821529705156
			40.8255978611336	-55.4821529705156
			40.8255978611336	-55.4585133655005
			40.8492374661487	-55.4585133655005
			40.8728770711638	-55.4585133655005
			40.896516676179	-55.4585133655005
			40.9201562811941	-55.4585133655005
			40.9437958862092	-55.4585133655005
			40.9674354912244	-55.4585133655005
			40.9910750962395	-55.4585133655005
			41.0147147012546	-55.4348737604854
			41.0383543062698	-55.4348737604854
			41.0619939112849	-55.4348737604854
			41.0856335163	-55.4348737604854
			41.1092731213152	-55.4348737604854
			41.1329127263303	-55.4348737604854
			41.1565523313454	-55.4348737604854
			41.1801919363606	-55.4348737604854
			41.2038315413757	-55.4112341554702
			41.2274711463908	-55.4112341554702
			41.251110751406	-55.4112341554702
			41.2747503564211	-55.4112341554702
			41.2983899614362	-55.4112341554702
			41.3220295664514	-55.4112341554702
			41.3456691714665	-55.4112341554702
			41.3693087764816	-55.4112341554702
			41.3929483814968	-55.4112341554702
			41.4165879865119	-55.3875945504551
			41.440227591527	-55.3875945504551
			41.4638671965422	-55.3875945504551
			41.4875068015573	-55.3875945504551
			41.5111464065724	-55.3875945504551
			41.5347860115875	-55.3875945504551
			41.5584256166027	-55.3875945504551
			41.5820652216178	-55.3875945504551
			41.6057048266329	-55.3875945504551
			41.6293444316481	-55.3875945504551
			41.6529840366632	-55.36395494544
			41.6766236416783	-55.36395494544
			41.7002632466935	-55.36395494544
			41.7239028517086	-55.36395494544
			41.7475424567237	-55.36395494544
			41.7711820617389	-55.36395494544
			41.794821666754	-55.36395494544
			41.8184612717691	-55.36395494544
			41.8421008767843	-55.36395494544
			41.8657404817994	-55.36395494544
			41.8893800868145	-55.36395494544
			41.9130196918297	-55.36395494544
			41.9366592968448	-55.36395494544
			41.9602989018599	-55.36395494544
			41.9839385068751	-55.36395494544
			42.0075781118902	-55.3403153404248
			42.0312177169053	-55.3403153404248
			42.0548573219205	-55.3403153404248
			42.0784969269356	-55.3403153404248
			42.1021365319507	-55.3403153404248
			42.1257761369659	-55.3403153404248
			42.149415741981	-55.3403153404248
			42.1730553469961	-55.3403153404248
			42.1966949520113	-55.3403153404248
			42.2203345570264	-55.3403153404248
			42.2439741620415	-55.3403153404248
			42.2676137670567	-55.3403153404248
			42.2912533720718	-55.3403153404248
			42.3148929770869	-55.3403153404248
			42.338532582102	-55.3403153404248
			42.3621721871172	-55.3403153404248
			42.3858117921323	-55.3403153404248
			42.4094513971474	-55.3403153404248
			42.4330910021626	-55.3403153404248
			42.4567306071777	-55.3403153404248
			42.4803702121928	-55.3403153404248
			42.504009817208	-55.3403153404248
			42.5276494222231	-55.3403153404248
			42.5512890272382	-55.3403153404248
			42.5749286322534	-55.3403153404248
			42.5985682372685	-55.3403153404248
			42.6222078422836	-55.3403153404248
			42.6458474472988	-55.3403153404248
			42.6694870523139	-55.3403153404248
			42.693126657329	-55.3403153404248
			42.7167662623442	-55.3403153404248
			42.7404058673593	-55.3403153404248
			42.7640454723744	-55.3403153404248
			42.7876850773896	-55.3403153404248
			42.8113246824047	-55.3403153404248
			42.8349642874198	-55.3403153404248
			42.858603892435	-55.3403153404248
			42.8822434974501	-55.3403153404248
			42.9058831024652	-55.3403153404248
			42.9295227074804	-55.3403153404248
			42.9531623124955	-55.3403153404248
			42.9768019175106	-55.36395494544
			43.0004415225258	-55.36395494544
			43.0240811275409	-55.36395494544
			43.047720732556	-55.36395494544
			43.0713603375712	-55.36395494544
			43.0949999425863	-55.36395494544
			43.1186395476014	-55.36395494544
			43.1422791526165	-55.36395494544
			43.1659187576317	-55.36395494544
			43.1895583626468	-55.36395494544
			43.2131979676619	-55.36395494544
			43.2368375726771	-55.36395494544
			43.2604771776922	-55.36395494544
			43.2841167827073	-55.3875945504551
			43.3077563877225	-55.3875945504551
			43.3313959927376	-55.3875945504551
			43.3550355977527	-55.3875945504551
			43.3786752027679	-55.3875945504551
			43.402314807783	-55.3875945504551
			43.4259544127981	-55.3875945504551
			43.4495940178133	-55.3875945504551
			43.4732336228284	-55.3875945504551
			43.4968732278435	-55.4112341554702
			43.5205128328587	-55.4112341554702
			43.5441524378738	-55.4112341554702
			43.5677920428889	-55.4112341554702
			43.5914316479041	-55.4112341554702
			43.6150712529192	-55.4112341554702
			43.6387108579343	-55.4112341554702
			43.6623504629495	-55.4348737604854
			43.6859900679646	-55.4348737604854
			43.7096296729797	-55.4348737604854
			43.7332692779949	-55.4348737604854
			43.75690888301	-55.4348737604854
			43.7805484880251	-55.4348737604854
			43.8041880930403	-55.4348737604854
			43.8278276980554	-55.4585133655005
			43.8514673030705	-55.4585133655005
			43.8751069080856	-55.4585133655005
			43.8987465131008	-55.4585133655005
			43.9223861181159	-55.4585133655005
			43.9460257231311	-55.4585133655005
			43.9696653281462	-55.4585133655005
			43.9933049331613	-55.4821529705156
			44.0169445381764	-55.4821529705156
			44.0405841431916	-55.4821529705156
			44.0642237482067	-55.4821529705156
			44.0878633532218	-55.4821529705156
			44.111502958237	-55.4821529705156
			44.1351425632521	-55.4821529705156
			44.1587821682672	-55.4821529705156
			44.1587821682672	-55.5057925755308
			44.1824217732824	-55.5057925755308
			44.2060613782975	-55.5057925755308
			44.2297009833126	-55.5057925755308
			44.2533405883278	-55.5057925755308
			44.2769801933429	-55.5057925755308
			44.300619798358	-55.5057925755308
			44.3242594033732	-55.5057925755308
			44.3478990083883	-55.5057925755308
			44.3715386134034	-55.5294321805459
			44.3951782184186	-55.5294321805459
			44.4188178234337	-55.5294321805459
			44.4424574284488	-55.5294321805459
			44.466097033464	-55.5294321805459
			44.4897366384791	-55.5294321805459
			44.5133762434942	-55.5294321805459
			44.5370158485094	-55.5294321805459
			44.5606554535245	-55.553071785561
			44.5842950585396	-55.553071785561
			44.6079346635548	-55.553071785561
			44.6315742685699	-55.553071785561
			44.655213873585	-55.553071785561
			44.6788534786002	-55.553071785561
			44.7024930836153	-55.553071785561
			44.7261326886304	-55.553071785561
			44.7497722936455	-55.553071785561
			44.7734118986607	-55.553071785561
			44.7970515036758	-55.5767113905762
			44.8206911086909	-55.5767113905762
			44.8443307137061	-55.5767113905762
			44.8679703187212	-55.5767113905762
			44.8916099237363	-55.5767113905762
			44.9152495287515	-55.5767113905762
			44.9388891337666	-55.5767113905762
			44.9625287387817	-55.5767113905762
			44.9861683437969	-55.5767113905762
			45.009807948812	-55.5767113905762
			45.0334475538271	-55.5767113905762
			45.0570871588423	-55.5767113905762
			45.0807267638574	-55.5767113905762
			45.1043663688725	-55.6003509955913
			45.1280059738877	-55.6003509955913
			45.1516455789028	-55.6003509955913
			45.1752851839179	-55.6003509955913
			45.1989247889331	-55.6003509955913
			45.2225643939482	-55.6003509955913
			45.2462039989633	-55.6003509955913
			45.2698436039785	-55.6003509955913
			45.2934832089936	-55.6003509955913
			45.3171228140087	-55.6003509955913
			45.3407624190239	-55.6003509955913
			45.364402024039	-55.6003509955913
			45.3880416290541	-55.6003509955913
			45.4116812340693	-55.6003509955913
			45.4353208390844	-55.6003509955913
			45.4589604440995	-55.6003509955913
			45.4826000491147	-55.6003509955913
			45.5062396541298	-55.6003509955913
			45.5298792591449	-55.6003509955913
			45.55351886416	-55.6003509955913
			45.5771584691752	-55.6003509955913
			45.6007980741903	-55.6003509955913
			45.6244376792054	-55.6003509955913
			45.6480772842206	-55.6003509955913
			45.6717168892357	-55.6003509955913
			45.6953564942508	-55.6003509955913
			45.718996099266	-55.6003509955913
			45.7426357042811	-55.6003509955913
			45.7662753092962	-55.6003509955913
			45.7899149143114	-55.6003509955913
			45.8135545193265	-55.6003509955913
			45.8371941243416	-55.6003509955913
			45.8608337293568	-55.6003509955913
			45.8844733343719	-55.6003509955913
			45.908112939387	-55.6003509955913
			45.9317525444022	-55.6003509955913
			45.9553921494173	-55.6003509955913
			45.9790317544324	-55.6003509955913
			46.0026713594476	-55.6003509955913
			46.0263109644627	-55.6003509955913
			46.0499505694778	-55.6003509955913
			46.073590174493	-55.6003509955913
			46.0972297795081	-55.6003509955913
			46.1208693845232	-55.6003509955913
			46.1445089895384	-55.5767113905762
			46.1681485945535	-55.5767113905762
			46.1917881995686	-55.5767113905762
			46.2154278045838	-55.5767113905762
			46.2390674095989	-55.5767113905762
		</Snout_dorsal>
		<Dorsal_adipose type=matrix rownames=FALSE colnames=FALSE nrow=341 ncol=2 as.numeric=TRUE >
			46.2390674095989	-55.5767113905762
			46.262707014614	-55.5767113905762
			46.2863466196291	-55.5767113905762
			46.3099862246443	-55.6003509955913
			46.3336258296594	-55.6003509955913
			46.3572654346745	-55.6003509955913
			46.3809050396897	-55.6239906006064
			46.4045446447048	-55.6239906006064
			46.4281842497199	-55.6239906006064
			46.4518238547351	-55.6476302056216
			46.4754634597502	-55.6476302056216
			46.4991030647653	-55.6476302056216
			46.5227426697805	-55.6712698106367
			46.5463822747956	-55.6712698106367
			46.5700218798107	-55.6712698106367
			46.5936614848259	-55.6712698106367
			46.5936614848259	-55.6949094156518
			46.617301089841	-55.6949094156518
			46.6409406948561	-55.6949094156518
			46.6645802998713	-55.6949094156518
			46.6882199048864	-55.718549020667
			46.7118595099015	-55.718549020667
			46.7354991149167	-55.718549020667
			46.7591387199318	-55.7421886256821
			46.7827783249469	-55.7421886256821
			46.8064179299621	-55.7421886256821
			46.8300575349772	-55.7658282306972
			46.8536971399923	-55.7658282306972
			46.8773367450075	-55.7658282306972
			46.9009763500226	-55.7894678357124
			46.9246159550377	-55.7894678357124
			46.9482555600529	-55.7894678357124
			46.971895165068	-55.8131074407275
			46.9955347700831	-55.8131074407275
			47.0191743750983	-55.8131074407275
			47.0428139801134	-55.8367470457426
			47.0664535851285	-55.8367470457426
			47.0900931901436	-55.8603866507578
			47.1137327951588	-55.8603866507578
			47.1373724001739	-55.8603866507578
			47.1610120051891	-55.8840262557729
			47.1846516102042	-55.8840262557729
			47.2082912152193	-55.907665860788
			47.2319308202344	-55.907665860788
			47.2555704252496	-55.907665860788
			47.2792100302647	-55.9313054658031
			47.3028496352798	-55.9313054658031
			47.326489240295	-55.9549450708183
			47.3501288453101	-55.9549450708183
			47.3737684503252	-55.9549450708183
			47.3974080553404	-55.9785846758334
			47.4210476603555	-55.9785846758334
			47.4446872653706	-56.0022242808486
			47.4683268703858	-56.0022242808486
			47.4919664754009	-56.0022242808486
			47.515606080416	-56.0258638858637
			47.5392456854312	-56.0258638858637
			47.5628852904463	-56.0495034908788
			47.5865248954614	-56.0495034908788
			47.6101645004766	-56.0495034908788
			47.6101645004766	-56.0731430958939
			47.6338041054917	-56.0731430958939
			47.6574437105068	-56.0731430958939
			47.681083315522	-56.0967827009091
			47.7047229205371	-56.0967827009091
			47.7283625255522	-56.1204223059242
			47.7520021305674	-56.1204223059242
			47.7756417355825	-56.1204223059242
			47.7992813405976	-56.1440619109393
			47.8229209456128	-56.1440619109393
			47.8465605506279	-56.1677015159545
			47.870200155643	-56.1677015159545
			47.8938397606582	-56.1677015159545
			47.9174793656733	-56.1913411209696
			47.9411189706884	-56.1913411209696
			47.9647585757035	-56.2149807259847
			47.9883981807187	-56.2149807259847
			48.0120377857338	-56.2386203309999
			48.0356773907489	-56.2386203309999
			48.0593169957641	-56.262259936015
			48.0829566007792	-56.262259936015
			48.1065962057943	-56.262259936015
			48.1302358108095	-56.2858995410301
			48.1538754158246	-56.2858995410301
			48.1775150208397	-56.3095391460453
			48.2011546258549	-56.3095391460453
			48.22479423087	-56.3331787510604
			48.2484338358851	-56.3331787510604
			48.2720734409003	-56.3568183560755
			48.2957130459154	-56.3568183560755
			48.3193526509305	-56.3804579610907
			48.3429922559457	-56.3804579610907
			48.3666318609608	-56.4040975661058
			48.3902714659759	-56.4040975661058
			48.4139110709911	-56.4277371711209
			48.4375506760062	-56.4277371711209
			48.4611902810213	-56.4513767761361
			48.4848298860365	-56.4513767761361
			48.5084694910516	-56.4513767761361
			48.5321090960667	-56.4750163811512
			48.5557487010819	-56.4750163811512
			48.579388306097	-56.4986559861663
			48.6030279111121	-56.5222955911815
			48.6266675161273	-56.5222955911815
			48.6503071211424	-56.5459351961966
			48.6739467261575	-56.5459351961966
			48.6975863311727	-56.5695748012117
			48.7212259361878	-56.5695748012117
			48.7448655412029	-56.5932144062269
			48.768505146218	-56.5932144062269
			48.7921447512332	-56.616854011242
			48.8157843562483	-56.616854011242
			48.8394239612634	-56.616854011242
			48.8394239612634	-56.6404936162571
			48.8630635662786	-56.6404936162571
			48.8867031712937	-56.6404936162571
			48.8867031712937	-56.6641332212723
			48.9103427763088	-56.6641332212723
			48.933982381324	-56.6641332212723
			48.933982381324	-56.6877728262874
			48.9576219863391	-56.6877728262874
			48.9812615913542	-56.6877728262874
			48.9812615913542	-56.7114124313025
			49.0049011963694	-56.7114124313025
			49.0285408013845	-56.7114124313025
			49.0285408013845	-56.7350520363177
			49.0521804063996	-56.7350520363177
			49.0758200114148	-56.7350520363177
			49.0758200114148	-56.7586916413328
			49.0994596164299	-56.7586916413328
			49.123099221445	-56.7823312463479
			49.1467388264602	-56.7823312463479
			49.1703784314753	-56.805970851363
			49.1940180364904	-56.805970851363
			49.2176576415056	-56.8296104563782
			49.2412972465207	-56.8296104563782
			49.2649368515358	-56.8532500613933
			49.288576456551	-56.8532500613933
			49.3122160615661	-56.8768896664084
			49.3358556665812	-56.8768896664084
			49.3594952715964	-56.9005292714236
			49.3831348766115	-56.9005292714236
			49.4067744816266	-56.9241688764387
			49.4304140866418	-56.9241688764387
			49.4540536916569	-56.9478084814538
			49.477693296672	-56.9478084814538
			49.5013329016871	-56.971448086469
			49.5249725067023	-56.971448086469
			49.5486121117174	-56.9950876914841
			49.5722517167325	-57.0187272964992
			49.5958913217477	-57.0187272964992
			49.6195309267628	-57.0423669015144
			49.6431705317779	-57.0423669015144
			49.6668101367931	-57.0660065065295
			49.6904497418082	-57.0660065065295
			49.7140893468233	-57.0896461115446
			49.7377289518385	-57.0896461115446
			49.7613685568536	-57.1132857165598
			49.7850081618687	-57.1132857165598
			49.8086477668839	-57.1369253215749
			49.832287371899	-57.1369253215749
			49.8559269769141	-57.16056492659
			49.8795665819293	-57.1842045316052
			49.9032061869444	-57.1842045316052
			49.9268457919595	-57.2078441366203
			49.9504853969747	-57.2078441366203
			49.9741250019898	-57.2314837416354
			49.9977646070049	-57.2314837416354
			50.0214042120201	-57.2551233466506
			50.0450438170352	-57.2787629516657
			50.0686834220503	-57.2787629516657
			50.0923230270655	-57.3024025566808
			50.1159626320806	-57.3024025566808
			50.1396022370957	-57.326042161696
			50.1632418421109	-57.326042161696
			50.186881447126	-57.3496817667111
			50.2105210521411	-57.3733213717262
			50.2341606571563	-57.3733213717262
			50.2578002621714	-57.3969609767414
			50.2814398671865	-57.3969609767414
			50.3050794722016	-57.4206005817565
			50.3287190772168	-57.4442401867716
			50.3523586822319	-57.4442401867716
			50.3759982872471	-57.4678797917868
			50.3996378922622	-57.4678797917868
			50.4232774972773	-57.4915193968019
			50.4469171022924	-57.4915193968019
			50.4705567073076	-57.515159001817
			50.4941963123227	-57.515159001817
			50.5178359173378	-57.5387986068322
			50.541475522353	-57.5624382118473
			50.5651151273681	-57.5624382118473
			50.5887547323832	-57.5860778168624
			50.6123943373984	-57.5860778168624
			50.6360339424135	-57.6097174218775
			50.6596735474286	-57.6097174218775
			50.6833131524438	-57.6333570268927
			50.7069527574589	-57.6333570268927
			50.7069527574589	-57.6569966319078
			50.730592362474	-57.6569966319078
			50.7542319674892	-57.6806362369229
			50.7778715725043	-57.6806362369229
			50.8015111775194	-57.7042758419381
			50.8251507825346	-57.7279154469532
			50.8487903875497	-57.7279154469532
			50.8724299925648	-57.7515550519683
			50.89606959758	-57.7515550519683
			50.9197092025951	-57.7751946569835
			50.9433488076102	-57.7751946569835
			50.9669884126254	-57.7988342619986
			50.9906280176405	-57.7988342619986
			51.0142676226556	-57.8224738670137
			51.0379072276708	-57.8224738670137
			51.0615468326859	-57.8461134720289
			51.085186437701	-57.8461134720289
			51.1088260427162	-57.869753077044
			51.1324656477313	-57.869753077044
			51.1561052527464	-57.8933926820591
			51.1797448577615	-57.8933926820591
			51.2033844627767	-57.9170322870743
			51.2270240677918	-57.9170322870743
			51.2506636728069	-57.9406718920894
			51.2743032778221	-57.9406718920894
			51.2979428828372	-57.9406718920894
			51.2979428828372	-57.9643114971045
			51.3215824878523	-57.9643114971045
			51.3452220928675	-57.9643114971045
			51.3688616978826	-57.9879511021197
			51.3925013028977	-57.9879511021197
			51.4161409079129	-58.0115907071348
			51.439780512928	-58.0115907071348
			51.4634201179431	-58.0115907071348
			51.4870597229583	-58.0352303121499
			51.5106993279734	-58.0352303121499
			51.5343389329885	-58.0352303121499
			51.5579785380037	-58.0588699171651
			51.5816181430188	-58.0825095221802
			51.6052577480339	-58.0825095221802
			51.6288973530491	-58.0825095221802
			51.6525369580642	-58.1061491271953
			51.6761765630793	-58.1061491271953
			51.6998161680945	-58.1297887322105
			51.7234557731096	-58.1297887322105
			51.7470953781247	-58.1297887322105
			51.7707349831399	-58.1297887322105
			51.7707349831399	-58.1534283372256
			51.794374588155	-58.1534283372256
			51.8180141931701	-58.1534283372256
			51.8416537981853	-58.1770679422407
			51.8652934032004	-58.1770679422407
			51.8889330082155	-58.2007075472559
			51.9125726132307	-58.2007075472559
			51.9362122182458	-58.2007075472559
			51.9598518232609	-58.224347152271
			51.983491428276	-58.224347152271
			52.0071310332912	-58.224347152271
			52.0307706383063	-58.2479867572861
			52.0544102433214	-58.2479867572861
			52.0780498483366	-58.2479867572861
			52.1016894533517	-58.2716263623013
			52.1253290583668	-58.2716263623013
			52.148968663382	-58.2716263623013
			52.1726082683971	-58.2952659673164
			52.1962478734122	-58.2952659673164
			52.2198874784274	-58.2952659673164
			52.2435270834425	-58.3189055723315
			52.2671666884576	-58.3189055723315
			52.2908062934728	-58.3189055723315
			52.3144458984879	-58.3425451773467
			52.338085503503	-58.3425451773467
			52.3617251085182	-58.3425451773467
			52.3853647135333	-58.3425451773467
			52.3853647135333	-58.3661847823618
			52.4090043185484	-58.3661847823618
			52.4326439235636	-58.3661847823618
			52.4562835285787	-58.3898243873769
			52.4799231335938	-58.3898243873769
			52.503562738609	-58.3898243873769
			52.5272023436241	-58.3898243873769
			52.5508419486392	-58.413463992392
			52.5744815536544	-58.413463992392
			52.5981211586695	-58.413463992392
			52.6217607636846	-58.4371035974072
			52.6454003686998	-58.4371035974072
			52.6690399737149	-58.4371035974072
			52.69267957873	-58.4371035974072
			52.7163191837451	-58.4371035974072
			52.7399587887603	-58.4607432024223
			52.7635983937754	-58.4607432024223
			52.7872379987905	-58.4607432024223
			52.8108776038057	-58.4607432024223
			52.8108776038057	-58.4843828074374
			52.8345172088208	-58.4843828074374
			52.8581568138359	-58.4843828074374
			52.8817964188511	-58.4843828074374
			52.9054360238662	-58.4843828074374
			52.9290756288813	-58.5080224124526
			52.9527152338965	-58.5080224124526
			52.9763548389116	-58.5080224124526
			52.9999944439267	-58.5080224124526
			53.0236340489419	-58.5080224124526
			53.0236340489419	-58.5316620174677
			53.047273653957	-58.5316620174677
			53.0709132589721	-58.5316620174677
			53.0945528639873	-58.5316620174677
			53.1181924690024	-58.5316620174677
			53.1418320740175	-58.5316620174677
			53.1654716790327	-58.5553016224828
			53.1891112840478	-58.5553016224828
			53.2127508890629	-58.5553016224828
			53.2363904940781	-58.5553016224828
			53.2600300990932	-58.5553016224828
			53.2836697041083	-58.578941227498
			53.3073093091235	-58.578941227498
			53.3309489141386	-58.578941227498
			53.3545885191537	-58.578941227498
			53.3782281241689	-58.578941227498
			53.401867729184	-58.578941227498
			53.4255073341991	-58.578941227498
			53.4491469392143	-58.578941227498
			53.4727865442294	-58.6025808325131
			53.4964261492445	-58.6025808325131
			53.5200657542597	-58.6025808325131
			53.5437053592748	-58.6025808325131
			53.5673449642899	-58.6025808325131
			53.590984569305	-58.6025808325131
			53.6146241743202	-58.6025808325131
			53.6382637793353	-58.6025808325131
			53.6619033843504	-58.6025808325131
			53.6855429893656	-58.6025808325131
			53.7091825943807	-58.6262204375282
			53.7328221993958	-58.6262204375282
			53.756461804411	-58.6262204375282
			53.7801014094261	-58.6262204375282
			53.8037410144412	-58.6262204375282
			53.8273806194564	-58.6262204375282
			53.8510202244715	-58.6262204375282
			53.8746598294866	-58.6262204375282
			53.8982994345018	-58.6262204375282
			53.9219390395169	-58.6262204375282
			53.945578644532	-58.6262204375282
		</Dorsal_adipose>
		<Adipose_caudal type=matrix rownames=FALSE colnames=FALSE nrow=205 ncol=2 as.numeric=TRUE >
			53.945578644532	-58.6262204375282
			53.9692182495472	-58.6262204375282
			53.9928578545623	-58.6262204375282
			54.0164974595774	-58.6262204375282
			54.0401370645926	-58.6498600425434
			54.0637766696077	-58.6498600425434
			54.0874162746228	-58.6498600425434
			54.111055879638	-58.6498600425434
			54.1346954846531	-58.6734996475585
			54.1583350896682	-58.6734996475585
			54.1819746946834	-58.6734996475585
			54.2056142996985	-58.6971392525736
			54.2292539047136	-58.6971392525736
			54.2528935097288	-58.6971392525736
			54.2765331147439	-58.7207788575888
			54.300172719759	-58.7207788575888
			54.3238123247742	-58.7207788575888
			54.3474519297893	-58.7444184626039
			54.3710915348044	-58.768058067619
			54.3947311398195	-58.768058067619
			54.4183707448347	-58.7916976726342
			54.4420103498498	-58.7916976726342
			54.4656499548649	-58.8153372776493
			54.4892895598801	-58.8389768826644
			54.5129291648952	-58.8626164876796
			54.5365687699103	-58.8862560926947
			54.5602083749255	-58.8862560926947
			54.5838479799406	-58.9098956977098
			54.6074875849557	-58.933535302725
			54.6074875849557	-58.9571749077401
			54.6311271899709	-58.9808145127552
			54.654766794986	-59.0044541177704
			54.654766794986	-59.0280937227855
			54.6784064000011	-59.0517333278006
			54.7020460050163	-59.0517333278006
			54.7256856100314	-59.0753729328158
			54.7493252150465	-59.0753729328158
			54.7729648200617	-59.0753729328158
			54.7966044250768	-59.0990125378309
			54.8202440300919	-59.0990125378309
			54.8438836351071	-59.122652142846
			54.8675232401222	-59.122652142846
			54.8911628451373	-59.122652142846
			54.9148024501525	-59.1462917478611
			54.9384420551676	-59.1462917478611
			54.9620816601827	-59.1462917478611
			54.9857212651979	-59.1699313528763
			55.009360870213	-59.1699313528763
			55.0330004752281	-59.1935709578914
			55.0566400802433	-59.1935709578914
			55.0802796852584	-59.1935709578914
			55.1039192902735	-59.1935709578914
			55.1039192902735	-59.2172105629066
			55.1275588952887	-59.2172105629066
			55.1511985003038	-59.2172105629066
			55.1748381053189	-59.2172105629066
			55.198477710334	-59.2408501679217
			55.2221173153492	-59.2408501679217
			55.2457569203643	-59.2644897729368
			55.2693965253794	-59.2644897729368
			55.2930361303946	-59.2644897729368
			55.3166757354097	-59.2881293779519
			55.3403153404248	-59.2881293779519
			55.36395494544	-59.2881293779519
			55.3875945504551	-59.3117689829671
			55.4112341554702	-59.3117689829671
			55.4348737604854	-59.3117689829671
			55.4585133655005	-59.3354085879822
			55.4821529705156	-59.3354085879822
			55.5057925755308	-59.3354085879822
			55.5294321805459	-59.3590481929973
			55.553071785561	-59.3590481929973
			55.5767113905762	-59.3590481929973
			55.6003509955913	-59.3826877980125
			55.6239906006064	-59.3826877980125
			55.6476302056216	-59.3826877980125
			55.6712698106367	-59.4063274030276
			55.6949094156518	-59.4063274030276
			55.718549020667	-59.4063274030276
			55.7421886256821	-59.4299670080427
			55.7658282306972	-59.4299670080427
			55.7894678357124	-59.4299670080427
			55.8131074407275	-59.4536066130579
			55.8367470457426	-59.4536066130579
			55.8603866507578	-59.4536066130579
			55.8840262557729	-59.4536066130579
			55.907665860788	-59.477246218073
			55.9313054658031	-59.477246218073
			55.9549450708183	-59.477246218073
			55.9785846758334	-59.5008858230881
			56.0022242808486	-59.5008858230881
			56.0258638858637	-59.5008858230881
			56.0495034908788	-59.5245254281033
			56.0731430958939	-59.5245254281033
			56.0967827009091	-59.5245254281033
			56.1204223059242	-59.5481650331184
			56.1440619109393	-59.5481650331184
			56.1677015159545	-59.5481650331184
			56.1913411209696	-59.5481650331184
			56.2149807259847	-59.5718046381335
			56.2386203309999	-59.5718046381335
			56.262259936015	-59.5718046381335
			56.2858995410301	-59.5954442431487
			56.3095391460453	-59.5954442431487
			56.3331787510604	-59.5954442431487
			56.3568183560755	-59.5954442431487
			56.3804579610907	-59.6190838481638
			56.4040975661058	-59.6190838481638
			56.4277371711209	-59.6190838481638
			56.4513767761361	-59.6427234531789
			56.4750163811512	-59.6427234531789
			56.4986559861663	-59.6427234531789
			56.5222955911815	-59.6427234531789
			56.5459351961966	-59.6663630581941
			56.5695748012117	-59.6663630581941
			56.5932144062269	-59.6663630581941
			56.616854011242	-59.6663630581941
			56.616854011242	-59.6900026632092
			56.6404936162571	-59.6900026632092
			56.6641332212723	-59.6900026632092
			56.6877728262874	-59.6900026632092
			56.7114124313025	-59.7136422682243
			56.7350520363177	-59.7136422682243
			56.7586916413328	-59.7136422682243
			56.7823312463479	-59.7136422682243
			56.805970851363	-59.7372818732395
			56.8296104563782	-59.7372818732395
			56.8532500613933	-59.7372818732395
			56.8768896664084	-59.7372818732395
			56.9005292714236	-59.7609214782546
			56.9241688764387	-59.7609214782546
			56.9478084814538	-59.7609214782546
			56.971448086469	-59.7609214782546
			56.9950876914841	-59.7845610832697
			57.0187272964992	-59.7845610832697
			57.0423669015144	-59.7845610832697
			57.0660065065295	-59.7845610832697
			57.0896461115446	-59.8082006882849
			57.1132857165598	-59.8082006882849
			57.1369253215749	-59.8082006882849
			57.16056492659	-59.8082006882849
			57.1842045316052	-59.8082006882849
			57.2078441366203	-59.8318402933
			57.2314837416354	-59.8318402933
			57.2551233466506	-59.8318402933
			57.2787629516657	-59.8318402933
			57.3024025566808	-59.8318402933
			57.326042161696	-59.8318402933
			57.326042161696	-59.8554798983151
			57.3496817667111	-59.8554798983151
			57.3733213717262	-59.8554798983151
			57.3969609767414	-59.8554798983151
			57.4206005817565	-59.8554798983151
			57.4442401867716	-59.8554798983151
			57.4678797917868	-59.8791195033303
			57.4915193968019	-59.8791195033303
			57.515159001817	-59.8791195033303
			57.5387986068322	-59.8791195033303
			57.5624382118473	-59.8791195033303
			57.5860778168624	-59.8791195033303
			57.6097174218775	-59.9027591083454
			57.6333570268927	-59.9027591083454
			57.6569966319078	-59.9027591083454
			57.6806362369229	-59.9027591083454
			57.7042758419381	-59.9027591083454
			57.7279154469532	-59.9027591083454
			57.7515550519683	-59.9027591083454
			57.7751946569835	-59.9027591083454
			57.7988342619986	-59.9027591083454
			57.8224738670137	-59.9027591083454
			57.8461134720289	-59.9027591083454
			57.869753077044	-59.9027591083454
			57.8933926820591	-59.9027591083454
			57.9170322870743	-59.9027591083454
			57.9406718920894	-59.9027591083454
			57.9643114971045	-59.9027591083454
			57.9879511021197	-59.9027591083454
			58.0115907071348	-59.9027591083454
			58.0352303121499	-59.9027591083454
			58.0588699171651	-59.9263987133605
			58.0825095221802	-59.9263987133605
			58.1061491271953	-59.9263987133605
			58.1297887322105	-59.9263987133605
			58.1534283372256	-59.9500383183757
			58.1770679422407	-59.9500383183757
			58.2007075472559	-59.9500383183757
			58.224347152271	-59.9500383183757
			58.224347152271	-59.9736779233908
			58.2479867572861	-59.9736779233908
			58.2716263623013	-59.9736779233908
			58.2952659673164	-59.9973175284059
			58.3189055723315	-59.9973175284059
			58.3425451773467	-60.020957133421
			58.3661847823618	-60.020957133421
			58.3898243873769	-60.0445967384362
			58.413463992392	-60.0445967384362
			58.4371035974072	-60.0682363434513
			58.4371035974072	-60.0918759484664
			58.4607432024223	-60.0918759484664
			58.4843828074374	-60.1155155534816
			58.5080224124526	-60.1155155534816
			58.5316620174677	-60.1391551584967
			58.5553016224828	-60.1627947635118
			58.5553016224828	-60.186434368527
			58.578941227498	-60.186434368527
		</Adipose_caudal>
		<Caudal_anal type=matrix rownames=FALSE colnames=FALSE nrow=346 ncol=2 as.numeric=TRUE >
			58.0588699171651	-63.046826575358
			58.0352303121499	-63.046826575358
			58.0115907071348	-63.046826575358
			57.9879511021197	-63.0704661803731
			57.9643114971045	-63.0704661803731
			57.9406718920894	-63.0704661803731
			57.9170322870743	-63.0704661803731
			57.8933926820591	-63.0704661803731
			57.869753077044	-63.0704661803731
			57.8461134720289	-63.0704661803731
			57.8224738670137	-63.0704661803731
			57.7988342619986	-63.0704661803731
			57.7751946569835	-63.0704661803731
			57.7515550519683	-63.0704661803731
			57.7279154469532	-63.0704661803731
			57.7042758419381	-63.0704661803731
			57.6806362369229	-63.0704661803731
			57.6569966319078	-63.0704661803731
			57.6333570268927	-63.0704661803731
			57.6097174218775	-63.0704661803731
			57.5860778168624	-63.0704661803731
			57.5624382118473	-63.0704661803731
			57.5387986068322	-63.0704661803731
			57.515159001817	-63.046826575358
			57.4915193968019	-63.046826575358
			57.4678797917868	-63.046826575358
			57.4442401867716	-63.046826575358
			57.4206005817565	-63.0231869703429
			57.3969609767414	-63.0231869703429
			57.3733213717262	-63.0231869703429
			57.3496817667111	-63.0231869703429
			57.326042161696	-62.9995473653277
			57.3024025566808	-62.9995473653277
			57.2787629516657	-62.9995473653277
			57.2551233466506	-62.9759077603126
			57.2314837416354	-62.9759077603126
			57.2078441366203	-62.9759077603126
			57.1842045316052	-62.9522681552975
			57.16056492659	-62.9522681552975
			57.1369253215749	-62.9286285502823
			57.1132857165598	-62.9286285502823
			57.0896461115446	-62.9049889452672
			57.0660065065295	-62.9049889452672
			57.0423669015144	-62.9049889452672
			57.0187272964992	-62.8813493402521
			56.9950876914841	-62.8813493402521
			56.971448086469	-62.8813493402521
			56.9478084814538	-62.8577097352369
			56.9241688764387	-62.8577097352369
			56.9005292714236	-62.8577097352369
			56.8768896664084	-62.8577097352369
			56.8532500613933	-62.8577097352369
			56.8296104563782	-62.8577097352369
			56.805970851363	-62.8340701302218
			56.7823312463479	-62.8340701302218
			56.7586916413328	-62.8340701302218
			56.7350520363177	-62.8340701302218
			56.7114124313025	-62.8340701302218
			56.6877728262874	-62.8340701302218
			56.6641332212723	-62.8104305252067
			56.6404936162571	-62.8104305252067
			56.616854011242	-62.8104305252067
			56.5932144062269	-62.8104305252067
			56.5695748012117	-62.8104305252067
			56.5459351961966	-62.8104305252067
			56.5222955911815	-62.8104305252067
			56.4986559861663	-62.7867909201915
			56.4750163811512	-62.7867909201915
			56.4513767761361	-62.7867909201915
			56.4277371711209	-62.7867909201915
			56.4040975661058	-62.7867909201915
			56.3804579610907	-62.7867909201915
			56.3568183560755	-62.7631513151764
			56.3331787510604	-62.7631513151764
			56.3095391460453	-62.7631513151764
			56.2858995410301	-62.7631513151764
			56.262259936015	-62.7631513151764
			56.2386203309999	-62.7631513151764
			56.2149807259847	-62.7631513151764
			56.1913411209696	-62.7395117101613
			56.1677015159545	-62.7395117101613
			56.1440619109393	-62.7395117101613
			56.1204223059242	-62.7395117101613
			56.0967827009091	-62.7395117101613
			56.0731430958939	-62.7395117101613
			56.0495034908788	-62.7395117101613
			56.0258638858637	-62.7395117101613
			56.0022242808486	-62.7158721051461
			55.9785846758334	-62.7158721051461
			55.9549450708183	-62.7158721051461
			55.9313054658031	-62.7158721051461
			55.907665860788	-62.7158721051461
			55.8840262557729	-62.7158721051461
			55.8603866507578	-62.7158721051461
			55.8367470457426	-62.7158721051461
			55.8131074407275	-62.692232500131
			55.7894678357124	-62.692232500131
			55.7658282306972	-62.692232500131
			55.7421886256821	-62.692232500131
			55.718549020667	-62.692232500131
			55.6949094156518	-62.692232500131
			55.6712698106367	-62.692232500131
			55.6476302056216	-62.692232500131
			55.6239906006064	-62.692232500131
			55.6003509955913	-62.6685928951159
			55.5767113905762	-62.6685928951159
			55.553071785561	-62.6685928951159
			55.5294321805459	-62.6685928951159
			55.5057925755308	-62.6685928951159
			55.4821529705156	-62.6685928951159
			55.4585133655005	-62.6685928951159
			55.4348737604854	-62.6685928951159
			55.4112341554702	-62.6685928951159
			55.3875945504551	-62.6685928951159
			55.36395494544	-62.6449532901007
			55.3403153404248	-62.6449532901007
			55.3166757354097	-62.6449532901007
			55.2930361303946	-62.6449532901007
			55.2693965253794	-62.6449532901007
			55.2457569203643	-62.6449532901007
			55.2221173153492	-62.6449532901007
			55.198477710334	-62.6449532901007
			55.1748381053189	-62.6449532901007
			55.1511985003038	-62.6449532901007
			55.1275588952887	-62.6213136850856
			55.1039192902735	-62.6213136850856
			55.0802796852584	-62.6213136850856
			55.0566400802433	-62.6213136850856
			55.0330004752281	-62.6213136850856
			55.009360870213	-62.6213136850856
			54.9857212651979	-62.6213136850856
			54.9620816601827	-62.6213136850856
			54.9384420551676	-62.6213136850856
			54.9148024501525	-62.6213136850856
			54.8911628451373	-62.5976740800705
			54.8675232401222	-62.5976740800705
			54.8438836351071	-62.5976740800705
			54.8202440300919	-62.5976740800705
			54.7966044250768	-62.5976740800705
			54.7729648200617	-62.5976740800705
			54.7493252150465	-62.5976740800705
			54.7256856100314	-62.5976740800705
			54.7020460050163	-62.5976740800705
			54.6784064000011	-62.5976740800705
			54.654766794986	-62.5976740800705
			54.6311271899709	-62.5976740800705
			54.6074875849557	-62.5740344750553
			54.5838479799406	-62.5740344750553
			54.5602083749255	-62.5740344750553
			54.5365687699103	-62.5740344750553
			54.5129291648952	-62.5740344750553
			54.4892895598801	-62.5740344750553
			54.4656499548649	-62.5740344750553
			54.4420103498498	-62.5740344750553
			54.4183707448347	-62.5740344750553
			54.3947311398195	-62.5740344750553
			54.3710915348044	-62.5740344750553
			54.3474519297893	-62.5740344750553
			54.3238123247742	-62.5503948700402
			54.300172719759	-62.5503948700402
			54.2765331147439	-62.5503948700402
			54.2528935097288	-62.5503948700402
			54.2292539047136	-62.5503948700402
			54.2056142996985	-62.5503948700402
			54.1819746946834	-62.5503948700402
			54.1583350896682	-62.5503948700402
			54.1346954846531	-62.5503948700402
			54.111055879638	-62.5503948700402
			54.0874162746228	-62.5503948700402
			54.0637766696077	-62.5503948700402
			54.0401370645926	-62.5503948700402
			54.0164974595774	-62.5503948700402
			53.9928578545623	-62.5267552650251
			53.9692182495472	-62.5267552650251
			53.945578644532	-62.5267552650251
			53.9219390395169	-62.5267552650251
			53.8982994345018	-62.5267552650251
			53.8746598294866	-62.5267552650251
			53.8510202244715	-62.5267552650251
			53.8273806194564	-62.5267552650251
			53.8273806194564	-62.5503948700402
			53.8037410144412	-62.5503948700402
			53.7801014094261	-62.5503948700402
			53.756461804411	-62.5740344750553
			53.7328221993958	-62.5740344750553
			53.7091825943807	-62.5740344750553
			53.6855429893656	-62.5740344750553
			53.6619033843504	-62.5976740800705
			53.6382637793353	-62.5976740800705
			53.6146241743202	-62.5976740800705
			53.590984569305	-62.6213136850856
			53.5673449642899	-62.6213136850856
			53.5437053592748	-62.6213136850856
			53.5200657542597	-62.6213136850856
			53.4964261492445	-62.6213136850856
			53.4727865442294	-62.6449532901007
			53.4491469392143	-62.6449532901007
			53.4255073341991	-62.6449532901007
			53.401867729184	-62.6449532901007
			53.3782281241689	-62.6449532901007
			53.3545885191537	-62.6449532901007
			53.3309489141386	-62.6685928951159
			53.3073093091235	-62.6685928951159
			53.2836697041083	-62.6685928951159
			53.2600300990932	-62.6685928951159
			53.2363904940781	-62.6685928951159
			53.2127508890629	-62.6685928951159
			53.1891112840478	-62.6685928951159
			53.1654716790327	-62.6685928951159
			53.1418320740175	-62.692232500131
			53.1181924690024	-62.692232500131
			53.0945528639873	-62.692232500131
			53.0709132589721	-62.692232500131
			53.047273653957	-62.692232500131
			53.0236340489419	-62.692232500131
			52.9999944439267	-62.692232500131
			52.9763548389116	-62.692232500131
			52.9527152338965	-62.692232500131
			52.9290756288813	-62.692232500131
			52.9054360238662	-62.692232500131
			52.8817964188511	-62.692232500131
			52.8581568138359	-62.692232500131
			52.8345172088208	-62.7158721051461
			52.8108776038057	-62.7158721051461
			52.7872379987905	-62.7158721051461
			52.7635983937754	-62.7158721051461
			52.7399587887603	-62.7158721051461
			52.7163191837451	-62.7158721051461
			52.69267957873	-62.7158721051461
			52.6690399737149	-62.7158721051461
			52.6454003686998	-62.7158721051461
			52.6217607636846	-62.7158721051461
			52.5981211586695	-62.7158721051461
			52.5744815536544	-62.7158721051461
			52.5508419486392	-62.7158721051461
			52.5272023436241	-62.7158721051461
			52.503562738609	-62.7158721051461
			52.4799231335938	-62.7158721051461
			52.4562835285787	-62.7158721051461
			52.4326439235636	-62.7158721051461
			52.4090043185484	-62.7158721051461
			52.3853647135333	-62.7158721051461
			52.3617251085182	-62.7158721051461
			52.338085503503	-62.7158721051461
			52.3144458984879	-62.7158721051461
			52.2908062934728	-62.7158721051461
			52.2671666884576	-62.7158721051461
			52.2435270834425	-62.7158721051461
			52.2198874784274	-62.7158721051461
			52.1962478734122	-62.7158721051461
			52.1726082683971	-62.7158721051461
			52.148968663382	-62.7158721051461
			52.1253290583668	-62.7158721051461
			52.1016894533517	-62.7158721051461
			52.0780498483366	-62.7158721051461
			52.0544102433214	-62.7158721051461
			52.0307706383063	-62.7158721051461
			52.0071310332912	-62.7158721051461
			51.983491428276	-62.7158721051461
			51.9598518232609	-62.7158721051461
			51.9362122182458	-62.7158721051461
			51.9125726132307	-62.7158721051461
			51.8889330082155	-62.7158721051461
			51.8652934032004	-62.7158721051461
			51.8416537981853	-62.7158721051461
			51.8180141931701	-62.7158721051461
			51.794374588155	-62.7158721051461
			51.7707349831399	-62.7158721051461
			51.7470953781247	-62.7158721051461
			51.7234557731096	-62.7158721051461
			51.6998161680945	-62.7158721051461
			51.6761765630793	-62.7158721051461
			51.6525369580642	-62.7158721051461
			51.6288973530491	-62.7158721051461
			51.6052577480339	-62.7158721051461
			51.5816181430188	-62.7158721051461
			51.5579785380037	-62.7158721051461
			51.5343389329885	-62.7158721051461
			51.5106993279734	-62.7158721051461
			51.4870597229583	-62.7158721051461
			51.4634201179431	-62.7158721051461
			51.439780512928	-62.7158721051461
			51.4161409079129	-62.7158721051461
			51.3925013028977	-62.7158721051461
			51.3688616978826	-62.692232500131
			51.3452220928675	-62.692232500131
			51.3215824878523	-62.692232500131
			51.2979428828372	-62.692232500131
			51.2743032778221	-62.692232500131
			51.2506636728069	-62.692232500131
			51.2270240677918	-62.692232500131
			51.2033844627767	-62.692232500131
			51.1797448577615	-62.692232500131
			51.1561052527464	-62.692232500131
			51.1324656477313	-62.692232500131
			51.1088260427162	-62.692232500131
			51.085186437701	-62.692232500131
			51.0615468326859	-62.692232500131
			51.0379072276708	-62.692232500131
			51.0142676226556	-62.692232500131
			50.9906280176405	-62.692232500131
			50.9669884126254	-62.692232500131
			50.9433488076102	-62.692232500131
			50.9197092025951	-62.692232500131
			50.89606959758	-62.692232500131
			50.8724299925648	-62.692232500131
			50.8487903875497	-62.6685928951159
			50.8251507825346	-62.6685928951159
			50.8015111775194	-62.6685928951159
			50.7778715725043	-62.6685928951159
			50.7542319674892	-62.6685928951159
			50.730592362474	-62.6685928951159
			50.7069527574589	-62.6685928951159
			50.6833131524438	-62.6685928951159
			50.6596735474286	-62.6685928951159
			50.6360339424135	-62.6685928951159
			50.6123943373984	-62.6685928951159
			50.5887547323832	-62.6685928951159
			50.5651151273681	-62.6685928951159
			50.541475522353	-62.6685928951159
			50.5178359173378	-62.6685928951159
			50.4941963123227	-62.6685928951159
			50.4705567073076	-62.6685928951159
			50.4469171022924	-62.6449532901007
			50.4232774972773	-62.6449532901007
			50.3996378922622	-62.6449532901007
			50.3759982872471	-62.6449532901007
			50.3523586822319	-62.6449532901007
			50.3287190772168	-62.6449532901007
			50.3050794722016	-62.6449532901007
			50.2814398671865	-62.6449532901007
			50.2578002621714	-62.6449532901007
			50.2341606571563	-62.6449532901007
			50.2105210521411	-62.6449532901007
			50.186881447126	-62.6449532901007
			50.1632418421109	-62.6449532901007
			50.1396022370957	-62.6449532901007
			50.1159626320806	-62.6449532901007
			50.0923230270655	-62.6449532901007
			50.0686834220503	-62.6213136850856
			50.0450438170352	-62.6213136850856
			50.0214042120201	-62.6213136850856
			49.9977646070049	-62.6213136850856
			49.9741250019898	-62.6213136850856
			49.9504853969747	-62.6213136850856
			49.9268457919595	-62.6213136850856
		</Caudal_anal>
	</curves.scaled>
	<ruler.points type=matrix rownames=TRUE colnames=FALSE nrow=3 ncol=2 as.numeric=TRUE >
		Ruler point 1	3209	2264
		Ruler point 2	3421	2264
		Ruler point 3	3632	2260
	</ruler.points>
</shapes>

