<shapes type=list>
	<ruler.pixel type=vector names=FALSE length=1 as.numeric=TRUE >212.0147400536</ruler.pixel>
	<ruler.interval type=vector names=FALSE length=1 as.numeric=TRUE >5</ruler.interval>
	<scaling.units type=vector names=FALSE length=1 as.numeric=FALSE >mm</scaling.units>
	<scaling type=vector names=FALSE length=1 as.numeric=TRUE >0.0235832659499803</scaling>
	<landmarks.pixel type=matrix rownames=TRUE colnames=FALSE nrow=11 ncol=2 as.numeric=TRUE >
		Anterior_eye	2120	2205
		Posterior_eye	2241	2161
		Posterior_Maxilla	2319	2260
		Anterior_Maxilla	2073	2234
		Dorsal_fin_insertion	2546	1938
		Adipose_fin_insertion	2888	1867
		Dorsal_caudal	3067	1826
		Ventral_caudal	3117	1938
		Anal_fin_insertion	2824	2120
		Pelvic_fin_insertion	2594	2198
		Pectoral_fin_insertion	2422	2209
	</landmarks.pixel>
	<landmarks.scaled type=matrix rownames=TRUE colnames=FALSE nrow=11 ncol=2 as.numeric=TRUE >
		Anterior_eye	49.9965238139582	-52.0011014197066
		Posterior_eye	52.8500989939058	-50.9634377179074
		Posterior_Maxilla	54.6895937380043	-53.2981810469555
		Anterior_Maxilla	48.8881103143092	-52.685016132256
		Dorsal_fin_insertion	60.0429951086498	-45.7043694110618
		Adipose_fin_insertion	68.1084720635431	-44.0299575286132
		Dorsal_caudal	72.3298766685896	-43.063043624664
		Ventral_caudal	73.5090399660886	-45.7043694110618
		Anal_fin_insertion	66.5991430427444	-49.9965238139582
		Pelvic_fin_insertion	61.1749918742489	-51.8360185580567
		Pectoral_fin_insertion	57.1186701308523	-52.0954344835065
	</landmarks.scaled>
	<curves.control type=list>
		<Snout_dorsal type=matrix rownames=FALSE colnames=FALSE nrow=7 ncol=2 as.numeric=TRUE >
			2073	2234
			2071	2083
			2241	2030
			2356	2006
			2428	1982
			2497	1963
			2546	1938
		</Snout_dorsal>
		<Dorsal_adipose type=matrix rownames=FALSE colnames=FALSE nrow=5 ncol=2 as.numeric=TRUE >
			2546	1938
			2632	1921
			2733	1917
			2842	1892
			2888	1867
		</Dorsal_adipose>
		<Adipose_caudal type=matrix rownames=FALSE colnames=FALSE nrow=7 ncol=2 as.numeric=TRUE >
			2888	1867
			2912	1855
			2929	1868
			2998	1854
			3032	1841
			3050	1824
			3067	1826
		</Adipose_caudal>
		<Caudal_anal type=matrix rownames=FALSE colnames=FALSE nrow=9 ncol=2 as.numeric=TRUE >
			3117	1938
			3114	1946
			3094	1952
			3075	1957
			3061	1968
			3026	1988
			2988	2002
			2918	2057
			2824	2120
		</Caudal_anal>
	</curves.control>
	<curves.pixel type=list>
		<Snout_dorsal type=matrix rownames=FALSE colnames=FALSE nrow=587 ncol=2 as.numeric=TRUE >
			2073	2234
			2073	2233
			2073	2232
			2073	2231
			2073	2230
			2073	2229
			2073	2228
			2073	2227
			2073	2226
			2073	2225
			2073	2224
			2073	2223
			2073	2222
			2073	2221
			2073	2220
			2073	2219
			2073	2218
			2073	2217
			2073	2216
			2073	2215
			2074	2214
			2074	2213
			2074	2212
			2074	2211
			2074	2210
			2074	2209
			2074	2208
			2074	2207
			2074	2206
			2074	2205
			2074	2204
			2075	2203
			2075	2202
			2075	2201
			2075	2200
			2075	2199
			2075	2198
			2075	2197
			2075	2196
			2076	2195
			2076	2194
			2076	2193
			2076	2192
			2076	2191
			2076	2190
			2077	2189
			2077	2188
			2077	2187
			2077	2186
			2077	2185
			2078	2184
			2078	2183
			2078	2182
			2078	2181
			2079	2180
			2079	2179
			2079	2178
			2079	2177
			2080	2176
			2080	2175
			2080	2174
			2080	2173
			2081	2172
			2081	2171
			2081	2170
			2081	2169
			2082	2169
			2082	2168
			2082	2167
			2082	2166
			2083	2165
			2083	2164
			2083	2163
			2084	2162
			2084	2161
			2084	2160
			2085	2159
			2085	2158
			2085	2157
			2086	2156
			2086	2155
			2087	2154
			2087	2153
			2087	2152
			2088	2151
			2088	2150
			2089	2149
			2089	2148
			2089	2147
			2090	2146
			2090	2145
			2091	2144
			2091	2143
			2092	2143
			2092	2142
			2092	2141
			2093	2140
			2093	2139
			2094	2138
			2094	2137
			2095	2136
			2095	2135
			2096	2134
			2096	2133
			2097	2132
			2098	2131
			2099	2130
			2099	2129
			2099	2128
			2100	2128
			2100	2127
			2100	2126
			2101	2126
			2101	2125
			2102	2124
			2102	2123
			2103	2122
			2104	2121
			2105	2120
			2105	2119
			2106	2119
			2106	2118
			2107	2117
			2107	2116
			2108	2116
			2108	2115
			2109	2114
			2109	2113
			2110	2113
			2110	2112
			2111	2111
			2112	2111
			2112	2110
			2113	2109
			2113	2108
			2114	2108
			2114	2107
			2115	2106
			2116	2106
			2116	2105
			2117	2104
			2118	2103
			2119	2102
			2120	2101
			2121	2100
			2121	2099
			2122	2098
			2123	2097
			2124	2097
			2124	2096
			2125	2095
			2126	2094
			2127	2094
			2128	2093
			2128	2092
			2129	2091
			2130	2090
			2131	2090
			2132	2089
			2132	2088
			2133	2087
			2134	2087
			2135	2086
			2136	2085
			2137	2084
			2138	2084
			2138	2083
			2139	2082
			2140	2081
			2141	2081
			2142	2080
			2143	2079
			2144	2079
			2145	2078
			2146	2077
			2147	2076
			2148	2075
			2149	2074
			2150	2074
			2150	2073
			2151	2073
			2152	2072
			2153	2072
			2154	2071
			2155	2070
			2156	2069
			2157	2069
			2158	2068
			2159	2068
			2160	2067
			2161	2066
			2162	2065
			2163	2065
			2164	2064
			2165	2064
			2165	2063
			2166	2063
			2167	2063
			2167	2062
			2168	2062
			2169	2061
			2170	2061
			2171	2060
			2172	2059
			2173	2059
			2174	2059
			2175	2058
			2176	2057
			2177	2057
			2178	2056
			2179	2056
			2180	2055
			2181	2054
			2182	2054
			2183	2053
			2184	2053
			2185	2052
			2186	2052
			2187	2051
			2188	2051
			2189	2050
			2190	2050
			2191	2049
			2192	2049
			2193	2048
			2194	2048
			2195	2048
			2196	2047
			2197	2047
			2198	2046
			2199	2046
			2200	2045
			2201	2045
			2202	2044
			2203	2044
			2204	2044
			2205	2043
			2206	2043
			2207	2042
			2208	2042
			2209	2042
			2210	2041
			2211	2041
			2212	2040
			2213	2040
			2214	2040
			2215	2039
			2216	2039
			2217	2038
			2218	2038
			2219	2038
			2220	2037
			2221	2037
			2222	2036
			2223	2036
			2224	2036
			2225	2035
			2226	2035
			2227	2035
			2228	2034
			2229	2034
			2230	2034
			2231	2033
			2232	2033
			2233	2032
			2234	2032
			2235	2032
			2236	2031
			2237	2031
			2238	2031
			2239	2031
			2240	2030
			2241	2030
			2242	2030
			2243	2030
			2244	2029
			2245	2029
			2246	2029
			2247	2029
			2248	2029
			2248	2028
			2249	2028
			2250	2028
			2251	2028
			2252	2028
			2253	2028
			2254	2027
			2255	2027
			2256	2027
			2257	2027
			2258	2026
			2259	2026
			2260	2026
			2261	2026
			2262	2026
			2263	2025
			2264	2025
			2265	2025
			2266	2025
			2267	2024
			2268	2024
			2269	2024
			2270	2024
			2271	2023
			2272	2023
			2273	2023
			2274	2023
			2275	2023
			2276	2023
			2277	2022
			2278	2022
			2279	2022
			2280	2022
			2281	2021
			2282	2021
			2283	2021
			2284	2021
			2285	2020
			2286	2020
			2287	2020
			2288	2020
			2289	2019
			2290	2019
			2291	2019
			2292	2019
			2293	2019
			2294	2018
			2295	2018
			2296	2018
			2297	2018
			2298	2017
			2299	2017
			2300	2017
			2301	2017
			2302	2016
			2303	2016
			2304	2016
			2305	2016
			2306	2016
			2307	2015
			2308	2015
			2309	2015
			2310	2015
			2311	2014
			2312	2014
			2313	2014
			2314	2014
			2315	2014
			2316	2013
			2317	2013
			2318	2013
			2319	2013
			2320	2012
			2321	2012
			2322	2012
			2323	2012
			2323	2011
			2324	2011
			2325	2011
			2326	2011
			2327	2011
			2328	2010
			2329	2010
			2330	2010
			2331	2010
			2332	2009
			2333	2009
			2334	2009
			2335	2009
			2335	2008
			2336	2008
			2337	2008
			2338	2008
			2339	2008
			2340	2007
			2341	2007
			2342	2007
			2343	2007
			2344	2006
			2345	2006
			2346	2006
			2347	2006
			2348	2005
			2349	2005
			2350	2005
			2351	2005
			2352	2004
			2353	2004
			2354	2004
			2355	2003
			2356	2003
			2357	2003
			2358	2003
			2359	2003
			2359	2002
			2360	2002
			2361	2002
			2362	2002
			2363	2001
			2364	2001
			2365	2001
			2366	2001
			2366	2000
			2367	2000
			2368	2000
			2369	2000
			2370	1999
			2371	1999
			2372	1999
			2373	1999
			2374	1998
			2375	1998
			2376	1998
			2377	1997
			2378	1997
			2379	1997
			2380	1997
			2381	1996
			2382	1996
			2383	1996
			2384	1995
			2385	1995
			2386	1995
			2387	1995
			2388	1994
			2389	1994
			2390	1994
			2391	1993
			2392	1993
			2393	1993
			2394	1993
			2395	1992
			2396	1992
			2397	1992
			2398	1991
			2399	1991
			2400	1991
			2401	1991
			2402	1990
			2403	1990
			2404	1990
			2405	1989
			2406	1989
			2407	1989
			2408	1988
			2409	1988
			2410	1988
			2411	1987
			2412	1987
			2413	1987
			2414	1987
			2415	1986
			2416	1986
			2417	1986
			2418	1985
			2419	1985
			2420	1985
			2421	1984
			2422	1984
			2423	1984
			2424	1983
			2425	1983
			2426	1983
			2427	1982
			2428	1982
			2429	1982
			2430	1981
			2431	1981
			2432	1981
			2433	1981
			2434	1980
			2435	1980
			2436	1980
			2437	1979
			2438	1979
			2439	1979
			2440	1979
			2441	1978
			2442	1978
			2443	1978
			2444	1977
			2445	1977
			2446	1977
			2447	1976
			2448	1976
			2449	1976
			2450	1976
			2451	1975
			2452	1975
			2453	1975
			2454	1974
			2455	1974
			2456	1974
			2457	1973
			2458	1973
			2459	1973
			2460	1972
			2461	1972
			2462	1972
			2463	1971
			2464	1971
			2465	1971
			2466	1971
			2467	1970
			2468	1970
			2469	1970
			2470	1969
			2471	1969
			2472	1969
			2473	1968
			2474	1968
			2475	1968
			2476	1967
			2477	1967
			2478	1967
			2479	1966
			2480	1966
			2481	1965
			2482	1965
			2483	1965
			2484	1964
			2485	1964
			2486	1964
			2487	1963
			2488	1963
			2489	1963
			2490	1962
			2491	1962
			2492	1962
			2493	1961
			2494	1961
			2495	1960
			2496	1960
			2497	1960
			2498	1959
			2499	1959
			2500	1958
			2501	1958
			2502	1958
			2503	1957
			2504	1957
			2505	1956
			2506	1956
			2507	1956
			2507	1955
			2508	1955
			2509	1955
			2510	1955
			2511	1954
			2512	1954
			2513	1953
			2514	1953
			2515	1952
			2516	1952
			2517	1952
			2517	1951
			2518	1951
			2519	1951
			2520	1950
			2521	1950
			2522	1949
			2523	1949
			2524	1949
			2525	1948
			2526	1947
			2527	1947
			2528	1947
			2529	1946
			2530	1946
			2531	1945
			2532	1945
			2533	1944
			2534	1944
			2535	1943
			2536	1943
			2537	1943
			2538	1942
			2539	1941
			2540	1941
			2541	1940
			2542	1940
			2543	1940
			2543	1939
			2544	1939
			2545	1939
			2545	1938
			2546	1938
		</Snout_dorsal>
		<Dorsal_adipose type=matrix rownames=FALSE colnames=FALSE nrow=347 ncol=2 as.numeric=TRUE >
			2546	1938
			2547	1938
			2548	1938
			2549	1937
			2550	1937
			2551	1937
			2552	1937
			2553	1937
			2554	1936
			2555	1936
			2556	1936
			2557	1936
			2558	1936
			2559	1936
			2560	1935
			2561	1935
			2562	1935
			2563	1935
			2564	1935
			2565	1934
			2566	1934
			2567	1934
			2568	1934
			2569	1934
			2570	1934
			2571	1933
			2572	1933
			2573	1933
			2574	1933
			2575	1933
			2576	1933
			2577	1932
			2578	1932
			2579	1932
			2580	1932
			2581	1932
			2582	1932
			2583	1931
			2584	1931
			2585	1931
			2586	1931
			2587	1931
			2588	1931
			2589	1930
			2590	1930
			2591	1930
			2592	1930
			2593	1930
			2594	1930
			2595	1930
			2596	1929
			2597	1929
			2598	1929
			2599	1929
			2600	1929
			2601	1929
			2602	1928
			2603	1928
			2604	1928
			2605	1928
			2606	1928
			2607	1928
			2608	1928
			2609	1928
			2610	1927
			2611	1927
			2612	1927
			2613	1927
			2614	1927
			2615	1927
			2616	1927
			2617	1926
			2618	1926
			2619	1926
			2620	1926
			2621	1926
			2622	1926
			2623	1926
			2624	1926
			2625	1925
			2626	1925
			2627	1925
			2628	1925
			2629	1925
			2630	1925
			2631	1925
			2632	1925
			2633	1925
			2634	1924
			2635	1924
			2636	1924
			2637	1924
			2638	1924
			2639	1924
			2640	1924
			2641	1924
			2642	1924
			2643	1923
			2644	1923
			2645	1923
			2646	1923
			2647	1923
			2648	1923
			2649	1923
			2650	1923
			2651	1923
			2652	1923
			2653	1922
			2654	1922
			2655	1922
			2656	1922
			2657	1922
			2658	1922
			2659	1922
			2660	1922
			2661	1922
			2662	1922
			2663	1921
			2664	1921
			2665	1921
			2666	1921
			2667	1921
			2668	1921
			2669	1921
			2670	1921
			2671	1921
			2672	1921
			2673	1921
			2674	1921
			2675	1920
			2676	1920
			2677	1920
			2678	1920
			2679	1920
			2680	1920
			2681	1920
			2682	1920
			2683	1920
			2684	1920
			2685	1920
			2686	1920
			2687	1920
			2688	1919
			2689	1919
			2690	1919
			2691	1919
			2692	1919
			2693	1919
			2694	1919
			2695	1919
			2696	1919
			2697	1919
			2698	1919
			2699	1919
			2700	1919
			2701	1919
			2702	1919
			2703	1918
			2704	1918
			2705	1918
			2706	1918
			2707	1918
			2708	1918
			2709	1918
			2710	1918
			2711	1918
			2712	1918
			2713	1918
			2714	1918
			2715	1918
			2716	1918
			2717	1918
			2718	1918
			2719	1918
			2720	1918
			2721	1918
			2722	1917
			2723	1917
			2724	1917
			2725	1917
			2726	1917
			2727	1917
			2728	1917
			2729	1917
			2730	1917
			2731	1917
			2732	1917
			2733	1917
			2734	1917
			2735	1916
			2736	1916
			2737	1916
			2738	1916
			2739	1916
			2740	1915
			2741	1915
			2742	1915
			2743	1915
			2744	1914
			2745	1914
			2746	1914
			2747	1914
			2748	1914
			2748	1913
			2749	1913
			2750	1913
			2751	1913
			2752	1912
			2753	1912
			2754	1912
			2755	1912
			2756	1912
			2756	1911
			2757	1911
			2758	1911
			2759	1911
			2760	1911
			2761	1910
			2762	1910
			2763	1910
			2764	1909
			2765	1909
			2766	1909
			2767	1909
			2768	1908
			2769	1908
			2770	1908
			2771	1908
			2772	1907
			2773	1907
			2774	1907
			2775	1907
			2776	1906
			2777	1906
			2778	1906
			2779	1906
			2780	1905
			2781	1905
			2782	1905
			2783	1905
			2784	1904
			2785	1904
			2786	1904
			2787	1904
			2788	1903
			2789	1903
			2790	1903
			2791	1902
			2792	1902
			2793	1902
			2794	1902
			2795	1901
			2796	1901
			2797	1901
			2798	1901
			2799	1900
			2800	1900
			2801	1900
			2802	1899
			2803	1899
			2804	1899
			2805	1899
			2806	1898
			2807	1898
			2808	1898
			2809	1897
			2810	1897
			2811	1897
			2812	1896
			2813	1896
			2814	1896
			2815	1895
			2816	1895
			2817	1895
			2818	1895
			2819	1894
			2820	1894
			2821	1894
			2822	1893
			2823	1893
			2824	1893
			2825	1892
			2826	1892
			2827	1892
			2828	1891
			2829	1891
			2830	1891
			2831	1890
			2832	1890
			2833	1890
			2834	1889
			2835	1889
			2836	1889
			2837	1888
			2838	1888
			2839	1888
			2840	1887
			2841	1887
			2842	1887
			2843	1886
			2844	1886
			2845	1886
			2846	1885
			2847	1885
			2848	1884
			2849	1884
			2850	1884
			2851	1883
			2852	1883
			2853	1883
			2854	1882
			2855	1882
			2856	1881
			2857	1881
			2858	1881
			2859	1880
			2860	1880
			2861	1879
			2862	1879
			2863	1879
			2864	1878
			2865	1878
			2866	1878
			2866	1877
			2867	1877
			2868	1877
			2869	1876
			2870	1876
			2871	1875
			2872	1875
			2873	1874
			2874	1874
			2875	1874
			2876	1873
			2877	1873
			2877	1872
			2878	1872
			2879	1872
			2880	1871
			2881	1871
			2882	1870
			2883	1869
			2884	1869
			2885	1869
			2886	1868
			2887	1868
			2888	1867
		</Dorsal_adipose>
		<Adipose_caudal type=matrix rownames=FALSE colnames=FALSE nrow=186 ncol=2 as.numeric=TRUE >
			2888	1867
			2889	1867
			2890	1866
			2891	1866
			2892	1865
			2893	1865
			2894	1864
			2895	1864
			2896	1864
			2897	1863
			2898	1863
			2899	1863
			2900	1862
			2901	1862
			2902	1862
			2903	1862
			2904	1862
			2905	1861
			2906	1861
			2907	1861
			2908	1861
			2909	1861
			2910	1861
			2911	1861
			2912	1861
			2913	1861
			2914	1862
			2915	1862
			2916	1862
			2917	1862
			2918	1862
			2919	1863
			2920	1863
			2921	1864
			2922	1864
			2923	1864
			2924	1865
			2925	1866
			2926	1866
			2927	1867
			2928	1867
			2929	1868
			2930	1868
			2931	1868
			2932	1867
			2933	1867
			2934	1867
			2935	1867
			2936	1867
			2937	1866
			2938	1866
			2939	1866
			2940	1866
			2941	1866
			2942	1865
			2943	1865
			2944	1865
			2945	1865
			2946	1865
			2947	1864
			2948	1864
			2949	1864
			2950	1863
			2951	1863
			2952	1863
			2953	1863
			2954	1863
			2955	1862
			2956	1862
			2957	1862
			2958	1862
			2959	1862
			2960	1861
			2961	1861
			2962	1861
			2963	1861
			2964	1860
			2965	1860
			2966	1860
			2967	1860
			2968	1859
			2969	1859
			2970	1859
			2971	1859
			2972	1859
			2973	1858
			2974	1858
			2975	1858
			2976	1858
			2976	1857
			2977	1857
			2978	1857
			2979	1857
			2980	1857
			2981	1856
			2982	1856
			2983	1856
			2984	1856
			2985	1855
			2986	1855
			2987	1855
			2988	1855
			2989	1854
			2990	1854
			2991	1854
			2992	1854
			2993	1853
			2994	1853
			2995	1853
			2996	1853
			2996	1852
			2997	1852
			2998	1852
			2999	1852
			3000	1851
			3001	1851
			3002	1851
			3003	1851
			3003	1850
			3004	1850
			3005	1850
			3006	1850
			3007	1849
			3008	1849
			3009	1849
			3010	1848
			3011	1848
			3012	1848
			3013	1847
			3014	1847
			3015	1847
			3016	1847
			3017	1846
			3018	1846
			3019	1846
			3019	1845
			3020	1845
			3021	1845
			3022	1845
			3023	1844
			3024	1844
			3025	1844
			3025	1843
			3026	1843
			3027	1843
			3028	1843
			3029	1842
			3030	1842
			3031	1841
			3032	1841
			3033	1840
			3034	1839
			3035	1838
			3036	1838
			3037	1837
			3038	1836
			3039	1835
			3040	1835
			3040	1834
			3041	1833
			3042	1833
			3043	1832
			3044	1832
			3045	1831
			3046	1831
			3047	1830
			3048	1830
			3049	1829
			3050	1829
			3051	1828
			3052	1828
			3053	1827
			3054	1827
			3055	1827
			3056	1827
			3057	1826
			3058	1826
			3059	1826
			3060	1826
			3061	1826
			3062	1826
			3063	1826
			3064	1826
			3065	1826
			3066	1826
			3067	1826
		</Adipose_caudal>
		<Caudal_anal type=matrix rownames=FALSE colnames=FALSE nrow=324 ncol=2 as.numeric=TRUE >
			3117	1938
			3117	1939
			3116	1939
			3116	1940
			3115	1941
			3115	1942
			3114	1942
			3113	1943
			3112	1944
			3111	1945
			3110	1945
			3109	1946
			3108	1946
			3107	1947
			3106	1948
			3105	1948
			3104	1948
			3104	1949
			3103	1949
			3102	1949
			3101	1950
			3100	1950
			3099	1950
			3098	1951
			3097	1951
			3096	1952
			3095	1952
			3094	1952
			3093	1952
			3092	1953
			3091	1953
			3090	1953
			3089	1953
			3089	1954
			3088	1954
			3087	1954
			3086	1954
			3086	1955
			3085	1955
			3084	1955
			3083	1955
			3083	1956
			3082	1956
			3081	1956
			3081	1957
			3080	1957
			3079	1957
			3078	1957
			3078	1958
			3077	1958
			3076	1958
			3076	1959
			3075	1959
			3074	1959
			3074	1960
			3073	1960
			3072	1961
			3071	1961
			3070	1962
			3069	1962
			3068	1963
			3067	1963
			3067	1964
			3066	1964
			3065	1965
			3064	1966
			3063	1967
			3062	1967
			3061	1968
			3060	1969
			3059	1969
			3058	1970
			3057	1970
			3056	1971
			3055	1971
			3054	1972
			3053	1972
			3052	1973
			3051	1973
			3050	1974
			3049	1974
			3049	1975
			3048	1975
			3047	1976
			3046	1976
			3045	1977
			3044	1977
			3043	1978
			3042	1978
			3041	1979
			3040	1979
			3039	1980
			3038	1980
			3038	1981
			3037	1981
			3036	1981
			3035	1982
			3034	1982
			3033	1983
			3032	1983
			3031	1984
			3030	1984
			3029	1985
			3028	1985
			3027	1986
			3026	1986
			3025	1986
			3025	1987
			3024	1987
			3023	1988
			3022	1988
			3021	1989
			3020	1989
			3019	1989
			3018	1990
			3017	1990
			3016	1991
			3015	1991
			3014	1992
			3013	1992
			3012	1992
			3011	1993
			3010	1993
			3009	1994
			3008	1994
			3007	1994
			3007	1995
			3006	1995
			3005	1996
			3004	1996
			3003	1996
			3002	1997
			3001	1997
			3000	1997
			2999	1998
			2998	1998
			2997	1999
			2996	1999
			2995	1999
			2994	2000
			2993	2000
			2992	2000
			2991	2001
			2990	2001
			2989	2002
			2988	2002
			2987	2003
			2986	2004
			2985	2004
			2985	2005
			2984	2005
			2983	2006
			2982	2007
			2981	2008
			2980	2008
			2979	2009
			2978	2010
			2977	2010
			2977	2011
			2976	2011
			2975	2012
			2974	2013
			2973	2013
			2973	2014
			2972	2015
			2971	2015
			2970	2016
			2969	2016
			2969	2017
			2968	2018
			2967	2018
			2966	2019
			2965	2020
			2964	2021
			2963	2022
			2962	2022
			2961	2023
			2960	2024
			2959	2025
			2958	2025
			2957	2026
			2956	2027
			2955	2028
			2954	2028
			2953	2029
			2952	2030
			2951	2031
			2950	2031
			2949	2032
			2948	2033
			2947	2034
			2946	2034
			2945	2035
			2944	2036
			2943	2037
			2942	2037
			2941	2038
			2940	2038
			2940	2039
			2939	2039
			2938	2040
			2937	2041
			2936	2042
			2935	2043
			2934	2043
			2933	2044
			2932	2044
			2932	2045
			2931	2045
			2930	2046
			2929	2046
			2929	2047
			2928	2048
			2927	2048
			2926	2049
			2925	2050
			2924	2050
			2923	2051
			2922	2052
			2921	2052
			2920	2053
			2919	2054
			2918	2054
			2917	2055
			2916	2056
			2915	2056
			2915	2057
			2914	2058
			2913	2059
			2912	2059
			2911	2060
			2910	2061
			2909	2061
			2908	2062
			2907	2063
			2906	2063
			2905	2064
			2904	2065
			2903	2065
			2902	2066
			2901	2067
			2900	2067
			2899	2068
			2898	2069
			2897	2069
			2896	2070
			2895	2071
			2894	2071
			2894	2072
			2893	2073
			2892	2074
			2891	2074
			2890	2075
			2889	2076
			2888	2076
			2887	2077
			2886	2078
			2885	2078
			2884	2079
			2883	2080
			2882	2080
			2881	2081
			2880	2082
			2879	2083
			2878	2083
			2877	2084
			2876	2085
			2875	2085
			2874	2086
			2873	2087
			2872	2087
			2871	2088
			2870	2089
			2869	2090
			2868	2090
			2867	2091
			2866	2092
			2865	2092
			2864	2093
			2863	2094
			2862	2094
			2861	2095
			2860	2096
			2859	2096
			2858	2097
			2857	2098
			2856	2099
			2855	2099
			2854	2100
			2853	2100
			2853	2101
			2852	2101
			2851	2102
			2850	2102
			2850	2103
			2849	2103
			2848	2104
			2847	2104
			2847	2105
			2846	2105
			2845	2106
			2844	2106
			2844	2107
			2843	2107
			2842	2108
			2841	2108
			2841	2109
			2840	2109
			2839	2110
			2838	2110
			2837	2111
			2836	2112
			2835	2113
			2834	2113
			2833	2114
			2832	2114
			2831	2115
			2830	2116
			2829	2117
			2828	2117
			2827	2118
			2826	2119
			2825	2120
			2824	2120
		</Caudal_anal>
	</curves.pixel>
	<curves.scaled type=list>
		<Snout_dorsal type=matrix rownames=FALSE colnames=FALSE nrow=587 ncol=2 as.numeric=TRUE >
			48.8881103143092	-52.685016132256
			48.8881103143092	-52.661432866306
			48.8881103143092	-52.637849600356
			48.8881103143092	-52.614266334406
			48.8881103143092	-52.5906830684561
			48.8881103143092	-52.5670998025061
			48.8881103143092	-52.5435165365561
			48.8881103143092	-52.5199332706061
			48.8881103143092	-52.4963500046561
			48.8881103143092	-52.4727667387062
			48.8881103143092	-52.4491834727562
			48.8881103143092	-52.4256002068062
			48.8881103143092	-52.4020169408562
			48.8881103143092	-52.3784336749062
			48.8881103143092	-52.3548504089563
			48.8881103143092	-52.3312671430063
			48.8881103143092	-52.3076838770563
			48.8881103143092	-52.2841006111063
			48.8881103143092	-52.2605173451563
			48.8881103143092	-52.2369340792064
			48.9116935802591	-52.2133508132564
			48.9116935802591	-52.1897675473064
			48.9116935802591	-52.1661842813564
			48.9116935802591	-52.1426010154064
			48.9116935802591	-52.1190177494565
			48.9116935802591	-52.0954344835065
			48.9116935802591	-52.0718512175565
			48.9116935802591	-52.0482679516065
			48.9116935802591	-52.0246846856565
			48.9116935802591	-52.0011014197066
			48.9116935802591	-51.9775181537566
			48.9352768462091	-51.9539348878066
			48.9352768462091	-51.9303516218566
			48.9352768462091	-51.9067683559066
			48.9352768462091	-51.8831850899567
			48.9352768462091	-51.8596018240067
			48.9352768462091	-51.8360185580567
			48.9352768462091	-51.8124352921067
			48.9352768462091	-51.7888520261567
			48.9588601121591	-51.7652687602068
			48.9588601121591	-51.7416854942568
			48.9588601121591	-51.7181022283068
			48.9588601121591	-51.6945189623568
			48.9588601121591	-51.6709356964068
			48.9588601121591	-51.6473524304569
			48.9824433781091	-51.6237691645069
			48.9824433781091	-51.6001858985569
			48.9824433781091	-51.5766026326069
			48.9824433781091	-51.5530193666569
			48.9824433781091	-51.529436100707
			49.0060266440591	-51.505852834757
			49.0060266440591	-51.482269568807
			49.0060266440591	-51.458686302857
			49.0060266440591	-51.435103036907
			49.029609910009	-51.411519770957
			49.029609910009	-51.3879365050071
			49.029609910009	-51.3643532390571
			49.029609910009	-51.3407699731071
			49.053193175959	-51.3171867071571
			49.053193175959	-51.2936034412071
			49.053193175959	-51.2700201752572
			49.053193175959	-51.2464369093072
			49.076776441909	-51.2228536433572
			49.076776441909	-51.1992703774072
			49.076776441909	-51.1756871114573
			49.076776441909	-51.1521038455073
			49.100359707859	-51.1521038455073
			49.100359707859	-51.1285205795573
			49.100359707859	-51.1049373136073
			49.100359707859	-51.0813540476573
			49.123942973809	-51.0577707817073
			49.123942973809	-51.0341875157574
			49.123942973809	-51.0106042498074
			49.1475262397589	-50.9870209838574
			49.1475262397589	-50.9634377179074
			49.1475262397589	-50.9398544519574
			49.1711095057089	-50.9162711860075
			49.1711095057089	-50.8926879200575
			49.1711095057089	-50.8691046541075
			49.1946927716589	-50.8455213881575
			49.1946927716589	-50.8219381222075
			49.2182760376089	-50.7983548562576
			49.2182760376089	-50.7747715903076
			49.2182760376089	-50.7511883243576
			49.2418593035589	-50.7276050584076
			49.2418593035589	-50.7040217924576
			49.2654425695088	-50.6804385265077
			49.2654425695088	-50.6568552605577
			49.2654425695088	-50.6332719946077
			49.2890258354588	-50.6096887286577
			49.2890258354588	-50.5861054627077
			49.3126091014088	-50.5625221967578
			49.3126091014088	-50.5389389308078
			49.3361923673588	-50.5389389308078
			49.3361923673588	-50.5153556648578
			49.3361923673588	-50.4917723989078
			49.3597756333088	-50.4681891329578
			49.3597756333088	-50.4446058670079
			49.3833588992587	-50.4210226010579
			49.3833588992587	-50.3974393351079
			49.4069421652087	-50.3738560691579
			49.4069421652087	-50.3502728032079
			49.4305254311587	-50.326689537258
			49.4305254311587	-50.303106271308
			49.4541086971087	-50.279523005358
			49.4776919630587	-50.255939739408
			49.5012752290086	-50.232356473458
			49.5012752290086	-50.2087732075081
			49.5012752290086	-50.1851899415581
			49.5248584949586	-50.1851899415581
			49.5248584949586	-50.1616066756081
			49.5248584949586	-50.1380234096581
			49.5484417609086	-50.1380234096581
			49.5484417609086	-50.1144401437081
			49.5720250268586	-50.0908568777582
			49.5720250268586	-50.0672736118082
			49.5956082928086	-50.0436903458582
			49.6191915587586	-50.0201070799082
			49.6427748247085	-49.9965238139582
			49.6427748247085	-49.9729405480083
			49.6663580906585	-49.9729405480083
			49.6663580906585	-49.9493572820583
			49.6899413566085	-49.9257740161083
			49.6899413566085	-49.9021907501583
			49.7135246225585	-49.9021907501583
			49.7135246225585	-49.8786074842083
			49.7371078885084	-49.8550242182584
			49.7371078885084	-49.8314409523084
			49.7606911544584	-49.8314409523084
			49.7606911544584	-49.8078576863584
			49.7842744204084	-49.7842744204084
			49.8078576863584	-49.7842744204084
			49.8078576863584	-49.7606911544584
			49.8314409523084	-49.7371078885084
			49.8314409523084	-49.7135246225585
			49.8550242182584	-49.7135246225585
			49.8550242182584	-49.6899413566085
			49.8786074842083	-49.6663580906585
			49.9021907501583	-49.6663580906585
			49.9021907501583	-49.6427748247085
			49.9257740161083	-49.6191915587586
			49.9493572820583	-49.5956082928086
			49.9729405480083	-49.5720250268586
			49.9965238139582	-49.5484417609086
			50.0201070799082	-49.5248584949586
			50.0201070799082	-49.5012752290086
			50.0436903458582	-49.4776919630587
			50.0672736118082	-49.4541086971087
			50.0908568777582	-49.4541086971087
			50.0908568777582	-49.4305254311587
			50.1144401437081	-49.4069421652087
			50.1380234096581	-49.3833588992587
			50.1616066756081	-49.3833588992587
			50.1851899415581	-49.3597756333088
			50.1851899415581	-49.3361923673588
			50.2087732075081	-49.3126091014088
			50.232356473458	-49.2890258354588
			50.255939739408	-49.2890258354588
			50.279523005358	-49.2654425695088
			50.279523005358	-49.2418593035589
			50.303106271308	-49.2182760376089
			50.326689537258	-49.2182760376089
			50.3502728032079	-49.1946927716589
			50.3738560691579	-49.1711095057089
			50.3974393351079	-49.1475262397589
			50.4210226010579	-49.1475262397589
			50.4210226010579	-49.123942973809
			50.4446058670079	-49.100359707859
			50.4681891329578	-49.076776441909
			50.4917723989078	-49.076776441909
			50.5153556648578	-49.053193175959
			50.5389389308078	-49.029609910009
			50.5625221967578	-49.029609910009
			50.5861054627077	-49.0060266440591
			50.6096887286577	-48.9824433781091
			50.6332719946077	-48.9588601121591
			50.6568552605577	-48.9352768462091
			50.6804385265077	-48.9116935802591
			50.7040217924576	-48.9116935802591
			50.7040217924576	-48.8881103143092
			50.7276050584076	-48.8881103143092
			50.7511883243576	-48.8645270483592
			50.7747715903076	-48.8645270483592
			50.7983548562576	-48.8409437824092
			50.8219381222075	-48.8173605164592
			50.8455213881575	-48.7937772505092
			50.8691046541075	-48.7937772505092
			50.8926879200575	-48.7701939845593
			50.9162711860075	-48.7701939845593
			50.9398544519574	-48.7466107186093
			50.9634377179074	-48.7230274526593
			50.9870209838574	-48.6994441867093
			51.0106042498074	-48.6994441867093
			51.0341875157574	-48.6758609207593
			51.0577707817073	-48.6758609207593
			51.0577707817073	-48.6522776548094
			51.0813540476573	-48.6522776548094
			51.1049373136073	-48.6522776548094
			51.1049373136073	-48.6286943888594
			51.1285205795573	-48.6286943888594
			51.1521038455073	-48.6051111229094
			51.1756871114573	-48.6051111229094
			51.1992703774072	-48.5815278569594
			51.2228536433572	-48.5579445910094
			51.2464369093072	-48.5579445910094
			51.2700201752572	-48.5579445910094
			51.2936034412071	-48.5343613250595
			51.3171867071571	-48.5107780591095
			51.3407699731071	-48.5107780591095
			51.3643532390571	-48.4871947931595
			51.3879365050071	-48.4871947931595
			51.411519770957	-48.4636115272095
			51.435103036907	-48.4400282612595
			51.458686302857	-48.4400282612595
			51.482269568807	-48.4164449953096
			51.505852834757	-48.4164449953096
			51.529436100707	-48.3928617293596
			51.5530193666569	-48.3928617293596
			51.5766026326069	-48.3692784634096
			51.6001858985569	-48.3692784634096
			51.6237691645069	-48.3456951974596
			51.6473524304569	-48.3456951974596
			51.6709356964068	-48.3221119315096
			51.6945189623568	-48.3221119315096
			51.7181022283068	-48.2985286655597
			51.7416854942568	-48.2985286655597
			51.7652687602068	-48.2985286655597
			51.7888520261567	-48.2749453996097
			51.8124352921067	-48.2749453996097
			51.8360185580567	-48.2513621336597
			51.8596018240067	-48.2513621336597
			51.8831850899567	-48.2277788677097
			51.9067683559066	-48.2277788677097
			51.9303516218566	-48.2041956017597
			51.9539348878066	-48.2041956017597
			51.9775181537566	-48.2041956017597
			52.0011014197066	-48.1806123358097
			52.0246846856565	-48.1806123358097
			52.0482679516065	-48.1570290698598
			52.0718512175565	-48.1570290698598
			52.0954344835065	-48.1570290698598
			52.1190177494565	-48.1334458039098
			52.1426010154064	-48.1334458039098
			52.1661842813564	-48.1098625379598
			52.1897675473064	-48.1098625379598
			52.2133508132564	-48.1098625379598
			52.2369340792064	-48.0862792720098
			52.2605173451563	-48.0862792720098
			52.2841006111063	-48.0626960060598
			52.3076838770563	-48.0626960060598
			52.3312671430063	-48.0626960060598
			52.3548504089563	-48.0391127401099
			52.3784336749062	-48.0391127401099
			52.4020169408562	-48.0155294741599
			52.4256002068062	-48.0155294741599
			52.4491834727562	-48.0155294741599
			52.4727667387062	-47.9919462082099
			52.4963500046561	-47.9919462082099
			52.5199332706061	-47.9919462082099
			52.5435165365561	-47.9683629422599
			52.5670998025061	-47.9683629422599
			52.5906830684561	-47.9683629422599
			52.614266334406	-47.9447796763099
			52.637849600356	-47.9447796763099
			52.661432866306	-47.92119641036
			52.685016132256	-47.92119641036
			52.708599398206	-47.92119641036
			52.7321826641559	-47.89761314441
			52.7557659301059	-47.89761314441
			52.7793491960559	-47.89761314441
			52.8029324620059	-47.89761314441
			52.8265157279559	-47.87402987846
			52.8500989939058	-47.87402987846
			52.8736822598558	-47.87402987846
			52.8972655258058	-47.87402987846
			52.9208487917558	-47.85044661251
			52.9444320577058	-47.85044661251
			52.9680153236557	-47.85044661251
			52.9915985896057	-47.85044661251
			53.0151818555557	-47.85044661251
			53.0151818555557	-47.82686334656
			53.0387651215057	-47.82686334656
			53.0623483874557	-47.82686334656
			53.0859316534057	-47.82686334656
			53.1095149193556	-47.82686334656
			53.1330981853056	-47.82686334656
			53.1566814512556	-47.8032800806101
			53.1802647172056	-47.8032800806101
			53.2038479831556	-47.8032800806101
			53.2274312491055	-47.8032800806101
			53.2510145150555	-47.7796968146601
			53.2745977810055	-47.7796968146601
			53.2981810469555	-47.7796968146601
			53.3217643129055	-47.7796968146601
			53.3453475788554	-47.7796968146601
			53.3689308448054	-47.7561135487101
			53.3925141107554	-47.7561135487101
			53.4160973767054	-47.7561135487101
			53.4396806426554	-47.7561135487101
			53.4632639086053	-47.7325302827601
			53.4868471745553	-47.7325302827601
			53.5104304405053	-47.7325302827601
			53.5340137064553	-47.7325302827601
			53.5575969724053	-47.7089470168101
			53.5811802383552	-47.7089470168101
			53.6047635043052	-47.7089470168101
			53.6283467702552	-47.7089470168101
			53.6519300362052	-47.7089470168101
			53.6755133021552	-47.7089470168101
			53.6990965681051	-47.6853637508602
			53.7226798340551	-47.6853637508602
			53.7462631000051	-47.6853637508602
			53.7698463659551	-47.6853637508602
			53.7934296319051	-47.6617804849102
			53.817012897855	-47.6617804849102
			53.840596163805	-47.6617804849102
			53.864179429755	-47.6617804849102
			53.887762695705	-47.6381972189602
			53.911345961655	-47.6381972189602
			53.9349292276049	-47.6381972189602
			53.9585124935549	-47.6381972189602
			53.9820957595049	-47.6146139530102
			54.0056790254549	-47.6146139530102
			54.0292622914049	-47.6146139530102
			54.0528455573548	-47.6146139530102
			54.0764288233048	-47.6146139530102
			54.1000120892548	-47.5910306870602
			54.1235953552048	-47.5910306870602
			54.1471786211548	-47.5910306870602
			54.1707618871047	-47.5910306870602
			54.1943451530547	-47.5674474211103
			54.2179284190047	-47.5674474211103
			54.2415116849547	-47.5674474211103
			54.2650949509047	-47.5674474211103
			54.2886782168546	-47.5438641551603
			54.3122614828046	-47.5438641551603
			54.3358447487546	-47.5438641551603
			54.3594280147046	-47.5438641551603
			54.3830112806546	-47.5438641551603
			54.4065945466045	-47.5202808892103
			54.4301778125545	-47.5202808892103
			54.4537610785045	-47.5202808892103
			54.4773443444545	-47.5202808892103
			54.5009276104045	-47.4966976232603
			54.5245108763544	-47.4966976232603
			54.5480941423044	-47.4966976232603
			54.5716774082544	-47.4966976232603
			54.5952606742044	-47.4966976232603
			54.6188439401544	-47.4731143573103
			54.6424272061044	-47.4731143573103
			54.6660104720543	-47.4731143573103
			54.6895937380043	-47.4731143573103
			54.7131770039543	-47.4495310913604
			54.7367602699043	-47.4495310913604
			54.7603435358543	-47.4495310913604
			54.7839268018042	-47.4495310913604
			54.7839268018042	-47.4259478254104
			54.8075100677542	-47.4259478254104
			54.8310933337042	-47.4259478254104
			54.8546765996542	-47.4259478254104
			54.8782598656042	-47.4259478254104
			54.9018431315541	-47.4023645594604
			54.9254263975041	-47.4023645594604
			54.9490096634541	-47.4023645594604
			54.9725929294041	-47.4023645594604
			54.9961761953541	-47.3787812935104
			55.019759461304	-47.3787812935104
			55.043342727254	-47.3787812935104
			55.066925993204	-47.3787812935104
			55.066925993204	-47.3551980275604
			55.090509259154	-47.3551980275604
			55.114092525104	-47.3551980275604
			55.1376757910539	-47.3551980275604
			55.1612590570039	-47.3551980275604
			55.1848423229539	-47.3316147616105
			55.2084255889039	-47.3316147616105
			55.2320088548539	-47.3316147616105
			55.2555921208038	-47.3316147616105
			55.2791753867538	-47.3080314956605
			55.3027586527038	-47.3080314956605
			55.3263419186538	-47.3080314956605
			55.3499251846038	-47.3080314956605
			55.3735084505537	-47.2844482297105
			55.3970917165037	-47.2844482297105
			55.4206749824537	-47.2844482297105
			55.4442582484037	-47.2844482297105
			55.4678415143537	-47.2608649637605
			55.4914247803036	-47.2608649637605
			55.5150080462536	-47.2608649637605
			55.5385913122036	-47.2372816978105
			55.5621745781536	-47.2372816978105
			55.5857578441036	-47.2372816978105
			55.6093411100535	-47.2372816978105
			55.6329243760035	-47.2372816978105
			55.6329243760035	-47.2136984318606
			55.6565076419535	-47.2136984318606
			55.6800909079035	-47.2136984318606
			55.7036741738535	-47.2136984318606
			55.7272574398034	-47.1901151659106
			55.7508407057534	-47.1901151659106
			55.7744239717034	-47.1901151659106
			55.7980072376534	-47.1901151659106
			55.7980072376534	-47.1665318999606
			55.8215905036034	-47.1665318999606
			55.8451737695533	-47.1665318999606
			55.8687570355033	-47.1665318999606
			55.8923403014533	-47.1429486340106
			55.9159235674033	-47.1429486340106
			55.9395068333533	-47.1429486340106
			55.9630900993033	-47.1429486340106
			55.9866733652532	-47.1193653680606
			56.0102566312032	-47.1193653680606
			56.0338398971532	-47.1193653680606
			56.0574231631032	-47.0957821021107
			56.0810064290531	-47.0957821021107
			56.1045896950031	-47.0957821021107
			56.1281729609531	-47.0957821021107
			56.1517562269031	-47.0721988361607
			56.1753394928531	-47.0721988361607
			56.1989227588031	-47.0721988361607
			56.222506024753	-47.0486155702107
			56.246089290703	-47.0486155702107
			56.269672556653	-47.0486155702107
			56.293255822603	-47.0486155702107
			56.316839088553	-47.0250323042607
			56.3404223545029	-47.0250323042607
			56.3640056204529	-47.0250323042607
			56.3875888864029	-47.0014490383107
			56.4111721523529	-47.0014490383107
			56.4347554183029	-47.0014490383107
			56.4583386842528	-47.0014490383107
			56.4819219502028	-46.9778657723608
			56.5055052161528	-46.9778657723608
			56.5290884821028	-46.9778657723608
			56.5526717480528	-46.9542825064108
			56.5762550140027	-46.9542825064108
			56.5998382799527	-46.9542825064108
			56.6234215459027	-46.9542825064108
			56.6470048118527	-46.9306992404608
			56.6705880778027	-46.9306992404608
			56.6941713437526	-46.9306992404608
			56.7177546097026	-46.9071159745108
			56.7413378756526	-46.9071159745108
			56.7649211416026	-46.9071159745108
			56.7885044075526	-46.8835327085608
			56.8120876735025	-46.8835327085608
			56.8356709394525	-46.8835327085608
			56.8592542054025	-46.8599494426109
			56.8828374713525	-46.8599494426109
			56.9064207373025	-46.8599494426109
			56.9300040032524	-46.8599494426109
			56.9535872692024	-46.8363661766609
			56.9771705351524	-46.8363661766609
			57.0007538011024	-46.8363661766609
			57.0243370670524	-46.8127829107109
			57.0479203330023	-46.8127829107109
			57.0715035989523	-46.8127829107109
			57.0950868649023	-46.7891996447609
			57.1186701308523	-46.7891996447609
			57.1422533968023	-46.7891996447609
			57.1658366627522	-46.7656163788109
			57.1894199287022	-46.7656163788109
			57.2130031946522	-46.7656163788109
			57.2365864606022	-46.742033112861
			57.2601697265522	-46.742033112861
			57.2837529925021	-46.742033112861
			57.3073362584521	-46.718449846911
			57.3309195244021	-46.718449846911
			57.3545027903521	-46.718449846911
			57.3780860563021	-46.718449846911
			57.401669322252	-46.694866580961
			57.425252588202	-46.694866580961
			57.448835854152	-46.694866580961
			57.472419120102	-46.671283315011
			57.496002386052	-46.671283315011
			57.519585652002	-46.671283315011
			57.5431689179519	-46.671283315011
			57.5667521839019	-46.647700049061
			57.5903354498519	-46.647700049061
			57.6139187158019	-46.647700049061
			57.6375019817518	-46.624116783111
			57.6610852477018	-46.624116783111
			57.6846685136518	-46.624116783111
			57.7082517796018	-46.6005335171611
			57.7318350455518	-46.6005335171611
			57.7554183115017	-46.6005335171611
			57.7790015774517	-46.6005335171611
			57.8025848434017	-46.5769502512111
			57.8261681093517	-46.5769502512111
			57.8497513753017	-46.5769502512111
			57.8733346412517	-46.5533669852611
			57.8969179072016	-46.5533669852611
			57.9205011731516	-46.5533669852611
			57.9440844391016	-46.5297837193111
			57.9676677050516	-46.5297837193111
			57.9912509710016	-46.5297837193111
			58.0148342369515	-46.5062004533611
			58.0384175029015	-46.5062004533611
			58.0620007688515	-46.5062004533611
			58.0855840348015	-46.4826171874112
			58.1091673007515	-46.4826171874112
			58.1327505667014	-46.4826171874112
			58.1563338326514	-46.4826171874112
			58.1799170986014	-46.4590339214612
			58.2035003645514	-46.4590339214612
			58.2270836305014	-46.4590339214612
			58.2506668964513	-46.4354506555112
			58.2742501624013	-46.4354506555112
			58.2978334283513	-46.4354506555112
			58.3214166943013	-46.4118673895612
			58.3449999602513	-46.4118673895612
			58.3685832262012	-46.4118673895612
			58.3921664921512	-46.3882841236112
			58.4157497581012	-46.3882841236112
			58.4393330240512	-46.3882841236112
			58.4629162900012	-46.3647008576613
			58.4864995559511	-46.3647008576613
			58.5100828219011	-46.3411175917113
			58.5336660878511	-46.3411175917113
			58.5572493538011	-46.3411175917113
			58.5808326197511	-46.3175343257613
			58.604415885701	-46.3175343257613
			58.627999151651	-46.3175343257613
			58.651582417601	-46.2939510598113
			58.675165683551	-46.2939510598113
			58.698748949501	-46.2939510598113
			58.7223322154509	-46.2703677938613
			58.7459154814009	-46.2703677938613
			58.7694987473509	-46.2703677938613
			58.7930820133009	-46.2467845279114
			58.8166652792509	-46.2467845279114
			58.8402485452008	-46.2232012619614
			58.8638318111508	-46.2232012619614
			58.8874150771008	-46.2232012619614
			58.9109983430508	-46.1996179960114
			58.9345816090008	-46.1996179960114
			58.9581648749507	-46.1760347300614
			58.9817481409007	-46.1760347300614
			59.0053314068507	-46.1760347300614
			59.0289146728007	-46.1524514641114
			59.0524979387507	-46.1524514641114
			59.0760812047006	-46.1288681981615
			59.0996644706506	-46.1288681981615
			59.1232477366006	-46.1288681981615
			59.1232477366006	-46.1052849322115
			59.1468310025506	-46.1052849322115
			59.1704142685006	-46.1052849322115
			59.1939975344505	-46.1052849322115
			59.2175808004005	-46.0817016662615
			59.2411640663505	-46.0817016662615
			59.2647473323005	-46.0581184003115
			59.2883305982505	-46.0581184003115
			59.3119138642004	-46.0345351343615
			59.3354971301504	-46.0345351343615
			59.3590803961004	-46.0345351343615
			59.3590803961004	-46.0109518684116
			59.3826636620504	-46.0109518684116
			59.4062469280004	-46.0109518684116
			59.4298301939504	-45.9873686024616
			59.4534134599003	-45.9873686024616
			59.4769967258503	-45.9637853365116
			59.5005799918003	-45.9637853365116
			59.5241632577503	-45.9637853365116
			59.5477465237003	-45.9402020705616
			59.5713297896502	-45.9166188046116
			59.5949130556002	-45.9166188046116
			59.6184963215502	-45.9166188046116
			59.6420795875002	-45.8930355386617
			59.6656628534502	-45.8930355386617
			59.6892461194001	-45.8694522727117
			59.7128293853501	-45.8694522727117
			59.7364126513001	-45.8458690067617
			59.7599959172501	-45.8458690067617
			59.7835791832001	-45.8222857408117
			59.80716244915	-45.8222857408117
			59.8307457151	-45.8222857408117
			59.85432898105	-45.7987024748617
			59.877912247	-45.7751192089118
			59.90149551295	-45.7751192089118
			59.9250787788999	-45.7515359429618
			59.9486620448499	-45.7515359429618
			59.9722453107999	-45.7515359429618
			59.9722453107999	-45.7279526770118
			59.9958285767499	-45.7279526770118
			60.0194118426999	-45.7279526770118
			60.0194118426999	-45.7043694110618
			60.0429951086498	-45.7043694110618
		</Snout_dorsal>
		<Dorsal_adipose type=matrix rownames=FALSE colnames=FALSE nrow=347 ncol=2 as.numeric=TRUE >
			60.0429951086498	-45.7043694110618
			60.0665783745998	-45.7043694110618
			60.0901616405498	-45.7043694110618
			60.1137449064998	-45.6807861451118
			60.1373281724498	-45.6807861451118
			60.1609114383997	-45.6807861451118
			60.1844947043497	-45.6807861451118
			60.2080779702997	-45.6807861451118
			60.2316612362497	-45.6572028791619
			60.2552445021997	-45.6572028791619
			60.2788277681496	-45.6572028791619
			60.3024110340996	-45.6572028791619
			60.3259943000496	-45.6572028791619
			60.3495775659996	-45.6572028791619
			60.3731608319496	-45.6336196132119
			60.3967440978995	-45.6336196132119
			60.4203273638495	-45.6336196132119
			60.4439106297995	-45.6336196132119
			60.4674938957495	-45.6336196132119
			60.4910771616995	-45.6100363472619
			60.5146604276494	-45.6100363472619
			60.5382436935994	-45.6100363472619
			60.5618269595494	-45.6100363472619
			60.5854102254994	-45.6100363472619
			60.6089934914494	-45.6100363472619
			60.6325767573993	-45.5864530813119
			60.6561600233493	-45.5864530813119
			60.6797432892993	-45.5864530813119
			60.7033265552493	-45.5864530813119
			60.7269098211993	-45.5864530813119
			60.7504930871493	-45.5864530813119
			60.7740763530992	-45.5628698153619
			60.7976596190492	-45.5628698153619
			60.8212428849992	-45.5628698153619
			60.8448261509492	-45.5628698153619
			60.8684094168991	-45.5628698153619
			60.8919926828491	-45.5628698153619
			60.9155759487991	-45.539286549412
			60.9391592147491	-45.539286549412
			60.9627424806991	-45.539286549412
			60.9863257466491	-45.539286549412
			61.009909012599	-45.539286549412
			61.033492278549	-45.539286549412
			61.057075544499	-45.515703283462
			61.080658810449	-45.515703283462
			61.104242076399	-45.515703283462
			61.1278253423489	-45.515703283462
			61.1514086082989	-45.515703283462
			61.1749918742489	-45.515703283462
			61.1985751401989	-45.515703283462
			61.2221584061489	-45.492120017512
			61.2457416720988	-45.492120017512
			61.2693249380488	-45.492120017512
			61.2929082039988	-45.492120017512
			61.3164914699488	-45.492120017512
			61.3400747358988	-45.492120017512
			61.3636580018487	-45.468536751562
			61.3872412677987	-45.468536751562
			61.4108245337487	-45.468536751562
			61.4344077996987	-45.468536751562
			61.4579910656487	-45.468536751562
			61.4815743315986	-45.468536751562
			61.5051575975486	-45.468536751562
			61.5287408634986	-45.468536751562
			61.5523241294486	-45.444953485612
			61.5759073953986	-45.444953485612
			61.5994906613485	-45.444953485612
			61.6230739272985	-45.444953485612
			61.6466571932485	-45.444953485612
			61.6702404591985	-45.444953485612
			61.6938237251485	-45.444953485612
			61.7174069910984	-45.4213702196621
			61.7409902570484	-45.4213702196621
			61.7645735229984	-45.4213702196621
			61.7881567889484	-45.4213702196621
			61.8117400548984	-45.4213702196621
			61.8353233208483	-45.4213702196621
			61.8589065867983	-45.4213702196621
			61.8824898527483	-45.4213702196621
			61.9060731186983	-45.3977869537121
			61.9296563846483	-45.3977869537121
			61.9532396505982	-45.3977869537121
			61.9768229165482	-45.3977869537121
			62.0004061824982	-45.3977869537121
			62.0239894484482	-45.3977869537121
			62.0475727143982	-45.3977869537121
			62.0711559803481	-45.3977869537121
			62.0947392462981	-45.3977869537121
			62.1183225122481	-45.3742036877621
			62.1419057781981	-45.3742036877621
			62.1654890441481	-45.3742036877621
			62.189072310098	-45.3742036877621
			62.212655576048	-45.3742036877621
			62.236238841998	-45.3742036877621
			62.259822107948	-45.3742036877621
			62.283405373898	-45.3742036877621
			62.306988639848	-45.3742036877621
			62.3305719057979	-45.3506204218121
			62.3541551717479	-45.3506204218121
			62.3777384376979	-45.3506204218121
			62.4013217036479	-45.3506204218121
			62.4249049695978	-45.3506204218121
			62.4484882355478	-45.3506204218121
			62.4720715014978	-45.3506204218121
			62.4956547674478	-45.3506204218121
			62.5192380333978	-45.3506204218121
			62.5428212993478	-45.3506204218121
			62.5664045652977	-45.3270371558621
			62.5899878312477	-45.3270371558621
			62.6135710971977	-45.3270371558621
			62.6371543631477	-45.3270371558621
			62.6607376290977	-45.3270371558621
			62.6843208950476	-45.3270371558621
			62.7079041609976	-45.3270371558621
			62.7314874269476	-45.3270371558621
			62.7550706928976	-45.3270371558621
			62.7786539588476	-45.3270371558621
			62.8022372247975	-45.3034538899122
			62.8258204907475	-45.3034538899122
			62.8494037566975	-45.3034538899122
			62.8729870226475	-45.3034538899122
			62.8965702885975	-45.3034538899122
			62.9201535545474	-45.3034538899122
			62.9437368204974	-45.3034538899122
			62.9673200864474	-45.3034538899122
			62.9909033523974	-45.3034538899122
			63.0144866183474	-45.3034538899122
			63.0380698842973	-45.3034538899122
			63.0616531502473	-45.3034538899122
			63.0852364161973	-45.2798706239622
			63.1088196821473	-45.2798706239622
			63.1324029480973	-45.2798706239622
			63.1559862140472	-45.2798706239622
			63.1795694799972	-45.2798706239622
			63.2031527459472	-45.2798706239622
			63.2267360118972	-45.2798706239622
			63.2503192778472	-45.2798706239622
			63.2739025437971	-45.2798706239622
			63.2974858097471	-45.2798706239622
			63.3210690756971	-45.2798706239622
			63.3446523416471	-45.2798706239622
			63.3682356075971	-45.2798706239622
			63.391818873547	-45.2562873580122
			63.415402139497	-45.2562873580122
			63.438985405447	-45.2562873580122
			63.462568671397	-45.2562873580122
			63.486151937347	-45.2562873580122
			63.5097352032969	-45.2562873580122
			63.5333184692469	-45.2562873580122
			63.5569017351969	-45.2562873580122
			63.5804850011469	-45.2562873580122
			63.6040682670969	-45.2562873580122
			63.6276515330468	-45.2562873580122
			63.6512347989968	-45.2562873580122
			63.6748180649468	-45.2562873580122
			63.6984013308968	-45.2562873580122
			63.7219845968468	-45.2562873580122
			63.7455678627967	-45.2327040920622
			63.7691511287467	-45.2327040920622
			63.7927343946967	-45.2327040920622
			63.8163176606467	-45.2327040920622
			63.8399009265967	-45.2327040920622
			63.8634841925467	-45.2327040920622
			63.8870674584966	-45.2327040920622
			63.9106507244466	-45.2327040920622
			63.9342339903966	-45.2327040920622
			63.9578172563466	-45.2327040920622
			63.9814005222965	-45.2327040920622
			64.0049837882465	-45.2327040920622
			64.0285670541965	-45.2327040920622
			64.0521503201465	-45.2327040920622
			64.0757335860965	-45.2327040920622
			64.0993168520465	-45.2327040920622
			64.1229001179964	-45.2327040920622
			64.1464833839464	-45.2327040920622
			64.1700666498964	-45.2327040920622
			64.1936499158464	-45.2091208261122
			64.2172331817964	-45.2091208261122
			64.2408164477463	-45.2091208261122
			64.2643997136963	-45.2091208261122
			64.2879829796463	-45.2091208261122
			64.3115662455963	-45.2091208261122
			64.3351495115462	-45.2091208261122
			64.3587327774962	-45.2091208261122
			64.3823160434462	-45.2091208261122
			64.4058993093962	-45.2091208261122
			64.4294825753462	-45.2091208261122
			64.4530658412962	-45.2091208261122
			64.4766491072461	-45.2091208261122
			64.5002323731961	-45.1855375601623
			64.5238156391461	-45.1855375601623
			64.5473989050961	-45.1855375601623
			64.5709821710461	-45.1855375601623
			64.594565436996	-45.1855375601623
			64.618148702946	-45.1619542942123
			64.641731968896	-45.1619542942123
			64.665315234846	-45.1619542942123
			64.688898500796	-45.1619542942123
			64.7124817667459	-45.1383710282623
			64.7360650326959	-45.1383710282623
			64.7596482986459	-45.1383710282623
			64.7832315645959	-45.1383710282623
			64.8068148305459	-45.1383710282623
			64.8068148305459	-45.1147877623123
			64.8303980964958	-45.1147877623123
			64.8539813624458	-45.1147877623123
			64.8775646283958	-45.1147877623123
			64.9011478943458	-45.0912044963623
			64.9247311602958	-45.0912044963623
			64.9483144262457	-45.0912044963623
			64.9718976921957	-45.0912044963623
			64.9954809581457	-45.0912044963623
			64.9954809581457	-45.0676212304123
			65.0190642240957	-45.0676212304123
			65.0426474900457	-45.0676212304123
			65.0662307559956	-45.0676212304123
			65.0898140219456	-45.0676212304123
			65.1133972878956	-45.0440379644624
			65.1369805538456	-45.0440379644624
			65.1605638197956	-45.0440379644624
			65.1841470857456	-45.0204546985124
			65.2077303516955	-45.0204546985124
			65.2313136176455	-45.0204546985124
			65.2548968835955	-45.0204546985124
			65.2784801495455	-44.9968714325624
			65.3020634154954	-44.9968714325624
			65.3256466814454	-44.9968714325624
			65.3492299473954	-44.9968714325624
			65.3728132133454	-44.9732881666124
			65.3963964792954	-44.9732881666124
			65.4199797452453	-44.9732881666124
			65.4435630111953	-44.9732881666124
			65.4671462771453	-44.9497049006624
			65.4907295430953	-44.9497049006624
			65.5143128090453	-44.9497049006624
			65.5378960749952	-44.9497049006624
			65.5614793409452	-44.9261216347125
			65.5850626068952	-44.9261216347125
			65.6086458728452	-44.9261216347125
			65.6322291387952	-44.9261216347125
			65.6558124047451	-44.9025383687625
			65.6793956706951	-44.9025383687625
			65.7029789366451	-44.9025383687625
			65.7265622025951	-44.9025383687625
			65.7501454685451	-44.8789551028125
			65.7737287344951	-44.8789551028125
			65.797312000445	-44.8789551028125
			65.820895266395	-44.8553718368625
			65.844478532345	-44.8553718368625
			65.868061798295	-44.8553718368625
			65.891645064245	-44.8553718368625
			65.9152283301949	-44.8317885709126
			65.9388115961449	-44.8317885709126
			65.9623948620949	-44.8317885709126
			65.9859781280449	-44.8317885709126
			66.0095613939949	-44.8082053049626
			66.0331446599448	-44.8082053049626
			66.0567279258948	-44.8082053049626
			66.0803111918448	-44.7846220390126
			66.1038944577948	-44.7846220390126
			66.1274777237448	-44.7846220390126
			66.1510609896947	-44.7846220390126
			66.1746442556447	-44.7610387730626
			66.1982275215947	-44.7610387730626
			66.2218107875447	-44.7610387730626
			66.2453940534947	-44.7374555071126
			66.2689773194446	-44.7374555071126
			66.2925605853946	-44.7374555071126
			66.3161438513446	-44.7138722411626
			66.3397271172946	-44.7138722411626
			66.3633103832446	-44.7138722411626
			66.3868936491945	-44.6902889752127
			66.4104769151445	-44.6902889752127
			66.4340601810945	-44.6902889752127
			66.4576434470445	-44.6902889752127
			66.4812267129945	-44.6667057092627
			66.5048099789444	-44.6667057092627
			66.5283932448944	-44.6667057092627
			66.5519765108444	-44.6431224433127
			66.5755597767944	-44.6431224433127
			66.5991430427444	-44.6431224433127
			66.6227263086943	-44.6195391773627
			66.6463095746443	-44.6195391773627
			66.6698928405943	-44.6195391773627
			66.6934761065443	-44.5959559114127
			66.7170593724943	-44.5959559114127
			66.7406426384442	-44.5959559114127
			66.7642259043942	-44.5723726454628
			66.7878091703442	-44.5723726454628
			66.8113924362942	-44.5723726454628
			66.8349757022442	-44.5487893795128
			66.8585589681941	-44.5487893795128
			66.8821422341441	-44.5487893795128
			66.9057255000941	-44.5252061135628
			66.9293087660441	-44.5252061135628
			66.9528920319941	-44.5252061135628
			66.976475297944	-44.5016228476128
			67.000058563894	-44.5016228476128
			67.023641829844	-44.5016228476128
			67.047225095794	-44.4780395816628
			67.070808361744	-44.4780395816628
			67.094391627694	-44.4780395816628
			67.1179748936439	-44.4544563157129
			67.1415581595939	-44.4544563157129
			67.1651414255439	-44.4308730497629
			67.1887246914939	-44.4308730497629
			67.2123079574439	-44.4308730497629
			67.2358912233938	-44.4072897838129
			67.2594744893438	-44.4072897838129
			67.2830577552938	-44.4072897838129
			67.3066410212438	-44.3837065178629
			67.3302242871938	-44.3837065178629
			67.3538075531437	-44.3601232519129
			67.3773908190937	-44.3601232519129
			67.4009740850437	-44.3601232519129
			67.4245573509937	-44.336539985963
			67.4481406169436	-44.336539985963
			67.4717238828936	-44.312956720013
			67.4953071488436	-44.312956720013
			67.5188904147936	-44.312956720013
			67.5424736807436	-44.289373454063
			67.5660569466935	-44.289373454063
			67.5896402126435	-44.289373454063
			67.5896402126435	-44.265790188113
			67.6132234785935	-44.265790188113
			67.6368067445435	-44.265790188113
			67.6603900104935	-44.242206922163
			67.6839732764435	-44.242206922163
			67.7075565423934	-44.2186236562131
			67.7311398083434	-44.2186236562131
			67.7547230742934	-44.1950403902631
			67.7783063402434	-44.1950403902631
			67.8018896061934	-44.1950403902631
			67.8254728721433	-44.1714571243131
			67.8490561380933	-44.1714571243131
			67.8490561380933	-44.1478738583631
			67.8726394040433	-44.1478738583631
			67.8962226699933	-44.1478738583631
			67.9198059359433	-44.1242905924131
			67.9433892018932	-44.1242905924131
			67.9669724678432	-44.1007073264632
			67.9905557337932	-44.0771240605132
			68.0141389997432	-44.0771240605132
			68.0377222656932	-44.0771240605132
			68.0613055316431	-44.0535407945632
			68.0848887975931	-44.0535407945632
			68.1084720635431	-44.0299575286132
		</Dorsal_adipose>
		<Adipose_caudal type=matrix rownames=FALSE colnames=FALSE nrow=186 ncol=2 as.numeric=TRUE >
			68.1084720635431	-44.0299575286132
			68.1320553294931	-44.0299575286132
			68.1556385954431	-44.0063742626632
			68.179221861393	-44.0063742626632
			68.202805127343	-43.9827909967133
			68.226388393293	-43.9827909967133
			68.249971659243	-43.9592077307633
			68.273554925193	-43.9592077307633
			68.2971381911429	-43.9592077307633
			68.3207214570929	-43.9356244648133
			68.3443047230429	-43.9356244648133
			68.3678879889929	-43.9356244648133
			68.3914712549429	-43.9120411988633
			68.4150545208929	-43.9120411988633
			68.4386377868428	-43.9120411988633
			68.4622210527928	-43.9120411988633
			68.4858043187428	-43.9120411988633
			68.5093875846928	-43.8884579329133
			68.5329708506427	-43.8884579329133
			68.5565541165927	-43.8884579329133
			68.5801373825427	-43.8884579329133
			68.6037206484927	-43.8884579329133
			68.6273039144427	-43.8884579329133
			68.6508871803926	-43.8884579329133
			68.6744704463426	-43.8884579329133
			68.6980537122926	-43.8884579329133
			68.7216369782426	-43.9120411988633
			68.7452202441926	-43.9120411988633
			68.7688035101425	-43.9120411988633
			68.7923867760925	-43.9120411988633
			68.8159700420425	-43.9120411988633
			68.8395533079925	-43.9356244648133
			68.8631365739425	-43.9356244648133
			68.8867198398925	-43.9592077307633
			68.9103031058424	-43.9592077307633
			68.9338863717924	-43.9592077307633
			68.9574696377424	-43.9827909967133
			68.9810529036924	-44.0063742626632
			69.0046361696424	-44.0063742626632
			69.0282194355923	-44.0299575286132
			69.0518027015423	-44.0299575286132
			69.0753859674923	-44.0535407945632
			69.0989692334423	-44.0535407945632
			69.1225524993923	-44.0535407945632
			69.1461357653422	-44.0299575286132
			69.1697190312922	-44.0299575286132
			69.1933022972422	-44.0299575286132
			69.2168855631922	-44.0299575286132
			69.2404688291422	-44.0299575286132
			69.2640520950921	-44.0063742626632
			69.2876353610421	-44.0063742626632
			69.3112186269921	-44.0063742626632
			69.3348018929421	-44.0063742626632
			69.3583851588921	-44.0063742626632
			69.381968424842	-43.9827909967133
			69.405551690792	-43.9827909967133
			69.429134956742	-43.9827909967133
			69.452718222692	-43.9827909967133
			69.476301488642	-43.9827909967133
			69.4998847545919	-43.9592077307633
			69.5234680205419	-43.9592077307633
			69.5470512864919	-43.9592077307633
			69.5706345524419	-43.9356244648133
			69.5942178183919	-43.9356244648133
			69.6178010843418	-43.9356244648133
			69.6413843502918	-43.9356244648133
			69.6649676162418	-43.9356244648133
			69.6885508821918	-43.9120411988633
			69.7121341481418	-43.9120411988633
			69.7357174140917	-43.9120411988633
			69.7593006800417	-43.9120411988633
			69.7828839459917	-43.9120411988633
			69.8064672119417	-43.8884579329133
			69.8300504778917	-43.8884579329133
			69.8536337438416	-43.8884579329133
			69.8772170097916	-43.8884579329133
			69.9008002757416	-43.8648746669634
			69.9243835416916	-43.8648746669634
			69.9479668076416	-43.8648746669634
			69.9715500735915	-43.8648746669634
			69.9951333395415	-43.8412914010134
			70.0187166054915	-43.8412914010134
			70.0422998714415	-43.8412914010134
			70.0658831373915	-43.8412914010134
			70.0894664033414	-43.8412914010134
			70.1130496692914	-43.8177081350634
			70.1366329352414	-43.8177081350634
			70.1602162011914	-43.8177081350634
			70.1837994671414	-43.8177081350634
			70.1837994671414	-43.7941248691134
			70.2073827330914	-43.7941248691134
			70.2309659990413	-43.7941248691134
			70.2545492649913	-43.7941248691134
			70.2781325309413	-43.7941248691134
			70.3017157968913	-43.7705416031634
			70.3252990628413	-43.7705416031634
			70.3488823287912	-43.7705416031634
			70.3724655947412	-43.7705416031634
			70.3960488606912	-43.7469583372135
			70.4196321266412	-43.7469583372135
			70.4432153925912	-43.7469583372135
			70.4667986585411	-43.7469583372135
			70.4903819244911	-43.7233750712635
			70.5139651904411	-43.7233750712635
			70.5375484563911	-43.7233750712635
			70.5611317223411	-43.7233750712635
			70.584714988291	-43.6997918053135
			70.608298254241	-43.6997918053135
			70.631881520191	-43.6997918053135
			70.655464786141	-43.6997918053135
			70.655464786141	-43.6762085393635
			70.6790480520909	-43.6762085393635
			70.7026313180409	-43.6762085393635
			70.7262145839909	-43.6762085393635
			70.7497978499409	-43.6526252734135
			70.7733811158909	-43.6526252734135
			70.7969643818409	-43.6526252734135
			70.8205476477908	-43.6526252734135
			70.8205476477908	-43.6290420074636
			70.8441309137408	-43.6290420074636
			70.8677141796908	-43.6290420074636
			70.8912974456408	-43.6290420074636
			70.9148807115908	-43.6054587415136
			70.9384639775407	-43.6054587415136
			70.9620472434907	-43.6054587415136
			70.9856305094407	-43.5818754755636
			71.0092137753907	-43.5818754755636
			71.0327970413407	-43.5818754755636
			71.0563803072906	-43.5582922096136
			71.0799635732406	-43.5582922096136
			71.1035468391906	-43.5582922096136
			71.1271301051406	-43.5582922096136
			71.1507133710906	-43.5347089436636
			71.1742966370405	-43.5347089436636
			71.1978799029905	-43.5347089436636
			71.1978799029905	-43.5111256777137
			71.2214631689405	-43.5111256777137
			71.2450464348905	-43.5111256777137
			71.2686297008405	-43.5111256777137
			71.2922129667904	-43.4875424117637
			71.3157962327404	-43.4875424117637
			71.3393794986904	-43.4875424117637
			71.3393794986904	-43.4639591458137
			71.3629627646404	-43.4639591458137
			71.3865460305904	-43.4639591458137
			71.4101292965403	-43.4639591458137
			71.4337125624903	-43.4403758798637
			71.4572958284403	-43.4403758798637
			71.4808790943903	-43.4167926139137
			71.5044623603403	-43.4167926139137
			71.5280456262903	-43.3932093479637
			71.5516288922402	-43.3696260820138
			71.5752121581902	-43.3460428160638
			71.5987954241402	-43.3460428160638
			71.6223786900902	-43.3224595501138
			71.6459619560402	-43.2988762841638
			71.6695452219901	-43.2752930182138
			71.6931284879401	-43.2752930182138
			71.6931284879401	-43.2517097522639
			71.7167117538901	-43.2281264863139
			71.7402950198401	-43.2281264863139
			71.76387828579	-43.2045432203639
			71.78746155174	-43.2045432203639
			71.81104481769	-43.1809599544139
			71.83462808364	-43.1809599544139
			71.85821134959	-43.1573766884639
			71.8817946155399	-43.1573766884639
			71.9053778814899	-43.133793422514
			71.9289611474399	-43.133793422514
			71.9525444133899	-43.110210156564
			71.9761276793399	-43.110210156564
			71.9997109452898	-43.086626890614
			72.0232942112398	-43.086626890614
			72.0468774771898	-43.086626890614
			72.0704607431398	-43.086626890614
			72.0940440090898	-43.063043624664
			72.1176272750398	-43.063043624664
			72.1412105409897	-43.063043624664
			72.1647938069397	-43.063043624664
			72.1883770728897	-43.063043624664
			72.2119603388397	-43.063043624664
			72.2355436047897	-43.063043624664
			72.2591268707396	-43.063043624664
			72.2827101366896	-43.063043624664
			72.3062934026396	-43.063043624664
			72.3298766685896	-43.063043624664
		</Adipose_caudal>
		<Caudal_anal type=matrix rownames=FALSE colnames=FALSE nrow=324 ncol=2 as.numeric=TRUE >
			73.5090399660886	-45.7043694110618
			73.5090399660886	-45.7279526770118
			73.4854567001386	-45.7279526770118
			73.4854567001386	-45.7515359429618
			73.4618734341886	-45.7751192089118
			73.4618734341886	-45.7987024748617
			73.4382901682387	-45.7987024748617
			73.4147069022887	-45.8222857408117
			73.3911236363387	-45.8458690067617
			73.3675403703887	-45.8694522727117
			73.3439571044387	-45.8694522727117
			73.3203738384887	-45.8930355386617
			73.2967905725388	-45.8930355386617
			73.2732073065888	-45.9166188046116
			73.2496240406388	-45.9402020705616
			73.2260407746888	-45.9402020705616
			73.2024575087388	-45.9402020705616
			73.2024575087388	-45.9637853365116
			73.1788742427889	-45.9637853365116
			73.1552909768389	-45.9637853365116
			73.1317077108889	-45.9873686024616
			73.1081244449389	-45.9873686024616
			73.0845411789889	-45.9873686024616
			73.060957913039	-46.0109518684116
			73.037374647089	-46.0109518684116
			73.013791381139	-46.0345351343615
			72.990208115189	-46.0345351343615
			72.966624849239	-46.0345351343615
			72.9430415832891	-46.0345351343615
			72.9194583173391	-46.0581184003115
			72.8958750513891	-46.0581184003115
			72.8722917854391	-46.0581184003115
			72.8487085194891	-46.0581184003115
			72.8487085194891	-46.0817016662615
			72.8251252535392	-46.0817016662615
			72.8015419875892	-46.0817016662615
			72.7779587216392	-46.0817016662615
			72.7779587216392	-46.1052849322115
			72.7543754556892	-46.1052849322115
			72.7307921897392	-46.1052849322115
			72.7072089237893	-46.1052849322115
			72.7072089237893	-46.1288681981615
			72.6836256578393	-46.1288681981615
			72.6600423918893	-46.1288681981615
			72.6600423918893	-46.1524514641114
			72.6364591259393	-46.1524514641114
			72.6128758599893	-46.1524514641114
			72.5892925940394	-46.1524514641114
			72.5892925940394	-46.1760347300614
			72.5657093280894	-46.1760347300614
			72.5421260621394	-46.1760347300614
			72.5421260621394	-46.1996179960114
			72.5185427961894	-46.1996179960114
			72.4949595302394	-46.1996179960114
			72.4949595302394	-46.2232012619614
			72.4713762642895	-46.2232012619614
			72.4477929983395	-46.2467845279114
			72.4242097323895	-46.2467845279114
			72.4006264664395	-46.2703677938613
			72.3770432004895	-46.2703677938613
			72.3534599345396	-46.2939510598113
			72.3298766685896	-46.2939510598113
			72.3298766685896	-46.3175343257613
			72.3062934026396	-46.3175343257613
			72.2827101366896	-46.3411175917113
			72.2591268707396	-46.3647008576613
			72.2355436047897	-46.3882841236112
			72.2119603388397	-46.3882841236112
			72.1883770728897	-46.4118673895612
			72.1647938069397	-46.4354506555112
			72.1412105409897	-46.4354506555112
			72.1176272750398	-46.4590339214612
			72.0940440090898	-46.4590339214612
			72.0704607431398	-46.4826171874112
			72.0468774771898	-46.4826171874112
			72.0232942112398	-46.5062004533611
			71.9997109452898	-46.5062004533611
			71.9761276793399	-46.5297837193111
			71.9525444133899	-46.5297837193111
			71.9289611474399	-46.5533669852611
			71.9053778814899	-46.5533669852611
			71.9053778814899	-46.5769502512111
			71.8817946155399	-46.5769502512111
			71.85821134959	-46.6005335171611
			71.83462808364	-46.6005335171611
			71.81104481769	-46.624116783111
			71.78746155174	-46.624116783111
			71.76387828579	-46.647700049061
			71.7402950198401	-46.647700049061
			71.7167117538901	-46.671283315011
			71.6931284879401	-46.671283315011
			71.6695452219901	-46.694866580961
			71.6459619560402	-46.694866580961
			71.6459619560402	-46.718449846911
			71.6223786900902	-46.718449846911
			71.5987954241402	-46.718449846911
			71.5752121581902	-46.742033112861
			71.5516288922402	-46.742033112861
			71.5280456262903	-46.7656163788109
			71.5044623603403	-46.7656163788109
			71.4808790943903	-46.7891996447609
			71.4572958284403	-46.7891996447609
			71.4337125624903	-46.8127829107109
			71.4101292965403	-46.8127829107109
			71.3865460305904	-46.8363661766609
			71.3629627646404	-46.8363661766609
			71.3393794986904	-46.8363661766609
			71.3393794986904	-46.8599494426109
			71.3157962327404	-46.8599494426109
			71.2922129667904	-46.8835327085608
			71.2686297008405	-46.8835327085608
			71.2450464348905	-46.9071159745108
			71.2214631689405	-46.9071159745108
			71.1978799029905	-46.9071159745108
			71.1742966370405	-46.9306992404608
			71.1507133710906	-46.9306992404608
			71.1271301051406	-46.9542825064108
			71.1035468391906	-46.9542825064108
			71.0799635732406	-46.9778657723608
			71.0563803072906	-46.9778657723608
			71.0327970413407	-46.9778657723608
			71.0092137753907	-47.0014490383107
			70.9856305094407	-47.0014490383107
			70.9620472434907	-47.0250323042607
			70.9384639775407	-47.0250323042607
			70.9148807115908	-47.0250323042607
			70.9148807115908	-47.0486155702107
			70.8912974456408	-47.0486155702107
			70.8677141796908	-47.0721988361607
			70.8441309137408	-47.0721988361607
			70.8205476477908	-47.0721988361607
			70.7969643818409	-47.0957821021107
			70.7733811158909	-47.0957821021107
			70.7497978499409	-47.0957821021107
			70.7262145839909	-47.1193653680606
			70.7026313180409	-47.1193653680606
			70.6790480520909	-47.1429486340106
			70.655464786141	-47.1429486340106
			70.631881520191	-47.1429486340106
			70.608298254241	-47.1665318999606
			70.584714988291	-47.1665318999606
			70.5611317223411	-47.1665318999606
			70.5375484563911	-47.1901151659106
			70.5139651904411	-47.1901151659106
			70.4903819244911	-47.2136984318606
			70.4667986585411	-47.2136984318606
			70.4432153925912	-47.2372816978105
			70.4196321266412	-47.2608649637605
			70.3960488606912	-47.2608649637605
			70.3960488606912	-47.2844482297105
			70.3724655947412	-47.2844482297105
			70.3488823287912	-47.3080314956605
			70.3252990628413	-47.3316147616105
			70.3017157968913	-47.3551980275604
			70.2781325309413	-47.3551980275604
			70.2545492649913	-47.3787812935104
			70.2309659990413	-47.4023645594604
			70.2073827330914	-47.4023645594604
			70.2073827330914	-47.4259478254104
			70.1837994671414	-47.4259478254104
			70.1602162011914	-47.4495310913604
			70.1366329352414	-47.4731143573103
			70.1130496692914	-47.4731143573103
			70.1130496692914	-47.4966976232603
			70.0894664033414	-47.5202808892103
			70.0658831373915	-47.5202808892103
			70.0422998714415	-47.5438641551603
			70.0187166054915	-47.5438641551603
			70.0187166054915	-47.5674474211103
			69.9951333395415	-47.5910306870602
			69.9715500735915	-47.5910306870602
			69.9479668076416	-47.6146139530102
			69.9243835416916	-47.6381972189602
			69.9008002757416	-47.6617804849102
			69.8772170097916	-47.6853637508602
			69.8536337438416	-47.6853637508602
			69.8300504778917	-47.7089470168101
			69.8064672119417	-47.7325302827601
			69.7828839459917	-47.7561135487101
			69.7593006800417	-47.7561135487101
			69.7357174140917	-47.7796968146601
			69.7121341481418	-47.8032800806101
			69.6885508821918	-47.82686334656
			69.6649676162418	-47.82686334656
			69.6413843502918	-47.85044661251
			69.6178010843418	-47.87402987846
			69.5942178183919	-47.89761314441
			69.5706345524419	-47.89761314441
			69.5470512864919	-47.92119641036
			69.5234680205419	-47.9447796763099
			69.4998847545919	-47.9683629422599
			69.476301488642	-47.9683629422599
			69.452718222692	-47.9919462082099
			69.429134956742	-48.0155294741599
			69.405551690792	-48.0391127401099
			69.381968424842	-48.0391127401099
			69.3583851588921	-48.0626960060598
			69.3348018929421	-48.0626960060598
			69.3348018929421	-48.0862792720098
			69.3112186269921	-48.0862792720098
			69.2876353610421	-48.1098625379598
			69.2640520950921	-48.1334458039098
			69.2404688291422	-48.1570290698598
			69.2168855631922	-48.1806123358097
			69.1933022972422	-48.1806123358097
			69.1697190312922	-48.2041956017597
			69.1461357653422	-48.2041956017597
			69.1461357653422	-48.2277788677097
			69.1225524993923	-48.2277788677097
			69.0989692334423	-48.2513621336597
			69.0753859674923	-48.2513621336597
			69.0753859674923	-48.2749453996097
			69.0518027015423	-48.2985286655597
			69.0282194355923	-48.2985286655597
			69.0046361696424	-48.3221119315096
			68.9810529036924	-48.3456951974596
			68.9574696377424	-48.3456951974596
			68.9338863717924	-48.3692784634096
			68.9103031058424	-48.3928617293596
			68.8867198398925	-48.3928617293596
			68.8631365739425	-48.4164449953096
			68.8395533079925	-48.4400282612595
			68.8159700420425	-48.4400282612595
			68.7923867760925	-48.4636115272095
			68.7688035101425	-48.4871947931595
			68.7452202441926	-48.4871947931595
			68.7452202441926	-48.5107780591095
			68.7216369782426	-48.5343613250595
			68.6980537122926	-48.5579445910094
			68.6744704463426	-48.5579445910094
			68.6508871803926	-48.5815278569594
			68.6273039144427	-48.6051111229094
			68.6037206484927	-48.6051111229094
			68.5801373825427	-48.6286943888594
			68.5565541165927	-48.6522776548094
			68.5329708506427	-48.6522776548094
			68.5093875846928	-48.6758609207593
			68.4858043187428	-48.6994441867093
			68.4622210527928	-48.6994441867093
			68.4386377868428	-48.7230274526593
			68.4150545208929	-48.7466107186093
			68.3914712549429	-48.7466107186093
			68.3678879889929	-48.7701939845593
			68.3443047230429	-48.7937772505092
			68.3207214570929	-48.7937772505092
			68.2971381911429	-48.8173605164592
			68.273554925193	-48.8409437824092
			68.249971659243	-48.8409437824092
			68.249971659243	-48.8645270483592
			68.226388393293	-48.8881103143092
			68.202805127343	-48.9116935802591
			68.179221861393	-48.9116935802591
			68.1556385954431	-48.9352768462091
			68.1320553294931	-48.9588601121591
			68.1084720635431	-48.9588601121591
			68.0848887975931	-48.9824433781091
			68.0613055316431	-49.0060266440591
			68.0377222656932	-49.0060266440591
			68.0141389997432	-49.029609910009
			67.9905557337932	-49.053193175959
			67.9669724678432	-49.053193175959
			67.9433892018932	-49.076776441909
			67.9198059359433	-49.100359707859
			67.8962226699933	-49.123942973809
			67.8726394040433	-49.123942973809
			67.8490561380933	-49.1475262397589
			67.8254728721433	-49.1711095057089
			67.8018896061934	-49.1711095057089
			67.7783063402434	-49.1946927716589
			67.7547230742934	-49.2182760376089
			67.7311398083434	-49.2182760376089
			67.7075565423934	-49.2418593035589
			67.6839732764435	-49.2654425695088
			67.6603900104935	-49.2890258354588
			67.6368067445435	-49.2890258354588
			67.6132234785935	-49.3126091014088
			67.5896402126435	-49.3361923673588
			67.5660569466935	-49.3361923673588
			67.5424736807436	-49.3597756333088
			67.5188904147936	-49.3833588992587
			67.4953071488436	-49.3833588992587
			67.4717238828936	-49.4069421652087
			67.4481406169436	-49.4305254311587
			67.4245573509937	-49.4305254311587
			67.4009740850437	-49.4541086971087
			67.3773908190937	-49.4776919630587
			67.3538075531437	-49.5012752290086
			67.3302242871938	-49.5012752290086
			67.3066410212438	-49.5248584949586
			67.2830577552938	-49.5248584949586
			67.2830577552938	-49.5484417609086
			67.2594744893438	-49.5484417609086
			67.2358912233938	-49.5720250268586
			67.2123079574439	-49.5720250268586
			67.2123079574439	-49.5956082928086
			67.1887246914939	-49.5956082928086
			67.1651414255439	-49.6191915587586
			67.1415581595939	-49.6191915587586
			67.1415581595939	-49.6427748247085
			67.1179748936439	-49.6427748247085
			67.094391627694	-49.6663580906585
			67.070808361744	-49.6663580906585
			67.070808361744	-49.6899413566085
			67.047225095794	-49.6899413566085
			67.023641829844	-49.7135246225585
			67.000058563894	-49.7135246225585
			67.000058563894	-49.7371078885084
			66.976475297944	-49.7371078885084
			66.9528920319941	-49.7606911544584
			66.9293087660441	-49.7606911544584
			66.9057255000941	-49.7842744204084
			66.8821422341441	-49.8078576863584
			66.8585589681941	-49.8314409523084
			66.8349757022442	-49.8314409523084
			66.8113924362942	-49.8550242182584
			66.7878091703442	-49.8550242182584
			66.7642259043942	-49.8786074842083
			66.7406426384442	-49.9021907501583
			66.7170593724943	-49.9257740161083
			66.6934761065443	-49.9257740161083
			66.6698928405943	-49.9493572820583
			66.6463095746443	-49.9729405480083
			66.6227263086943	-49.9965238139582
			66.5991430427444	-49.9965238139582
		</Caudal_anal>
	</curves.scaled>
	<ruler.points type=matrix rownames=TRUE colnames=FALSE nrow=3 ncol=2 as.numeric=TRUE >
		Ruler point 1	3209	2265
		Ruler point 2	3421	2262
		Ruler point 3	3633	2260
	</ruler.points>
</shapes>

