<shapes type=list>
	<ruler.pixel type=vector names=FALSE length=1 as.numeric=TRUE >211.782906151641</ruler.pixel>
	<ruler.interval type=vector names=FALSE length=1 as.numeric=TRUE >5</ruler.interval>
	<scaling.units type=vector names=FALSE length=1 as.numeric=FALSE >mm</scaling.units>
	<scaling type=vector names=FALSE length=1 as.numeric=TRUE >0.0236090820116516</scaling>
	<landmarks.pixel type=matrix rownames=TRUE colnames=FALSE nrow=11 ncol=2 as.numeric=TRUE >
		Anterior_eye	3272	3488
		Posterior_eye	3390	3488
		Posterior_Maxilla	3466	3595
		Anterior_Maxilla	3254	3522
		Dorsal_fin_insertion	3724	3341
		Adipose_fin_insertion	4088	3373
		Dorsal_caudal	4325	3374
		Ventral_caudal	4339	3497
		Anal_fin_insertion	3956	3593
		Pelvic_fin_insertion	3750	3599
		Pectoral_fin_insertion	3598	3561
	</landmarks.pixel>
	<landmarks.scaled type=matrix rownames=TRUE colnames=FALSE nrow=11 ncol=2 as.numeric=TRUE >
		Anterior_eye	77.248916342124	-82.3484780566408
		Posterior_eye	80.0347880194989	-82.3484780566408
		Posterior_Maxilla	81.8290782523844	-84.8746498318875
		Anterior_Maxilla	76.8239528659143	-83.1511868450369
		Dorsal_fin_insertion	87.9202214113905	-78.877943000928
		Adipose_fin_insertion	96.5139272636317	-79.6334336253008
		Dorsal_caudal	102.109279700393	-79.6570427073125
		Ventral_caudal	102.439806848556	-82.5609597947456
		Anal_fin_insertion	93.3975284380937	-84.8274316678642
		Pelvic_fin_insertion	88.5340575436935	-84.9690861599341
		Pectoral_fin_insertion	84.9454770779224	-84.0719410434913
	</landmarks.scaled>
	<curves.control type=list>
		<Snout_dorsal type=matrix rownames=FALSE colnames=FALSE nrow=7 ncol=2 as.numeric=TRUE >
			3254	3522
			3240	3417
			3358	3366
			3434	3341
			3565	3342
			3682	3351
			3724	3341
		</Snout_dorsal>
		<Dorsal_adipose type=matrix rownames=FALSE colnames=FALSE nrow=7 ncol=2 as.numeric=TRUE >
			3724	3341
			3801	3362
			3945	3384
			3985	3389
			4059	3382
			4076	3376
			4088	3373
		</Dorsal_adipose>
		<Adipose_caudal type=matrix rownames=FALSE colnames=FALSE nrow=7 ncol=2 as.numeric=TRUE >
			4088	3373
			4111	3374
			4122	3384
			4209	3392
			4295	3377
			4319	3370
			4325	3374
		</Adipose_caudal>
		<Caudal_anal type=matrix rownames=FALSE colnames=FALSE nrow=7 ncol=2 as.numeric=TRUE >
			4339	3497
			4321	3504
			4292	3504
			4222	3498
			4155	3516
			4072	3551
			3956	3593
		</Caudal_anal>
	</curves.control>
	<curves.pixel type=list>
		<Snout_dorsal type=matrix rownames=FALSE colnames=FALSE nrow=556 ncol=2 as.numeric=TRUE >
			3254	3522
			3254	3521
			3254	3520
			3254	3519
			3253	3518
			3253	3517
			3253	3516
			3253	3515
			3253	3514
			3253	3513
			3253	3512
			3253	3511
			3253	3510
			3253	3509
			3253	3508
			3253	3507
			3253	3506
			3253	3505
			3253	3504
			3253	3503
			3253	3502
			3253	3501
			3253	3500
			3253	3499
			3253	3498
			3253	3497
			3253	3496
			3253	3495
			3253	3494
			3253	3493
			3253	3492
			3253	3491
			3253	3490
			3253	3489
			3253	3488
			3253	3487
			3253	3486
			3253	3485
			3254	3484
			3254	3483
			3254	3482
			3254	3481
			3254	3480
			3254	3479
			3254	3478
			3254	3477
			3255	3476
			3255	3475
			3255	3474
			3255	3473
			3255	3472
			3256	3471
			3256	3470
			3256	3469
			3256	3468
			3257	3467
			3257	3466
			3257	3465
			3258	3464
			3258	3463
			3258	3462
			3258	3461
			3259	3460
			3259	3459
			3259	3458
			3260	3457
			3260	3456
			3260	3455
			3261	3454
			3261	3453
			3262	3452
			3262	3451
			3263	3450
			3263	3449
			3263	3448
			3264	3447
			3264	3446
			3265	3445
			3265	3444
			3266	3443
			3266	3442
			3267	3441
			3267	3440
			3268	3439
			3269	3438
			3269	3437
			3270	3436
			3270	3435
			3271	3434
			3271	3433
			3272	3432
			3273	3431
			3273	3430
			3274	3429
			3275	3428
			3275	3427
			3276	3426
			3277	3425
			3277	3424
			3278	3423
			3279	3423
			3279	3422
			3280	3421
			3281	3420
			3282	3419
			3282	3418
			3283	3417
			3284	3416
			3285	3415
			3286	3415
			3286	3414
			3287	3413
			3288	3412
			3289	3411
			3290	3410
			3291	3409
			3292	3408
			3293	3407
			3294	3406
			3295	3405
			3296	3404
			3297	3403
			3298	3402
			3299	3401
			3300	3400
			3301	3400
			3302	3399
			3303	3398
			3304	3398
			3305	3397
			3305	3396
			3306	3396
			3307	3395
			3308	3394
			3309	3394
			3310	3393
			3311	3392
			3312	3392
			3313	3391
			3314	3390
			3315	3390
			3315	3389
			3316	3388
			3317	3388
			3318	3387
			3319	3386
			3320	3386
			3321	3385
			3322	3384
			3323	3384
			3324	3383
			3325	3383
			3326	3382
			3327	3381
			3328	3381
			3329	3381
			3329	3380
			3330	3380
			3331	3380
			3331	3379
			3332	3379
			3333	3378
			3334	3378
			3335	3377
			3336	3376
			3337	3376
			3338	3376
			3339	3375
			3340	3375
			3340	3374
			3341	3374
			3342	3373
			3343	3373
			3344	3373
			3345	3372
			3346	3371
			3347	3371
			3348	3370
			3349	3370
			3350	3369
			3351	3369
			3352	3368
			3353	3368
			3354	3368
			3355	3367
			3356	3367
			3357	3366
			3358	3366
			3359	3366
			3360	3365
			3361	3365
			3362	3365
			3363	3364
			3364	3364
			3365	3364
			3366	3363
			3367	3363
			3368	3363
			3369	3362
			3370	3362
			3371	3362
			3372	3362
			3373	3361
			3374	3361
			3375	3361
			3376	3361
			3377	3360
			3378	3360
			3379	3360
			3380	3360
			3381	3359
			3382	3359
			3383	3359
			3384	3359
			3385	3358
			3386	3358
			3387	3358
			3388	3358
			3389	3357
			3390	3357
			3391	3357
			3392	3357
			3393	3357
			3394	3356
			3395	3356
			3396	3356
			3397	3356
			3398	3355
			3399	3355
			3400	3355
			3401	3355
			3402	3355
			3403	3354
			3404	3354
			3405	3354
			3406	3354
			3407	3354
			3408	3353
			3409	3353
			3410	3353
			3411	3353
			3412	3353
			3413	3353
			3414	3352
			3415	3352
			3416	3352
			3417	3352
			3418	3352
			3419	3351
			3420	3351
			3421	3351
			3422	3351
			3423	3351
			3424	3351
			3425	3351
			3426	3350
			3427	3350
			3428	3350
			3429	3350
			3430	3350
			3431	3350
			3432	3350
			3433	3349
			3434	3349
			3435	3349
			3436	3349
			3437	3349
			3438	3349
			3439	3349
			3440	3348
			3441	3348
			3442	3348
			3443	3348
			3444	3348
			3445	3348
			3446	3348
			3447	3348
			3448	3348
			3449	3347
			3450	3347
			3451	3347
			3452	3347
			3453	3347
			3454	3347
			3455	3347
			3456	3347
			3457	3347
			3458	3346
			3459	3346
			3460	3346
			3461	3346
			3462	3346
			3463	3346
			3464	3346
			3465	3346
			3466	3346
			3467	3346
			3468	3345
			3469	3345
			3470	3345
			3471	3345
			3472	3345
			3473	3345
			3474	3345
			3475	3345
			3476	3345
			3477	3345
			3478	3345
			3479	3345
			3480	3344
			3481	3344
			3482	3344
			3483	3344
			3484	3344
			3485	3344
			3486	3344
			3487	3344
			3488	3344
			3489	3344
			3490	3344
			3491	3344
			3492	3344
			3493	3344
			3494	3344
			3495	3344
			3496	3343
			3497	3343
			3498	3343
			3499	3343
			3500	3343
			3501	3343
			3502	3343
			3503	3343
			3504	3343
			3505	3343
			3506	3343
			3507	3343
			3508	3343
			3509	3343
			3510	3343
			3511	3343
			3512	3343
			3513	3343
			3514	3343
			3515	3343
			3516	3343
			3517	3343
			3518	3343
			3519	3343
			3520	3342
			3521	3342
			3522	3342
			3523	3342
			3524	3342
			3525	3342
			3526	3342
			3527	3342
			3528	3342
			3529	3342
			3530	3342
			3531	3342
			3532	3342
			3533	3342
			3534	3342
			3535	3342
			3536	3342
			3537	3342
			3538	3342
			3539	3342
			3540	3342
			3541	3342
			3542	3342
			3543	3342
			3544	3342
			3545	3342
			3546	3342
			3547	3342
			3548	3342
			3549	3342
			3550	3342
			3551	3342
			3552	3342
			3553	3342
			3554	3342
			3555	3342
			3556	3342
			3557	3342
			3558	3342
			3559	3342
			3560	3342
			3561	3342
			3562	3342
			3563	3342
			3564	3342
			3565	3342
			3566	3342
			3567	3342
			3568	3342
			3569	3342
			3570	3342
			3571	3342
			3572	3342
			3572	3343
			3573	3343
			3574	3343
			3575	3343
			3576	3343
			3577	3343
			3578	3343
			3579	3343
			3580	3343
			3581	3343
			3582	3343
			3583	3343
			3584	3343
			3585	3343
			3586	3344
			3587	3344
			3588	3344
			3589	3344
			3590	3344
			3591	3344
			3592	3344
			3593	3344
			3594	3344
			3595	3344
			3596	3344
			3597	3344
			3598	3344
			3599	3344
			3600	3344
			3601	3344
			3602	3344
			3603	3345
			3604	3345
			3605	3345
			3606	3345
			3607	3345
			3608	3345
			3609	3345
			3610	3345
			3611	3345
			3612	3345
			3613	3345
			3614	3345
			3615	3345
			3616	3345
			3617	3345
			3618	3345
			3619	3345
			3620	3345
			3621	3345
			3622	3345
			3623	3345
			3624	3346
			3625	3346
			3626	3346
			3627	3346
			3628	3346
			3629	3346
			3630	3346
			3631	3346
			3632	3346
			3633	3346
			3634	3346
			3635	3346
			3636	3346
			3637	3346
			3638	3346
			3639	3346
			3640	3346
			3641	3346
			3642	3346
			3643	3346
			3644	3346
			3645	3346
			3646	3346
			3647	3346
			3648	3346
			3649	3346
			3650	3346
			3651	3346
			3652	3346
			3653	3346
			3654	3346
			3655	3346
			3656	3346
			3657	3346
			3658	3346
			3659	3346
			3660	3346
			3661	3346
			3662	3346
			3663	3346
			3664	3346
			3665	3346
			3666	3346
			3667	3346
			3668	3346
			3669	3346
			3670	3346
			3671	3346
			3672	3346
			3673	3346
			3674	3346
			3675	3346
			3676	3346
			3677	3346
			3678	3346
			3679	3346
			3680	3346
			3681	3346
			3682	3346
			3683	3346
			3684	3346
			3685	3346
			3686	3346
			3687	3346
			3688	3346
			3689	3346
			3689	3345
			3690	3345
			3691	3345
			3692	3345
			3693	3345
			3694	3345
			3695	3345
			3696	3345
			3697	3345
			3698	3345
			3699	3345
			3700	3345
			3701	3345
			3702	3344
			3703	3344
			3704	3344
			3705	3344
			3706	3344
			3707	3344
			3708	3344
			3709	3344
			3710	3343
			3711	3343
			3712	3343
			3713	3343
			3714	3343
			3715	3343
			3716	3343
			3717	3342
			3718	3342
			3719	3342
			3720	3342
			3721	3342
			3722	3341
			3723	3341
			3724	3341
		</Snout_dorsal>
		<Dorsal_adipose type=matrix rownames=FALSE colnames=FALSE nrow=369 ncol=2 as.numeric=TRUE >
			3724	3341
			3725	3341
			3726	3342
			3727	3342
			3728	3342
			3729	3342
			3730	3343
			3731	3343
			3732	3343
			3733	3343
			3734	3344
			3735	3344
			3736	3344
			3737	3344
			3738	3345
			3739	3345
			3740	3345
			3741	3346
			3742	3346
			3743	3346
			3744	3346
			3745	3346
			3746	3347
			3747	3347
			3748	3347
			3749	3347
			3750	3348
			3751	3348
			3752	3348
			3753	3348
			3754	3349
			3755	3349
			3756	3349
			3757	3349
			3758	3350
			3759	3350
			3760	3350
			3761	3350
			3762	3350
			3763	3351
			3764	3351
			3765	3351
			3766	3351
			3767	3352
			3768	3352
			3769	3352
			3770	3352
			3771	3353
			3772	3353
			3773	3353
			3774	3353
			3775	3353
			3776	3354
			3777	3354
			3778	3354
			3779	3354
			3780	3355
			3781	3355
			3782	3355
			3783	3355
			3784	3355
			3785	3356
			3786	3356
			3787	3356
			3788	3356
			3789	3356
			3790	3357
			3791	3357
			3792	3357
			3793	3357
			3794	3357
			3795	3358
			3796	3358
			3797	3358
			3798	3358
			3799	3358
			3800	3359
			3801	3359
			3802	3359
			3803	3359
			3804	3359
			3804	3360
			3805	3360
			3806	3360
			3807	3360
			3808	3360
			3809	3361
			3810	3361
			3811	3361
			3812	3361
			3813	3361
			3814	3362
			3815	3362
			3816	3362
			3817	3362
			3818	3362
			3819	3363
			3820	3363
			3821	3363
			3822	3363
			3823	3363
			3824	3364
			3825	3364
			3826	3364
			3827	3364
			3828	3364
			3829	3364
			3830	3365
			3831	3365
			3832	3365
			3833	3365
			3834	3365
			3835	3366
			3836	3366
			3837	3366
			3838	3366
			3839	3366
			3840	3366
			3841	3367
			3842	3367
			3843	3367
			3844	3367
			3845	3367
			3846	3367
			3846	3368
			3847	3368
			3848	3368
			3849	3368
			3850	3368
			3851	3368
			3852	3369
			3853	3369
			3854	3369
			3855	3369
			3856	3369
			3857	3370
			3858	3370
			3859	3370
			3860	3370
			3861	3370
			3862	3370
			3863	3371
			3864	3371
			3865	3371
			3866	3371
			3867	3371
			3868	3371
			3868	3372
			3869	3372
			3870	3372
			3871	3372
			3872	3372
			3873	3372
			3874	3372
			3874	3373
			3875	3373
			3876	3373
			3877	3373
			3878	3373
			3879	3373
			3880	3373
			3881	3374
			3882	3374
			3883	3374
			3884	3374
			3885	3374
			3886	3375
			3887	3375
			3888	3375
			3889	3375
			3890	3375
			3891	3375
			3892	3376
			3893	3376
			3894	3376
			3895	3376
			3896	3376
			3897	3376
			3898	3377
			3899	3377
			3900	3377
			3901	3377
			3902	3377
			3903	3377
			3904	3378
			3905	3378
			3906	3378
			3907	3378
			3908	3378
			3909	3378
			3910	3379
			3911	3379
			3912	3379
			3913	3379
			3914	3379
			3915	3379
			3916	3380
			3917	3380
			3918	3380
			3919	3380
			3920	3380
			3921	3380
			3922	3380
			3923	3381
			3924	3381
			3925	3381
			3926	3381
			3927	3381
			3928	3381
			3929	3382
			3930	3382
			3931	3382
			3932	3382
			3933	3382
			3934	3382
			3935	3383
			3936	3383
			3937	3383
			3938	3383
			3939	3383
			3940	3383
			3941	3383
			3942	3384
			3943	3384
			3944	3384
			3945	3384
			3946	3384
			3947	3384
			3948	3384
			3949	3384
			3950	3385
			3951	3385
			3952	3385
			3953	3385
			3954	3385
			3955	3385
			3956	3385
			3957	3385
			3958	3385
			3959	3385
			3960	3385
			3961	3385
			3962	3386
			3963	3386
			3964	3386
			3965	3386
			3966	3386
			3967	3386
			3968	3386
			3969	3386
			3970	3386
			3971	3386
			3972	3386
			3973	3386
			3974	3386
			3975	3386
			3976	3386
			3977	3386
			3978	3386
			3979	3386
			3980	3386
			3981	3386
			3982	3386
			3983	3386
			3984	3386
			3985	3386
			3986	3386
			3987	3386
			3988	3386
			3989	3386
			3990	3386
			3991	3386
			3992	3386
			3993	3386
			3994	3386
			3995	3386
			3996	3386
			3997	3386
			3998	3386
			3999	3386
			4000	3386
			4001	3386
			4002	3386
			4003	3386
			4004	3386
			4005	3386
			4006	3386
			4007	3386
			4008	3386
			4009	3386
			4010	3385
			4011	3385
			4012	3385
			4013	3385
			4014	3385
			4015	3385
			4016	3385
			4017	3385
			4018	3385
			4019	3385
			4020	3385
			4021	3385
			4022	3385
			4023	3385
			4024	3385
			4025	3385
			4026	3385
			4027	3385
			4028	3384
			4029	3384
			4030	3384
			4031	3384
			4032	3384
			4033	3384
			4034	3384
			4035	3384
			4036	3384
			4037	3384
			4038	3384
			4039	3384
			4040	3384
			4041	3384
			4042	3383
			4043	3383
			4044	3383
			4045	3383
			4046	3383
			4047	3383
			4048	3383
			4049	3383
			4050	3383
			4051	3383
			4052	3383
			4053	3383
			4054	3382
			4055	3382
			4056	3382
			4057	3382
			4058	3382
			4059	3382
			4060	3382
			4061	3381
			4062	3381
			4063	3381
			4064	3380
			4065	3380
			4066	3379
			4067	3379
			4068	3379
			4069	3378
			4070	3378
			4071	3378
			4072	3378
			4073	3377
			4074	3377
			4075	3377
			4076	3376
			4077	3376
			4078	3376
			4079	3376
			4080	3375
			4081	3375
			4082	3375
			4083	3374
			4084	3374
			4085	3374
			4086	3373
			4087	3373
			4088	3373
		</Dorsal_adipose>
		<Adipose_caudal type=matrix rownames=FALSE colnames=FALSE nrow=241 ncol=2 as.numeric=TRUE >
			4088	3373
			4089	3373
			4090	3373
			4091	3373
			4092	3373
			4093	3373
			4094	3373
			4095	3374
			4096	3374
			4097	3374
			4098	3374
			4099	3374
			4100	3374
			4101	3374
			4102	3375
			4103	3375
			4104	3375
			4105	3375
			4106	3376
			4107	3376
			4108	3376
			4109	3377
			4110	3377
			4111	3377
			4112	3378
			4113	3378
			4114	3379
			4115	3379
			4116	3379
			4116	3380
			4117	3380
			4118	3381
			4119	3381
			4120	3382
			4120	3383
			4121	3383
			4122	3384
			4123	3384
			4124	3384
			4125	3384
			4126	3384
			4127	3384
			4128	3384
			4128	3385
			4129	3385
			4130	3385
			4131	3385
			4132	3385
			4133	3385
			4134	3385
			4135	3385
			4136	3385
			4137	3385
			4138	3385
			4139	3385
			4140	3385
			4141	3385
			4142	3386
			4143	3386
			4144	3386
			4145	3386
			4146	3386
			4147	3386
			4148	3386
			4149	3386
			4150	3386
			4151	3386
			4152	3386
			4153	3386
			4154	3386
			4155	3386
			4156	3386
			4157	3386
			4158	3386
			4159	3386
			4160	3386
			4161	3386
			4162	3386
			4163	3386
			4164	3387
			4165	3387
			4166	3387
			4167	3387
			4168	3387
			4169	3387
			4170	3387
			4171	3387
			4172	3387
			4173	3387
			4174	3387
			4175	3387
			4176	3387
			4177	3387
			4178	3387
			4179	3387
			4180	3387
			4181	3387
			4182	3387
			4183	3387
			4184	3387
			4185	3387
			4186	3387
			4187	3387
			4188	3387
			4189	3387
			4190	3387
			4191	3387
			4192	3387
			4193	3387
			4194	3387
			4195	3387
			4196	3387
			4197	3387
			4198	3387
			4199	3387
			4200	3387
			4201	3387
			4202	3386
			4203	3386
			4204	3386
			4205	3386
			4206	3386
			4207	3386
			4208	3386
			4209	3386
			4210	3386
			4211	3386
			4212	3386
			4213	3386
			4214	3386
			4215	3386
			4216	3386
			4217	3386
			4218	3386
			4219	3386
			4220	3386
			4221	3386
			4222	3386
			4223	3385
			4224	3385
			4225	3385
			4226	3385
			4227	3385
			4228	3385
			4229	3385
			4230	3385
			4231	3385
			4232	3385
			4233	3385
			4234	3385
			4235	3385
			4236	3385
			4237	3384
			4238	3384
			4239	3384
			4240	3384
			4241	3384
			4242	3384
			4243	3384
			4244	3384
			4245	3384
			4246	3384
			4247	3384
			4248	3383
			4249	3383
			4250	3383
			4251	3383
			4252	3383
			4253	3383
			4254	3383
			4255	3383
			4256	3383
			4257	3382
			4258	3382
			4259	3382
			4260	3382
			4261	3382
			4262	3382
			4263	3382
			4264	3382
			4265	3382
			4266	3381
			4267	3381
			4268	3381
			4269	3381
			4270	3381
			4271	3381
			4272	3381
			4273	3380
			4274	3380
			4275	3380
			4276	3380
			4277	3380
			4278	3380
			4279	3380
			4280	3379
			4281	3379
			4282	3379
			4283	3379
			4284	3379
			4285	3379
			4286	3378
			4287	3378
			4288	3378
			4289	3378
			4290	3378
			4291	3378
			4292	3377
			4293	3377
			4294	3377
			4295	3377
			4296	3377
			4297	3377
			4298	3376
			4299	3376
			4300	3376
			4301	3375
			4302	3375
			4303	3375
			4304	3375
			4305	3374
			4306	3374
			4307	3374
			4308	3374
			4309	3374
			4310	3373
			4311	3373
			4312	3373
			4313	3373
			4314	3373
			4315	3373
			4316	3373
			4317	3373
			4318	3373
			4319	3373
			4320	3373
			4321	3373
			4322	3373
			4323	3373
			4324	3374
			4325	3374
		</Adipose_caudal>
		<Caudal_anal type=matrix rownames=FALSE colnames=FALSE nrow=395 ncol=2 as.numeric=TRUE >
			4339	3497
			4338	3497
			4337	3498
			4336	3498
			4335	3498
			4334	3499
			4333	3499
			4332	3499
			4331	3500
			4330	3500
			4329	3500
			4328	3500
			4327	3501
			4326	3501
			4325	3501
			4324	3501
			4323	3501
			4322	3502
			4321	3502
			4320	3502
			4319	3502
			4318	3502
			4317	3502
			4316	3503
			4315	3503
			4314	3503
			4313	3503
			4312	3503
			4311	3503
			4310	3503
			4309	3503
			4308	3503
			4307	3503
			4307	3504
			4306	3504
			4305	3504
			4304	3504
			4303	3504
			4302	3504
			4301	3504
			4300	3504
			4299	3504
			4298	3504
			4297	3504
			4296	3504
			4295	3504
			4294	3504
			4293	3504
			4292	3504
			4291	3504
			4290	3504
			4289	3504
			4288	3504
			4287	3504
			4286	3504
			4285	3503
			4284	3503
			4283	3503
			4282	3503
			4281	3503
			4280	3503
			4279	3503
			4278	3503
			4277	3503
			4276	3503
			4275	3503
			4274	3503
			4273	3503
			4272	3503
			4271	3503
			4270	3503
			4269	3503
			4268	3503
			4267	3503
			4266	3503
			4265	3503
			4264	3503
			4263	3503
			4262	3503
			4261	3503
			4260	3503
			4259	3503
			4258	3503
			4257	3503
			4256	3503
			4255	3503
			4254	3503
			4253	3503
			4252	3503
			4251	3503
			4250	3503
			4249	3503
			4248	3503
			4247	3503
			4246	3503
			4245	3503
			4244	3503
			4243	3503
			4242	3503
			4241	3503
			4240	3503
			4239	3503
			4238	3503
			4237	3503
			4236	3503
			4235	3503
			4234	3503
			4233	3503
			4232	3503
			4231	3503
			4230	3503
			4229	3504
			4228	3504
			4227	3504
			4226	3504
			4225	3504
			4224	3504
			4223	3504
			4222	3504
			4221	3504
			4220	3504
			4219	3504
			4218	3504
			4217	3505
			4216	3505
			4215	3505
			4214	3505
			4213	3505
			4212	3505
			4211	3505
			4210	3505
			4209	3505
			4208	3506
			4207	3506
			4206	3506
			4205	3506
			4204	3506
			4203	3506
			4202	3506
			4201	3507
			4200	3507
			4199	3507
			4198	3507
			4197	3507
			4196	3507
			4195	3507
			4194	3508
			4193	3508
			4192	3508
			4191	3508
			4190	3508
			4189	3508
			4188	3509
			4187	3509
			4186	3509
			4185	3509
			4184	3509
			4183	3509
			4182	3510
			4181	3510
			4180	3510
			4179	3510
			4178	3511
			4177	3511
			4176	3511
			4175	3511
			4174	3511
			4173	3512
			4172	3512
			4171	3512
			4170	3512
			4169	3512
			4169	3513
			4168	3513
			4167	3513
			4166	3513
			4165	3513
			4164	3514
			4163	3514
			4162	3514
			4161	3515
			4160	3515
			4159	3515
			4158	3515
			4157	3516
			4156	3516
			4155	3516
			4154	3517
			4153	3517
			4152	3517
			4151	3518
			4150	3518
			4149	3519
			4148	3519
			4147	3519
			4146	3520
			4145	3520
			4144	3520
			4143	3521
			4142	3522
			4141	3522
			4140	3522
			4139	3523
			4138	3523
			4137	3524
			4136	3524
			4135	3524
			4134	3525
			4133	3525
			4132	3525
			4132	3526
			4131	3526
			4130	3526
			4129	3527
			4128	3527
			4127	3528
			4126	3528
			4125	3529
			4124	3529
			4123	3529
			4122	3530
			4121	3530
			4120	3531
			4119	3531
			4118	3531
			4117	3532
			4116	3532
			4115	3533
			4114	3533
			4113	3533
			4112	3534
			4111	3534
			4110	3535
			4109	3535
			4108	3536
			4107	3536
			4106	3536
			4105	3537
			4104	3537
			4103	3537
			4102	3538
			4101	3538
			4100	3538
			4100	3539
			4099	3539
			4098	3539
			4097	3540
			4096	3540
			4095	3541
			4094	3541
			4093	3541
			4092	3542
			4091	3542
			4090	3542
			4089	3543
			4088	3543
			4087	3544
			4086	3544
			4085	3544
			4085	3545
			4084	3545
			4083	3545
			4082	3546
			4081	3546
			4080	3547
			4079	3547
			4078	3547
			4077	3547
			4077	3548
			4076	3548
			4075	3548
			4074	3549
			4073	3549
			4072	3549
			4072	3550
			4071	3550
			4070	3550
			4069	3551
			4068	3551
			4067	3552
			4066	3552
			4065	3552
			4064	3553
			4063	3553
			4062	3554
			4061	3554
			4060	3554
			4059	3555
			4058	3555
			4057	3555
			4056	3556
			4055	3556
			4054	3557
			4053	3557
			4052	3557
			4051	3558
			4050	3558
			4049	3559
			4048	3559
			4047	3559
			4046	3559
			4046	3560
			4045	3560
			4044	3560
			4043	3561
			4042	3561
			4041	3562
			4040	3562
			4039	3562
			4038	3562
			4038	3563
			4037	3563
			4036	3563
			4035	3564
			4034	3564
			4033	3564
			4032	3565
			4031	3565
			4030	3566
			4029	3566
			4028	3567
			4027	3567
			4026	3567
			4025	3567
			4025	3568
			4024	3568
			4023	3568
			4022	3569
			4021	3569
			4020	3570
			4019	3570
			4018	3570
			4017	3570
			4017	3571
			4016	3571
			4015	3571
			4014	3572
			4013	3572
			4012	3573
			4011	3573
			4010	3573
			4009	3574
			4008	3574
			4007	3574
			4006	3575
			4005	3575
			4004	3575
			4003	3576
			4002	3576
			4001	3577
			4000	3577
			3999	3577
			3998	3578
			3997	3578
			3996	3578
			3995	3579
			3994	3579
			3993	3579
			3992	3580
			3991	3580
			3990	3581
			3989	3581
			3988	3581
			3987	3582
			3986	3582
			3985	3582
			3984	3583
			3983	3583
			3982	3583
			3981	3584
			3980	3584
			3979	3585
			3978	3585
			3977	3585
			3976	3586
			3975	3586
			3974	3586
			3973	3587
			3972	3587
			3971	3588
			3970	3588
			3969	3588
			3968	3589
			3967	3589
			3966	3589
			3965	3590
			3964	3590
			3963	3591
			3962	3591
			3961	3591
			3960	3592
			3959	3592
			3958	3592
			3957	3593
			3956	3593
		</Caudal_anal>
	</curves.pixel>
	<curves.scaled type=list>
		<Snout_dorsal type=matrix rownames=FALSE colnames=FALSE nrow=556 ncol=2 as.numeric=TRUE >
			76.8239528659143	-83.1511868450369
			76.8239528659143	-83.1275777630253
			76.8239528659143	-83.1039686810136
			76.8239528659143	-83.080359599002
			76.8003437839026	-83.0567505169903
			76.8003437839026	-83.0331414349786
			76.8003437839026	-83.009532352967
			76.8003437839026	-82.9859232709554
			76.8003437839026	-82.9623141889437
			76.8003437839026	-82.938705106932
			76.8003437839026	-82.9150960249204
			76.8003437839026	-82.8914869429087
			76.8003437839026	-82.8678778608971
			76.8003437839026	-82.8442687788854
			76.8003437839026	-82.8206596968738
			76.8003437839026	-82.7970506148621
			76.8003437839026	-82.7734415328505
			76.8003437839026	-82.7498324508388
			76.8003437839026	-82.7262233688272
			76.8003437839026	-82.7026142868155
			76.8003437839026	-82.6790052048039
			76.8003437839026	-82.6553961227922
			76.8003437839026	-82.6317870407806
			76.8003437839026	-82.6081779587689
			76.8003437839026	-82.5845688767573
			76.8003437839026	-82.5609597947456
			76.8003437839026	-82.537350712734
			76.8003437839026	-82.5137416307223
			76.8003437839026	-82.4901325487107
			76.8003437839026	-82.466523466699
			76.8003437839026	-82.4429143846874
			76.8003437839026	-82.4193053026757
			76.8003437839026	-82.3956962206641
			76.8003437839026	-82.3720871386524
			76.8003437839026	-82.3484780566408
			76.8003437839026	-82.3248689746291
			76.8003437839026	-82.3012598926175
			76.8003437839026	-82.2776508106058
			76.8239528659143	-82.2540417285941
			76.8239528659143	-82.2304326465825
			76.8239528659143	-82.2068235645708
			76.8239528659143	-82.1832144825592
			76.8239528659143	-82.1596054005475
			76.8239528659143	-82.1359963185359
			76.8239528659143	-82.1123872365242
			76.8239528659143	-82.0887781545126
			76.8475619479259	-82.0651690725009
			76.8475619479259	-82.0415599904893
			76.8475619479259	-82.0179509084776
			76.8475619479259	-81.994341826466
			76.8475619479259	-81.9707327444543
			76.8711710299376	-81.9471236624427
			76.8711710299376	-81.923514580431
			76.8711710299376	-81.8999054984194
			76.8711710299376	-81.8762964164077
			76.8947801119492	-81.8526873343961
			76.8947801119492	-81.8290782523844
			76.8947801119492	-81.8054691703728
			76.9183891939609	-81.7818600883611
			76.9183891939609	-81.7582510063495
			76.9183891939609	-81.7346419243378
			76.9183891939609	-81.7110328423262
			76.9419982759725	-81.6874237603145
			76.9419982759725	-81.6638146783029
			76.9419982759725	-81.6402055962912
			76.9656073579842	-81.6165965142795
			76.9656073579842	-81.5929874322679
			76.9656073579842	-81.5693783502563
			76.9892164399958	-81.5457692682446
			76.9892164399958	-81.522160186233
			77.0128255220075	-81.4985511042213
			77.0128255220075	-81.4749420222096
			77.0364346040191	-81.451332940198
			77.0364346040191	-81.4277238581863
			77.0364346040191	-81.4041147761747
			77.0600436860308	-81.380505694163
			77.0600436860308	-81.3568966121514
			77.0836527680425	-81.3332875301397
			77.0836527680425	-81.3096784481281
			77.1072618500541	-81.2860693661164
			77.1072618500541	-81.2624602841048
			77.1308709320657	-81.2388512020931
			77.1308709320657	-81.2152421200815
			77.1544800140774	-81.1916330380698
			77.1780890960891	-81.1680239560582
			77.1780890960891	-81.1444148740465
			77.2016981781007	-81.1208057920349
			77.2016981781007	-81.0971967100232
			77.2253072601124	-81.0735876280116
			77.2253072601124	-81.0499785459999
			77.248916342124	-81.0263694639883
			77.2725254241357	-81.0027603819766
			77.2725254241357	-80.979151299965
			77.2961345061473	-80.9555422179533
			77.319743588159	-80.9319331359417
			77.319743588159	-80.90832405393
			77.3433526701706	-80.8847149719184
			77.3669617521823	-80.8611058899067
			77.3669617521823	-80.8374968078951
			77.3905708341939	-80.8138877258834
			77.4141799162056	-80.8138877258834
			77.4141799162056	-80.7902786438717
			77.4377889982172	-80.7666695618601
			77.4613980802289	-80.7430604798485
			77.4850071622405	-80.7194513978368
			77.4850071622405	-80.6958423158251
			77.5086162442522	-80.6722332338135
			77.5322253262638	-80.6486241518018
			77.5558344082755	-80.6250150697902
			77.5794434902871	-80.6250150697902
			77.5794434902871	-80.6014059877785
			77.6030525722988	-80.5777969057669
			77.6266616543104	-80.5541878237552
			77.6502707363221	-80.5305787417436
			77.6738798183337	-80.5069696597319
			77.6974889003454	-80.4833605777203
			77.721097982357	-80.4597514957086
			77.7447070643687	-80.436142413697
			77.7683161463803	-80.4125333316853
			77.791925228392	-80.3889242496737
			77.8155343104036	-80.365315167662
			77.8391433924153	-80.3417060856504
			77.862752474427	-80.3180970036387
			77.8863615564386	-80.2944879216271
			77.9099706384503	-80.2708788396154
			77.9335797204619	-80.2708788396154
			77.9571888024736	-80.2472697576038
			77.9807978844852	-80.2236606755921
			78.0044069664969	-80.2236606755921
			78.0280160485085	-80.2000515935805
			78.0280160485085	-80.1764425115688
			78.0516251305202	-80.1764425115688
			78.0752342125318	-80.1528334295572
			78.0988432945435	-80.1292243475455
			78.1224523765551	-80.1292243475455
			78.1460614585668	-80.1056152655339
			78.1696705405784	-80.0820061835222
			78.1932796225901	-80.0820061835222
			78.2168887046017	-80.0583971015106
			78.2404977866134	-80.0347880194989
			78.264106868625	-80.0347880194989
			78.264106868625	-80.0111789374872
			78.2877159506367	-79.9875698554756
			78.3113250326483	-79.9875698554756
			78.33493411466	-79.9639607734639
			78.3585431966716	-79.9403516914523
			78.3821522786833	-79.9403516914523
			78.4057613606949	-79.9167426094406
			78.4293704427066	-79.893133527429
			78.4529795247182	-79.893133527429
			78.4765886067299	-79.8695244454173
			78.5001976887416	-79.8695244454173
			78.5238067707532	-79.8459153634057
			78.5474158527648	-79.822306281394
			78.5710249347765	-79.822306281394
			78.5946340167881	-79.822306281394
			78.5946340167881	-79.7986971993824
			78.6182430987998	-79.7986971993824
			78.6418521808115	-79.7986971993824
			78.6418521808115	-79.7750881173707
			78.6654612628231	-79.7750881173707
			78.6890703448348	-79.7514790353591
			78.7126794268464	-79.7514790353591
			78.7362885088581	-79.7278699533474
			78.7598975908697	-79.7042608713358
			78.7835066728814	-79.7042608713358
			78.807115754893	-79.7042608713358
			78.8307248369047	-79.6806517893241
			78.8543339189163	-79.6806517893241
			78.8543339189163	-79.6570427073125
			78.877943000928	-79.6570427073125
			78.9015520829396	-79.6334336253008
			78.9251611649513	-79.6334336253008
			78.9487702469629	-79.6334336253008
			78.9723793289746	-79.6098245432892
			78.9959884109862	-79.5862154612775
			79.0195974929979	-79.5862154612775
			79.0432065750095	-79.5626063792659
			79.0668156570212	-79.5626063792659
			79.0904247390328	-79.5389972972542
			79.1140338210445	-79.5389972972542
			79.1376429030561	-79.5153882152426
			79.1612519850678	-79.5153882152426
			79.1848610670794	-79.5153882152426
			79.2084701490911	-79.4917791332309
			79.2320792311027	-79.4917791332309
			79.2556883131144	-79.4681700512193
			79.2792973951261	-79.4681700512193
			79.3029064771377	-79.4681700512193
			79.3265155591494	-79.4445609692076
			79.350124641161	-79.4445609692076
			79.3737337231726	-79.4445609692076
			79.3973428051843	-79.420951887196
			79.420951887196	-79.420951887196
			79.4445609692076	-79.420951887196
			79.4681700512193	-79.3973428051843
			79.4917791332309	-79.3973428051843
			79.5153882152426	-79.3973428051843
			79.5389972972542	-79.3737337231726
			79.5626063792659	-79.3737337231726
			79.5862154612775	-79.3737337231726
			79.6098245432892	-79.3737337231726
			79.6334336253008	-79.350124641161
			79.6570427073125	-79.350124641161
			79.6806517893241	-79.350124641161
			79.7042608713358	-79.350124641161
			79.7278699533474	-79.3265155591494
			79.7514790353591	-79.3265155591494
			79.7750881173707	-79.3265155591494
			79.7986971993824	-79.3265155591494
			79.822306281394	-79.3029064771377
			79.8459153634057	-79.3029064771377
			79.8695244454173	-79.3029064771377
			79.893133527429	-79.3029064771377
			79.9167426094406	-79.2792973951261
			79.9403516914523	-79.2792973951261
			79.9639607734639	-79.2792973951261
			79.9875698554756	-79.2792973951261
			80.0111789374872	-79.2556883131144
			80.0347880194989	-79.2556883131144
			80.0583971015106	-79.2556883131144
			80.0820061835222	-79.2556883131144
			80.1056152655339	-79.2556883131144
			80.1292243475455	-79.2320792311027
			80.1528334295572	-79.2320792311027
			80.1764425115688	-79.2320792311027
			80.2000515935805	-79.2320792311027
			80.2236606755921	-79.2084701490911
			80.2472697576038	-79.2084701490911
			80.2708788396154	-79.2084701490911
			80.2944879216271	-79.2084701490911
			80.3180970036387	-79.2084701490911
			80.3417060856504	-79.1848610670794
			80.365315167662	-79.1848610670794
			80.3889242496737	-79.1848610670794
			80.4125333316853	-79.1848610670794
			80.436142413697	-79.1848610670794
			80.4597514957086	-79.1612519850678
			80.4833605777203	-79.1612519850678
			80.5069696597319	-79.1612519850678
			80.5305787417436	-79.1612519850678
			80.5541878237552	-79.1612519850678
			80.5777969057669	-79.1612519850678
			80.6014059877785	-79.1376429030561
			80.6250150697902	-79.1376429030561
			80.6486241518018	-79.1376429030561
			80.6722332338135	-79.1376429030561
			80.6958423158251	-79.1376429030561
			80.7194513978368	-79.1140338210445
			80.7430604798485	-79.1140338210445
			80.7666695618601	-79.1140338210445
			80.7902786438717	-79.1140338210445
			80.8138877258834	-79.1140338210445
			80.8374968078951	-79.1140338210445
			80.8611058899067	-79.1140338210445
			80.8847149719184	-79.0904247390328
			80.90832405393	-79.0904247390328
			80.9319331359417	-79.0904247390328
			80.9555422179533	-79.0904247390328
			80.979151299965	-79.0904247390328
			81.0027603819766	-79.0904247390328
			81.0263694639883	-79.0904247390328
			81.0499785459999	-79.0668156570212
			81.0735876280116	-79.0668156570212
			81.0971967100232	-79.0668156570212
			81.1208057920349	-79.0668156570212
			81.1444148740465	-79.0668156570212
			81.1680239560582	-79.0668156570212
			81.1916330380698	-79.0668156570212
			81.2152421200815	-79.0432065750095
			81.2388512020931	-79.0432065750095
			81.2624602841048	-79.0432065750095
			81.2860693661164	-79.0432065750095
			81.3096784481281	-79.0432065750095
			81.3332875301397	-79.0432065750095
			81.3568966121514	-79.0432065750095
			81.380505694163	-79.0432065750095
			81.4041147761747	-79.0432065750095
			81.4277238581863	-79.0195974929979
			81.451332940198	-79.0195974929979
			81.4749420222096	-79.0195974929979
			81.4985511042213	-79.0195974929979
			81.522160186233	-79.0195974929979
			81.5457692682446	-79.0195974929979
			81.5693783502563	-79.0195974929979
			81.5929874322679	-79.0195974929979
			81.6165965142795	-79.0195974929979
			81.6402055962912	-78.9959884109862
			81.6638146783029	-78.9959884109862
			81.6874237603145	-78.9959884109862
			81.7110328423262	-78.9959884109862
			81.7346419243378	-78.9959884109862
			81.7582510063495	-78.9959884109862
			81.7818600883611	-78.9959884109862
			81.8054691703728	-78.9959884109862
			81.8290782523844	-78.9959884109862
			81.8526873343961	-78.9959884109862
			81.8762964164077	-78.9723793289746
			81.8999054984194	-78.9723793289746
			81.923514580431	-78.9723793289746
			81.9471236624427	-78.9723793289746
			81.9707327444543	-78.9723793289746
			81.994341826466	-78.9723793289746
			82.0179509084776	-78.9723793289746
			82.0415599904893	-78.9723793289746
			82.0651690725009	-78.9723793289746
			82.0887781545126	-78.9723793289746
			82.1123872365242	-78.9723793289746
			82.1359963185359	-78.9723793289746
			82.1596054005475	-78.9487702469629
			82.1832144825592	-78.9487702469629
			82.2068235645708	-78.9487702469629
			82.2304326465825	-78.9487702469629
			82.2540417285941	-78.9487702469629
			82.2776508106058	-78.9487702469629
			82.3012598926175	-78.9487702469629
			82.3248689746291	-78.9487702469629
			82.3484780566408	-78.9487702469629
			82.3720871386524	-78.9487702469629
			82.3956962206641	-78.9487702469629
			82.4193053026757	-78.9487702469629
			82.4429143846874	-78.9487702469629
			82.466523466699	-78.9487702469629
			82.4901325487107	-78.9487702469629
			82.5137416307223	-78.9487702469629
			82.537350712734	-78.9251611649513
			82.5609597947456	-78.9251611649513
			82.5845688767573	-78.9251611649513
			82.6081779587689	-78.9251611649513
			82.6317870407806	-78.9251611649513
			82.6553961227922	-78.9251611649513
			82.6790052048039	-78.9251611649513
			82.7026142868155	-78.9251611649513
			82.7262233688272	-78.9251611649513
			82.7498324508388	-78.9251611649513
			82.7734415328505	-78.9251611649513
			82.7970506148621	-78.9251611649513
			82.8206596968738	-78.9251611649513
			82.8442687788854	-78.9251611649513
			82.8678778608971	-78.9251611649513
			82.8914869429087	-78.9251611649513
			82.9150960249204	-78.9251611649513
			82.938705106932	-78.9251611649513
			82.9623141889437	-78.9251611649513
			82.9859232709554	-78.9251611649513
			83.009532352967	-78.9251611649513
			83.0331414349786	-78.9251611649513
			83.0567505169903	-78.9251611649513
			83.080359599002	-78.9251611649513
			83.1039686810136	-78.9015520829396
			83.1275777630253	-78.9015520829396
			83.1511868450369	-78.9015520829396
			83.1747959270486	-78.9015520829396
			83.1984050090602	-78.9015520829396
			83.2220140910719	-78.9015520829396
			83.2456231730835	-78.9015520829396
			83.2692322550952	-78.9015520829396
			83.2928413371068	-78.9015520829396
			83.3164504191185	-78.9015520829396
			83.3400595011301	-78.9015520829396
			83.3636685831418	-78.9015520829396
			83.3872776651534	-78.9015520829396
			83.4108867471651	-78.9015520829396
			83.4344958291767	-78.9015520829396
			83.4581049111884	-78.9015520829396
			83.4817139932	-78.9015520829396
			83.5053230752117	-78.9015520829396
			83.5289321572233	-78.9015520829396
			83.552541239235	-78.9015520829396
			83.5761503212466	-78.9015520829396
			83.5997594032583	-78.9015520829396
			83.6233684852699	-78.9015520829396
			83.6469775672816	-78.9015520829396
			83.6705866492932	-78.9015520829396
			83.6941957313049	-78.9015520829396
			83.7178048133165	-78.9015520829396
			83.7414138953282	-78.9015520829396
			83.7650229773399	-78.9015520829396
			83.7886320593515	-78.9015520829396
			83.8122411413632	-78.9015520829396
			83.8358502233748	-78.9015520829396
			83.8594593053865	-78.9015520829396
			83.8830683873981	-78.9015520829396
			83.9066774694098	-78.9015520829396
			83.9302865514214	-78.9015520829396
			83.9538956334331	-78.9015520829396
			83.9775047154447	-78.9015520829396
			84.0011137974564	-78.9015520829396
			84.024722879468	-78.9015520829396
			84.0483319614797	-78.9015520829396
			84.0719410434913	-78.9015520829396
			84.095550125503	-78.9015520829396
			84.1191592075146	-78.9015520829396
			84.1427682895263	-78.9015520829396
			84.1663773715379	-78.9015520829396
			84.1899864535496	-78.9015520829396
			84.2135955355612	-78.9015520829396
			84.2372046175729	-78.9015520829396
			84.2608136995845	-78.9015520829396
			84.2844227815962	-78.9015520829396
			84.3080318636078	-78.9015520829396
			84.3316409456195	-78.9015520829396
			84.3316409456195	-78.9251611649513
			84.3552500276311	-78.9251611649513
			84.3788591096428	-78.9251611649513
			84.4024681916544	-78.9251611649513
			84.4260772736661	-78.9251611649513
			84.4496863556777	-78.9251611649513
			84.4732954376894	-78.9251611649513
			84.496904519701	-78.9251611649513
			84.5205136017127	-78.9251611649513
			84.5441226837244	-78.9251611649513
			84.567731765736	-78.9251611649513
			84.5913408477477	-78.9251611649513
			84.6149499297593	-78.9251611649513
			84.638559011771	-78.9251611649513
			84.6621680937826	-78.9487702469629
			84.6857771757943	-78.9487702469629
			84.7093862578059	-78.9487702469629
			84.7329953398176	-78.9487702469629
			84.7566044218292	-78.9487702469629
			84.7802135038409	-78.9487702469629
			84.8038225858525	-78.9487702469629
			84.8274316678642	-78.9487702469629
			84.8510407498758	-78.9487702469629
			84.8746498318875	-78.9487702469629
			84.8982589138991	-78.9487702469629
			84.9218679959108	-78.9487702469629
			84.9454770779224	-78.9487702469629
			84.9690861599341	-78.9487702469629
			84.9926952419457	-78.9487702469629
			85.0163043239574	-78.9487702469629
			85.039913405969	-78.9487702469629
			85.0635224879807	-78.9723793289746
			85.0871315699923	-78.9723793289746
			85.110740652004	-78.9723793289746
			85.1343497340156	-78.9723793289746
			85.1579588160273	-78.9723793289746
			85.1815678980389	-78.9723793289746
			85.2051769800506	-78.9723793289746
			85.2287860620623	-78.9723793289746
			85.2523951440739	-78.9723793289746
			85.2760042260855	-78.9723793289746
			85.2996133080972	-78.9723793289746
			85.3232223901089	-78.9723793289746
			85.3468314721205	-78.9723793289746
			85.3704405541322	-78.9723793289746
			85.3940496361438	-78.9723793289746
			85.4176587181555	-78.9723793289746
			85.4412678001671	-78.9723793289746
			85.4648768821788	-78.9723793289746
			85.4884859641904	-78.9723793289746
			85.5120950462021	-78.9723793289746
			85.5357041282137	-78.9723793289746
			85.5593132102254	-78.9959884109862
			85.582922292237	-78.9959884109862
			85.6065313742487	-78.9959884109862
			85.6301404562603	-78.9959884109862
			85.653749538272	-78.9959884109862
			85.6773586202836	-78.9959884109862
			85.7009677022953	-78.9959884109862
			85.7245767843069	-78.9959884109862
			85.7481858663186	-78.9959884109862
			85.7717949483302	-78.9959884109862
			85.7954040303419	-78.9959884109862
			85.8190131123535	-78.9959884109862
			85.8426221943652	-78.9959884109862
			85.8662312763768	-78.9959884109862
			85.8898403583885	-78.9959884109862
			85.9134494404001	-78.9959884109862
			85.9370585224118	-78.9959884109862
			85.9606676044234	-78.9959884109862
			85.9842766864351	-78.9959884109862
			86.0078857684468	-78.9959884109862
			86.0314948504584	-78.9959884109862
			86.0551039324701	-78.9959884109862
			86.0787130144817	-78.9959884109862
			86.1023220964934	-78.9959884109862
			86.125931178505	-78.9959884109862
			86.1495402605167	-78.9959884109862
			86.1731493425283	-78.9959884109862
			86.19675842454	-78.9959884109862
			86.2203675065516	-78.9959884109862
			86.2439765885633	-78.9959884109862
			86.2675856705749	-78.9959884109862
			86.2911947525866	-78.9959884109862
			86.3148038345982	-78.9959884109862
			86.3384129166099	-78.9959884109862
			86.3620219986215	-78.9959884109862
			86.3856310806332	-78.9959884109862
			86.4092401626448	-78.9959884109862
			86.4328492446565	-78.9959884109862
			86.4564583266681	-78.9959884109862
			86.4800674086798	-78.9959884109862
			86.5036764906914	-78.9959884109862
			86.5272855727031	-78.9959884109862
			86.5508946547147	-78.9959884109862
			86.5745037367264	-78.9959884109862
			86.598112818738	-78.9959884109862
			86.6217219007497	-78.9959884109862
			86.6453309827614	-78.9959884109862
			86.668940064773	-78.9959884109862
			86.6925491467846	-78.9959884109862
			86.7161582287963	-78.9959884109862
			86.7397673108079	-78.9959884109862
			86.7633763928196	-78.9959884109862
			86.7869854748313	-78.9959884109862
			86.8105945568429	-78.9959884109862
			86.8342036388546	-78.9959884109862
			86.8578127208662	-78.9959884109862
			86.8814218028779	-78.9959884109862
			86.9050308848895	-78.9959884109862
			86.9286399669012	-78.9959884109862
			86.9522490489128	-78.9959884109862
			86.9758581309245	-78.9959884109862
			86.9994672129361	-78.9959884109862
			87.0230762949478	-78.9959884109862
			87.0466853769594	-78.9959884109862
			87.0702944589711	-78.9959884109862
			87.0939035409827	-78.9959884109862
			87.0939035409827	-78.9723793289746
			87.1175126229944	-78.9723793289746
			87.141121705006	-78.9723793289746
			87.1647307870177	-78.9723793289746
			87.1883398690293	-78.9723793289746
			87.211948951041	-78.9723793289746
			87.2355580330526	-78.9723793289746
			87.2591671150643	-78.9723793289746
			87.2827761970759	-78.9723793289746
			87.3063852790876	-78.9723793289746
			87.3299943610992	-78.9723793289746
			87.3536034431109	-78.9723793289746
			87.3772125251225	-78.9723793289746
			87.4008216071342	-78.9487702469629
			87.4244306891459	-78.9487702469629
			87.4480397711575	-78.9487702469629
			87.4716488531692	-78.9487702469629
			87.4952579351808	-78.9487702469629
			87.5188670171924	-78.9487702469629
			87.5424760992041	-78.9487702469629
			87.5660851812158	-78.9487702469629
			87.5896942632274	-78.9251611649513
			87.6133033452391	-78.9251611649513
			87.6369124272507	-78.9251611649513
			87.6605215092624	-78.9251611649513
			87.684130591274	-78.9251611649513
			87.7077396732857	-78.9251611649513
			87.7313487552973	-78.9251611649513
			87.754957837309	-78.9015520829396
			87.7785669193206	-78.9015520829396
			87.8021760013323	-78.9015520829396
			87.8257850833439	-78.9015520829396
			87.8493941653556	-78.9015520829396
			87.8730032473672	-78.877943000928
			87.8966123293789	-78.877943000928
			87.9202214113905	-78.877943000928
		</Snout_dorsal>
		<Dorsal_adipose type=matrix rownames=FALSE colnames=FALSE nrow=369 ncol=2 as.numeric=TRUE >
			87.9202214113905	-78.877943000928
			87.9438304934022	-78.877943000928
			87.9674395754138	-78.9015520829396
			87.9910486574255	-78.9015520829396
			88.0146577394371	-78.9015520829396
			88.0382668214488	-78.9015520829396
			88.0618759034604	-78.9251611649513
			88.0854849854721	-78.9251611649513
			88.1090940674837	-78.9251611649513
			88.1327031494954	-78.9251611649513
			88.156312231507	-78.9487702469629
			88.1799213135187	-78.9487702469629
			88.2035303955304	-78.9487702469629
			88.227139477542	-78.9487702469629
			88.2507485595537	-78.9723793289746
			88.2743576415653	-78.9723793289746
			88.297966723577	-78.9723793289746
			88.3215758055886	-78.9959884109862
			88.3451848876003	-78.9959884109862
			88.3687939696119	-78.9959884109862
			88.3924030516236	-78.9959884109862
			88.4160121336352	-78.9959884109862
			88.4396212156469	-79.0195974929979
			88.4632302976585	-79.0195974929979
			88.4868393796702	-79.0195974929979
			88.5104484616818	-79.0195974929979
			88.5340575436935	-79.0432065750095
			88.5576666257051	-79.0432065750095
			88.5812757077168	-79.0432065750095
			88.6048847897284	-79.0432065750095
			88.6284938717401	-79.0668156570212
			88.6521029537517	-79.0668156570212
			88.6757120357634	-79.0668156570212
			88.699321117775	-79.0668156570212
			88.7229301997867	-79.0904247390328
			88.7465392817983	-79.0904247390328
			88.77014836381	-79.0904247390328
			88.7937574458216	-79.0904247390328
			88.8173665278333	-79.0904247390328
			88.8409756098449	-79.1140338210445
			88.8645846918566	-79.1140338210445
			88.8881937738683	-79.1140338210445
			88.9118028558799	-79.1140338210445
			88.9354119378915	-79.1376429030561
			88.9590210199032	-79.1376429030561
			88.9826301019149	-79.1376429030561
			89.0062391839265	-79.1376429030561
			89.0298482659382	-79.1612519850678
			89.0534573479498	-79.1612519850678
			89.0770664299615	-79.1612519850678
			89.1006755119731	-79.1612519850678
			89.1242845939848	-79.1612519850678
			89.1478936759964	-79.1848610670794
			89.1715027580081	-79.1848610670794
			89.1951118400197	-79.1848610670794
			89.2187209220314	-79.1848610670794
			89.242330004043	-79.2084701490911
			89.2659390860547	-79.2084701490911
			89.2895481680663	-79.2084701490911
			89.313157250078	-79.2084701490911
			89.3367663320896	-79.2084701490911
			89.3603754141013	-79.2320792311027
			89.3839844961129	-79.2320792311027
			89.4075935781246	-79.2320792311027
			89.4312026601362	-79.2320792311027
			89.4548117421479	-79.2320792311027
			89.4784208241595	-79.2556883131144
			89.5020299061712	-79.2556883131144
			89.5256389881828	-79.2556883131144
			89.5492480701945	-79.2556883131144
			89.5728571522061	-79.2556883131144
			89.5964662342178	-79.2792973951261
			89.6200753162294	-79.2792973951261
			89.6436843982411	-79.2792973951261
			89.6672934802528	-79.2792973951261
			89.6909025622644	-79.2792973951261
			89.7145116442761	-79.3029064771377
			89.7381207262877	-79.3029064771377
			89.7617298082993	-79.3029064771377
			89.785338890311	-79.3029064771377
			89.8089479723227	-79.3029064771377
			89.8089479723227	-79.3265155591494
			89.8325570543343	-79.3265155591494
			89.856166136346	-79.3265155591494
			89.8797752183576	-79.3265155591494
			89.9033843003693	-79.3265155591494
			89.9269933823809	-79.350124641161
			89.9506024643926	-79.350124641161
			89.9742115464042	-79.350124641161
			89.9978206284159	-79.350124641161
			90.0214297104275	-79.350124641161
			90.0450387924392	-79.3737337231726
			90.0686478744508	-79.3737337231726
			90.0922569564625	-79.3737337231726
			90.1158660384741	-79.3737337231726
			90.1394751204858	-79.3737337231726
			90.1630842024974	-79.3973428051843
			90.1866932845091	-79.3973428051843
			90.2103023665207	-79.3973428051843
			90.2339114485324	-79.3973428051843
			90.257520530544	-79.3973428051843
			90.2811296125557	-79.420951887196
			90.3047386945673	-79.420951887196
			90.328347776579	-79.420951887196
			90.3519568585906	-79.420951887196
			90.3755659406023	-79.420951887196
			90.3991750226139	-79.420951887196
			90.4227841046256	-79.4445609692076
			90.4463931866373	-79.4445609692076
			90.4700022686489	-79.4445609692076
			90.4936113506606	-79.4445609692076
			90.5172204326722	-79.4445609692076
			90.5408295146839	-79.4681700512193
			90.5644385966955	-79.4681700512193
			90.5880476787072	-79.4681700512193
			90.6116567607188	-79.4681700512193
			90.6352658427305	-79.4681700512193
			90.6588749247421	-79.4681700512193
			90.6824840067538	-79.4917791332309
			90.7060930887654	-79.4917791332309
			90.7297021707771	-79.4917791332309
			90.7533112527887	-79.4917791332309
			90.7769203348004	-79.4917791332309
			90.800529416812	-79.4917791332309
			90.800529416812	-79.5153882152426
			90.8241384988237	-79.5153882152426
			90.8477475808353	-79.5153882152426
			90.871356662847	-79.5153882152426
			90.8949657448586	-79.5153882152426
			90.9185748268703	-79.5153882152426
			90.9421839088819	-79.5389972972542
			90.9657929908936	-79.5389972972542
			90.9894020729052	-79.5389972972542
			91.0130111549169	-79.5389972972542
			91.0366202369285	-79.5389972972542
			91.0602293189402	-79.5626063792659
			91.0838384009518	-79.5626063792659
			91.1074474829635	-79.5626063792659
			91.1310565649752	-79.5626063792659
			91.1546656469868	-79.5626063792659
			91.1782747289984	-79.5626063792659
			91.2018838110101	-79.5862154612775
			91.2254928930218	-79.5862154612775
			91.2491019750334	-79.5862154612775
			91.2727110570451	-79.5862154612775
			91.2963201390567	-79.5862154612775
			91.3199292210684	-79.5862154612775
			91.3199292210684	-79.6098245432892
			91.34353830308	-79.6098245432892
			91.3671473850917	-79.6098245432892
			91.3907564671033	-79.6098245432892
			91.414365549115	-79.6098245432892
			91.4379746311266	-79.6098245432892
			91.4615837131383	-79.6098245432892
			91.4615837131383	-79.6334336253008
			91.4851927951499	-79.6334336253008
			91.5088018771616	-79.6334336253008
			91.5324109591732	-79.6334336253008
			91.5560200411849	-79.6334336253008
			91.5796291231965	-79.6334336253008
			91.6032382052082	-79.6334336253008
			91.6268472872198	-79.6570427073125
			91.6504563692315	-79.6570427073125
			91.6740654512431	-79.6570427073125
			91.6976745332548	-79.6570427073125
			91.7212836152664	-79.6570427073125
			91.7448926972781	-79.6806517893241
			91.7685017792897	-79.6806517893241
			91.7921108613014	-79.6806517893241
			91.815719943313	-79.6806517893241
			91.8393290253247	-79.6806517893241
			91.8629381073363	-79.6806517893241
			91.886547189348	-79.7042608713358
			91.9101562713597	-79.7042608713358
			91.9337653533713	-79.7042608713358
			91.957374435383	-79.7042608713358
			91.9809835173946	-79.7042608713358
			92.0045925994063	-79.7042608713358
			92.0282016814179	-79.7278699533474
			92.0518107634296	-79.7278699533474
			92.0754198454412	-79.7278699533474
			92.0990289274529	-79.7278699533474
			92.1226380094645	-79.7278699533474
			92.1462470914762	-79.7278699533474
			92.1698561734878	-79.7514790353591
			92.1934652554995	-79.7514790353591
			92.2170743375111	-79.7514790353591
			92.2406834195228	-79.7514790353591
			92.2642925015344	-79.7514790353591
			92.2879015835461	-79.7514790353591
			92.3115106655577	-79.7750881173707
			92.3351197475694	-79.7750881173707
			92.358728829581	-79.7750881173707
			92.3823379115927	-79.7750881173707
			92.4059469936043	-79.7750881173707
			92.429556075616	-79.7750881173707
			92.4531651576276	-79.7986971993824
			92.4767742396393	-79.7986971993824
			92.5003833216509	-79.7986971993824
			92.5239924036626	-79.7986971993824
			92.5476014856742	-79.7986971993824
			92.5712105676859	-79.7986971993824
			92.5948196496975	-79.7986971993824
			92.6184287317092	-79.822306281394
			92.6420378137208	-79.822306281394
			92.6656468957325	-79.822306281394
			92.6892559777442	-79.822306281394
			92.7128650597558	-79.822306281394
			92.7364741417675	-79.822306281394
			92.7600832237791	-79.8459153634057
			92.7836923057908	-79.8459153634057
			92.8073013878024	-79.8459153634057
			92.8309104698141	-79.8459153634057
			92.8545195518257	-79.8459153634057
			92.8781286338374	-79.8459153634057
			92.901737715849	-79.8695244454173
			92.9253467978607	-79.8695244454173
			92.9489558798723	-79.8695244454173
			92.972564961884	-79.8695244454173
			92.9961740438956	-79.8695244454173
			93.0197831259073	-79.8695244454173
			93.0433922079189	-79.8695244454173
			93.0670012899306	-79.893133527429
			93.0906103719422	-79.893133527429
			93.1142194539539	-79.893133527429
			93.1378285359655	-79.893133527429
			93.1614376179772	-79.893133527429
			93.1850466999888	-79.893133527429
			93.2086557820005	-79.893133527429
			93.2322648640121	-79.893133527429
			93.2558739460238	-79.9167426094406
			93.2794830280354	-79.9167426094406
			93.3030921100471	-79.9167426094406
			93.3267011920587	-79.9167426094406
			93.3503102740704	-79.9167426094406
			93.3739193560821	-79.9167426094406
			93.3975284380937	-79.9167426094406
			93.4211375201053	-79.9167426094406
			93.444746602117	-79.9167426094406
			93.4683556841287	-79.9167426094406
			93.4919647661403	-79.9167426094406
			93.515573848152	-79.9167426094406
			93.5391829301636	-79.9403516914523
			93.5627920121753	-79.9403516914523
			93.5864010941869	-79.9403516914523
			93.6100101761986	-79.9403516914523
			93.6336192582102	-79.9403516914523
			93.6572283402219	-79.9403516914523
			93.6808374222335	-79.9403516914523
			93.7044465042452	-79.9403516914523
			93.7280555862568	-79.9403516914523
			93.7516646682685	-79.9403516914523
			93.7752737502801	-79.9403516914523
			93.7988828322918	-79.9403516914523
			93.8224919143034	-79.9403516914523
			93.8461009963151	-79.9403516914523
			93.8697100783267	-79.9403516914523
			93.8933191603384	-79.9403516914523
			93.91692824235	-79.9403516914523
			93.9405373243617	-79.9403516914523
			93.9641464063733	-79.9403516914523
			93.987755488385	-79.9403516914523
			94.0113645703966	-79.9403516914523
			94.0349736524083	-79.9403516914523
			94.0585827344199	-79.9403516914523
			94.0821918164316	-79.9403516914523
			94.1058008984432	-79.9403516914523
			94.1294099804549	-79.9403516914523
			94.1530190624666	-79.9403516914523
			94.1766281444782	-79.9403516914523
			94.2002372264899	-79.9403516914523
			94.2238463085015	-79.9403516914523
			94.2474553905132	-79.9403516914523
			94.2710644725248	-79.9403516914523
			94.2946735545365	-79.9403516914523
			94.3182826365481	-79.9403516914523
			94.3418917185598	-79.9403516914523
			94.3655008005714	-79.9403516914523
			94.3891098825831	-79.9403516914523
			94.4127189645947	-79.9403516914523
			94.4363280466064	-79.9403516914523
			94.459937128618	-79.9403516914523
			94.4835462106297	-79.9403516914523
			94.5071552926413	-79.9403516914523
			94.530764374653	-79.9403516914523
			94.5543734566646	-79.9403516914523
			94.5779825386763	-79.9403516914523
			94.6015916206879	-79.9403516914523
			94.6252007026996	-79.9403516914523
			94.6488097847112	-79.9403516914523
			94.6724188667229	-79.9167426094406
			94.6960279487345	-79.9167426094406
			94.7196370307462	-79.9167426094406
			94.7432461127578	-79.9167426094406
			94.7668551947695	-79.9167426094406
			94.7904642767812	-79.9167426094406
			94.8140733587928	-79.9167426094406
			94.8376824408044	-79.9167426094406
			94.8612915228161	-79.9167426094406
			94.8849006048277	-79.9167426094406
			94.9085096868394	-79.9167426094406
			94.9321187688511	-79.9167426094406
			94.9557278508627	-79.9167426094406
			94.9793369328744	-79.9167426094406
			95.002946014886	-79.9167426094406
			95.0265550968977	-79.9167426094406
			95.0501641789093	-79.9167426094406
			95.073773260921	-79.9167426094406
			95.0973823429326	-79.893133527429
			95.1209914249443	-79.893133527429
			95.1446005069559	-79.893133527429
			95.1682095889676	-79.893133527429
			95.1918186709792	-79.893133527429
			95.2154277529909	-79.893133527429
			95.2390368350025	-79.893133527429
			95.2626459170142	-79.893133527429
			95.2862549990258	-79.893133527429
			95.3098640810375	-79.893133527429
			95.3334731630491	-79.893133527429
			95.3570822450608	-79.893133527429
			95.3806913270724	-79.893133527429
			95.4043004090841	-79.893133527429
			95.4279094910957	-79.8695244454173
			95.4515185731074	-79.8695244454173
			95.475127655119	-79.8695244454173
			95.4987367371307	-79.8695244454173
			95.5223458191423	-79.8695244454173
			95.545954901154	-79.8695244454173
			95.5695639831657	-79.8695244454173
			95.5931730651773	-79.8695244454173
			95.616782147189	-79.8695244454173
			95.6403912292006	-79.8695244454173
			95.6640003112122	-79.8695244454173
			95.6876093932239	-79.8695244454173
			95.7112184752356	-79.8459153634057
			95.7348275572472	-79.8459153634057
			95.7584366392589	-79.8459153634057
			95.7820457212705	-79.8459153634057
			95.8056548032822	-79.8459153634057
			95.8292638852938	-79.8459153634057
			95.8528729673055	-79.8459153634057
			95.8764820493171	-79.822306281394
			95.9000911313288	-79.822306281394
			95.9237002133404	-79.822306281394
			95.9473092953521	-79.7986971993824
			95.9709183773637	-79.7986971993824
			95.9945274593754	-79.7750881173707
			96.018136541387	-79.7750881173707
			96.0417456233987	-79.7750881173707
			96.0653547054103	-79.7514790353591
			96.088963787422	-79.7514790353591
			96.1125728694336	-79.7514790353591
			96.1361819514453	-79.7514790353591
			96.1597910334569	-79.7278699533474
			96.1834001154686	-79.7278699533474
			96.2070091974802	-79.7278699533474
			96.2306182794919	-79.7042608713358
			96.2542273615035	-79.7042608713358
			96.2778364435152	-79.7042608713358
			96.3014455255268	-79.7042608713358
			96.3250546075385	-79.6806517893241
			96.3486636895502	-79.6806517893241
			96.3722727715618	-79.6806517893241
			96.3958818535735	-79.6570427073125
			96.4194909355851	-79.6570427073125
			96.4431000175968	-79.6570427073125
			96.4667090996084	-79.6334336253008
			96.4903181816201	-79.6334336253008
			96.5139272636317	-79.6334336253008
		</Dorsal_adipose>
		<Adipose_caudal type=matrix rownames=FALSE colnames=FALSE nrow=241 ncol=2 as.numeric=TRUE >
			96.5139272636317	-79.6334336253008
			96.5375363456434	-79.6334336253008
			96.561145427655	-79.6334336253008
			96.5847545096667	-79.6334336253008
			96.6083635916783	-79.6334336253008
			96.63197267369	-79.6334336253008
			96.6555817557016	-79.6334336253008
			96.6791908377133	-79.6570427073125
			96.7027999197249	-79.6570427073125
			96.7264090017366	-79.6570427073125
			96.7500180837482	-79.6570427073125
			96.7736271657599	-79.6570427073125
			96.7972362477715	-79.6570427073125
			96.8208453297832	-79.6570427073125
			96.8444544117948	-79.6806517893241
			96.8680634938065	-79.6806517893241
			96.8916725758181	-79.6806517893241
			96.9152816578298	-79.6806517893241
			96.9388907398414	-79.7042608713358
			96.9624998218531	-79.7042608713358
			96.9861089038647	-79.7042608713358
			97.0097179858764	-79.7278699533474
			97.0333270678881	-79.7278699533474
			97.0569361498997	-79.7278699533474
			97.0805452319113	-79.7514790353591
			97.104154313923	-79.7514790353591
			97.1277633959347	-79.7750881173707
			97.1513724779463	-79.7750881173707
			97.174981559958	-79.7750881173707
			97.174981559958	-79.7986971993824
			97.1985906419696	-79.7986971993824
			97.2221997239813	-79.822306281394
			97.2458088059929	-79.822306281394
			97.2694178880046	-79.8459153634057
			97.2694178880046	-79.8695244454173
			97.2930269700162	-79.8695244454173
			97.3166360520279	-79.893133527429
			97.3402451340395	-79.893133527429
			97.3638542160512	-79.893133527429
			97.3874632980628	-79.893133527429
			97.4110723800745	-79.893133527429
			97.4346814620861	-79.893133527429
			97.4582905440978	-79.893133527429
			97.4582905440978	-79.9167426094406
			97.4818996261094	-79.9167426094406
			97.5055087081211	-79.9167426094406
			97.5291177901327	-79.9167426094406
			97.5527268721444	-79.9167426094406
			97.576335954156	-79.9167426094406
			97.5999450361677	-79.9167426094406
			97.6235541181793	-79.9167426094406
			97.647163200191	-79.9167426094406
			97.6707722822026	-79.9167426094406
			97.6943813642143	-79.9167426094406
			97.7179904462259	-79.9167426094406
			97.7415995282376	-79.9167426094406
			97.7652086102492	-79.9167426094406
			97.7888176922609	-79.9403516914523
			97.8124267742726	-79.9403516914523
			97.8360358562842	-79.9403516914523
			97.8596449382959	-79.9403516914523
			97.8832540203075	-79.9403516914523
			97.9068631023192	-79.9403516914523
			97.9304721843308	-79.9403516914523
			97.9540812663425	-79.9403516914523
			97.9776903483541	-79.9403516914523
			98.0012994303658	-79.9403516914523
			98.0249085123774	-79.9403516914523
			98.0485175943891	-79.9403516914523
			98.0721266764007	-79.9403516914523
			98.0957357584124	-79.9403516914523
			98.119344840424	-79.9403516914523
			98.1429539224357	-79.9403516914523
			98.1665630044473	-79.9403516914523
			98.190172086459	-79.9403516914523
			98.2137811684706	-79.9403516914523
			98.2373902504823	-79.9403516914523
			98.2609993324939	-79.9403516914523
			98.2846084145056	-79.9403516914523
			98.3082174965172	-79.9639607734639
			98.3318265785289	-79.9639607734639
			98.3554356605405	-79.9639607734639
			98.3790447425522	-79.9639607734639
			98.4026538245638	-79.9639607734639
			98.4262629065755	-79.9639607734639
			98.4498719885871	-79.9639607734639
			98.4734810705988	-79.9639607734639
			98.4970901526104	-79.9639607734639
			98.5206992346221	-79.9639607734639
			98.5443083166337	-79.9639607734639
			98.5679173986454	-79.9639607734639
			98.5915264806571	-79.9639607734639
			98.6151355626687	-79.9639607734639
			98.6387446446804	-79.9639607734639
			98.662353726692	-79.9639607734639
			98.6859628087037	-79.9639607734639
			98.7095718907153	-79.9639607734639
			98.733180972727	-79.9639607734639
			98.7567900547386	-79.9639607734639
			98.7803991367503	-79.9639607734639
			98.8040082187619	-79.9639607734639
			98.8276173007736	-79.9639607734639
			98.8512263827852	-79.9639607734639
			98.8748354647969	-79.9639607734639
			98.8984445468085	-79.9639607734639
			98.9220536288202	-79.9639607734639
			98.9456627108318	-79.9639607734639
			98.9692717928435	-79.9639607734639
			98.9928808748551	-79.9639607734639
			99.0164899568668	-79.9639607734639
			99.0400990388784	-79.9639607734639
			99.0637081208901	-79.9639607734639
			99.0873172029017	-79.9639607734639
			99.1109262849134	-79.9639607734639
			99.134535366925	-79.9639607734639
			99.1581444489367	-79.9639607734639
			99.1817535309483	-79.9639607734639
			99.20536261296	-79.9403516914523
			99.2289716949716	-79.9403516914523
			99.2525807769833	-79.9403516914523
			99.276189858995	-79.9403516914523
			99.2997989410066	-79.9403516914523
			99.3234080230182	-79.9403516914523
			99.3470171050299	-79.9403516914523
			99.3706261870416	-79.9403516914523
			99.3942352690532	-79.9403516914523
			99.4178443510649	-79.9403516914523
			99.4414534330765	-79.9403516914523
			99.4650625150882	-79.9403516914523
			99.4886715970998	-79.9403516914523
			99.5122806791115	-79.9403516914523
			99.5358897611231	-79.9403516914523
			99.5594988431348	-79.9403516914523
			99.5831079251464	-79.9403516914523
			99.6067170071581	-79.9403516914523
			99.6303260891697	-79.9403516914523
			99.6539351711814	-79.9403516914523
			99.677544253193	-79.9403516914523
			99.7011533352047	-79.9167426094406
			99.7247624172163	-79.9167426094406
			99.748371499228	-79.9167426094406
			99.7719805812396	-79.9167426094406
			99.7955896632513	-79.9167426094406
			99.8191987452629	-79.9167426094406
			99.8428078272746	-79.9167426094406
			99.8664169092862	-79.9167426094406
			99.8900259912979	-79.9167426094406
			99.9136350733095	-79.9167426094406
			99.9372441553212	-79.9167426094406
			99.9608532373328	-79.9167426094406
			99.9844623193445	-79.9167426094406
			100.008071401356	-79.9167426094406
			100.031680483368	-79.893133527429
			100.055289565379	-79.893133527429
			100.078898647391	-79.893133527429
			100.102507729403	-79.893133527429
			100.126116811414	-79.893133527429
			100.149725893426	-79.893133527429
			100.173334975438	-79.893133527429
			100.196944057449	-79.893133527429
			100.220553139461	-79.893133527429
			100.244162221473	-79.893133527429
			100.267771303484	-79.893133527429
			100.291380385496	-79.8695244454173
			100.314989467508	-79.8695244454173
			100.338598549519	-79.8695244454173
			100.362207631531	-79.8695244454173
			100.385816713543	-79.8695244454173
			100.409425795554	-79.8695244454173
			100.433034877566	-79.8695244454173
			100.456643959578	-79.8695244454173
			100.480253041589	-79.8695244454173
			100.503862123601	-79.8459153634057
			100.527471205612	-79.8459153634057
			100.551080287624	-79.8459153634057
			100.574689369636	-79.8459153634057
			100.598298451647	-79.8459153634057
			100.621907533659	-79.8459153634057
			100.645516615671	-79.8459153634057
			100.669125697682	-79.8459153634057
			100.692734779694	-79.8459153634057
			100.716343861706	-79.822306281394
			100.739952943717	-79.822306281394
			100.763562025729	-79.822306281394
			100.787171107741	-79.822306281394
			100.810780189752	-79.822306281394
			100.834389271764	-79.822306281394
			100.857998353776	-79.822306281394
			100.881607435787	-79.7986971993824
			100.905216517799	-79.7986971993824
			100.928825599811	-79.7986971993824
			100.952434681822	-79.7986971993824
			100.976043763834	-79.7986971993824
			100.999652845846	-79.7986971993824
			101.023261927857	-79.7986971993824
			101.046871009869	-79.7750881173707
			101.07048009188	-79.7750881173707
			101.094089173892	-79.7750881173707
			101.117698255904	-79.7750881173707
			101.141307337915	-79.7750881173707
			101.164916419927	-79.7750881173707
			101.188525501939	-79.7514790353591
			101.21213458395	-79.7514790353591
			101.235743665962	-79.7514790353591
			101.259352747974	-79.7514790353591
			101.282961829985	-79.7514790353591
			101.306570911997	-79.7514790353591
			101.330179994009	-79.7278699533474
			101.35378907602	-79.7278699533474
			101.377398158032	-79.7278699533474
			101.401007240044	-79.7278699533474
			101.424616322055	-79.7278699533474
			101.448225404067	-79.7278699533474
			101.471834486079	-79.7042608713358
			101.49544356809	-79.7042608713358
			101.519052650102	-79.7042608713358
			101.542661732114	-79.6806517893241
			101.566270814125	-79.6806517893241
			101.589879896137	-79.6806517893241
			101.613488978148	-79.6806517893241
			101.63709806016	-79.6570427073125
			101.660707142172	-79.6570427073125
			101.684316224183	-79.6570427073125
			101.707925306195	-79.6570427073125
			101.731534388207	-79.6570427073125
			101.755143470218	-79.6334336253008
			101.77875255223	-79.6334336253008
			101.802361634242	-79.6334336253008
			101.825970716253	-79.6334336253008
			101.849579798265	-79.6334336253008
			101.873188880277	-79.6334336253008
			101.896797962288	-79.6334336253008
			101.9204070443	-79.6334336253008
			101.944016126312	-79.6334336253008
			101.967625208323	-79.6334336253008
			101.991234290335	-79.6334336253008
			102.014843372347	-79.6334336253008
			102.038452454358	-79.6334336253008
			102.06206153637	-79.6334336253008
			102.085670618381	-79.6570427073125
			102.109279700393	-79.6570427073125
		</Adipose_caudal>
		<Caudal_anal type=matrix rownames=FALSE colnames=FALSE nrow=395 ncol=2 as.numeric=TRUE >
			102.439806848556	-82.5609597947456
			102.416197766545	-82.5609597947456
			102.392588684533	-82.5845688767573
			102.368979602521	-82.5845688767573
			102.34537052051	-82.5845688767573
			102.321761438498	-82.6081779587689
			102.298152356486	-82.6081779587689
			102.274543274475	-82.6081779587689
			102.250934192463	-82.6317870407806
			102.227325110451	-82.6317870407806
			102.20371602844	-82.6317870407806
			102.180106946428	-82.6317870407806
			102.156497864416	-82.6553961227922
			102.132888782405	-82.6553961227922
			102.109279700393	-82.6553961227922
			102.085670618381	-82.6553961227922
			102.06206153637	-82.6553961227922
			102.038452454358	-82.6790052048039
			102.014843372347	-82.6790052048039
			101.991234290335	-82.6790052048039
			101.967625208323	-82.6790052048039
			101.944016126312	-82.6790052048039
			101.9204070443	-82.6790052048039
			101.896797962288	-82.7026142868155
			101.873188880277	-82.7026142868155
			101.849579798265	-82.7026142868155
			101.825970716253	-82.7026142868155
			101.802361634242	-82.7026142868155
			101.77875255223	-82.7026142868155
			101.755143470218	-82.7026142868155
			101.731534388207	-82.7026142868155
			101.707925306195	-82.7026142868155
			101.684316224183	-82.7026142868155
			101.684316224183	-82.7262233688272
			101.660707142172	-82.7262233688272
			101.63709806016	-82.7262233688272
			101.613488978148	-82.7262233688272
			101.589879896137	-82.7262233688272
			101.566270814125	-82.7262233688272
			101.542661732114	-82.7262233688272
			101.519052650102	-82.7262233688272
			101.49544356809	-82.7262233688272
			101.471834486079	-82.7262233688272
			101.448225404067	-82.7262233688272
			101.424616322055	-82.7262233688272
			101.401007240044	-82.7262233688272
			101.377398158032	-82.7262233688272
			101.35378907602	-82.7262233688272
			101.330179994009	-82.7262233688272
			101.306570911997	-82.7262233688272
			101.282961829985	-82.7262233688272
			101.259352747974	-82.7262233688272
			101.235743665962	-82.7262233688272
			101.21213458395	-82.7262233688272
			101.188525501939	-82.7262233688272
			101.164916419927	-82.7026142868155
			101.141307337915	-82.7026142868155
			101.117698255904	-82.7026142868155
			101.094089173892	-82.7026142868155
			101.07048009188	-82.7026142868155
			101.046871009869	-82.7026142868155
			101.023261927857	-82.7026142868155
			100.999652845846	-82.7026142868155
			100.976043763834	-82.7026142868155
			100.952434681822	-82.7026142868155
			100.928825599811	-82.7026142868155
			100.905216517799	-82.7026142868155
			100.881607435787	-82.7026142868155
			100.857998353776	-82.7026142868155
			100.834389271764	-82.7026142868155
			100.810780189752	-82.7026142868155
			100.787171107741	-82.7026142868155
			100.763562025729	-82.7026142868155
			100.739952943717	-82.7026142868155
			100.716343861706	-82.7026142868155
			100.692734779694	-82.7026142868155
			100.669125697682	-82.7026142868155
			100.645516615671	-82.7026142868155
			100.621907533659	-82.7026142868155
			100.598298451647	-82.7026142868155
			100.574689369636	-82.7026142868155
			100.551080287624	-82.7026142868155
			100.527471205612	-82.7026142868155
			100.503862123601	-82.7026142868155
			100.480253041589	-82.7026142868155
			100.456643959578	-82.7026142868155
			100.433034877566	-82.7026142868155
			100.409425795554	-82.7026142868155
			100.385816713543	-82.7026142868155
			100.362207631531	-82.7026142868155
			100.338598549519	-82.7026142868155
			100.314989467508	-82.7026142868155
			100.291380385496	-82.7026142868155
			100.267771303484	-82.7026142868155
			100.244162221473	-82.7026142868155
			100.220553139461	-82.7026142868155
			100.196944057449	-82.7026142868155
			100.173334975438	-82.7026142868155
			100.149725893426	-82.7026142868155
			100.126116811414	-82.7026142868155
			100.102507729403	-82.7026142868155
			100.078898647391	-82.7026142868155
			100.055289565379	-82.7026142868155
			100.031680483368	-82.7026142868155
			100.008071401356	-82.7026142868155
			99.9844623193445	-82.7026142868155
			99.9608532373328	-82.7026142868155
			99.9372441553212	-82.7026142868155
			99.9136350733095	-82.7026142868155
			99.8900259912979	-82.7026142868155
			99.8664169092862	-82.7026142868155
			99.8428078272746	-82.7262233688272
			99.8191987452629	-82.7262233688272
			99.7955896632513	-82.7262233688272
			99.7719805812396	-82.7262233688272
			99.748371499228	-82.7262233688272
			99.7247624172163	-82.7262233688272
			99.7011533352047	-82.7262233688272
			99.677544253193	-82.7262233688272
			99.6539351711814	-82.7262233688272
			99.6303260891697	-82.7262233688272
			99.6067170071581	-82.7262233688272
			99.5831079251464	-82.7262233688272
			99.5594988431348	-82.7498324508388
			99.5358897611231	-82.7498324508388
			99.5122806791115	-82.7498324508388
			99.4886715970998	-82.7498324508388
			99.4650625150882	-82.7498324508388
			99.4414534330765	-82.7498324508388
			99.4178443510649	-82.7498324508388
			99.3942352690532	-82.7498324508388
			99.3706261870416	-82.7498324508388
			99.3470171050299	-82.7734415328505
			99.3234080230182	-82.7734415328505
			99.2997989410066	-82.7734415328505
			99.276189858995	-82.7734415328505
			99.2525807769833	-82.7734415328505
			99.2289716949716	-82.7734415328505
			99.20536261296	-82.7734415328505
			99.1817535309483	-82.7970506148621
			99.1581444489367	-82.7970506148621
			99.134535366925	-82.7970506148621
			99.1109262849134	-82.7970506148621
			99.0873172029017	-82.7970506148621
			99.0637081208901	-82.7970506148621
			99.0400990388784	-82.7970506148621
			99.0164899568668	-82.8206596968738
			98.9928808748551	-82.8206596968738
			98.9692717928435	-82.8206596968738
			98.9456627108318	-82.8206596968738
			98.9220536288202	-82.8206596968738
			98.8984445468085	-82.8206596968738
			98.8748354647969	-82.8442687788854
			98.8512263827852	-82.8442687788854
			98.8276173007736	-82.8442687788854
			98.8040082187619	-82.8442687788854
			98.7803991367503	-82.8442687788854
			98.7567900547386	-82.8442687788854
			98.733180972727	-82.8678778608971
			98.7095718907153	-82.8678778608971
			98.6859628087037	-82.8678778608971
			98.662353726692	-82.8678778608971
			98.6387446446804	-82.8914869429087
			98.6151355626687	-82.8914869429087
			98.5915264806571	-82.8914869429087
			98.5679173986454	-82.8914869429087
			98.5443083166337	-82.8914869429087
			98.5206992346221	-82.9150960249204
			98.4970901526104	-82.9150960249204
			98.4734810705988	-82.9150960249204
			98.4498719885871	-82.9150960249204
			98.4262629065755	-82.9150960249204
			98.4262629065755	-82.938705106932
			98.4026538245638	-82.938705106932
			98.3790447425522	-82.938705106932
			98.3554356605405	-82.938705106932
			98.3318265785289	-82.938705106932
			98.3082174965172	-82.9623141889437
			98.2846084145056	-82.9623141889437
			98.2609993324939	-82.9623141889437
			98.2373902504823	-82.9859232709554
			98.2137811684706	-82.9859232709554
			98.190172086459	-82.9859232709554
			98.1665630044473	-82.9859232709554
			98.1429539224357	-83.009532352967
			98.119344840424	-83.009532352967
			98.0957357584124	-83.009532352967
			98.0721266764007	-83.0331414349786
			98.0485175943891	-83.0331414349786
			98.0249085123774	-83.0331414349786
			98.0012994303658	-83.0567505169903
			97.9776903483541	-83.0567505169903
			97.9540812663425	-83.080359599002
			97.9304721843308	-83.080359599002
			97.9068631023192	-83.080359599002
			97.8832540203075	-83.1039686810136
			97.8596449382959	-83.1039686810136
			97.8360358562842	-83.1039686810136
			97.8124267742726	-83.1275777630253
			97.7888176922609	-83.1511868450369
			97.7652086102492	-83.1511868450369
			97.7415995282376	-83.1511868450369
			97.7179904462259	-83.1747959270486
			97.6943813642143	-83.1747959270486
			97.6707722822026	-83.1984050090602
			97.647163200191	-83.1984050090602
			97.6235541181793	-83.1984050090602
			97.5999450361677	-83.2220140910719
			97.576335954156	-83.2220140910719
			97.5527268721444	-83.2220140910719
			97.5527268721444	-83.2456231730835
			97.5291177901327	-83.2456231730835
			97.5055087081211	-83.2456231730835
			97.4818996261094	-83.2692322550952
			97.4582905440978	-83.2692322550952
			97.4346814620861	-83.2928413371068
			97.4110723800745	-83.2928413371068
			97.3874632980628	-83.3164504191185
			97.3638542160512	-83.3164504191185
			97.3402451340395	-83.3164504191185
			97.3166360520279	-83.3400595011301
			97.2930269700162	-83.3400595011301
			97.2694178880046	-83.3636685831418
			97.2458088059929	-83.3636685831418
			97.2221997239813	-83.3636685831418
			97.1985906419696	-83.3872776651534
			97.174981559958	-83.3872776651534
			97.1513724779463	-83.4108867471651
			97.1277633959347	-83.4108867471651
			97.104154313923	-83.4108867471651
			97.0805452319113	-83.4344958291767
			97.0569361498997	-83.4344958291767
			97.0333270678881	-83.4581049111884
			97.0097179858764	-83.4581049111884
			96.9861089038647	-83.4817139932
			96.9624998218531	-83.4817139932
			96.9388907398414	-83.4817139932
			96.9152816578298	-83.5053230752117
			96.8916725758181	-83.5053230752117
			96.8680634938065	-83.5053230752117
			96.8444544117948	-83.5289321572233
			96.8208453297832	-83.5289321572233
			96.7972362477715	-83.5289321572233
			96.7972362477715	-83.552541239235
			96.7736271657599	-83.552541239235
			96.7500180837482	-83.552541239235
			96.7264090017366	-83.5761503212466
			96.7027999197249	-83.5761503212466
			96.6791908377133	-83.5997594032583
			96.6555817557016	-83.5997594032583
			96.63197267369	-83.5997594032583
			96.6083635916783	-83.6233684852699
			96.5847545096667	-83.6233684852699
			96.561145427655	-83.6233684852699
			96.5375363456434	-83.6469775672816
			96.5139272636317	-83.6469775672816
			96.4903181816201	-83.6705866492932
			96.4667090996084	-83.6705866492932
			96.4431000175968	-83.6705866492932
			96.4431000175968	-83.6941957313049
			96.4194909355851	-83.6941957313049
			96.3958818535735	-83.6941957313049
			96.3722727715618	-83.7178048133165
			96.3486636895502	-83.7178048133165
			96.3250546075385	-83.7414138953282
			96.3014455255268	-83.7414138953282
			96.2778364435152	-83.7414138953282
			96.2542273615035	-83.7414138953282
			96.2542273615035	-83.7650229773399
			96.2306182794919	-83.7650229773399
			96.2070091974802	-83.7650229773399
			96.1834001154686	-83.7886320593515
			96.1597910334569	-83.7886320593515
			96.1361819514453	-83.7886320593515
			96.1361819514453	-83.8122411413632
			96.1125728694336	-83.8122411413632
			96.088963787422	-83.8122411413632
			96.0653547054103	-83.8358502233748
			96.0417456233987	-83.8358502233748
			96.018136541387	-83.8594593053865
			95.9945274593754	-83.8594593053865
			95.9709183773637	-83.8594593053865
			95.9473092953521	-83.8830683873981
			95.9237002133404	-83.8830683873981
			95.9000911313288	-83.9066774694098
			95.8764820493171	-83.9066774694098
			95.8528729673055	-83.9066774694098
			95.8292638852938	-83.9302865514214
			95.8056548032822	-83.9302865514214
			95.7820457212705	-83.9302865514214
			95.7584366392589	-83.9538956334331
			95.7348275572472	-83.9538956334331
			95.7112184752356	-83.9775047154447
			95.6876093932239	-83.9775047154447
			95.6640003112122	-83.9775047154447
			95.6403912292006	-84.0011137974564
			95.616782147189	-84.0011137974564
			95.5931730651773	-84.024722879468
			95.5695639831657	-84.024722879468
			95.545954901154	-84.024722879468
			95.5223458191423	-84.024722879468
			95.5223458191423	-84.0483319614797
			95.4987367371307	-84.0483319614797
			95.475127655119	-84.0483319614797
			95.4515185731074	-84.0719410434913
			95.4279094910957	-84.0719410434913
			95.4043004090841	-84.095550125503
			95.3806913270724	-84.095550125503
			95.3570822450608	-84.095550125503
			95.3334731630491	-84.095550125503
			95.3334731630491	-84.1191592075146
			95.3098640810375	-84.1191592075146
			95.2862549990258	-84.1191592075146
			95.2626459170142	-84.1427682895263
			95.2390368350025	-84.1427682895263
			95.2154277529909	-84.1427682895263
			95.1918186709792	-84.1663773715379
			95.1682095889676	-84.1663773715379
			95.1446005069559	-84.1899864535496
			95.1209914249443	-84.1899864535496
			95.0973823429326	-84.2135955355612
			95.073773260921	-84.2135955355612
			95.0501641789093	-84.2135955355612
			95.0265550968977	-84.2135955355612
			95.0265550968977	-84.2372046175729
			95.002946014886	-84.2372046175729
			94.9793369328744	-84.2372046175729
			94.9557278508627	-84.2608136995845
			94.9321187688511	-84.2608136995845
			94.9085096868394	-84.2844227815962
			94.8849006048277	-84.2844227815962
			94.8612915228161	-84.2844227815962
			94.8376824408044	-84.2844227815962
			94.8376824408044	-84.3080318636078
			94.8140733587928	-84.3080318636078
			94.7904642767812	-84.3080318636078
			94.7668551947695	-84.3316409456195
			94.7432461127578	-84.3316409456195
			94.7196370307462	-84.3552500276311
			94.6960279487345	-84.3552500276311
			94.6724188667229	-84.3552500276311
			94.6488097847112	-84.3788591096428
			94.6252007026996	-84.3788591096428
			94.6015916206879	-84.3788591096428
			94.5779825386763	-84.4024681916544
			94.5543734566646	-84.4024681916544
			94.530764374653	-84.4024681916544
			94.5071552926413	-84.4260772736661
			94.4835462106297	-84.4260772736661
			94.459937128618	-84.4496863556777
			94.4363280466064	-84.4496863556777
			94.4127189645947	-84.4496863556777
			94.3891098825831	-84.4732954376894
			94.3655008005714	-84.4732954376894
			94.3418917185598	-84.4732954376894
			94.3182826365481	-84.496904519701
			94.2946735545365	-84.496904519701
			94.2710644725248	-84.496904519701
			94.2474553905132	-84.5205136017127
			94.2238463085015	-84.5205136017127
			94.2002372264899	-84.5441226837244
			94.1766281444782	-84.5441226837244
			94.1530190624666	-84.5441226837244
			94.1294099804549	-84.567731765736
			94.1058008984432	-84.567731765736
			94.0821918164316	-84.567731765736
			94.0585827344199	-84.5913408477477
			94.0349736524083	-84.5913408477477
			94.0113645703966	-84.5913408477477
			93.987755488385	-84.6149499297593
			93.9641464063733	-84.6149499297593
			93.9405373243617	-84.638559011771
			93.91692824235	-84.638559011771
			93.8933191603384	-84.638559011771
			93.8697100783267	-84.6621680937826
			93.8461009963151	-84.6621680937826
			93.8224919143034	-84.6621680937826
			93.7988828322918	-84.6857771757943
			93.7752737502801	-84.6857771757943
			93.7516646682685	-84.7093862578059
			93.7280555862568	-84.7093862578059
			93.7044465042452	-84.7093862578059
			93.6808374222335	-84.7329953398176
			93.6572283402219	-84.7329953398176
			93.6336192582102	-84.7329953398176
			93.6100101761986	-84.7566044218292
			93.5864010941869	-84.7566044218292
			93.5627920121753	-84.7802135038409
			93.5391829301636	-84.7802135038409
			93.515573848152	-84.7802135038409
			93.4919647661403	-84.8038225858525
			93.4683556841287	-84.8038225858525
			93.444746602117	-84.8038225858525
			93.4211375201053	-84.8274316678642
			93.3975284380937	-84.8274316678642
		</Caudal_anal>
	</curves.scaled>
	<ruler.points type=matrix rownames=TRUE colnames=FALSE nrow=3 ncol=2 as.numeric=TRUE >
		Ruler point 1	4214	4344
		Ruler point 2	4379	4478
		Ruler point 3	4542	4612
	</ruler.points>
</shapes>

