<shapes type=list>
	<ruler.pixel type=vector names=FALSE length=1 as.numeric=TRUE >211.514776071545</ruler.pixel>
	<ruler.interval type=vector names=FALSE length=1 as.numeric=TRUE >5</ruler.interval>
	<scaling.units type=vector names=FALSE length=1 as.numeric=FALSE >mm</scaling.units>
	<scaling type=vector names=FALSE length=1 as.numeric=TRUE >0.0236390104410897</scaling>
	<landmarks.pixel type=matrix rownames=TRUE colnames=FALSE nrow=11 ncol=2 as.numeric=TRUE >
		Anterior_eye	2809	2370
		Posterior_eye	2940	2400
		Posterior_Maxilla	2960	2525
		Anterior_Maxilla	2763	2399
		Dorsal_fin_insertion	3297	2327
		Adipose_fin_insertion	3607	2453
		Dorsal_caudal	3795	2523
		Ventral_caudal	3762	2645
		Anal_fin_insertion	3437	2623
		Pelvic_fin_insertion	3244	2593
		Pectoral_fin_insertion	3080	2523
	</landmarks.pixel>
	<landmarks.scaled type=matrix rownames=TRUE colnames=FALSE nrow=11 ncol=2 as.numeric=TRUE >
		Anterior_eye	66.401980329021	-56.0244547453826
		Posterior_eye	69.4986906968038	-56.7336250586153
		Posterior_Maxilla	69.9714709056256	-59.6885013637515
		Anterior_Maxilla	65.3145858487309	-56.7099860481742
		Dorsal_fin_insertion	77.9378174242728	-55.0079772964158
		Adipose_fin_insertion	85.2659106610106	-57.9864926119931
		Dorsal_caudal	89.7100446239355	-59.6412233428694
		Ventral_caudal	88.9299572793795	-62.5251826166823
		Anal_fin_insertion	81.2472788860254	-62.0051243869783
		Pelvic_fin_insertion	76.684949870895	-61.2959540737456
		Pectoral_fin_insertion	72.8081521585563	-59.6412233428694
	</landmarks.scaled>
	<curves.control type=list>
		<Snout_dorsal type=matrix rownames=FALSE colnames=FALSE nrow=7 ncol=2 as.numeric=TRUE >
			2763	2399
			2770	2316
			2896	2282
			2979	2272
			3140	2305
			3234	2320
			3297	2327
		</Snout_dorsal>
		<Dorsal_adipose type=matrix rownames=FALSE colnames=FALSE nrow=5 ncol=2 as.numeric=TRUE >
			3297	2327
			3379	2359
			3473	2415
			3545	2443
			3607	2453
		</Dorsal_adipose>
		<Adipose_caudal type=matrix rownames=FALSE colnames=FALSE nrow=7 ncol=2 as.numeric=TRUE >
			3607	2453
			3637	2458
			3636	2473
			3710	2500
			3759	2509
			3783	2514
			3795	2523
		</Adipose_caudal>
		<Caudal_anal type=matrix rownames=FALSE colnames=FALSE nrow=7 ncol=2 as.numeric=TRUE >
			3762	2645
			3746	2645
			3728	2633
			3675	2624
			3620	2619
			3517	2631
			3437	2623
		</Caudal_anal>
	</curves.control>
	<curves.pixel type=list>
		<Snout_dorsal type=matrix rownames=FALSE colnames=FALSE nrow=586 ncol=2 as.numeric=TRUE >
			2763	2399
			2763	2398
			2763	2397
			2763	2396
			2763	2395
			2764	2394
			2764	2393
			2764	2392
			2764	2391
			2764	2390
			2764	2389
			2764	2388
			2765	2387
			2765	2386
			2765	2385
			2765	2384
			2766	2383
			2766	2382
			2766	2381
			2766	2380
			2766	2379
			2767	2379
			2767	2378
			2767	2377
			2768	2376
			2768	2375
			2768	2374
			2769	2373
			2769	2372
			2769	2371
			2770	2370
			2770	2369
			2771	2368
			2771	2367
			2771	2366
			2772	2365
			2772	2364
			2773	2363
			2773	2362
			2774	2361
			2774	2360
			2775	2359
			2775	2358
			2776	2357
			2776	2356
			2777	2355
			2777	2354
			2778	2354
			2779	2353
			2779	2352
			2780	2351
			2780	2350
			2781	2349
			2781	2348
			2782	2348
			2783	2347
			2783	2346
			2784	2345
			2784	2344
			2785	2343
			2786	2343
			2786	2342
			2787	2341
			2788	2340
			2788	2339
			2789	2339
			2790	2338
			2791	2337
			2791	2336
			2792	2336
			2793	2335
			2794	2334
			2794	2333
			2795	2333
			2796	2332
			2797	2331
			2798	2330
			2799	2329
			2800	2328
			2801	2327
			2802	2326
			2803	2325
			2804	2324
			2805	2324
			2806	2323
			2807	2322
			2808	2322
			2808	2321
			2809	2321
			2810	2320
			2811	2319
			2812	2319
			2813	2318
			2814	2317
			2815	2317
			2815	2316
			2816	2316
			2817	2315
			2818	2315
			2819	2314
			2820	2313
			2821	2313
			2822	2312
			2823	2311
			2824	2311
			2825	2310
			2826	2310
			2827	2309
			2828	2308
			2829	2308
			2830	2307
			2831	2307
			2832	2307
			2832	2306
			2833	2306
			2834	2305
			2835	2305
			2836	2304
			2837	2304
			2838	2303
			2839	2303
			2840	2303
			2840	2302
			2841	2302
			2842	2301
			2843	2301
			2844	2300
			2845	2300
			2846	2300
			2847	2299
			2848	2299
			2849	2298
			2850	2298
			2851	2297
			2852	2297
			2853	2297
			2854	2296
			2855	2296
			2856	2295
			2857	2295
			2858	2295
			2859	2294
			2860	2294
			2861	2293
			2862	2293
			2863	2293
			2864	2292
			2865	2292
			2866	2292
			2867	2291
			2868	2291
			2869	2290
			2870	2290
			2871	2290
			2872	2289
			2873	2289
			2874	2289
			2875	2288
			2876	2288
			2877	2287
			2878	2287
			2879	2287
			2880	2287
			2881	2286
			2882	2286
			2883	2286
			2884	2285
			2885	2285
			2886	2285
			2887	2285
			2887	2284
			2888	2284
			2889	2284
			2890	2284
			2891	2283
			2892	2283
			2893	2283
			2894	2282
			2895	2282
			2896	2282
			2897	2282
			2898	2282
			2899	2282
			2900	2282
			2901	2281
			2902	2281
			2903	2281
			2904	2281
			2905	2281
			2906	2281
			2907	2281
			2908	2281
			2909	2281
			2910	2281
			2911	2281
			2912	2281
			2913	2280
			2914	2280
			2915	2280
			2916	2280
			2917	2280
			2918	2280
			2919	2280
			2920	2280
			2921	2280
			2922	2280
			2923	2280
			2924	2280
			2925	2280
			2926	2280
			2927	2280
			2928	2280
			2929	2280
			2930	2280
			2931	2280
			2932	2280
			2933	2280
			2934	2280
			2935	2280
			2936	2280
			2937	2280
			2938	2280
			2939	2280
			2940	2280
			2941	2280
			2942	2280
			2943	2280
			2944	2280
			2945	2280
			2946	2280
			2947	2280
			2948	2280
			2949	2280
			2950	2280
			2951	2280
			2952	2280
			2953	2280
			2954	2280
			2955	2280
			2956	2280
			2957	2280
			2958	2280
			2959	2280
			2960	2280
			2961	2280
			2962	2280
			2963	2280
			2964	2280
			2965	2280
			2966	2280
			2967	2280
			2968	2280
			2969	2281
			2970	2281
			2971	2281
			2972	2281
			2973	2281
			2974	2281
			2975	2281
			2976	2281
			2977	2281
			2978	2281
			2979	2281
			2980	2281
			2981	2281
			2982	2281
			2983	2281
			2984	2282
			2985	2282
			2986	2282
			2987	2282
			2988	2282
			2989	2282
			2990	2282
			2991	2282
			2992	2282
			2993	2282
			2994	2282
			2995	2282
			2996	2283
			2997	2283
			2998	2283
			2999	2283
			3000	2283
			3001	2283
			3002	2283
			3003	2283
			3004	2283
			3005	2283
			3006	2284
			3007	2284
			3008	2284
			3009	2284
			3010	2284
			3011	2284
			3012	2284
			3013	2284
			3014	2284
			3015	2284
			3016	2285
			3017	2285
			3018	2285
			3019	2285
			3020	2285
			3021	2285
			3022	2285
			3023	2285
			3024	2285
			3024	2286
			3025	2286
			3026	2286
			3027	2286
			3028	2286
			3029	2286
			3030	2286
			3031	2286
			3032	2287
			3033	2287
			3034	2287
			3035	2287
			3036	2287
			3037	2287
			3038	2287
			3039	2287
			3040	2288
			3041	2288
			3042	2288
			3043	2288
			3044	2288
			3045	2288
			3046	2288
			3047	2289
			3048	2289
			3049	2289
			3050	2289
			3051	2289
			3052	2289
			3053	2289
			3053	2290
			3054	2290
			3055	2290
			3056	2290
			3057	2290
			3058	2290
			3059	2290
			3060	2291
			3061	2291
			3062	2291
			3063	2291
			3064	2291
			3065	2291
			3066	2291
			3067	2292
			3068	2292
			3069	2292
			3070	2292
			3071	2292
			3072	2292
			3073	2292
			3073	2293
			3074	2293
			3075	2293
			3076	2293
			3077	2293
			3078	2293
			3079	2294
			3080	2294
			3081	2294
			3082	2294
			3083	2294
			3084	2294
			3085	2295
			3086	2295
			3087	2295
			3088	2295
			3089	2295
			3090	2295
			3091	2296
			3092	2296
			3093	2296
			3094	2296
			3095	2296
			3096	2297
			3097	2297
			3098	2297
			3099	2297
			3100	2297
			3101	2297
			3102	2298
			3103	2298
			3104	2298
			3105	2298
			3106	2298
			3107	2299
			3108	2299
			3109	2299
			3110	2299
			3111	2299
			3112	2300
			3113	2300
			3114	2300
			3115	2300
			3116	2300
			3117	2300
			3118	2301
			3119	2301
			3120	2301
			3121	2301
			3122	2301
			3123	2302
			3124	2302
			3125	2302
			3126	2302
			3127	2302
			3128	2303
			3129	2303
			3130	2303
			3131	2303
			3132	2303
			3133	2304
			3134	2304
			3135	2304
			3136	2304
			3137	2304
			3138	2305
			3139	2305
			3140	2305
			3141	2305
			3142	2305
			3143	2305
			3144	2306
			3145	2306
			3146	2306
			3147	2306
			3148	2306
			3149	2306
			3150	2307
			3151	2307
			3152	2307
			3153	2307
			3154	2307
			3155	2307
			3156	2307
			3156	2308
			3157	2308
			3158	2308
			3159	2308
			3160	2308
			3161	2308
			3162	2308
			3163	2309
			3164	2309
			3165	2309
			3166	2309
			3167	2309
			3168	2309
			3169	2310
			3170	2310
			3171	2310
			3172	2310
			3173	2310
			3174	2310
			3175	2310
			3176	2311
			3177	2311
			3178	2311
			3179	2311
			3180	2311
			3181	2311
			3182	2312
			3183	2312
			3184	2312
			3185	2312
			3186	2312
			3187	2312
			3188	2312
			3189	2313
			3190	2313
			3191	2313
			3192	2313
			3193	2313
			3194	2313
			3195	2314
			3196	2314
			3197	2314
			3198	2314
			3199	2314
			3200	2314
			3201	2314
			3202	2315
			3203	2315
			3204	2315
			3205	2315
			3206	2315
			3207	2315
			3208	2315
			3209	2315
			3209	2316
			3210	2316
			3211	2316
			3212	2316
			3213	2316
			3214	2316
			3215	2316
			3216	2317
			3217	2317
			3218	2317
			3219	2317
			3220	2317
			3221	2317
			3222	2317
			3223	2318
			3224	2318
			3225	2318
			3226	2318
			3227	2318
			3228	2318
			3229	2318
			3230	2319
			3231	2319
			3232	2319
			3233	2319
			3234	2319
			3235	2319
			3236	2319
			3237	2320
			3238	2320
			3239	2320
			3240	2320
			3241	2320
			3242	2320
			3243	2320
			3244	2320
			3245	2321
			3246	2321
			3247	2321
			3248	2321
			3249	2321
			3250	2321
			3251	2321
			3252	2322
			3253	2322
			3254	2322
			3255	2322
			3256	2322
			3257	2322
			3258	2322
			3259	2322
			3260	2323
			3261	2323
			3262	2323
			3263	2323
			3264	2323
			3265	2323
			3266	2323
			3267	2323
			3268	2324
			3269	2324
			3270	2324
			3271	2324
			3272	2324
			3273	2324
			3274	2324
			3275	2324
			3276	2325
			3277	2325
			3278	2325
			3279	2325
			3280	2325
			3281	2325
			3282	2325
			3283	2325
			3284	2326
			3285	2326
			3286	2326
			3287	2326
			3288	2326
			3289	2326
			3290	2326
			3291	2326
			3292	2326
			3293	2327
			3294	2327
			3295	2327
			3296	2327
			3297	2327
		</Snout_dorsal>
		<Dorsal_adipose type=matrix rownames=FALSE colnames=FALSE nrow=320 ncol=2 as.numeric=TRUE >
			3297	2327
			3298	2327
			3299	2328
			3300	2328
			3301	2329
			3302	2329
			3303	2329
			3304	2330
			3305	2330
			3306	2330
			3307	2331
			3308	2331
			3309	2332
			3310	2332
			3311	2332
			3312	2333
			3313	2333
			3314	2334
			3315	2334
			3316	2335
			3317	2335
			3318	2335
			3319	2336
			3320	2336
			3321	2337
			3322	2337
			3323	2337
			3324	2338
			3325	2338
			3326	2339
			3327	2339
			3328	2340
			3329	2340
			3330	2340
			3331	2341
			3332	2341
			3333	2342
			3334	2342
			3335	2343
			3336	2343
			3337	2344
			3338	2344
			3339	2344
			3340	2345
			3341	2345
			3342	2346
			3343	2346
			3344	2347
			3345	2347
			3346	2348
			3347	2348
			3348	2349
			3349	2349
			3350	2350
			3351	2350
			3352	2350
			3353	2351
			3354	2351
			3355	2352
			3356	2352
			3357	2353
			3358	2353
			3359	2354
			3360	2354
			3361	2355
			3362	2355
			3363	2356
			3364	2356
			3365	2357
			3366	2357
			3367	2358
			3368	2358
			3369	2359
			3370	2359
			3371	2360
			3372	2360
			3373	2361
			3374	2361
			3375	2362
			3376	2362
			3377	2363
			3378	2363
			3379	2363
			3380	2364
			3381	2365
			3382	2365
			3383	2366
			3384	2366
			3385	2366
			3386	2367
			3387	2367
			3388	2368
			3389	2369
			3390	2369
			3391	2370
			3392	2370
			3393	2371
			3394	2371
			3395	2372
			3396	2372
			3397	2373
			3398	2373
			3399	2374
			3400	2374
			3401	2375
			3402	2375
			3403	2376
			3404	2376
			3405	2377
			3406	2377
			3407	2378
			3408	2378
			3409	2379
			3410	2379
			3411	2380
			3412	2380
			3413	2381
			3414	2382
			3415	2382
			3416	2383
			3417	2383
			3418	2384
			3419	2384
			3420	2385
			3421	2385
			3422	2386
			3423	2386
			3423	2387
			3424	2387
			3425	2388
			3426	2388
			3427	2389
			3428	2389
			3429	2390
			3430	2390
			3431	2391
			3432	2392
			3433	2392
			3434	2393
			3435	2393
			3436	2394
			3437	2394
			3438	2395
			3439	2396
			3440	2396
			3441	2397
			3442	2397
			3443	2398
			3444	2398
			3445	2399
			3446	2399
			3447	2400
			3448	2400
			3449	2401
			3450	2402
			3451	2402
			3452	2402
			3452	2403
			3453	2403
			3454	2404
			3455	2404
			3455	2405
			3456	2405
			3457	2405
			3457	2406
			3458	2406
			3459	2407
			3460	2407
			3460	2408
			3461	2408
			3462	2408
			3463	2409
			3464	2410
			3465	2410
			3466	2411
			3467	2411
			3468	2412
			3469	2412
			3470	2413
			3471	2414
			3472	2415
			3473	2415
			3474	2415
			3475	2416
			3476	2416
			3477	2416
			3477	2417
			3478	2417
			3479	2417
			3480	2418
			3481	2418
			3482	2418
			3482	2419
			3483	2419
			3484	2419
			3485	2419
			3486	2420
			3487	2420
			3488	2421
			3489	2421
			3490	2421
			3491	2422
			3492	2422
			3493	2423
			3494	2423
			3495	2423
			3496	2424
			3497	2424
			3498	2424
			3499	2425
			3500	2425
			3501	2425
			3502	2426
			3503	2426
			3504	2426
			3505	2427
			3506	2427
			3507	2427
			3508	2428
			3509	2428
			3510	2428
			3511	2429
			3512	2429
			3513	2429
			3514	2430
			3515	2430
			3516	2430
			3517	2431
			3518	2431
			3519	2431
			3520	2432
			3521	2432
			3522	2432
			3523	2433
			3524	2433
			3525	2433
			3526	2434
			3527	2434
			3528	2434
			3529	2435
			3530	2435
			3531	2435
			3532	2435
			3533	2436
			3534	2436
			3535	2436
			3536	2437
			3537	2437
			3538	2437
			3539	2437
			3540	2438
			3541	2438
			3542	2438
			3543	2439
			3544	2439
			3545	2439
			3546	2440
			3547	2440
			3548	2440
			3549	2440
			3550	2440
			3550	2441
			3551	2441
			3552	2441
			3553	2441
			3554	2442
			3555	2442
			3556	2442
			3557	2442
			3558	2443
			3559	2443
			3560	2443
			3561	2443
			3562	2444
			3563	2444
			3564	2444
			3565	2444
			3566	2445
			3567	2445
			3568	2445
			3569	2445
			3570	2446
			3571	2446
			3572	2446
			3573	2446
			3574	2446
			3575	2447
			3576	2447
			3577	2447
			3578	2447
			3578	2448
			3579	2448
			3580	2448
			3581	2448
			3582	2448
			3583	2449
			3584	2449
			3585	2449
			3586	2449
			3587	2449
			3588	2450
			3589	2450
			3590	2450
			3591	2450
			3592	2450
			3593	2451
			3594	2451
			3595	2451
			3596	2451
			3597	2451
			3598	2451
			3599	2452
			3600	2452
			3601	2452
			3602	2452
			3603	2452
			3604	2452
			3605	2453
			3606	2453
			3607	2453
		</Dorsal_adipose>
		<Adipose_caudal type=matrix rownames=FALSE colnames=FALSE nrow=203 ncol=2 as.numeric=TRUE >
			3607	2453
			3608	2453
			3609	2453
			3610	2453
			3610	2454
			3611	2454
			3612	2454
			3613	2454
			3614	2454
			3615	2455
			3616	2455
			3617	2455
			3618	2455
			3619	2456
			3620	2456
			3621	2456
			3622	2457
			3623	2457
			3624	2457
			3624	2458
			3625	2458
			3626	2459
			3627	2459
			3628	2460
			3629	2461
			3630	2461
			3631	2462
			3632	2462
			3632	2463
			3633	2464
			3634	2465
			3635	2466
			3635	2467
			3635	2468
			3636	2469
			3636	2470
			3636	2471
			3636	2472
			3636	2473
			3637	2473
			3638	2474
			3639	2474
			3640	2474
			3641	2475
			3642	2475
			3643	2476
			3644	2476
			3645	2476
			3646	2477
			3647	2477
			3648	2477
			3649	2478
			3650	2478
			3651	2478
			3652	2479
			3653	2479
			3654	2479
			3655	2480
			3656	2480
			3657	2480
			3658	2481
			3659	2481
			3660	2481
			3661	2482
			3662	2482
			3663	2482
			3664	2483
			3665	2483
			3666	2484
			3667	2484
			3668	2484
			3669	2485
			3670	2485
			3671	2485
			3672	2486
			3673	2486
			3674	2486
			3675	2487
			3676	2487
			3677	2487
			3678	2488
			3679	2488
			3680	2488
			3681	2488
			3682	2489
			3683	2489
			3684	2489
			3685	2490
			3686	2490
			3687	2491
			3688	2491
			3689	2491
			3690	2491
			3691	2492
			3692	2492
			3693	2492
			3694	2492
			3694	2493
			3695	2493
			3696	2493
			3697	2493
			3697	2494
			3698	2494
			3699	2494
			3700	2494
			3701	2495
			3702	2495
			3703	2495
			3704	2496
			3705	2496
			3706	2496
			3707	2497
			3708	2497
			3709	2497
			3710	2497
			3711	2498
			3712	2498
			3713	2498
			3714	2498
			3715	2499
			3716	2499
			3717	2499
			3718	2500
			3719	2500
			3720	2500
			3721	2500
			3722	2500
			3722	2501
			3723	2501
			3724	2501
			3725	2501
			3726	2502
			3727	2502
			3728	2502
			3729	2502
			3730	2503
			3731	2503
			3732	2503
			3733	2503
			3734	2504
			3735	2504
			3736	2504
			3737	2504
			3738	2505
			3739	2505
			3740	2505
			3741	2505
			3742	2506
			3743	2506
			3744	2506
			3745	2506
			3746	2506
			3747	2507
			3748	2507
			3749	2507
			3750	2507
			3751	2507
			3752	2508
			3753	2508
			3754	2508
			3755	2508
			3756	2508
			3756	2509
			3757	2509
			3758	2509
			3759	2509
			3760	2509
			3761	2509
			3762	2510
			3763	2510
			3764	2510
			3765	2510
			3766	2511
			3767	2511
			3768	2511
			3769	2511
			3770	2512
			3771	2512
			3772	2512
			3773	2513
			3774	2513
			3775	2513
			3776	2513
			3777	2514
			3778	2514
			3779	2515
			3780	2515
			3781	2515
			3782	2516
			3783	2516
			3784	2517
			3785	2517
			3786	2517
			3787	2518
			3788	2519
			3789	2519
			3790	2520
			3791	2520
			3792	2521
			3793	2521
			3794	2522
			3794	2523
			3795	2523
		</Adipose_caudal>
		<Caudal_anal type=matrix rownames=FALSE colnames=FALSE nrow=327 ncol=2 as.numeric=TRUE >
			3762	2645
			3761	2645
			3760	2645
			3759	2645
			3758	2645
			3757	2645
			3756	2645
			3755	2644
			3754	2644
			3753	2644
			3752	2644
			3751	2644
			3750	2643
			3749	2643
			3748	2643
			3747	2642
			3746	2642
			3745	2642
			3744	2642
			3744	2641
			3743	2641
			3742	2641
			3741	2640
			3740	2640
			3739	2639
			3738	2639
			3737	2638
			3736	2638
			3735	2637
			3734	2637
			3733	2636
			3732	2635
			3731	2635
			3730	2634
			3729	2634
			3728	2633
			3727	2633
			3726	2633
			3725	2632
			3724	2632
			3723	2632
			3722	2632
			3721	2632
			3720	2632
			3719	2631
			3718	2631
			3717	2631
			3716	2631
			3715	2631
			3714	2631
			3713	2631
			3712	2630
			3711	2630
			3710	2630
			3709	2630
			3708	2630
			3707	2630
			3706	2629
			3705	2629
			3704	2629
			3703	2629
			3702	2629
			3701	2629
			3700	2628
			3699	2628
			3698	2628
			3697	2628
			3696	2628
			3695	2628
			3694	2628
			3693	2628
			3692	2627
			3691	2627
			3690	2627
			3689	2627
			3688	2627
			3687	2627
			3686	2627
			3685	2626
			3684	2626
			3683	2626
			3682	2626
			3681	2626
			3680	2626
			3679	2626
			3678	2625
			3677	2625
			3676	2625
			3675	2625
			3674	2625
			3673	2625
			3672	2625
			3671	2625
			3670	2624
			3669	2624
			3668	2624
			3667	2624
			3666	2624
			3665	2624
			3664	2624
			3663	2624
			3662	2623
			3661	2623
			3660	2623
			3659	2623
			3658	2623
			3657	2623
			3656	2623
			3655	2623
			3654	2622
			3653	2622
			3652	2622
			3651	2622
			3650	2622
			3649	2622
			3648	2622
			3647	2622
			3646	2622
			3645	2621
			3644	2621
			3643	2621
			3642	2621
			3641	2621
			3640	2621
			3639	2621
			3638	2621
			3637	2621
			3636	2621
			3635	2620
			3634	2620
			3633	2620
			3632	2620
			3631	2620
			3630	2620
			3629	2620
			3628	2620
			3627	2620
			3626	2620
			3625	2619
			3624	2619
			3623	2619
			3622	2619
			3621	2619
			3620	2619
			3619	2619
			3618	2619
			3617	2619
			3616	2619
			3615	2620
			3614	2620
			3613	2620
			3612	2620
			3611	2620
			3610	2620
			3609	2620
			3608	2620
			3607	2620
			3606	2621
			3605	2621
			3604	2621
			3603	2621
			3602	2621
			3601	2621
			3600	2621
			3599	2621
			3598	2621
			3597	2621
			3596	2622
			3595	2622
			3594	2622
			3593	2622
			3592	2622
			3591	2622
			3590	2622
			3589	2622
			3588	2622
			3587	2622
			3586	2622
			3585	2623
			3584	2623
			3583	2623
			3582	2623
			3581	2623
			3580	2623
			3579	2623
			3578	2623
			3577	2623
			3576	2623
			3575	2623
			3574	2623
			3573	2624
			3572	2624
			3571	2624
			3570	2624
			3569	2624
			3568	2624
			3567	2624
			3566	2624
			3565	2624
			3564	2624
			3563	2624
			3562	2624
			3561	2624
			3560	2624
			3559	2624
			3558	2625
			3557	2625
			3556	2625
			3555	2625
			3554	2625
			3553	2625
			3552	2625
			3551	2625
			3550	2625
			3549	2625
			3548	2625
			3547	2625
			3546	2625
			3545	2625
			3544	2625
			3543	2625
			3542	2625
			3541	2625
			3540	2625
			3539	2625
			3538	2626
			3537	2626
			3536	2626
			3535	2626
			3534	2626
			3533	2626
			3532	2626
			3531	2626
			3530	2626
			3529	2626
			3528	2626
			3527	2626
			3526	2626
			3525	2626
			3524	2626
			3523	2626
			3522	2626
			3521	2626
			3520	2626
			3519	2626
			3518	2626
			3517	2626
			3516	2626
			3515	2626
			3514	2626
			3513	2626
			3512	2626
			3511	2626
			3510	2626
			3509	2626
			3508	2626
			3507	2626
			3506	2626
			3505	2626
			3504	2626
			3503	2626
			3502	2626
			3501	2626
			3500	2626
			3499	2626
			3498	2626
			3497	2626
			3496	2626
			3495	2626
			3494	2626
			3493	2626
			3492	2626
			3491	2626
			3490	2626
			3489	2626
			3488	2626
			3487	2626
			3486	2626
			3485	2626
			3484	2626
			3483	2626
			3482	2626
			3481	2626
			3480	2626
			3479	2626
			3478	2626
			3477	2626
			3476	2626
			3475	2626
			3474	2626
			3473	2626
			3472	2625
			3471	2625
			3470	2625
			3469	2625
			3468	2625
			3467	2625
			3466	2625
			3465	2625
			3464	2625
			3463	2625
			3462	2625
			3461	2625
			3460	2625
			3459	2625
			3458	2625
			3457	2625
			3456	2625
			3455	2625
			3454	2624
			3453	2624
			3452	2624
			3451	2624
			3450	2624
			3449	2624
			3448	2624
			3447	2624
			3446	2624
			3445	2624
			3444	2624
			3443	2624
			3442	2623
			3441	2623
			3440	2623
			3439	2623
			3438	2623
			3437	2623
		</Caudal_anal>
	</curves.pixel>
	<curves.scaled type=list>
		<Snout_dorsal type=matrix rownames=FALSE colnames=FALSE nrow=586 ncol=2 as.numeric=TRUE >
			65.3145858487309	-56.7099860481742
			65.3145858487309	-56.6863470377331
			65.3145858487309	-56.662708027292
			65.3145858487309	-56.639069016851
			65.3145858487309	-56.6154300064099
			65.338224859172	-56.5917909959688
			65.338224859172	-56.5681519855277
			65.338224859172	-56.5445129750866
			65.338224859172	-56.5208739646455
			65.338224859172	-56.4972349542044
			65.338224859172	-56.4735959437633
			65.338224859172	-56.4499569333222
			65.3618638696131	-56.4263179228812
			65.3618638696131	-56.4026789124401
			65.3618638696131	-56.379039901999
			65.3618638696131	-56.3554008915579
			65.3855028800541	-56.3317618811168
			65.3855028800541	-56.3081228706757
			65.3855028800541	-56.2844838602346
			65.3855028800541	-56.2608448497935
			65.3855028800541	-56.2372058393524
			65.4091418904952	-56.2372058393524
			65.4091418904952	-56.2135668289113
			65.4091418904952	-56.1899278184703
			65.4327809009363	-56.1662888080292
			65.4327809009363	-56.1426497975881
			65.4327809009363	-56.119010787147
			65.4564199113774	-56.0953717767059
			65.4564199113774	-56.0717327662648
			65.4564199113774	-56.0480937558237
			65.4800589218185	-56.0244547453826
			65.4800589218185	-56.0008157349415
			65.5036979322596	-55.9771767245004
			65.5036979322596	-55.9535377140594
			65.5036979322596	-55.9298987036183
			65.5273369427007	-55.9062596931772
			65.5273369427007	-55.8826206827361
			65.5509759531418	-55.858981672295
			65.5509759531418	-55.8353426618539
			65.5746149635829	-55.8117036514128
			65.5746149635829	-55.7880646409717
			65.598253974024	-55.7644256305306
			65.598253974024	-55.7407866200896
			65.621892984465	-55.7171476096485
			65.621892984465	-55.6935085992074
			65.6455319949061	-55.6698695887663
			65.6455319949061	-55.6462305783252
			65.6691710053472	-55.6462305783252
			65.6928100157883	-55.6225915678841
			65.6928100157883	-55.598952557443
			65.7164490262294	-55.5753135470019
			65.7164490262294	-55.5516745365608
			65.7400880366705	-55.5280355261197
			65.7400880366705	-55.5043965156786
			65.7637270471116	-55.5043965156786
			65.7873660575527	-55.4807575052376
			65.7873660575527	-55.4571184947965
			65.8110050679938	-55.4334794843554
			65.8110050679938	-55.4098404739143
			65.8346440784349	-55.3862014634732
			65.858283088876	-55.3862014634732
			65.858283088876	-55.3625624530321
			65.881922099317	-55.338923442591
			65.9055611097581	-55.3152844321499
			65.9055611097581	-55.2916454217088
			65.9292001201992	-55.2916454217088
			65.9528391306403	-55.2680064112678
			65.9764781410814	-55.2443674008267
			65.9764781410814	-55.2207283903856
			66.0001171515225	-55.2207283903856
			66.0237561619636	-55.1970893799445
			66.0473951724047	-55.1734503695034
			66.0473951724047	-55.1498113590623
			66.0710341828458	-55.1498113590623
			66.0946731932868	-55.1261723486212
			66.1183122037279	-55.1025333381801
			66.141951214169	-55.078894327739
			66.1655902246101	-55.0552553172979
			66.1892292350512	-55.0316163068569
			66.2128682454923	-55.0079772964158
			66.2365072559334	-54.9843382859747
			66.2601462663745	-54.9606992755336
			66.2837852768156	-54.9370602650925
			66.3074242872567	-54.9370602650925
			66.3310632976977	-54.9134212546514
			66.3547023081388	-54.8897822442103
			66.3783413185799	-54.8897822442103
			66.3783413185799	-54.8661432337692
			66.401980329021	-54.8661432337692
			66.4256193394621	-54.8425042233281
			66.4492583499032	-54.818865212887
			66.4728973603443	-54.818865212887
			66.4965363707854	-54.795226202446
			66.5201753812265	-54.7715871920049
			66.5438143916676	-54.7715871920049
			66.5438143916676	-54.7479481815638
			66.5674534021086	-54.7479481815638
			66.5910924125497	-54.7243091711227
			66.6147314229908	-54.7243091711227
			66.6383704334319	-54.7006701606816
			66.662009443873	-54.6770311502405
			66.6856484543141	-54.6770311502405
			66.7092874647552	-54.6533921397994
			66.7329264751963	-54.6297531293583
			66.7565654856374	-54.6297531293583
			66.7802044960784	-54.6061141189172
			66.8038435065195	-54.6061141189172
			66.8274825169606	-54.5824751084762
			66.8511215274017	-54.5588360980351
			66.8747605378428	-54.5588360980351
			66.8983995482839	-54.535197087594
			66.922038558725	-54.535197087594
			66.9456775691661	-54.535197087594
			66.9456775691661	-54.5115580771529
			66.9693165796072	-54.5115580771529
			66.9929555900483	-54.4879190667118
			67.0165946004893	-54.4879190667118
			67.0402336109304	-54.4642800562707
			67.0638726213715	-54.4642800562707
			67.0875116318126	-54.4406410458296
			67.1111506422537	-54.4406410458296
			67.1347896526948	-54.4406410458296
			67.1347896526948	-54.4170020353885
			67.1584286631359	-54.4170020353885
			67.182067673577	-54.3933630249474
			67.2057066840181	-54.3933630249474
			67.2293456944592	-54.3697240145063
			67.2529847049002	-54.3697240145063
			67.2766237153413	-54.3697240145063
			67.3002627257824	-54.3460850040653
			67.3239017362235	-54.3460850040653
			67.3475407466646	-54.3224459936242
			67.3711797571057	-54.3224459936242
			67.3948187675468	-54.2988069831831
			67.4184577779879	-54.2988069831831
			67.442096788429	-54.2988069831831
			67.46573579887	-54.275167972742
			67.4893748093111	-54.275167972742
			67.5130138197522	-54.2515289623009
			67.5366528301933	-54.2515289623009
			67.5602918406344	-54.2515289623009
			67.5839308510755	-54.2278899518598
			67.6075698615166	-54.2278899518598
			67.6312088719577	-54.2042509414187
			67.6548478823988	-54.2042509414187
			67.6784868928399	-54.2042509414187
			67.7021259032809	-54.1806119309776
			67.725764913722	-54.1806119309776
			67.7494039241631	-54.1806119309776
			67.7730429346042	-54.1569729205365
			67.7966819450453	-54.1569729205365
			67.8203209554864	-54.1333339100954
			67.8439599659275	-54.1333339100954
			67.8675989763686	-54.1333339100954
			67.8912379868097	-54.1096948996544
			67.9148769972508	-54.1096948996544
			67.9385160076918	-54.1096948996544
			67.9621550181329	-54.0860558892133
			67.985794028574	-54.0860558892133
			68.0094330390151	-54.0624168787722
			68.0330720494562	-54.0624168787722
			68.0567110598973	-54.0624168787722
			68.0803500703384	-54.0624168787722
			68.1039890807795	-54.0387778683311
			68.1276280912206	-54.0387778683311
			68.1512671016616	-54.0387778683311
			68.1749061121027	-54.01513885789
			68.1985451225438	-54.01513885789
			68.2221841329849	-54.01513885789
			68.245823143426	-54.01513885789
			68.245823143426	-53.9914998474489
			68.2694621538671	-53.9914998474489
			68.2931011643082	-53.9914998474489
			68.3167401747493	-53.9914998474489
			68.3403791851904	-53.9678608370078
			68.3640181956315	-53.9678608370078
			68.3876572060725	-53.9678608370078
			68.4112962165136	-53.9442218265667
			68.4349352269547	-53.9442218265667
			68.4585742373958	-53.9442218265667
			68.4822132478369	-53.9442218265667
			68.505852258278	-53.9442218265667
			68.5294912687191	-53.9442218265667
			68.5531302791602	-53.9442218265667
			68.5767692896013	-53.9205828161256
			68.6004083000424	-53.9205828161256
			68.6240473104834	-53.9205828161256
			68.6476863209245	-53.9205828161256
			68.6713253313656	-53.9205828161256
			68.6949643418067	-53.9205828161256
			68.7186033522478	-53.9205828161256
			68.7422423626889	-53.9205828161256
			68.76588137313	-53.9205828161256
			68.7895203835711	-53.9205828161256
			68.8131593940122	-53.9205828161256
			68.8367984044532	-53.9205828161256
			68.8604374148943	-53.8969438056846
			68.8840764253354	-53.8969438056846
			68.9077154357765	-53.8969438056846
			68.9313544462176	-53.8969438056846
			68.9549934566587	-53.8969438056846
			68.9786324670998	-53.8969438056846
			69.0022714775409	-53.8969438056846
			69.025910487982	-53.8969438056846
			69.0495494984231	-53.8969438056846
			69.0731885088641	-53.8969438056846
			69.0968275193052	-53.8969438056846
			69.1204665297463	-53.8969438056846
			69.1441055401874	-53.8969438056846
			69.1677445506285	-53.8969438056846
			69.1913835610696	-53.8969438056846
			69.2150225715107	-53.8969438056846
			69.2386615819518	-53.8969438056846
			69.2623005923929	-53.8969438056846
			69.2859396028339	-53.8969438056846
			69.3095786132751	-53.8969438056846
			69.3332176237161	-53.8969438056846
			69.3568566341572	-53.8969438056846
			69.3804956445983	-53.8969438056846
			69.4041346550394	-53.8969438056846
			69.4277736654805	-53.8969438056846
			69.4514126759216	-53.8969438056846
			69.4750516863627	-53.8969438056846
			69.4986906968038	-53.8969438056846
			69.5223297072449	-53.8969438056846
			69.5459687176859	-53.8969438056846
			69.569607728127	-53.8969438056846
			69.5932467385681	-53.8969438056846
			69.6168857490092	-53.8969438056846
			69.6405247594503	-53.8969438056846
			69.6641637698914	-53.8969438056846
			69.6878027803325	-53.8969438056846
			69.7114417907736	-53.8969438056846
			69.7350808012147	-53.8969438056846
			69.7587198116558	-53.8969438056846
			69.7823588220968	-53.8969438056846
			69.8059978325379	-53.8969438056846
			69.829636842979	-53.8969438056846
			69.8532758534201	-53.8969438056846
			69.8769148638612	-53.8969438056846
			69.9005538743023	-53.8969438056846
			69.9241928847434	-53.8969438056846
			69.9478318951845	-53.8969438056846
			69.9714709056256	-53.8969438056846
			69.9951099160667	-53.8969438056846
			70.0187489265077	-53.8969438056846
			70.0423879369488	-53.8969438056846
			70.0660269473899	-53.8969438056846
			70.089665957831	-53.8969438056846
			70.1133049682721	-53.8969438056846
			70.1369439787132	-53.8969438056846
			70.1605829891543	-53.8969438056846
			70.1842219995954	-53.9205828161256
			70.2078610100365	-53.9205828161256
			70.2315000204775	-53.9205828161256
			70.2551390309186	-53.9205828161256
			70.2787780413597	-53.9205828161256
			70.3024170518008	-53.9205828161256
			70.3260560622419	-53.9205828161256
			70.349695072683	-53.9205828161256
			70.3733340831241	-53.9205828161256
			70.3969730935652	-53.9205828161256
			70.4206121040063	-53.9205828161256
			70.4442511144474	-53.9205828161256
			70.4678901248884	-53.9205828161256
			70.4915291353295	-53.9205828161256
			70.5151681457706	-53.9205828161256
			70.5388071562117	-53.9442218265667
			70.5624461666528	-53.9442218265667
			70.5860851770939	-53.9442218265667
			70.609724187535	-53.9442218265667
			70.6333631979761	-53.9442218265667
			70.6570022084172	-53.9442218265667
			70.6806412188583	-53.9442218265667
			70.7042802292993	-53.9442218265667
			70.7279192397404	-53.9442218265667
			70.7515582501815	-53.9442218265667
			70.7751972606226	-53.9442218265667
			70.7988362710637	-53.9442218265667
			70.8224752815048	-53.9678608370078
			70.8461142919459	-53.9678608370078
			70.869753302387	-53.9678608370078
			70.8933923128281	-53.9678608370078
			70.9170313232691	-53.9678608370078
			70.9406703337102	-53.9678608370078
			70.9643093441513	-53.9678608370078
			70.9879483545924	-53.9678608370078
			71.0115873650335	-53.9678608370078
			71.0352263754746	-53.9678608370078
			71.0588653859157	-53.9914998474489
			71.0825043963568	-53.9914998474489
			71.1061434067979	-53.9914998474489
			71.129782417239	-53.9914998474489
			71.15342142768	-53.9914998474489
			71.1770604381211	-53.9914998474489
			71.2006994485622	-53.9914998474489
			71.2243384590033	-53.9914998474489
			71.2479774694444	-53.9914998474489
			71.2716164798855	-53.9914998474489
			71.2952554903266	-54.01513885789
			71.3188945007677	-54.01513885789
			71.3425335112088	-54.01513885789
			71.3661725216498	-54.01513885789
			71.3898115320909	-54.01513885789
			71.413450542532	-54.01513885789
			71.4370895529731	-54.01513885789
			71.4607285634142	-54.01513885789
			71.4843675738553	-54.01513885789
			71.4843675738553	-54.0387778683311
			71.5080065842964	-54.0387778683311
			71.5316455947375	-54.0387778683311
			71.5552846051786	-54.0387778683311
			71.5789236156197	-54.0387778683311
			71.6025626260607	-54.0387778683311
			71.6262016365018	-54.0387778683311
			71.6498406469429	-54.0387778683311
			71.673479657384	-54.0624168787722
			71.6971186678251	-54.0624168787722
			71.7207576782662	-54.0624168787722
			71.7443966887073	-54.0624168787722
			71.7680356991484	-54.0624168787722
			71.7916747095895	-54.0624168787722
			71.8153137200306	-54.0624168787722
			71.8389527304716	-54.0624168787722
			71.8625917409127	-54.0860558892133
			71.8862307513538	-54.0860558892133
			71.9098697617949	-54.0860558892133
			71.933508772236	-54.0860558892133
			71.9571477826771	-54.0860558892133
			71.9807867931182	-54.0860558892133
			72.0044258035593	-54.0860558892133
			72.0280648140004	-54.1096948996544
			72.0517038244414	-54.1096948996544
			72.0753428348825	-54.1096948996544
			72.0989818453236	-54.1096948996544
			72.1226208557647	-54.1096948996544
			72.1462598662058	-54.1096948996544
			72.1698988766469	-54.1096948996544
			72.1698988766469	-54.1333339100954
			72.193537887088	-54.1333339100954
			72.2171768975291	-54.1333339100954
			72.2408159079702	-54.1333339100954
			72.2644549184113	-54.1333339100954
			72.2880939288523	-54.1333339100954
			72.3117329392934	-54.1333339100954
			72.3353719497345	-54.1569729205365
			72.3590109601756	-54.1569729205365
			72.3826499706167	-54.1569729205365
			72.4062889810578	-54.1569729205365
			72.4299279914989	-54.1569729205365
			72.45356700194	-54.1569729205365
			72.4772060123811	-54.1569729205365
			72.5008450228222	-54.1806119309776
			72.5244840332632	-54.1806119309776
			72.5481230437043	-54.1806119309776
			72.5717620541454	-54.1806119309776
			72.5954010645865	-54.1806119309776
			72.6190400750276	-54.1806119309776
			72.6426790854687	-54.1806119309776
			72.6426790854687	-54.2042509414187
			72.6663180959098	-54.2042509414187
			72.6899571063509	-54.2042509414187
			72.713596116792	-54.2042509414187
			72.737235127233	-54.2042509414187
			72.7608741376742	-54.2042509414187
			72.7845131481152	-54.2278899518598
			72.8081521585563	-54.2278899518598
			72.8317911689974	-54.2278899518598
			72.8554301794385	-54.2278899518598
			72.8790691898796	-54.2278899518598
			72.9027082003207	-54.2278899518598
			72.9263472107618	-54.2515289623009
			72.9499862212029	-54.2515289623009
			72.973625231644	-54.2515289623009
			72.997264242085	-54.2515289623009
			73.0209032525261	-54.2515289623009
			73.0445422629672	-54.2515289623009
			73.0681812734083	-54.275167972742
			73.0918202838494	-54.275167972742
			73.1154592942905	-54.275167972742
			73.1390983047316	-54.275167972742
			73.1627373151727	-54.275167972742
			73.1863763256138	-54.2988069831831
			73.2100153360549	-54.2988069831831
			73.2336543464959	-54.2988069831831
			73.257293356937	-54.2988069831831
			73.2809323673781	-54.2988069831831
			73.3045713778192	-54.2988069831831
			73.3282103882603	-54.3224459936242
			73.3518493987014	-54.3224459936242
			73.3754884091425	-54.3224459936242
			73.3991274195836	-54.3224459936242
			73.4227664300247	-54.3224459936242
			73.4464054404657	-54.3460850040653
			73.4700444509068	-54.3460850040653
			73.4936834613479	-54.3460850040653
			73.517322471789	-54.3460850040653
			73.5409614822301	-54.3460850040653
			73.5646004926712	-54.3697240145063
			73.5882395031123	-54.3697240145063
			73.6118785135534	-54.3697240145063
			73.6355175239945	-54.3697240145063
			73.6591565344356	-54.3697240145063
			73.6827955448766	-54.3697240145063
			73.7064345553177	-54.3933630249474
			73.7300735657588	-54.3933630249474
			73.7537125761999	-54.3933630249474
			73.777351586641	-54.3933630249474
			73.8009905970821	-54.3933630249474
			73.8246296075232	-54.4170020353885
			73.8482686179643	-54.4170020353885
			73.8719076284054	-54.4170020353885
			73.8955466388465	-54.4170020353885
			73.9191856492875	-54.4170020353885
			73.9428246597286	-54.4406410458296
			73.9664636701697	-54.4406410458296
			73.9901026806108	-54.4406410458296
			74.0137416910519	-54.4406410458296
			74.037380701493	-54.4406410458296
			74.0610197119341	-54.4642800562707
			74.0846587223752	-54.4642800562707
			74.1082977328163	-54.4642800562707
			74.1319367432573	-54.4642800562707
			74.1555757536984	-54.4642800562707
			74.1792147641395	-54.4879190667118
			74.2028537745806	-54.4879190667118
			74.2264927850217	-54.4879190667118
			74.2501317954628	-54.4879190667118
			74.2737708059039	-54.4879190667118
			74.297409816345	-54.4879190667118
			74.3210488267861	-54.5115580771529
			74.3446878372272	-54.5115580771529
			74.3683268476682	-54.5115580771529
			74.3919658581093	-54.5115580771529
			74.4156048685504	-54.5115580771529
			74.4392438789915	-54.5115580771529
			74.4628828894326	-54.535197087594
			74.4865218998737	-54.535197087594
			74.5101609103148	-54.535197087594
			74.5337999207559	-54.535197087594
			74.557438931197	-54.535197087594
			74.5810779416381	-54.535197087594
			74.6047169520791	-54.535197087594
			74.6047169520791	-54.5588360980351
			74.6283559625202	-54.5588360980351
			74.6519949729613	-54.5588360980351
			74.6756339834024	-54.5588360980351
			74.6992729938435	-54.5588360980351
			74.7229120042846	-54.5588360980351
			74.7465510147257	-54.5588360980351
			74.7701900251668	-54.5824751084762
			74.7938290356079	-54.5824751084762
			74.8174680460489	-54.5824751084762
			74.84110705649	-54.5824751084762
			74.8647460669311	-54.5824751084762
			74.8883850773722	-54.5824751084762
			74.9120240878133	-54.6061141189172
			74.9356630982544	-54.6061141189172
			74.9593021086955	-54.6061141189172
			74.9829411191366	-54.6061141189172
			75.0065801295777	-54.6061141189172
			75.0302191400188	-54.6061141189172
			75.0538581504598	-54.6061141189172
			75.0774971609009	-54.6297531293583
			75.101136171342	-54.6297531293583
			75.1247751817831	-54.6297531293583
			75.1484141922242	-54.6297531293583
			75.1720532026653	-54.6297531293583
			75.1956922131064	-54.6297531293583
			75.2193312235475	-54.6533921397994
			75.2429702339886	-54.6533921397994
			75.2666092444297	-54.6533921397994
			75.2902482548707	-54.6533921397994
			75.3138872653118	-54.6533921397994
			75.3375262757529	-54.6533921397994
			75.361165286194	-54.6533921397994
			75.3848042966351	-54.6770311502405
			75.4084433070762	-54.6770311502405
			75.4320823175173	-54.6770311502405
			75.4557213279584	-54.6770311502405
			75.4793603383995	-54.6770311502405
			75.5029993488405	-54.6770311502405
			75.5266383592816	-54.7006701606816
			75.5502773697227	-54.7006701606816
			75.5739163801638	-54.7006701606816
			75.5975553906049	-54.7006701606816
			75.621194401046	-54.7006701606816
			75.6448334114871	-54.7006701606816
			75.6684724219282	-54.7006701606816
			75.6921114323693	-54.7243091711227
			75.7157504428104	-54.7243091711227
			75.7393894532514	-54.7243091711227
			75.7630284636925	-54.7243091711227
			75.7866674741336	-54.7243091711227
			75.8103064845747	-54.7243091711227
			75.8339454950158	-54.7243091711227
			75.8575845054569	-54.7243091711227
			75.8575845054569	-54.7479481815638
			75.881223515898	-54.7479481815638
			75.9048625263391	-54.7479481815638
			75.9285015367802	-54.7479481815638
			75.9521405472213	-54.7479481815638
			75.9757795576623	-54.7479481815638
			75.9994185681034	-54.7479481815638
			76.0230575785445	-54.7715871920049
			76.0466965889856	-54.7715871920049
			76.0703355994267	-54.7715871920049
			76.0939746098678	-54.7715871920049
			76.1176136203089	-54.7715871920049
			76.14125263075	-54.7715871920049
			76.1648916411911	-54.7715871920049
			76.1885306516321	-54.795226202446
			76.2121696620732	-54.795226202446
			76.2358086725143	-54.795226202446
			76.2594476829554	-54.795226202446
			76.2830866933965	-54.795226202446
			76.3067257038376	-54.795226202446
			76.3303647142787	-54.795226202446
			76.3540037247198	-54.818865212887
			76.3776427351609	-54.818865212887
			76.401281745602	-54.818865212887
			76.4249207560431	-54.818865212887
			76.4485597664841	-54.818865212887
			76.4721987769252	-54.818865212887
			76.4958377873663	-54.818865212887
			76.5194767978074	-54.8425042233281
			76.5431158082485	-54.8425042233281
			76.5667548186896	-54.8425042233281
			76.5903938291307	-54.8425042233281
			76.6140328395718	-54.8425042233281
			76.6376718500129	-54.8425042233281
			76.661310860454	-54.8425042233281
			76.684949870895	-54.8425042233281
			76.7085888813361	-54.8661432337692
			76.7322278917772	-54.8661432337692
			76.7558669022183	-54.8661432337692
			76.7795059126594	-54.8661432337692
			76.8031449231005	-54.8661432337692
			76.8267839335416	-54.8661432337692
			76.8504229439827	-54.8661432337692
			76.8740619544238	-54.8897822442103
			76.8977009648648	-54.8897822442103
			76.9213399753059	-54.8897822442103
			76.944978985747	-54.8897822442103
			76.9686179961881	-54.8897822442103
			76.9922570066292	-54.8897822442103
			77.0158960170703	-54.8897822442103
			77.0395350275114	-54.8897822442103
			77.0631740379525	-54.9134212546514
			77.0868130483936	-54.9134212546514
			77.1104520588347	-54.9134212546514
			77.1340910692757	-54.9134212546514
			77.1577300797168	-54.9134212546514
			77.1813690901579	-54.9134212546514
			77.205008100599	-54.9134212546514
			77.2286471110401	-54.9134212546514
			77.2522861214812	-54.9370602650925
			77.2759251319223	-54.9370602650925
			77.2995641423634	-54.9370602650925
			77.3232031528045	-54.9370602650925
			77.3468421632456	-54.9370602650925
			77.3704811736866	-54.9370602650925
			77.3941201841277	-54.9370602650925
			77.4177591945688	-54.9370602650925
			77.4413982050099	-54.9606992755336
			77.465037215451	-54.9606992755336
			77.4886762258921	-54.9606992755336
			77.5123152363332	-54.9606992755336
			77.5359542467743	-54.9606992755336
			77.5595932572154	-54.9606992755336
			77.5832322676564	-54.9606992755336
			77.6068712780975	-54.9606992755336
			77.6305102885386	-54.9843382859747
			77.6541492989797	-54.9843382859747
			77.6777883094208	-54.9843382859747
			77.7014273198619	-54.9843382859747
			77.725066330303	-54.9843382859747
			77.7487053407441	-54.9843382859747
			77.7723443511852	-54.9843382859747
			77.7959833616263	-54.9843382859747
			77.8196223720673	-54.9843382859747
			77.8432613825084	-55.0079772964158
			77.8669003929495	-55.0079772964158
			77.8905394033906	-55.0079772964158
			77.9141784138317	-55.0079772964158
			77.9378174242728	-55.0079772964158
		</Snout_dorsal>
		<Dorsal_adipose type=matrix rownames=FALSE colnames=FALSE nrow=320 ncol=2 as.numeric=TRUE >
			77.9378174242728	-55.0079772964158
			77.9614564347139	-55.0079772964158
			77.985095445155	-55.0316163068569
			78.0087344555961	-55.0316163068569
			78.0323734660372	-55.0552553172979
			78.0560124764782	-55.0552553172979
			78.0796514869193	-55.0552553172979
			78.1032904973604	-55.078894327739
			78.1269295078015	-55.078894327739
			78.1505685182426	-55.078894327739
			78.1742075286837	-55.1025333381801
			78.1978465391248	-55.1025333381801
			78.2214855495659	-55.1261723486212
			78.245124560007	-55.1261723486212
			78.268763570448	-55.1261723486212
			78.2924025808891	-55.1498113590623
			78.3160415913302	-55.1498113590623
			78.3396806017713	-55.1734503695034
			78.3633196122124	-55.1734503695034
			78.3869586226535	-55.1970893799445
			78.4105976330946	-55.1970893799445
			78.4342366435357	-55.1970893799445
			78.4578756539768	-55.2207283903856
			78.4815146644179	-55.2207283903856
			78.5051536748589	-55.2443674008267
			78.5287926853	-55.2443674008267
			78.5524316957411	-55.2443674008267
			78.5760707061822	-55.2680064112678
			78.5997097166233	-55.2680064112678
			78.6233487270644	-55.2916454217088
			78.6469877375055	-55.2916454217088
			78.6706267479466	-55.3152844321499
			78.6942657583877	-55.3152844321499
			78.7179047688287	-55.3152844321499
			78.7415437792698	-55.338923442591
			78.7651827897109	-55.338923442591
			78.788821800152	-55.3625624530321
			78.8124608105931	-55.3625624530321
			78.8360998210342	-55.3862014634732
			78.8597388314753	-55.3862014634732
			78.8833778419164	-55.4098404739143
			78.9070168523575	-55.4098404739143
			78.9306558627986	-55.4098404739143
			78.9542948732396	-55.4334794843554
			78.9779338836807	-55.4334794843554
			79.0015728941218	-55.4571184947965
			79.0252119045629	-55.4571184947965
			79.048850915004	-55.4807575052376
			79.0724899254451	-55.4807575052376
			79.0961289358862	-55.5043965156786
			79.1197679463273	-55.5043965156786
			79.1434069567684	-55.5280355261197
			79.1670459672095	-55.5280355261197
			79.1906849776505	-55.5516745365608
			79.2143239880916	-55.5516745365608
			79.2379629985327	-55.5516745365608
			79.2616020089738	-55.5753135470019
			79.2852410194149	-55.5753135470019
			79.308880029856	-55.598952557443
			79.3325190402971	-55.598952557443
			79.3561580507382	-55.6225915678841
			79.3797970611793	-55.6225915678841
			79.4034360716203	-55.6462305783252
			79.4270750820614	-55.6462305783252
			79.4507140925025	-55.6698695887663
			79.4743531029436	-55.6698695887663
			79.4979921133847	-55.6935085992074
			79.5216311238258	-55.6935085992074
			79.5452701342669	-55.7171476096485
			79.568909144708	-55.7171476096485
			79.5925481551491	-55.7407866200896
			79.6161871655902	-55.7407866200896
			79.6398261760312	-55.7644256305306
			79.6634651864723	-55.7644256305306
			79.6871041969134	-55.7880646409717
			79.7107432073545	-55.7880646409717
			79.7343822177956	-55.8117036514128
			79.7580212282367	-55.8117036514128
			79.7816602386778	-55.8353426618539
			79.8052992491189	-55.8353426618539
			79.82893825956	-55.858981672295
			79.8525772700011	-55.858981672295
			79.8762162804422	-55.858981672295
			79.8998552908832	-55.8826206827361
			79.9234943013243	-55.9062596931772
			79.9471333117654	-55.9062596931772
			79.9707723222065	-55.9298987036183
			79.9944113326476	-55.9298987036183
			80.0180503430887	-55.9298987036183
			80.0416893535298	-55.9535377140594
			80.0653283639709	-55.9535377140594
			80.088967374412	-55.9771767245004
			80.1126063848531	-56.0008157349415
			80.1362453952941	-56.0008157349415
			80.1598844057352	-56.0244547453826
			80.1835234161763	-56.0244547453826
			80.2071624266174	-56.0480937558237
			80.2308014370585	-56.0480937558237
			80.2544404474996	-56.0717327662648
			80.2780794579407	-56.0717327662648
			80.3017184683818	-56.0953717767059
			80.3253574788229	-56.0953717767059
			80.3489964892639	-56.119010787147
			80.372635499705	-56.119010787147
			80.3962745101461	-56.1426497975881
			80.4199135205872	-56.1426497975881
			80.4435525310283	-56.1662888080292
			80.4671915414694	-56.1662888080292
			80.4908305519105	-56.1899278184703
			80.5144695623516	-56.1899278184703
			80.5381085727927	-56.2135668289113
			80.5617475832338	-56.2135668289113
			80.5853865936748	-56.2372058393524
			80.6090256041159	-56.2372058393524
			80.632664614557	-56.2608448497935
			80.6563036249981	-56.2608448497935
			80.6799426354392	-56.2844838602346
			80.7035816458803	-56.3081228706757
			80.7272206563214	-56.3081228706757
			80.7508596667625	-56.3317618811168
			80.7744986772036	-56.3317618811168
			80.7981376876446	-56.3554008915579
			80.8217766980857	-56.3554008915579
			80.8454157085268	-56.379039901999
			80.8690547189679	-56.379039901999
			80.892693729409	-56.4026789124401
			80.9163327398501	-56.4026789124401
			80.9163327398501	-56.4263179228812
			80.9399717502912	-56.4263179228812
			80.9636107607323	-56.4499569333222
			80.9872497711734	-56.4499569333222
			81.0108887816145	-56.4735959437633
			81.0345277920555	-56.4735959437633
			81.0581668024966	-56.4972349542044
			81.0818058129377	-56.4972349542044
			81.1054448233788	-56.5208739646455
			81.1290838338199	-56.5445129750866
			81.152722844261	-56.5445129750866
			81.1763618547021	-56.5681519855277
			81.2000008651432	-56.5681519855277
			81.2236398755843	-56.5917909959688
			81.2472788860254	-56.5917909959688
			81.2709178964664	-56.6154300064099
			81.2945569069075	-56.639069016851
			81.3181959173486	-56.639069016851
			81.3418349277897	-56.662708027292
			81.3654739382308	-56.662708027292
			81.3891129486719	-56.6863470377331
			81.412751959113	-56.6863470377331
			81.4363909695541	-56.7099860481742
			81.4600299799952	-56.7099860481742
			81.4836689904362	-56.7336250586153
			81.5073080008773	-56.7336250586153
			81.5309470113184	-56.7572640690564
			81.5545860217595	-56.7809030794975
			81.5782250322006	-56.7809030794975
			81.6018640426417	-56.7809030794975
			81.6018640426417	-56.8045420899386
			81.6255030530828	-56.8045420899386
			81.6491420635239	-56.8281811003797
			81.672781073965	-56.8281811003797
			81.672781073965	-56.8518201108208
			81.6964200844061	-56.8518201108208
			81.7200590948471	-56.8518201108208
			81.7200590948471	-56.8754591212619
			81.7436981052882	-56.8754591212619
			81.7673371157293	-56.8990981317029
			81.7909761261704	-56.8990981317029
			81.7909761261704	-56.922737142144
			81.8146151366115	-56.922737142144
			81.8382541470526	-56.922737142144
			81.8618931574937	-56.9463761525851
			81.8855321679348	-56.9700151630262
			81.9091711783759	-56.9700151630262
			81.932810188817	-56.9936541734673
			81.956449199258	-56.9936541734673
			81.9800882096991	-57.0172931839084
			82.0037272201402	-57.0172931839084
			82.0273662305813	-57.0409321943495
			82.0510052410224	-57.0645712047906
			82.0746442514635	-57.0882102152317
			82.0982832619046	-57.0882102152317
			82.1219222723457	-57.0882102152317
			82.1455612827868	-57.1118492256727
			82.1692002932278	-57.1118492256727
			82.1928393036689	-57.1118492256727
			82.1928393036689	-57.1354882361138
			82.21647831411	-57.1354882361138
			82.2401173245511	-57.1354882361138
			82.2637563349922	-57.1591272465549
			82.2873953454333	-57.1591272465549
			82.3110343558744	-57.1591272465549
			82.3110343558744	-57.182766256996
			82.3346733663155	-57.182766256996
			82.3583123767566	-57.182766256996
			82.3819513871977	-57.182766256996
			82.4055903976387	-57.2064052674371
			82.4292294080798	-57.2064052674371
			82.4528684185209	-57.2300442778782
			82.476507428962	-57.2300442778782
			82.5001464394031	-57.2300442778782
			82.5237854498442	-57.2536832883193
			82.5474244602853	-57.2536832883193
			82.5710634707264	-57.2773222987604
			82.5947024811675	-57.2773222987604
			82.6183414916086	-57.2773222987604
			82.6419805020496	-57.3009613092015
			82.6656195124907	-57.3009613092015
			82.6892585229318	-57.3009613092015
			82.7128975333729	-57.3246003196426
			82.736536543814	-57.3246003196426
			82.7601755542551	-57.3246003196426
			82.7838145646962	-57.3482393300837
			82.8074535751373	-57.3482393300837
			82.8310925855784	-57.3482393300837
			82.8547315960194	-57.3718783405247
			82.8783706064605	-57.3718783405247
			82.9020096169016	-57.3718783405247
			82.9256486273427	-57.3955173509658
			82.9492876377838	-57.3955173509658
			82.9729266482249	-57.3955173509658
			82.996565658666	-57.4191563614069
			83.0202046691071	-57.4191563614069
			83.0438436795482	-57.4191563614069
			83.0674826899893	-57.442795371848
			83.0911217004303	-57.442795371848
			83.1147607108714	-57.442795371848
			83.1383997213125	-57.4664343822891
			83.1620387317536	-57.4664343822891
			83.1856777421947	-57.4664343822891
			83.2093167526358	-57.4900733927302
			83.2329557630769	-57.4900733927302
			83.256594773518	-57.4900733927302
			83.2802337839591	-57.5137124031713
			83.3038727944002	-57.5137124031713
			83.3275118048413	-57.5137124031713
			83.3511508152823	-57.5373514136124
			83.3747898257234	-57.5373514136124
			83.3984288361645	-57.5373514136124
			83.4220678466056	-57.5609904240535
			83.4457068570467	-57.5609904240535
			83.4693458674878	-57.5609904240535
			83.4929848779289	-57.5609904240535
			83.51662388837	-57.5846294344945
			83.5402628988111	-57.5846294344945
			83.5639019092521	-57.5846294344945
			83.5875409196932	-57.6082684449356
			83.6111799301343	-57.6082684449356
			83.6348189405754	-57.6082684449356
			83.6584579510165	-57.6082684449356
			83.6820969614576	-57.6319074553767
			83.7057359718987	-57.6319074553767
			83.7293749823398	-57.6319074553767
			83.7530139927809	-57.6555464658178
			83.776653003222	-57.6555464658178
			83.800292013663	-57.6555464658178
			83.8239310241041	-57.6791854762589
			83.8475700345452	-57.6791854762589
			83.8712090449863	-57.6791854762589
			83.8948480554274	-57.6791854762589
			83.9184870658685	-57.6791854762589
			83.9184870658685	-57.7028244867
			83.9421260763096	-57.7028244867
			83.9657650867507	-57.7028244867
			83.9894040971918	-57.7028244867
			84.0130431076329	-57.7264634971411
			84.0366821180739	-57.7264634971411
			84.060321128515	-57.7264634971411
			84.0839601389561	-57.7264634971411
			84.1075991493972	-57.7501025075822
			84.1312381598383	-57.7501025075822
			84.1548771702794	-57.7501025075822
			84.1785161807205	-57.7501025075822
			84.2021551911616	-57.7737415180233
			84.2257942016027	-57.7737415180233
			84.2494332120437	-57.7737415180233
			84.2730722224848	-57.7737415180233
			84.2967112329259	-57.7973805284644
			84.320350243367	-57.7973805284644
			84.3439892538081	-57.7973805284644
			84.3676282642492	-57.7973805284644
			84.3912672746903	-57.8210195389054
			84.4149062851314	-57.8210195389054
			84.4385452955725	-57.8210195389054
			84.4621843060136	-57.8210195389054
			84.4858233164546	-57.8210195389054
			84.5094623268957	-57.8446585493465
			84.5331013373368	-57.8446585493465
			84.5567403477779	-57.8446585493465
			84.580379358219	-57.8446585493465
			84.580379358219	-57.8682975597876
			84.6040183686601	-57.8682975597876
			84.6276573791012	-57.8682975597876
			84.6512963895423	-57.8682975597876
			84.6749353999834	-57.8682975597876
			84.6985744104245	-57.8919365702287
			84.7222134208655	-57.8919365702287
			84.7458524313066	-57.8919365702287
			84.7694914417477	-57.8919365702287
			84.7931304521888	-57.8919365702287
			84.8167694626299	-57.9155755806698
			84.840408473071	-57.9155755806698
			84.8640474835121	-57.9155755806698
			84.8876864939532	-57.9155755806698
			84.9113255043943	-57.9155755806698
			84.9349645148353	-57.9392145911109
			84.9586035252764	-57.9392145911109
			84.9822425357175	-57.9392145911109
			85.0058815461586	-57.9392145911109
			85.0295205565997	-57.9392145911109
			85.0531595670408	-57.9392145911109
			85.0767985774819	-57.962853601552
			85.100437587923	-57.962853601552
			85.1240765983641	-57.962853601552
			85.1477156088052	-57.962853601552
			85.1713546192462	-57.962853601552
			85.1949936296873	-57.962853601552
			85.2186326401284	-57.9864926119931
			85.2422716505695	-57.9864926119931
			85.2659106610106	-57.9864926119931
		</Dorsal_adipose>
		<Adipose_caudal type=matrix rownames=FALSE colnames=FALSE nrow=203 ncol=2 as.numeric=TRUE >
			85.2659106610106	-57.9864926119931
			85.2895496714517	-57.9864926119931
			85.3131886818928	-57.9864926119931
			85.3368276923339	-57.9864926119931
			85.3368276923339	-58.0101316224342
			85.360466702775	-58.0101316224342
			85.3841057132161	-58.0101316224342
			85.4077447236571	-58.0101316224342
			85.4313837340982	-58.0101316224342
			85.4550227445393	-58.0337706328753
			85.4786617549804	-58.0337706328753
			85.5023007654215	-58.0337706328753
			85.5259397758626	-58.0337706328753
			85.5495787863037	-58.0574096433163
			85.5732177967448	-58.0574096433163
			85.5968568071859	-58.0574096433163
			85.6204958176269	-58.0810486537574
			85.644134828068	-58.0810486537574
			85.6677738385091	-58.0810486537574
			85.6677738385091	-58.1046876641985
			85.6914128489502	-58.1046876641985
			85.7150518593913	-58.1283266746396
			85.7386908698324	-58.1283266746396
			85.7623298802735	-58.1519656850807
			85.7859688907146	-58.1756046955218
			85.8096079011557	-58.1756046955218
			85.8332469115968	-58.1992437059629
			85.8568859220378	-58.1992437059629
			85.8568859220378	-58.222882716404
			85.8805249324789	-58.2465217268451
			85.90416394292	-58.2701607372861
			85.9278029533611	-58.2937997477272
			85.9278029533611	-58.3174387581683
			85.9278029533611	-58.3410777686094
			85.9514419638022	-58.3647167790505
			85.9514419638022	-58.3883557894916
			85.9514419638022	-58.4119947999327
			85.9514419638022	-58.4356338103738
			85.9514419638022	-58.4592728208149
			85.9750809742433	-58.4592728208149
			85.9987199846844	-58.482911831256
			86.0223589951255	-58.482911831256
			86.0459980055666	-58.482911831256
			86.0696370160076	-58.506550841697
			86.0932760264487	-58.506550841697
			86.1169150368898	-58.5301898521381
			86.1405540473309	-58.5301898521381
			86.164193057772	-58.5301898521381
			86.1878320682131	-58.5538288625792
			86.2114710786542	-58.5538288625792
			86.2351100890953	-58.5538288625792
			86.2587490995364	-58.5774678730203
			86.2823881099775	-58.5774678730203
			86.3060271204185	-58.5774678730203
			86.3296661308596	-58.6011068834614
			86.3533051413007	-58.6011068834614
			86.3769441517418	-58.6011068834614
			86.4005831621829	-58.6247458939025
			86.424222172624	-58.6247458939025
			86.4478611830651	-58.6247458939025
			86.4715001935062	-58.6483849043436
			86.4951392039473	-58.6483849043436
			86.5187782143884	-58.6483849043436
			86.5424172248294	-58.6720239147847
			86.5660562352705	-58.6720239147847
			86.5896952457116	-58.6720239147847
			86.6133342561527	-58.6956629252258
			86.6369732665938	-58.6956629252258
			86.6606122770349	-58.7193019356669
			86.684251287476	-58.7193019356669
			86.7078902979171	-58.7193019356669
			86.7315293083582	-58.7429409461079
			86.7551683187992	-58.7429409461079
			86.7788073292404	-58.7429409461079
			86.8024463396814	-58.766579956549
			86.8260853501225	-58.766579956549
			86.8497243605636	-58.766579956549
			86.8733633710047	-58.7902189669901
			86.8970023814458	-58.7902189669901
			86.9206413918869	-58.7902189669901
			86.944280402328	-58.8138579774312
			86.9679194127691	-58.8138579774312
			86.9915584232102	-58.8138579774312
			87.0151974336512	-58.8138579774312
			87.0388364440923	-58.8374969878723
			87.0624754545334	-58.8374969878723
			87.0861144649745	-58.8374969878723
			87.1097534754156	-58.8611359983134
			87.1333924858567	-58.8611359983134
			87.1570314962978	-58.8847750087545
			87.1806705067389	-58.8847750087545
			87.20430951718	-58.8847750087545
			87.2279485276211	-58.8847750087545
			87.2515875380621	-58.9084140191956
			87.2752265485032	-58.9084140191956
			87.2988655589443	-58.9084140191956
			87.3225045693854	-58.9084140191956
			87.3225045693854	-58.9320530296367
			87.3461435798265	-58.9320530296367
			87.3697825902676	-58.9320530296367
			87.3934216007087	-58.9320530296367
			87.3934216007087	-58.9556920400777
			87.4170606111498	-58.9556920400777
			87.4406996215909	-58.9556920400777
			87.464338632032	-58.9556920400777
			87.487977642473	-58.9793310505188
			87.5116166529141	-58.9793310505188
			87.5352556633552	-58.9793310505188
			87.5588946737963	-59.0029700609599
			87.5825336842374	-59.0029700609599
			87.6061726946785	-59.0029700609599
			87.6298117051196	-59.026609071401
			87.6534507155607	-59.026609071401
			87.6770897260018	-59.026609071401
			87.7007287364428	-59.026609071401
			87.7243677468839	-59.0502480818421
			87.748006757325	-59.0502480818421
			87.7716457677661	-59.0502480818421
			87.7952847782072	-59.0502480818421
			87.8189237886483	-59.0738870922832
			87.8425627990894	-59.0738870922832
			87.8662018095305	-59.0738870922832
			87.8898408199716	-59.0975261027243
			87.9134798304127	-59.0975261027243
			87.9371188408537	-59.0975261027243
			87.9607578512948	-59.0975261027243
			87.9843968617359	-59.0975261027243
			87.9843968617359	-59.1211651131654
			88.008035872177	-59.1211651131654
			88.0316748826181	-59.1211651131654
			88.0553138930592	-59.1211651131654
			88.0789529035003	-59.1448041236065
			88.1025919139414	-59.1448041236065
			88.1262309243825	-59.1448041236065
			88.1498699348235	-59.1448041236065
			88.1735089452646	-59.1684431340476
			88.1971479557057	-59.1684431340476
			88.2207869661468	-59.1684431340476
			88.2444259765879	-59.1684431340476
			88.268064987029	-59.1920821444886
			88.2917039974701	-59.1920821444886
			88.3153430079112	-59.1920821444886
			88.3389820183523	-59.1920821444886
			88.3626210287934	-59.2157211549297
			88.3862600392344	-59.2157211549297
			88.4098990496755	-59.2157211549297
			88.4335380601166	-59.2157211549297
			88.4571770705577	-59.2393601653708
			88.4808160809988	-59.2393601653708
			88.5044550914399	-59.2393601653708
			88.528094101881	-59.2393601653708
			88.5517331123221	-59.2393601653708
			88.5753721227632	-59.2629991758119
			88.5990111332043	-59.2629991758119
			88.6226501436453	-59.2629991758119
			88.6462891540864	-59.2629991758119
			88.6699281645275	-59.2629991758119
			88.6935671749686	-59.286638186253
			88.7172061854097	-59.286638186253
			88.7408451958508	-59.286638186253
			88.7644842062919	-59.286638186253
			88.788123216733	-59.286638186253
			88.788123216733	-59.3102771966941
			88.8117622271741	-59.3102771966941
			88.8354012376151	-59.3102771966941
			88.8590402480562	-59.3102771966941
			88.8826792584973	-59.3102771966941
			88.9063182689384	-59.3102771966941
			88.9299572793795	-59.3339162071352
			88.9535962898206	-59.3339162071352
			88.9772353002617	-59.3339162071352
			89.0008743107028	-59.3339162071352
			89.0245133211439	-59.3575552175763
			89.048152331585	-59.3575552175763
			89.071791342026	-59.3575552175763
			89.0954303524671	-59.3575552175763
			89.1190693629082	-59.3811942280174
			89.1427083733493	-59.3811942280174
			89.1663473837904	-59.3811942280174
			89.1899863942315	-59.4048332384585
			89.2136254046726	-59.4048332384585
			89.2372644151137	-59.4048332384585
			89.2609034255548	-59.4048332384585
			89.2845424359959	-59.4284722488995
			89.3081814464369	-59.4284722488995
			89.331820456878	-59.4521112593406
			89.3554594673191	-59.4521112593406
			89.3790984777602	-59.4521112593406
			89.4027374882013	-59.4757502697817
			89.4263764986424	-59.4757502697817
			89.4500155090835	-59.4993892802228
			89.4736545195246	-59.4993892802228
			89.4972935299657	-59.4993892802228
			89.5209325404067	-59.5230282906639
			89.5445715508478	-59.546667301105
			89.5682105612889	-59.546667301105
			89.59184957173	-59.5703063115461
			89.6154885821711	-59.5703063115461
			89.6391275926122	-59.5939453219872
			89.6627666030533	-59.5939453219872
			89.6864056134944	-59.6175843324283
			89.6864056134944	-59.6412233428694
			89.7100446239355	-59.6412233428694
		</Adipose_caudal>
		<Caudal_anal type=matrix rownames=FALSE colnames=FALSE nrow=327 ncol=2 as.numeric=TRUE >
			88.9299572793795	-62.5251826166823
			88.9063182689384	-62.5251826166823
			88.8826792584973	-62.5251826166823
			88.8590402480562	-62.5251826166823
			88.8354012376151	-62.5251826166823
			88.8117622271741	-62.5251826166823
			88.788123216733	-62.5251826166823
			88.7644842062919	-62.5015436062412
			88.7408451958508	-62.5015436062412
			88.7172061854097	-62.5015436062412
			88.6935671749686	-62.5015436062412
			88.6699281645275	-62.5015436062412
			88.6462891540864	-62.4779045958001
			88.6226501436453	-62.4779045958001
			88.5990111332043	-62.4779045958001
			88.5753721227632	-62.454265585359
			88.5517331123221	-62.454265585359
			88.528094101881	-62.454265585359
			88.5044550914399	-62.454265585359
			88.5044550914399	-62.4306265749179
			88.4808160809988	-62.4306265749179
			88.4571770705577	-62.4306265749179
			88.4335380601166	-62.4069875644769
			88.4098990496755	-62.4069875644769
			88.3862600392344	-62.3833485540358
			88.3626210287934	-62.3833485540358
			88.3389820183523	-62.3597095435947
			88.3153430079112	-62.3597095435947
			88.2917039974701	-62.3360705331536
			88.268064987029	-62.3360705331536
			88.2444259765879	-62.3124315227125
			88.2207869661468	-62.2887925122714
			88.1971479557057	-62.2887925122714
			88.1735089452646	-62.2651535018303
			88.1498699348235	-62.2651535018303
			88.1262309243825	-62.2415144913892
			88.1025919139414	-62.2415144913892
			88.0789529035003	-62.2415144913892
			88.0553138930592	-62.2178754809481
			88.0316748826181	-62.2178754809481
			88.008035872177	-62.2178754809481
			87.9843968617359	-62.2178754809481
			87.9607578512948	-62.2178754809481
			87.9371188408537	-62.2178754809481
			87.9134798304127	-62.194236470507
			87.8898408199716	-62.194236470507
			87.8662018095305	-62.194236470507
			87.8425627990894	-62.194236470507
			87.8189237886483	-62.194236470507
			87.7952847782072	-62.194236470507
			87.7716457677661	-62.194236470507
			87.748006757325	-62.1705974600659
			87.7243677468839	-62.1705974600659
			87.7007287364428	-62.1705974600659
			87.6770897260018	-62.1705974600659
			87.6534507155607	-62.1705974600659
			87.6298117051196	-62.1705974600659
			87.6061726946785	-62.1469584496249
			87.5825336842374	-62.1469584496249
			87.5588946737963	-62.1469584496249
			87.5352556633552	-62.1469584496249
			87.5116166529141	-62.1469584496249
			87.487977642473	-62.1469584496249
			87.464338632032	-62.1233194391838
			87.4406996215909	-62.1233194391838
			87.4170606111498	-62.1233194391838
			87.3934216007087	-62.1233194391838
			87.3697825902676	-62.1233194391838
			87.3461435798265	-62.1233194391838
			87.3225045693854	-62.1233194391838
			87.2988655589443	-62.1233194391838
			87.2752265485032	-62.0996804287427
			87.2515875380621	-62.0996804287427
			87.2279485276211	-62.0996804287427
			87.20430951718	-62.0996804287427
			87.1806705067389	-62.0996804287427
			87.1570314962978	-62.0996804287427
			87.1333924858567	-62.0996804287427
			87.1097534754156	-62.0760414183016
			87.0861144649745	-62.0760414183016
			87.0624754545334	-62.0760414183016
			87.0388364440923	-62.0760414183016
			87.0151974336512	-62.0760414183016
			86.9915584232102	-62.0760414183016
			86.9679194127691	-62.0760414183016
			86.944280402328	-62.0524024078605
			86.9206413918869	-62.0524024078605
			86.8970023814458	-62.0524024078605
			86.8733633710047	-62.0524024078605
			86.8497243605636	-62.0524024078605
			86.8260853501225	-62.0524024078605
			86.8024463396814	-62.0524024078605
			86.7788073292404	-62.0524024078605
			86.7551683187992	-62.0287633974194
			86.7315293083582	-62.0287633974194
			86.7078902979171	-62.0287633974194
			86.684251287476	-62.0287633974194
			86.6606122770349	-62.0287633974194
			86.6369732665938	-62.0287633974194
			86.6133342561527	-62.0287633974194
			86.5896952457116	-62.0287633974194
			86.5660562352705	-62.0051243869783
			86.5424172248294	-62.0051243869783
			86.5187782143884	-62.0051243869783
			86.4951392039473	-62.0051243869783
			86.4715001935062	-62.0051243869783
			86.4478611830651	-62.0051243869783
			86.424222172624	-62.0051243869783
			86.4005831621829	-62.0051243869783
			86.3769441517418	-61.9814853765372
			86.3533051413007	-61.9814853765372
			86.3296661308596	-61.9814853765372
			86.3060271204185	-61.9814853765372
			86.2823881099775	-61.9814853765372
			86.2587490995364	-61.9814853765372
			86.2351100890953	-61.9814853765372
			86.2114710786542	-61.9814853765372
			86.1878320682131	-61.9814853765372
			86.164193057772	-61.9578463660961
			86.1405540473309	-61.9578463660961
			86.1169150368898	-61.9578463660961
			86.0932760264487	-61.9578463660961
			86.0696370160076	-61.9578463660961
			86.0459980055666	-61.9578463660961
			86.0223589951255	-61.9578463660961
			85.9987199846844	-61.9578463660961
			85.9750809742433	-61.9578463660961
			85.9514419638022	-61.9578463660961
			85.9278029533611	-61.9342073556551
			85.90416394292	-61.9342073556551
			85.8805249324789	-61.9342073556551
			85.8568859220378	-61.9342073556551
			85.8332469115968	-61.9342073556551
			85.8096079011557	-61.9342073556551
			85.7859688907146	-61.9342073556551
			85.7623298802735	-61.9342073556551
			85.7386908698324	-61.9342073556551
			85.7150518593913	-61.9342073556551
			85.6914128489502	-61.910568345214
			85.6677738385091	-61.910568345214
			85.644134828068	-61.910568345214
			85.6204958176269	-61.910568345214
			85.5968568071859	-61.910568345214
			85.5732177967448	-61.910568345214
			85.5495787863037	-61.910568345214
			85.5259397758626	-61.910568345214
			85.5023007654215	-61.910568345214
			85.4786617549804	-61.910568345214
			85.4550227445393	-61.9342073556551
			85.4313837340982	-61.9342073556551
			85.4077447236571	-61.9342073556551
			85.3841057132161	-61.9342073556551
			85.360466702775	-61.9342073556551
			85.3368276923339	-61.9342073556551
			85.3131886818928	-61.9342073556551
			85.2895496714517	-61.9342073556551
			85.2659106610106	-61.9342073556551
			85.2422716505695	-61.9578463660961
			85.2186326401284	-61.9578463660961
			85.1949936296873	-61.9578463660961
			85.1713546192462	-61.9578463660961
			85.1477156088052	-61.9578463660961
			85.1240765983641	-61.9578463660961
			85.100437587923	-61.9578463660961
			85.0767985774819	-61.9578463660961
			85.0531595670408	-61.9578463660961
			85.0295205565997	-61.9578463660961
			85.0058815461586	-61.9814853765372
			84.9822425357175	-61.9814853765372
			84.9586035252764	-61.9814853765372
			84.9349645148353	-61.9814853765372
			84.9113255043943	-61.9814853765372
			84.8876864939532	-61.9814853765372
			84.8640474835121	-61.9814853765372
			84.840408473071	-61.9814853765372
			84.8167694626299	-61.9814853765372
			84.7931304521888	-61.9814853765372
			84.7694914417477	-61.9814853765372
			84.7458524313066	-62.0051243869783
			84.7222134208655	-62.0051243869783
			84.6985744104245	-62.0051243869783
			84.6749353999834	-62.0051243869783
			84.6512963895423	-62.0051243869783
			84.6276573791012	-62.0051243869783
			84.6040183686601	-62.0051243869783
			84.580379358219	-62.0051243869783
			84.5567403477779	-62.0051243869783
			84.5331013373368	-62.0051243869783
			84.5094623268957	-62.0051243869783
			84.4858233164546	-62.0051243869783
			84.4621843060136	-62.0287633974194
			84.4385452955725	-62.0287633974194
			84.4149062851314	-62.0287633974194
			84.3912672746903	-62.0287633974194
			84.3676282642492	-62.0287633974194
			84.3439892538081	-62.0287633974194
			84.320350243367	-62.0287633974194
			84.2967112329259	-62.0287633974194
			84.2730722224848	-62.0287633974194
			84.2494332120437	-62.0287633974194
			84.2257942016027	-62.0287633974194
			84.2021551911616	-62.0287633974194
			84.1785161807205	-62.0287633974194
			84.1548771702794	-62.0287633974194
			84.1312381598383	-62.0287633974194
			84.1075991493972	-62.0524024078605
			84.0839601389561	-62.0524024078605
			84.060321128515	-62.0524024078605
			84.0366821180739	-62.0524024078605
			84.0130431076329	-62.0524024078605
			83.9894040971918	-62.0524024078605
			83.9657650867507	-62.0524024078605
			83.9421260763096	-62.0524024078605
			83.9184870658685	-62.0524024078605
			83.8948480554274	-62.0524024078605
			83.8712090449863	-62.0524024078605
			83.8475700345452	-62.0524024078605
			83.8239310241041	-62.0524024078605
			83.800292013663	-62.0524024078605
			83.776653003222	-62.0524024078605
			83.7530139927809	-62.0524024078605
			83.7293749823398	-62.0524024078605
			83.7057359718987	-62.0524024078605
			83.6820969614576	-62.0524024078605
			83.6584579510165	-62.0524024078605
			83.6348189405754	-62.0760414183016
			83.6111799301343	-62.0760414183016
			83.5875409196932	-62.0760414183016
			83.5639019092521	-62.0760414183016
			83.5402628988111	-62.0760414183016
			83.51662388837	-62.0760414183016
			83.4929848779289	-62.0760414183016
			83.4693458674878	-62.0760414183016
			83.4457068570467	-62.0760414183016
			83.4220678466056	-62.0760414183016
			83.3984288361645	-62.0760414183016
			83.3747898257234	-62.0760414183016
			83.3511508152823	-62.0760414183016
			83.3275118048413	-62.0760414183016
			83.3038727944002	-62.0760414183016
			83.2802337839591	-62.0760414183016
			83.256594773518	-62.0760414183016
			83.2329557630769	-62.0760414183016
			83.2093167526358	-62.0760414183016
			83.1856777421947	-62.0760414183016
			83.1620387317536	-62.0760414183016
			83.1383997213125	-62.0760414183016
			83.1147607108714	-62.0760414183016
			83.0911217004303	-62.0760414183016
			83.0674826899893	-62.0760414183016
			83.0438436795482	-62.0760414183016
			83.0202046691071	-62.0760414183016
			82.996565658666	-62.0760414183016
			82.9729266482249	-62.0760414183016
			82.9492876377838	-62.0760414183016
			82.9256486273427	-62.0760414183016
			82.9020096169016	-62.0760414183016
			82.8783706064605	-62.0760414183016
			82.8547315960194	-62.0760414183016
			82.8310925855784	-62.0760414183016
			82.8074535751373	-62.0760414183016
			82.7838145646962	-62.0760414183016
			82.7601755542551	-62.0760414183016
			82.736536543814	-62.0760414183016
			82.7128975333729	-62.0760414183016
			82.6892585229318	-62.0760414183016
			82.6656195124907	-62.0760414183016
			82.6419805020496	-62.0760414183016
			82.6183414916086	-62.0760414183016
			82.5947024811675	-62.0760414183016
			82.5710634707264	-62.0760414183016
			82.5474244602853	-62.0760414183016
			82.5237854498442	-62.0760414183016
			82.5001464394031	-62.0760414183016
			82.476507428962	-62.0760414183016
			82.4528684185209	-62.0760414183016
			82.4292294080798	-62.0760414183016
			82.4055903976387	-62.0760414183016
			82.3819513871977	-62.0760414183016
			82.3583123767566	-62.0760414183016
			82.3346733663155	-62.0760414183016
			82.3110343558744	-62.0760414183016
			82.2873953454333	-62.0760414183016
			82.2637563349922	-62.0760414183016
			82.2401173245511	-62.0760414183016
			82.21647831411	-62.0760414183016
			82.1928393036689	-62.0760414183016
			82.1692002932278	-62.0760414183016
			82.1455612827868	-62.0760414183016
			82.1219222723457	-62.0760414183016
			82.0982832619046	-62.0760414183016
			82.0746442514635	-62.0524024078605
			82.0510052410224	-62.0524024078605
			82.0273662305813	-62.0524024078605
			82.0037272201402	-62.0524024078605
			81.9800882096991	-62.0524024078605
			81.956449199258	-62.0524024078605
			81.932810188817	-62.0524024078605
			81.9091711783759	-62.0524024078605
			81.8855321679348	-62.0524024078605
			81.8618931574937	-62.0524024078605
			81.8382541470526	-62.0524024078605
			81.8146151366115	-62.0524024078605
			81.7909761261704	-62.0524024078605
			81.7673371157293	-62.0524024078605
			81.7436981052882	-62.0524024078605
			81.7200590948471	-62.0524024078605
			81.6964200844061	-62.0524024078605
			81.672781073965	-62.0524024078605
			81.6491420635239	-62.0287633974194
			81.6255030530828	-62.0287633974194
			81.6018640426417	-62.0287633974194
			81.5782250322006	-62.0287633974194
			81.5545860217595	-62.0287633974194
			81.5309470113184	-62.0287633974194
			81.5073080008773	-62.0287633974194
			81.4836689904362	-62.0287633974194
			81.4600299799952	-62.0287633974194
			81.4363909695541	-62.0287633974194
			81.412751959113	-62.0287633974194
			81.3891129486719	-62.0287633974194
			81.3654739382308	-62.0051243869783
			81.3418349277897	-62.0051243869783
			81.3181959173486	-62.0051243869783
			81.2945569069075	-62.0051243869783
			81.2709178964664	-62.0051243869783
			81.2472788860254	-62.0051243869783
		</Caudal_anal>
	</curves.scaled>
	<ruler.points type=matrix rownames=TRUE colnames=FALSE nrow=3 ncol=2 as.numeric=TRUE >
		Ruler point 1	3210	2265
		Ruler point 2	3421	2263
		Ruler point 3	3633	2260
	</ruler.points>
</shapes>

