<shapes type=list>
	<ruler.pixel type=vector names=FALSE length=1 as.numeric=TRUE >128.61765117869</ruler.pixel>
	<ruler.interval type=vector names=FALSE length=1 as.numeric=TRUE >5</ruler.interval>
	<scaling.units type=vector names=FALSE length=1 as.numeric=FALSE >mm</scaling.units>
	<scaling type=vector names=FALSE length=1 as.numeric=TRUE >0.0388749130012757</scaling>
	<landmarks.pixel type=matrix rownames=TRUE colnames=FALSE nrow=11 ncol=2 as.numeric=TRUE >
		Anterior_eye	227	570
		Posterior_eye	374	570
		Posterior_Maxilla	436	710
		Anterior_Maxilla	199	625
		Dorsal_fin_insertion	826	434
		Adipose_fin_insertion	1275	505
		Dorsal_caudal	1535	530
		Ventral_caudal	1540	678
		Anal_fin_insertion	1113	734
		Pelvic_fin_insertion	823	707
		Pectoral_fin_insertion	604	682
	</landmarks.pixel>
	<landmarks.scaled type=matrix rownames=TRUE colnames=FALSE nrow=11 ncol=2 as.numeric=TRUE >
		Anterior_eye	8.8246052512896	-22.1587004107272
		Posterior_eye	14.5392174624771	-22.1587004107272
		Posterior_Maxilla	16.9494620685562	-27.6011882309058
		Anterior_Maxilla	7.73610768725387	-24.2968206257973
		Dorsal_fin_insertion	32.1106781390538	-16.8717122425537
		Adipose_fin_insertion	49.5655140766266	-19.6318310656443
		Dorsal_caudal	59.6729914569583	-20.6037038906761
		Ventral_caudal	59.8673660219646	-26.357191014865
		Anal_fin_insertion	43.2677781704199	-28.5341861429364
		Pelvic_fin_insertion	31.9940534000499	-27.484563491902
		Pectoral_fin_insertion	23.4804474527706	-26.5126906668701
	</landmarks.scaled>
	<curves.control type=list>
		<Snout_dorsal type=matrix rownames=FALSE colnames=FALSE nrow=7 ncol=2 as.numeric=TRUE >
			199	625
			196	493
			341	450
			454	419
			611	425
			765	440
			826	434
		</Snout_dorsal>
		<Dorsal_adipose type=matrix rownames=FALSE colnames=FALSE nrow=5 ncol=2 as.numeric=TRUE >
			826	434
			936	468
			1039	497
			1208	515
			1275	505
		</Dorsal_adipose>
		<Adipose_caudal type=matrix rownames=FALSE colnames=FALSE nrow=7 ncol=2 as.numeric=TRUE >
			1275	505
			1300	508
			1306	521
			1441	551
			1488	538
			1522	528
			1535	530
		</Adipose_caudal>
		<Caudal_anal type=matrix rownames=FALSE colnames=FALSE nrow=7 ncol=2 as.numeric=TRUE >
			1540	678
			1530	683
			1492	679
			1442	677
			1359	687
			1240	712
			1113	734
		</Caudal_anal>
	</curves.control>
	<curves.pixel type=list>
		<Snout_dorsal type=matrix rownames=FALSE colnames=FALSE nrow=716 ncol=2 as.numeric=TRUE >
			199	625
			199	624
			199	623
			199	622
			199	621
			199	620
			199	619
			199	618
			199	617
			199	616
			199	615
			199	614
			199	613
			199	612
			199	611
			199	610
			199	609
			199	608
			199	607
			199	606
			199	605
			200	604
			200	603
			200	602
			200	601
			200	600
			200	599
			200	598
			200	597
			200	596
			200	595
			201	594
			201	593
			201	592
			201	591
			201	590
			201	589
			201	588
			201	587
			202	587
			202	586
			202	585
			202	584
			202	583
			202	582
			203	581
			203	580
			203	579
			203	578
			203	577
			204	576
			204	575
			204	574
			204	573
			205	572
			205	571
			205	570
			205	569
			206	568
			206	567
			206	566
			207	565
			207	564
			207	563
			208	562
			208	561
			208	560
			209	559
			209	558
			209	557
			210	556
			210	555
			210	554
			211	554
			211	553
			211	552
			212	551
			212	550
			213	549
			213	548
			213	547
			214	546
			214	545
			215	544
			215	543
			216	542
			216	541
			217	540
			217	539
			218	538
			218	537
			219	536
			220	535
			220	534
			221	533
			221	532
			222	531
			222	530
			223	529
			224	528
			224	527
			225	527
			225	526
			226	525
			226	524
			227	523
			228	522
			229	521
			229	520
			230	519
			231	518
			232	517
			232	516
			233	515
			234	514
			235	513
			236	512
			236	511
			237	510
			238	509
			239	508
			240	507
			241	507
			241	506
			242	505
			243	504
			244	503
			245	502
			246	501
			247	500
			248	499
			249	499
			250	498
			251	497
			252	496
			253	495
			254	494
			255	494
			256	493
			257	492
			258	491
			259	490
			260	489
			261	489
			262	488
			263	487
			264	486
			265	486
			266	485
			267	484
			268	483
			269	482
			270	482
			271	481
			272	481
			272	480
			273	480
			274	479
			275	479
			276	478
			277	477
			278	477
			279	476
			280	476
			281	475
			282	475
			282	474
			283	474
			284	473
			285	473
			286	472
			287	472
			288	471
			289	471
			290	470
			291	470
			291	469
			292	469
			293	468
			294	468
			295	468
			296	467
			297	467
			298	466
			299	466
			300	465
			301	465
			302	464
			303	464
			304	464
			305	463
			306	463
			307	462
			308	462
			309	461
			310	461
			311	461
			312	460
			313	460
			314	459
			315	459
			316	459
			317	458
			318	458
			319	457
			320	457
			321	457
			322	456
			323	456
			324	455
			325	455
			326	455
			327	454
			328	454
			329	454
			330	453
			331	453
			332	453
			333	452
			334	452
			335	452
			336	451
			337	451
			338	451
			339	451
			340	450
			341	450
			342	450
			343	450
			343	449
			344	449
			345	449
			346	449
			347	448
			348	448
			349	448
			350	448
			351	447
			352	447
			353	447
			354	447
			355	446
			356	446
			357	446
			358	446
			359	445
			360	445
			361	445
			362	445
			363	444
			364	444
			365	444
			366	444
			367	444
			367	443
			368	443
			369	443
			370	443
			371	443
			372	442
			373	442
			374	442
			375	442
			376	441
			377	441
			378	441
			379	441
			380	441
			381	440
			382	440
			383	440
			384	440
			385	440
			386	439
			387	439
			388	439
			389	439
			390	439
			391	438
			392	438
			393	438
			394	438
			395	438
			396	438
			397	437
			398	437
			399	437
			400	437
			401	437
			402	437
			403	436
			404	436
			405	436
			406	436
			407	436
			408	435
			409	435
			410	435
			411	435
			412	435
			413	435
			414	435
			415	434
			416	434
			417	434
			418	434
			419	434
			420	434
			421	433
			422	433
			423	433
			424	433
			425	433
			426	433
			427	433
			428	433
			429	432
			430	432
			431	432
			432	432
			433	432
			434	432
			435	432
			436	431
			437	431
			438	431
			439	431
			440	431
			441	431
			442	431
			443	431
			444	431
			445	430
			446	430
			447	430
			448	430
			449	430
			450	430
			451	430
			452	430
			453	429
			454	429
			455	429
			456	429
			457	429
			458	429
			459	429
			460	429
			461	429
			462	429
			463	428
			464	428
			465	428
			466	428
			467	428
			468	428
			469	428
			470	428
			471	428
			472	428
			473	428
			474	427
			475	427
			476	427
			477	427
			478	427
			479	427
			480	427
			481	427
			482	427
			483	427
			484	427
			485	427
			486	427
			487	426
			488	426
			489	426
			490	426
			491	426
			492	426
			493	426
			494	426
			495	426
			496	426
			497	426
			498	426
			499	426
			500	426
			501	426
			502	426
			503	425
			504	425
			505	425
			506	425
			507	425
			508	425
			509	425
			510	425
			511	425
			512	425
			513	425
			514	425
			515	425
			516	425
			517	425
			518	425
			519	425
			520	425
			521	425
			522	425
			523	425
			524	425
			525	425
			526	425
			527	425
			528	425
			529	424
			530	424
			531	424
			532	424
			533	424
			534	424
			535	424
			536	424
			537	424
			538	424
			539	424
			540	424
			541	424
			542	424
			543	424
			544	424
			545	424
			546	424
			547	424
			548	424
			549	424
			550	424
			551	424
			552	424
			553	424
			554	424
			555	424
			556	424
			557	424
			558	424
			559	424
			560	424
			561	424
			562	424
			563	424
			564	424
			565	424
			566	424
			567	424
			568	424
			569	424
			570	424
			571	424
			572	424
			573	424
			574	424
			575	424
			576	424
			577	424
			578	424
			579	424
			580	424
			581	424
			582	424
			583	424
			584	424
			585	424
			586	424
			587	424
			588	424
			589	424
			590	424
			591	424
			592	424
			593	424
			594	424
			595	424
			596	425
			597	425
			598	425
			599	425
			600	425
			601	425
			602	425
			603	425
			604	425
			605	425
			606	425
			607	425
			608	425
			609	425
			610	425
			611	425
			612	425
			613	425
			614	425
			615	425
			616	425
			617	426
			618	426
			619	426
			620	426
			621	426
			622	426
			623	426
			624	426
			625	426
			626	426
			627	426
			628	427
			629	427
			630	427
			631	427
			632	427
			633	427
			634	427
			635	427
			636	427
			637	427
			638	428
			639	428
			640	428
			641	428
			642	428
			643	428
			644	428
			645	428
			646	428
			647	428
			648	428
			649	429
			650	429
			651	429
			652	429
			653	429
			654	429
			655	429
			656	429
			657	429
			658	429
			659	429
			660	429
			661	430
			662	430
			663	430
			664	430
			665	430
			666	430
			667	430
			668	430
			669	430
			670	430
			671	430
			672	430
			673	431
			674	431
			675	431
			676	431
			677	431
			678	431
			679	431
			680	431
			681	431
			682	431
			683	431
			684	431
			685	431
			686	431
			687	432
			688	432
			689	432
			690	432
			691	432
			692	432
			693	432
			694	432
			695	432
			696	432
			697	432
			698	432
			699	432
			700	432
			701	433
			702	433
			703	433
			704	433
			705	433
			706	433
			707	433
			708	433
			709	433
			710	433
			711	433
			712	433
			713	433
			714	433
			715	433
			716	433
			717	433
			717	434
			718	434
			719	434
			720	434
			721	434
			722	434
			723	434
			724	434
			725	434
			726	434
			727	434
			728	434
			729	434
			730	434
			731	434
			732	434
			733	434
			734	434
			735	434
			736	435
			737	435
			738	435
			739	435
			740	435
			741	435
			742	435
			743	435
			744	435
			745	435
			746	435
			747	435
			748	435
			749	435
			750	435
			751	435
			752	435
			753	435
			754	435
			755	435
			756	435
			757	435
			758	435
			759	435
			760	435
			761	435
			762	435
			763	435
			764	435
			765	435
			765	436
			766	436
			767	436
			768	436
			769	436
			770	436
			771	436
			772	436
			773	436
			774	436
			775	436
			776	436
			777	436
			778	436
			779	436
			780	436
			781	436
			782	436
			783	436
			784	436
			785	436
			786	436
			787	436
			788	436
			789	436
			790	436
			791	436
			792	436
			793	436
			794	436
			795	436
			796	436
			797	436
			798	436
			799	436
			800	435
			801	435
			802	435
			803	435
			804	435
			805	435
			806	435
			807	435
			808	435
			809	435
			810	435
			811	435
			812	435
			813	435
			814	435
			815	435
			816	435
			817	435
			818	435
			819	435
			820	435
			821	434
			822	434
			823	434
			824	434
			825	434
			826	434
		</Snout_dorsal>
		<Dorsal_adipose type=matrix rownames=FALSE colnames=FALSE nrow=458 ncol=2 as.numeric=TRUE >
			826	434
			827	434
			828	435
			829	435
			830	435
			831	435
			832	436
			833	436
			834	436
			835	437
			836	437
			837	437
			837	438
			838	438
			839	438
			840	438
			841	439
			842	439
			843	439
			844	440
			845	440
			846	440
			847	440
			848	441
			849	441
			850	441
			851	442
			852	442
			853	442
			854	443
			855	443
			856	443
			857	443
			858	444
			859	444
			860	444
			861	445
			862	445
			863	445
			864	446
			865	446
			866	446
			867	447
			868	447
			869	447
			870	448
			871	448
			872	448
			873	448
			874	449
			875	449
			876	449
			877	450
			878	450
			879	450
			880	451
			881	451
			882	451
			883	451
			884	452
			885	452
			886	452
			887	453
			888	453
			889	453
			890	453
			891	454
			892	454
			893	454
			894	455
			895	455
			896	455
			897	456
			898	456
			899	456
			900	457
			901	457
			902	457
			903	457
			903	458
			904	458
			905	458
			906	458
			907	459
			908	459
			909	459
			910	460
			911	460
			912	460
			913	461
			914	461
			915	461
			916	461
			917	462
			918	462
			919	462
			920	463
			921	463
			922	463
			923	464
			924	464
			925	464
			926	464
			927	465
			928	465
			929	465
			930	466
			931	466
			932	466
			933	466
			934	467
			935	467
			936	467
			937	468
			938	468
			939	468
			940	469
			941	469
			942	469
			943	469
			944	470
			945	470
			946	470
			947	471
			948	471
			949	471
			950	471
			951	472
			952	472
			953	472
			954	473
			955	473
			956	473
			957	474
			958	474
			959	474
			960	474
			961	475
			962	475
			963	475
			964	476
			965	476
			966	476
			967	476
			968	477
			969	477
			970	477
			971	478
			972	478
			973	478
			974	478
			975	479
			976	479
			977	479
			978	480
			979	480
			980	480
			981	480
			982	481
			983	481
			984	481
			985	482
			986	482
			987	482
			988	482
			989	483
			990	483
			991	483
			992	484
			993	484
			994	484
			995	484
			996	485
			997	485
			998	485
			999	486
			1000	486
			1001	486
			1002	486
			1002	487
			1003	487
			1004	487
			1005	487
			1006	488
			1007	488
			1008	488
			1009	489
			1010	489
			1011	489
			1012	489
			1013	490
			1014	490
			1015	490
			1016	491
			1017	491
			1018	491
			1019	491
			1020	492
			1021	492
			1022	492
			1023	492
			1024	493
			1025	493
			1026	493
			1027	494
			1028	494
			1029	494
			1030	494
			1031	495
			1032	495
			1033	495
			1034	495
			1035	496
			1036	496
			1037	496
			1037	497
			1038	497
			1039	497
			1040	497
			1041	497
			1042	497
			1043	497
			1044	498
			1045	498
			1046	498
			1047	498
			1048	498
			1049	498
			1050	498
			1051	498
			1052	498
			1053	499
			1054	499
			1055	499
			1056	499
			1057	499
			1058	499
			1059	499
			1060	499
			1061	499
			1062	499
			1063	499
			1064	500
			1065	500
			1066	500
			1067	500
			1068	500
			1069	500
			1070	500
			1071	500
			1072	500
			1073	500
			1074	501
			1075	501
			1076	501
			1077	501
			1078	501
			1079	501
			1080	501
			1081	501
			1082	501
			1083	501
			1084	501
			1085	502
			1086	502
			1087	502
			1088	502
			1089	502
			1090	502
			1091	502
			1092	502
			1093	502
			1094	502
			1095	502
			1096	503
			1097	503
			1098	503
			1099	503
			1100	503
			1101	503
			1102	503
			1103	503
			1104	503
			1105	503
			1106	503
			1107	503
			1108	503
			1108	504
			1109	504
			1110	504
			1111	504
			1112	504
			1113	504
			1114	504
			1115	504
			1116	504
			1117	504
			1118	504
			1119	504
			1120	505
			1121	505
			1122	505
			1123	505
			1124	505
			1125	505
			1126	505
			1127	505
			1128	505
			1129	505
			1130	505
			1131	505
			1132	505
			1133	505
			1134	505
			1134	506
			1135	506
			1136	506
			1137	506
			1138	506
			1139	506
			1140	506
			1141	506
			1142	506
			1143	506
			1144	506
			1145	506
			1146	506
			1147	506
			1148	506
			1149	506
			1150	506
			1150	507
			1151	507
			1152	507
			1153	507
			1154	507
			1155	507
			1156	507
			1157	507
			1158	507
			1159	507
			1160	507
			1161	507
			1162	507
			1163	507
			1164	507
			1165	507
			1166	507
			1167	507
			1168	507
			1169	507
			1170	508
			1171	508
			1172	508
			1173	508
			1174	508
			1175	508
			1176	508
			1177	508
			1178	508
			1179	508
			1180	508
			1181	508
			1182	508
			1183	508
			1184	508
			1185	508
			1186	508
			1187	508
			1188	508
			1189	508
			1190	508
			1191	508
			1192	508
			1193	508
			1194	508
			1195	508
			1196	508
			1197	508
			1198	508
			1199	508
			1200	508
			1201	508
			1202	508
			1203	508
			1204	509
			1205	509
			1206	509
			1207	509
			1208	509
			1209	509
			1210	509
			1211	509
			1212	509
			1213	509
			1214	509
			1215	509
			1216	509
			1217	509
			1218	509
			1219	509
			1220	509
			1221	509
			1222	509
			1223	509
			1224	509
			1224	508
			1225	508
			1226	508
			1227	508
			1228	508
			1229	508
			1230	508
			1231	508
			1232	508
			1233	508
			1234	508
			1235	508
			1236	508
			1237	508
			1238	508
			1239	508
			1240	508
			1241	508
			1242	508
			1243	508
			1244	508
			1245	508
			1246	508
			1247	508
			1248	508
			1249	508
			1250	508
			1251	507
			1252	507
			1253	507
			1254	507
			1255	507
			1256	507
			1257	507
			1258	507
			1259	507
			1260	507
			1261	507
			1262	507
			1263	506
			1264	506
			1265	506
			1266	506
			1267	506
			1268	506
			1269	506
			1270	506
			1271	506
			1272	505
			1273	505
			1274	505
			1275	505
		</Dorsal_adipose>
		<Adipose_caudal type=matrix rownames=FALSE colnames=FALSE nrow=265 ncol=2 as.numeric=TRUE >
			1275	505
			1276	505
			1277	505
			1278	505
			1279	506
			1280	506
			1281	506
			1282	506
			1283	506
			1284	507
			1285	507
			1286	507
			1287	507
			1288	508
			1289	508
			1290	508
			1291	509
			1292	509
			1293	510
			1294	510
			1295	510
			1296	511
			1297	511
			1297	512
			1298	512
			1299	513
			1300	514
			1301	515
			1302	515
			1303	516
			1303	517
			1304	518
			1305	519
			1306	520
			1306	521
			1307	521
			1308	521
			1309	522
			1310	522
			1311	522
			1312	522
			1313	523
			1314	523
			1315	523
			1316	523
			1317	523
			1318	524
			1319	524
			1320	524
			1321	524
			1322	524
			1323	525
			1324	525
			1325	525
			1326	525
			1327	526
			1328	526
			1329	526
			1330	526
			1331	526
			1332	526
			1332	527
			1333	527
			1334	527
			1335	527
			1336	527
			1337	528
			1338	528
			1339	528
			1340	528
			1341	528
			1342	529
			1343	529
			1344	529
			1345	529
			1346	529
			1347	530
			1348	530
			1349	530
			1350	530
			1351	530
			1352	530
			1353	531
			1354	531
			1355	531
			1356	531
			1357	531
			1358	532
			1359	532
			1360	532
			1361	532
			1362	532
			1363	532
			1364	533
			1365	533
			1366	533
			1367	533
			1368	533
			1369	533
			1370	534
			1371	534
			1372	534
			1373	534
			1374	534
			1375	535
			1376	535
			1377	535
			1378	535
			1379	535
			1380	535
			1381	535
			1382	536
			1383	536
			1384	536
			1385	536
			1386	536
			1387	536
			1388	536
			1389	537
			1390	537
			1391	537
			1392	537
			1393	537
			1394	537
			1395	537
			1396	538
			1397	538
			1398	538
			1399	538
			1400	538
			1401	538
			1402	538
			1403	539
			1404	539
			1405	539
			1406	539
			1407	539
			1408	539
			1409	539
			1410	539
			1411	539
			1412	540
			1413	540
			1414	540
			1415	540
			1416	540
			1417	540
			1418	540
			1419	540
			1420	540
			1421	540
			1422	541
			1423	541
			1424	541
			1425	541
			1426	541
			1427	541
			1428	541
			1429	541
			1430	541
			1431	541
			1432	541
			1433	541
			1434	541
			1435	541
			1436	542
			1437	542
			1438	542
			1439	542
			1440	542
			1441	542
			1442	542
			1443	542
			1444	542
			1445	542
			1446	542
			1447	542
			1448	542
			1449	542
			1450	542
			1451	542
			1452	542
			1453	542
			1454	542
			1455	542
			1456	542
			1457	542
			1458	542
			1459	542
			1460	542
			1461	542
			1462	542
			1463	542
			1464	542
			1465	542
			1466	541
			1467	541
			1468	541
			1469	541
			1470	541
			1471	541
			1472	541
			1473	541
			1474	541
			1475	541
			1476	540
			1477	540
			1478	540
			1479	540
			1480	540
			1481	540
			1482	539
			1483	539
			1484	539
			1485	539
			1486	539
			1487	538
			1488	538
			1489	538
			1490	537
			1491	537
			1492	537
			1493	537
			1494	536
			1495	536
			1496	536
			1497	536
			1498	535
			1499	535
			1500	535
			1501	534
			1502	534
			1503	534
			1504	534
			1505	534
			1506	533
			1507	533
			1508	533
			1509	532
			1510	532
			1511	532
			1512	532
			1513	532
			1514	531
			1515	531
			1516	531
			1517	531
			1518	531
			1519	531
			1520	530
			1521	530
			1522	530
			1523	530
			1524	530
			1525	530
			1526	530
			1527	530
			1528	530
			1529	530
			1530	530
			1531	530
			1532	530
			1533	530
			1534	530
			1535	530
		</Adipose_caudal>
		<Caudal_anal type=matrix rownames=FALSE colnames=FALSE nrow=433 ncol=2 as.numeric=TRUE >
			1540	678
			1539	678
			1539	679
			1538	679
			1537	679
			1536	679
			1535	680
			1534	680
			1533	680
			1532	680
			1531	680
			1530	680
			1529	680
			1528	681
			1527	681
			1526	681
			1525	681
			1524	681
			1523	681
			1522	681
			1521	681
			1520	681
			1519	681
			1518	681
			1517	681
			1516	681
			1515	681
			1514	681
			1513	681
			1512	681
			1511	681
			1510	680
			1509	680
			1508	680
			1507	680
			1506	680
			1505	680
			1504	680
			1503	680
			1502	680
			1501	680
			1500	680
			1499	680
			1498	680
			1497	679
			1496	679
			1495	679
			1494	679
			1493	679
			1492	679
			1491	679
			1490	679
			1489	679
			1488	679
			1487	679
			1486	679
			1485	679
			1484	679
			1483	679
			1482	679
			1481	679
			1480	679
			1479	679
			1478	679
			1477	679
			1476	679
			1475	679
			1474	679
			1473	679
			1472	679
			1471	679
			1470	679
			1469	679
			1468	679
			1467	679
			1466	679
			1465	679
			1464	679
			1463	679
			1462	679
			1461	679
			1460	679
			1459	679
			1458	679
			1457	679
			1456	679
			1455	679
			1454	679
			1453	679
			1452	679
			1451	679
			1450	679
			1449	679
			1448	679
			1447	679
			1446	679
			1445	679
			1444	679
			1443	680
			1442	680
			1441	680
			1440	680
			1439	680
			1438	680
			1437	680
			1436	680
			1435	680
			1434	680
			1433	680
			1432	680
			1431	680
			1430	680
			1429	680
			1428	680
			1427	680
			1426	680
			1425	681
			1424	681
			1423	681
			1422	681
			1421	681
			1420	681
			1419	681
			1418	681
			1417	681
			1416	681
			1415	681
			1414	681
			1413	681
			1412	682
			1411	682
			1410	682
			1409	682
			1408	682
			1407	682
			1406	682
			1405	682
			1404	682
			1403	682
			1402	682
			1401	683
			1400	683
			1399	683
			1398	683
			1397	683
			1396	683
			1395	683
			1394	683
			1393	683
			1392	683
			1391	683
			1391	684
			1390	684
			1389	684
			1388	684
			1387	684
			1386	684
			1385	684
			1384	684
			1383	684
			1382	684
			1381	685
			1380	685
			1379	685
			1378	685
			1377	685
			1376	685
			1375	685
			1374	685
			1373	685
			1372	685
			1371	686
			1370	686
			1369	686
			1368	686
			1367	686
			1366	686
			1365	686
			1364	686
			1363	687
			1362	687
			1361	687
			1360	687
			1359	687
			1358	687
			1357	687
			1356	688
			1355	688
			1354	688
			1353	688
			1352	688
			1351	689
			1350	689
			1349	689
			1348	689
			1347	690
			1346	690
			1345	690
			1344	690
			1343	690
			1342	691
			1341	691
			1340	691
			1339	691
			1338	691
			1337	692
			1336	692
			1335	692
			1334	692
			1333	692
			1332	693
			1331	693
			1330	693
			1329	693
			1328	693
			1328	694
			1327	694
			1326	694
			1325	694
			1324	694
			1323	695
			1322	695
			1321	695
			1320	695
			1319	695
			1318	696
			1317	696
			1316	696
			1315	696
			1314	696
			1313	696
			1312	697
			1311	697
			1310	697
			1309	697
			1308	697
			1307	698
			1306	698
			1305	698
			1304	698
			1303	698
			1302	699
			1301	699
			1300	699
			1299	699
			1298	699
			1297	700
			1296	700
			1295	700
			1294	700
			1293	700
			1293	701
			1292	701
			1291	701
			1290	701
			1289	701
			1288	702
			1287	702
			1286	702
			1285	702
			1284	702
			1283	703
			1282	703
			1281	703
			1280	703
			1279	703
			1278	704
			1277	704
			1276	704
			1275	704
			1274	704
			1273	705
			1272	705
			1271	705
			1270	705
			1269	705
			1268	706
			1267	706
			1266	706
			1265	706
			1264	706
			1263	706
			1262	707
			1261	707
			1260	707
			1259	707
			1258	707
			1257	708
			1256	708
			1255	708
			1254	708
			1253	708
			1252	709
			1251	709
			1250	709
			1249	709
			1248	709
			1247	710
			1246	710
			1245	710
			1244	710
			1243	710
			1242	710
			1241	711
			1240	711
			1239	711
			1238	711
			1237	711
			1236	712
			1235	712
			1234	712
			1233	712
			1232	712
			1231	712
			1231	713
			1230	713
			1229	713
			1228	713
			1227	713
			1226	714
			1225	714
			1224	714
			1223	714
			1222	714
			1221	714
			1220	715
			1219	715
			1218	715
			1217	715
			1216	715
			1215	716
			1214	716
			1213	716
			1212	716
			1211	716
			1210	717
			1209	717
			1208	717
			1207	717
			1206	717
			1205	717
			1204	718
			1203	718
			1202	718
			1201	718
			1200	718
			1199	719
			1198	719
			1197	719
			1196	719
			1195	719
			1194	720
			1193	720
			1192	720
			1191	720
			1190	720
			1189	720
			1188	721
			1187	721
			1186	721
			1185	721
			1184	721
			1183	722
			1182	722
			1181	722
			1180	722
			1179	722
			1178	722
			1177	723
			1176	723
			1175	723
			1174	723
			1173	723
			1172	724
			1171	724
			1170	724
			1169	724
			1168	724
			1167	724
			1166	725
			1165	725
			1164	725
			1163	725
			1162	725
			1161	726
			1160	726
			1159	726
			1158	726
			1157	726
			1156	726
			1155	727
			1154	727
			1153	727
			1152	727
			1151	727
			1150	728
			1149	728
			1148	728
			1147	728
			1146	728
			1145	728
			1144	729
			1143	729
			1142	729
			1141	729
			1140	729
			1139	730
			1138	730
			1137	730
			1136	730
			1135	730
			1134	730
			1133	731
			1132	731
			1131	731
			1130	731
			1129	731
			1128	731
			1127	732
			1126	732
			1125	732
			1124	732
			1123	732
			1122	732
			1121	733
			1120	733
			1119	733
			1118	733
			1117	733
			1116	734
			1115	734
			1114	734
			1113	734
		</Caudal_anal>
	</curves.pixel>
	<curves.scaled type=list>
		<Snout_dorsal type=matrix rownames=FALSE colnames=FALSE nrow=716 ncol=2 as.numeric=TRUE >
			7.73610768725387	-24.2968206257973
			7.73610768725387	-24.2579457127961
			7.73610768725387	-24.2190707997948
			7.73610768725387	-24.1801958867935
			7.73610768725387	-24.1413209737922
			7.73610768725387	-24.102446060791
			7.73610768725387	-24.0635711477897
			7.73610768725387	-24.0246962347884
			7.73610768725387	-23.9858213217871
			7.73610768725387	-23.9469464087859
			7.73610768725387	-23.9080714957846
			7.73610768725387	-23.8691965827833
			7.73610768725387	-23.830321669782
			7.73610768725387	-23.7914467567808
			7.73610768725387	-23.7525718437795
			7.73610768725387	-23.7136969307782
			7.73610768725387	-23.6748220177769
			7.73610768725387	-23.6359471047757
			7.73610768725387	-23.5970721917744
			7.73610768725387	-23.5581972787731
			7.73610768725387	-23.5193223657718
			7.77498260025515	-23.4804474527706
			7.77498260025515	-23.4415725397693
			7.77498260025515	-23.402697626768
			7.77498260025515	-23.3638227137667
			7.77498260025515	-23.3249478007654
			7.77498260025515	-23.2860728877642
			7.77498260025515	-23.2471979747629
			7.77498260025515	-23.2083230617616
			7.77498260025515	-23.1694481487603
			7.77498260025515	-23.1305732357591
			7.81385751325643	-23.0916983227578
			7.81385751325643	-23.0528234097565
			7.81385751325643	-23.0139484967552
			7.81385751325643	-22.975073583754
			7.81385751325643	-22.9361986707527
			7.81385751325643	-22.8973237577514
			7.81385751325643	-22.8584488447501
			7.81385751325643	-22.8195739317489
			7.8527324262577	-22.8195739317489
			7.8527324262577	-22.7806990187476
			7.8527324262577	-22.7418241057463
			7.8527324262577	-22.702949192745
			7.8527324262577	-22.6640742797438
			7.8527324262577	-22.6251993667425
			7.89160733925898	-22.5863244537412
			7.89160733925898	-22.5474495407399
			7.89160733925898	-22.5085746277387
			7.89160733925898	-22.4696997147374
			7.89160733925898	-22.4308248017361
			7.93048225226025	-22.3919498887348
			7.93048225226025	-22.3530749757336
			7.93048225226025	-22.3142000627323
			7.93048225226025	-22.275325149731
			7.96935716526153	-22.2364502367297
			7.96935716526153	-22.1975753237285
			7.96935716526153	-22.1587004107272
			7.96935716526153	-22.1198254977259
			8.0082320782628	-22.0809505847246
			8.0082320782628	-22.0420756717233
			8.0082320782628	-22.0032007587221
			8.04710699126408	-21.9643258457208
			8.04710699126408	-21.9254509327195
			8.04710699126408	-21.8865760197182
			8.08598190426536	-21.847701106717
			8.08598190426536	-21.8088261937157
			8.08598190426536	-21.7699512807144
			8.12485681726663	-21.7310763677131
			8.12485681726663	-21.6922014547119
			8.12485681726663	-21.6533265417106
			8.16373173026791	-21.6144516287093
			8.16373173026791	-21.575576715708
			8.16373173026791	-21.5367018027068
			8.20260664326918	-21.5367018027068
			8.20260664326918	-21.4978268897055
			8.20260664326918	-21.4589519767042
			8.24148155627046	-21.4200770637029
			8.24148155627046	-21.3812021507017
			8.28035646927173	-21.3423272377004
			8.28035646927173	-21.3034523246991
			8.28035646927173	-21.2645774116978
			8.31923138227301	-21.2257024986966
			8.31923138227301	-21.1868275856953
			8.35810629527429	-21.147952672694
			8.35810629527429	-21.1090777596927
			8.39698120827556	-21.0702028466915
			8.39698120827556	-21.0313279336902
			8.43585612127684	-20.9924530206889
			8.43585612127684	-20.9535781076876
			8.47473103427811	-20.9147031946864
			8.47473103427811	-20.8758282816851
			8.51360594727939	-20.8369533686838
			8.55248086028066	-20.7980784556825
			8.55248086028066	-20.7592035426812
			8.59135577328194	-20.72032862968
			8.59135577328194	-20.6814537166787
			8.63023068628322	-20.6425788036774
			8.63023068628322	-20.6037038906761
			8.66910559928449	-20.5648289776749
			8.70798051228577	-20.5259540646736
			8.70798051228577	-20.4870791516723
			8.74685542528704	-20.4870791516723
			8.74685542528704	-20.448204238671
			8.78573033828832	-20.4093293256698
			8.78573033828832	-20.3704544126685
			8.8246052512896	-20.3315794996672
			8.86348016429087	-20.2927045866659
			8.90235507729215	-20.2538296736647
			8.90235507729215	-20.2149547606634
			8.94122999029342	-20.1760798476621
			8.9801049032947	-20.1372049346608
			9.01897981629597	-20.0983300216596
			9.01897981629597	-20.0594551086583
			9.05785472929725	-20.020580195657
			9.09672964229853	-19.9817052826557
			9.1356045552998	-19.9428303696545
			9.17447946830108	-19.9039554566532
			9.17447946830108	-19.8650805436519
			9.21335438130235	-19.8262056306506
			9.25222929430363	-19.7873307176494
			9.2911042073049	-19.7484558046481
			9.32997912030618	-19.7095808916468
			9.36885403330746	-19.7095808916468
			9.36885403330746	-19.6707059786455
			9.40772894630873	-19.6318310656443
			9.44660385931001	-19.592956152643
			9.48547877231128	-19.5540812396417
			9.52435368531256	-19.5152063266404
			9.56322859831383	-19.4763314136391
			9.60210351131511	-19.4374565006379
			9.64097842431639	-19.3985815876366
			9.67985333731766	-19.3985815876366
			9.71872825031894	-19.3597066746353
			9.75760316332021	-19.320831761634
			9.79647807632149	-19.2819568486328
			9.83535298932276	-19.2430819356315
			9.87422790232404	-19.2042070226302
			9.91310281532532	-19.2042070226302
			9.95197772832659	-19.1653321096289
			9.99085264132787	-19.1264571966277
			10.0297275543291	-19.0875822836264
			10.0686024673304	-19.0487073706251
			10.1074773803317	-19.0098324576238
			10.146352293333	-19.0098324576238
			10.1852272063342	-18.9709575446226
			10.2241021193355	-18.9320826316213
			10.2629770323368	-18.89320771862
			10.3018519453381	-18.89320771862
			10.3407268583393	-18.8543328056187
			10.3796017713406	-18.8154578926175
			10.4184766843419	-18.7765829796162
			10.4573515973432	-18.7377080666149
			10.4962265103445	-18.7377080666149
			10.5351014233457	-18.6988331536136
			10.573976336347	-18.6988331536136
			10.573976336347	-18.6599582406124
			10.6128512493483	-18.6599582406124
			10.6517261623496	-18.6210833276111
			10.6906010753508	-18.6210833276111
			10.7294759883521	-18.5822084146098
			10.7683509013534	-18.5433335016085
			10.8072258143547	-18.5433335016085
			10.8461007273559	-18.5044585886073
			10.8849756403572	-18.5044585886073
			10.9238505533585	-18.465583675606
			10.9627254663598	-18.465583675606
			10.9627254663598	-18.4267087626047
			11.001600379361	-18.4267087626047
			11.0404752923623	-18.3878338496034
			11.0793502053636	-18.3878338496034
			11.1182251183649	-18.3489589366022
			11.1571000313661	-18.3489589366022
			11.1959749443674	-18.3100840236009
			11.2348498573687	-18.3100840236009
			11.27372477037	-18.2712091105996
			11.3125996833712	-18.2712091105996
			11.3125996833712	-18.2323341975983
			11.3514745963725	-18.2323341975983
			11.3903495093738	-18.1934592845971
			11.4292244223751	-18.1934592845971
			11.4680993353763	-18.1934592845971
			11.5069742483776	-18.1545843715958
			11.5458491613789	-18.1545843715958
			11.5847240743802	-18.1157094585945
			11.6235989873814	-18.1157094585945
			11.6624739003827	-18.0768345455932
			11.701348813384	-18.0768345455932
			11.7402237263853	-18.0379596325919
			11.7790986393866	-18.0379596325919
			11.8179735523878	-18.0379596325919
			11.8568484653891	-17.9990847195907
			11.8957233783904	-17.9990847195907
			11.9345982913917	-17.9602098065894
			11.9734732043929	-17.9602098065894
			12.0123481173942	-17.9213348935881
			12.0512230303955	-17.9213348935881
			12.0900979433968	-17.9213348935881
			12.128972856398	-17.8824599805868
			12.1678477693993	-17.8824599805868
			12.2067226824006	-17.8435850675856
			12.2455975954019	-17.8435850675856
			12.2844725084031	-17.8435850675856
			12.3233474214044	-17.8047101545843
			12.3622223344057	-17.8047101545843
			12.401097247407	-17.765835241583
			12.4399721604082	-17.765835241583
			12.4788470734095	-17.765835241583
			12.5177219864108	-17.7269603285817
			12.5565968994121	-17.7269603285817
			12.5954718124133	-17.6880854155805
			12.6343467254146	-17.6880854155805
			12.6732216384159	-17.6880854155805
			12.7120965514172	-17.6492105025792
			12.7509714644184	-17.6492105025792
			12.7898463774197	-17.6492105025792
			12.828721290421	-17.6103355895779
			12.8675962034223	-17.6103355895779
			12.9064711164235	-17.6103355895779
			12.9453460294248	-17.5714606765766
			12.9842209424261	-17.5714606765766
			13.0230958554274	-17.5714606765766
			13.0619707684287	-17.5325857635754
			13.1008456814299	-17.5325857635754
			13.1397205944312	-17.5325857635754
			13.1785955074325	-17.5325857635754
			13.2174704204338	-17.4937108505741
			13.256345333435	-17.4937108505741
			13.2952202464363	-17.4937108505741
			13.3340951594376	-17.4937108505741
			13.3340951594376	-17.4548359375728
			13.3729700724389	-17.4548359375728
			13.4118449854401	-17.4548359375728
			13.4507198984414	-17.4548359375728
			13.4895948114427	-17.4159610245715
			13.528469724444	-17.4159610245715
			13.5673446374452	-17.4159610245715
			13.6062195504465	-17.4159610245715
			13.6450944634478	-17.3770861115703
			13.6839693764491	-17.3770861115703
			13.7228442894503	-17.3770861115703
			13.7617192024516	-17.3770861115703
			13.8005941154529	-17.338211198569
			13.8394690284542	-17.338211198569
			13.8783439414554	-17.338211198569
			13.9172188544567	-17.338211198569
			13.956093767458	-17.2993362855677
			13.9949686804593	-17.2993362855677
			14.0338435934605	-17.2993362855677
			14.0727185064618	-17.2993362855677
			14.1115934194631	-17.2604613725664
			14.1504683324644	-17.2604613725664
			14.1893432454656	-17.2604613725664
			14.2282181584669	-17.2604613725664
			14.2670930714682	-17.2604613725664
			14.2670930714682	-17.2215864595652
			14.3059679844695	-17.2215864595652
			14.3448428974708	-17.2215864595652
			14.383717810472	-17.2215864595652
			14.4225927234733	-17.2215864595652
			14.4614676364746	-17.1827115465639
			14.5003425494759	-17.1827115465639
			14.5392174624771	-17.1827115465639
			14.5780923754784	-17.1827115465639
			14.6169672884797	-17.1438366335626
			14.655842201481	-17.1438366335626
			14.6947171144822	-17.1438366335626
			14.7335920274835	-17.1438366335626
			14.7724669404848	-17.1438366335626
			14.8113418534861	-17.1049617205613
			14.8502167664873	-17.1049617205613
			14.8890916794886	-17.1049617205613
			14.9279665924899	-17.1049617205613
			14.9668415054912	-17.1049617205613
			15.0057164184924	-17.0660868075601
			15.0445913314937	-17.0660868075601
			15.083466244495	-17.0660868075601
			15.1223411574963	-17.0660868075601
			15.1612160704975	-17.0660868075601
			15.2000909834988	-17.0272118945588
			15.2389658965001	-17.0272118945588
			15.2778408095014	-17.0272118945588
			15.3167157225026	-17.0272118945588
			15.3555906355039	-17.0272118945588
			15.3944655485052	-17.0272118945588
			15.4333404615065	-16.9883369815575
			15.4722153745077	-16.9883369815575
			15.511090287509	-16.9883369815575
			15.5499652005103	-16.9883369815575
			15.5888401135116	-16.9883369815575
			15.6277150265129	-16.9883369815575
			15.6665899395141	-16.9494620685562
			15.7054648525154	-16.9494620685562
			15.7443397655167	-16.9494620685562
			15.783214678518	-16.9494620685562
			15.8220895915192	-16.9494620685562
			15.8609645045205	-16.9105871555549
			15.8998394175218	-16.9105871555549
			15.9387143305231	-16.9105871555549
			15.9775892435243	-16.9105871555549
			16.0164641565256	-16.9105871555549
			16.0553390695269	-16.9105871555549
			16.0942139825282	-16.9105871555549
			16.1330888955294	-16.8717122425537
			16.1719638085307	-16.8717122425537
			16.210838721532	-16.8717122425537
			16.2497136345333	-16.8717122425537
			16.2885885475345	-16.8717122425537
			16.3274634605358	-16.8717122425537
			16.3663383735371	-16.8328373295524
			16.4052132865384	-16.8328373295524
			16.4440881995396	-16.8328373295524
			16.4829631125409	-16.8328373295524
			16.5218380255422	-16.8328373295524
			16.5607129385435	-16.8328373295524
			16.5995878515447	-16.8328373295524
			16.638462764546	-16.8328373295524
			16.6773376775473	-16.7939624165511
			16.7162125905486	-16.7939624165511
			16.7550875035498	-16.7939624165511
			16.7939624165511	-16.7939624165511
			16.8328373295524	-16.7939624165511
			16.8717122425537	-16.7939624165511
			16.9105871555549	-16.7939624165511
			16.9494620685562	-16.7550875035498
			16.9883369815575	-16.7550875035498
			17.0272118945588	-16.7550875035498
			17.0660868075601	-16.7550875035498
			17.1049617205613	-16.7550875035498
			17.1438366335626	-16.7550875035498
			17.1827115465639	-16.7550875035498
			17.2215864595652	-16.7550875035498
			17.2604613725664	-16.7550875035498
			17.2993362855677	-16.7162125905486
			17.338211198569	-16.7162125905486
			17.3770861115703	-16.7162125905486
			17.4159610245715	-16.7162125905486
			17.4548359375728	-16.7162125905486
			17.4937108505741	-16.7162125905486
			17.5325857635754	-16.7162125905486
			17.5714606765766	-16.7162125905486
			17.6103355895779	-16.6773376775473
			17.6492105025792	-16.6773376775473
			17.6880854155805	-16.6773376775473
			17.7269603285817	-16.6773376775473
			17.765835241583	-16.6773376775473
			17.8047101545843	-16.6773376775473
			17.8435850675856	-16.6773376775473
			17.8824599805868	-16.6773376775473
			17.9213348935881	-16.6773376775473
			17.9602098065894	-16.6773376775473
			17.9990847195907	-16.638462764546
			18.0379596325919	-16.638462764546
			18.0768345455932	-16.638462764546
			18.1157094585945	-16.638462764546
			18.1545843715958	-16.638462764546
			18.1934592845971	-16.638462764546
			18.2323341975983	-16.638462764546
			18.2712091105996	-16.638462764546
			18.3100840236009	-16.638462764546
			18.3489589366022	-16.638462764546
			18.3878338496034	-16.638462764546
			18.4267087626047	-16.5995878515447
			18.465583675606	-16.5995878515447
			18.5044585886073	-16.5995878515447
			18.5433335016085	-16.5995878515447
			18.5822084146098	-16.5995878515447
			18.6210833276111	-16.5995878515447
			18.6599582406124	-16.5995878515447
			18.6988331536136	-16.5995878515447
			18.7377080666149	-16.5995878515447
			18.7765829796162	-16.5995878515447
			18.8154578926175	-16.5995878515447
			18.8543328056187	-16.5995878515447
			18.89320771862	-16.5995878515447
			18.9320826316213	-16.5607129385435
			18.9709575446226	-16.5607129385435
			19.0098324576238	-16.5607129385435
			19.0487073706251	-16.5607129385435
			19.0875822836264	-16.5607129385435
			19.1264571966277	-16.5607129385435
			19.1653321096289	-16.5607129385435
			19.2042070226302	-16.5607129385435
			19.2430819356315	-16.5607129385435
			19.2819568486328	-16.5607129385435
			19.320831761634	-16.5607129385435
			19.3597066746353	-16.5607129385435
			19.3985815876366	-16.5607129385435
			19.4374565006379	-16.5607129385435
			19.4763314136391	-16.5607129385435
			19.5152063266404	-16.5607129385435
			19.5540812396417	-16.5218380255422
			19.592956152643	-16.5218380255422
			19.6318310656443	-16.5218380255422
			19.6707059786455	-16.5218380255422
			19.7095808916468	-16.5218380255422
			19.7484558046481	-16.5218380255422
			19.7873307176494	-16.5218380255422
			19.8262056306506	-16.5218380255422
			19.8650805436519	-16.5218380255422
			19.9039554566532	-16.5218380255422
			19.9428303696545	-16.5218380255422
			19.9817052826557	-16.5218380255422
			20.020580195657	-16.5218380255422
			20.0594551086583	-16.5218380255422
			20.0983300216596	-16.5218380255422
			20.1372049346608	-16.5218380255422
			20.1760798476621	-16.5218380255422
			20.2149547606634	-16.5218380255422
			20.2538296736647	-16.5218380255422
			20.2927045866659	-16.5218380255422
			20.3315794996672	-16.5218380255422
			20.3704544126685	-16.5218380255422
			20.4093293256698	-16.5218380255422
			20.448204238671	-16.5218380255422
			20.4870791516723	-16.5218380255422
			20.5259540646736	-16.5218380255422
			20.5648289776749	-16.4829631125409
			20.6037038906761	-16.4829631125409
			20.6425788036774	-16.4829631125409
			20.6814537166787	-16.4829631125409
			20.72032862968	-16.4829631125409
			20.7592035426812	-16.4829631125409
			20.7980784556825	-16.4829631125409
			20.8369533686838	-16.4829631125409
			20.8758282816851	-16.4829631125409
			20.9147031946864	-16.4829631125409
			20.9535781076876	-16.4829631125409
			20.9924530206889	-16.4829631125409
			21.0313279336902	-16.4829631125409
			21.0702028466915	-16.4829631125409
			21.1090777596927	-16.4829631125409
			21.147952672694	-16.4829631125409
			21.1868275856953	-16.4829631125409
			21.2257024986966	-16.4829631125409
			21.2645774116978	-16.4829631125409
			21.3034523246991	-16.4829631125409
			21.3423272377004	-16.4829631125409
			21.3812021507017	-16.4829631125409
			21.4200770637029	-16.4829631125409
			21.4589519767042	-16.4829631125409
			21.4978268897055	-16.4829631125409
			21.5367018027068	-16.4829631125409
			21.575576715708	-16.4829631125409
			21.6144516287093	-16.4829631125409
			21.6533265417106	-16.4829631125409
			21.6922014547119	-16.4829631125409
			21.7310763677131	-16.4829631125409
			21.7699512807144	-16.4829631125409
			21.8088261937157	-16.4829631125409
			21.847701106717	-16.4829631125409
			21.8865760197182	-16.4829631125409
			21.9254509327195	-16.4829631125409
			21.9643258457208	-16.4829631125409
			22.0032007587221	-16.4829631125409
			22.0420756717233	-16.4829631125409
			22.0809505847246	-16.4829631125409
			22.1198254977259	-16.4829631125409
			22.1587004107272	-16.4829631125409
			22.1975753237285	-16.4829631125409
			22.2364502367297	-16.4829631125409
			22.275325149731	-16.4829631125409
			22.3142000627323	-16.4829631125409
			22.3530749757336	-16.4829631125409
			22.3919498887348	-16.4829631125409
			22.4308248017361	-16.4829631125409
			22.4696997147374	-16.4829631125409
			22.5085746277387	-16.4829631125409
			22.5474495407399	-16.4829631125409
			22.5863244537412	-16.4829631125409
			22.6251993667425	-16.4829631125409
			22.6640742797438	-16.4829631125409
			22.702949192745	-16.4829631125409
			22.7418241057463	-16.4829631125409
			22.7806990187476	-16.4829631125409
			22.8195739317489	-16.4829631125409
			22.8584488447501	-16.4829631125409
			22.8973237577514	-16.4829631125409
			22.9361986707527	-16.4829631125409
			22.975073583754	-16.4829631125409
			23.0139484967552	-16.4829631125409
			23.0528234097565	-16.4829631125409
			23.0916983227578	-16.4829631125409
			23.1305732357591	-16.4829631125409
			23.1694481487603	-16.5218380255422
			23.2083230617616	-16.5218380255422
			23.2471979747629	-16.5218380255422
			23.2860728877642	-16.5218380255422
			23.3249478007654	-16.5218380255422
			23.3638227137667	-16.5218380255422
			23.402697626768	-16.5218380255422
			23.4415725397693	-16.5218380255422
			23.4804474527706	-16.5218380255422
			23.5193223657718	-16.5218380255422
			23.5581972787731	-16.5218380255422
			23.5970721917744	-16.5218380255422
			23.6359471047757	-16.5218380255422
			23.6748220177769	-16.5218380255422
			23.7136969307782	-16.5218380255422
			23.7525718437795	-16.5218380255422
			23.7914467567808	-16.5218380255422
			23.830321669782	-16.5218380255422
			23.8691965827833	-16.5218380255422
			23.9080714957846	-16.5218380255422
			23.9469464087859	-16.5218380255422
			23.9858213217871	-16.5607129385435
			24.0246962347884	-16.5607129385435
			24.0635711477897	-16.5607129385435
			24.102446060791	-16.5607129385435
			24.1413209737922	-16.5607129385435
			24.1801958867935	-16.5607129385435
			24.2190707997948	-16.5607129385435
			24.2579457127961	-16.5607129385435
			24.2968206257973	-16.5607129385435
			24.3356955387986	-16.5607129385435
			24.3745704517999	-16.5607129385435
			24.4134453648012	-16.5995878515447
			24.4523202778024	-16.5995878515447
			24.4911951908037	-16.5995878515447
			24.530070103805	-16.5995878515447
			24.5689450168063	-16.5995878515447
			24.6078199298075	-16.5995878515447
			24.6466948428088	-16.5995878515447
			24.6855697558101	-16.5995878515447
			24.7244446688114	-16.5995878515447
			24.7633195818127	-16.5995878515447
			24.8021944948139	-16.638462764546
			24.8410694078152	-16.638462764546
			24.8799443208165	-16.638462764546
			24.9188192338178	-16.638462764546
			24.957694146819	-16.638462764546
			24.9965690598203	-16.638462764546
			25.0354439728216	-16.638462764546
			25.0743188858229	-16.638462764546
			25.1131937988241	-16.638462764546
			25.1520687118254	-16.638462764546
			25.1909436248267	-16.638462764546
			25.229818537828	-16.6773376775473
			25.2686934508292	-16.6773376775473
			25.3075683638305	-16.6773376775473
			25.3464432768318	-16.6773376775473
			25.3853181898331	-16.6773376775473
			25.4241931028343	-16.6773376775473
			25.4630680158356	-16.6773376775473
			25.5019429288369	-16.6773376775473
			25.5408178418382	-16.6773376775473
			25.5796927548394	-16.6773376775473
			25.6185676678407	-16.6773376775473
			25.657442580842	-16.6773376775473
			25.6963174938433	-16.7162125905486
			25.7351924068445	-16.7162125905486
			25.7740673198458	-16.7162125905486
			25.8129422328471	-16.7162125905486
			25.8518171458484	-16.7162125905486
			25.8906920588496	-16.7162125905486
			25.9295669718509	-16.7162125905486
			25.9684418848522	-16.7162125905486
			26.0073167978535	-16.7162125905486
			26.0461917108547	-16.7162125905486
			26.085066623856	-16.7162125905486
			26.1239415368573	-16.7162125905486
			26.1628164498586	-16.7550875035498
			26.2016913628599	-16.7550875035498
			26.2405662758611	-16.7550875035498
			26.2794411888624	-16.7550875035498
			26.3183161018637	-16.7550875035498
			26.357191014865	-16.7550875035498
			26.3960659278662	-16.7550875035498
			26.4349408408675	-16.7550875035498
			26.4738157538688	-16.7550875035498
			26.5126906668701	-16.7550875035498
			26.5515655798713	-16.7550875035498
			26.5904404928726	-16.7550875035498
			26.6293154058739	-16.7550875035498
			26.6681903188752	-16.7550875035498
			26.7070652318764	-16.7939624165511
			26.7459401448777	-16.7939624165511
			26.784815057879	-16.7939624165511
			26.8236899708803	-16.7939624165511
			26.8625648838815	-16.7939624165511
			26.9014397968828	-16.7939624165511
			26.9403147098841	-16.7939624165511
			26.9791896228854	-16.7939624165511
			27.0180645358866	-16.7939624165511
			27.0569394488879	-16.7939624165511
			27.0958143618892	-16.7939624165511
			27.1346892748905	-16.7939624165511
			27.1735641878917	-16.7939624165511
			27.212439100893	-16.7939624165511
			27.2513140138943	-16.8328373295524
			27.2901889268956	-16.8328373295524
			27.3290638398969	-16.8328373295524
			27.3679387528981	-16.8328373295524
			27.4068136658994	-16.8328373295524
			27.4456885789007	-16.8328373295524
			27.484563491902	-16.8328373295524
			27.5234384049032	-16.8328373295524
			27.5623133179045	-16.8328373295524
			27.6011882309058	-16.8328373295524
			27.6400631439071	-16.8328373295524
			27.6789380569083	-16.8328373295524
			27.7178129699096	-16.8328373295524
			27.7566878829109	-16.8328373295524
			27.7955627959122	-16.8328373295524
			27.8344377089134	-16.8328373295524
			27.8733126219147	-16.8328373295524
			27.8733126219147	-16.8717122425537
			27.912187534916	-16.8717122425537
			27.9510624479173	-16.8717122425537
			27.9899373609185	-16.8717122425537
			28.0288122739198	-16.8717122425537
			28.0676871869211	-16.8717122425537
			28.1065620999224	-16.8717122425537
			28.1454370129236	-16.8717122425537
			28.1843119259249	-16.8717122425537
			28.2231868389262	-16.8717122425537
			28.2620617519275	-16.8717122425537
			28.3009366649287	-16.8717122425537
			28.33981157793	-16.8717122425537
			28.3786864909313	-16.8717122425537
			28.4175614039326	-16.8717122425537
			28.4564363169338	-16.8717122425537
			28.4953112299351	-16.8717122425537
			28.5341861429364	-16.8717122425537
			28.5730610559377	-16.8717122425537
			28.611935968939	-16.9105871555549
			28.6508108819402	-16.9105871555549
			28.6896857949415	-16.9105871555549
			28.7285607079428	-16.9105871555549
			28.7674356209441	-16.9105871555549
			28.8063105339453	-16.9105871555549
			28.8451854469466	-16.9105871555549
			28.8840603599479	-16.9105871555549
			28.9229352729492	-16.9105871555549
			28.9618101859504	-16.9105871555549
			29.0006850989517	-16.9105871555549
			29.039560011953	-16.9105871555549
			29.0784349249543	-16.9105871555549
			29.1173098379555	-16.9105871555549
			29.1561847509568	-16.9105871555549
			29.1950596639581	-16.9105871555549
			29.2339345769594	-16.9105871555549
			29.2728094899606	-16.9105871555549
			29.3116844029619	-16.9105871555549
			29.3505593159632	-16.9105871555549
			29.3894342289645	-16.9105871555549
			29.4283091419657	-16.9105871555549
			29.467184054967	-16.9105871555549
			29.5060589679683	-16.9105871555549
			29.5449338809696	-16.9105871555549
			29.5838087939708	-16.9105871555549
			29.6226837069721	-16.9105871555549
			29.6615586199734	-16.9105871555549
			29.7004335329747	-16.9105871555549
			29.7393084459759	-16.9105871555549
			29.7393084459759	-16.9494620685562
			29.7781833589772	-16.9494620685562
			29.8170582719785	-16.9494620685562
			29.8559331849798	-16.9494620685562
			29.894808097981	-16.9494620685562
			29.9336830109823	-16.9494620685562
			29.9725579239836	-16.9494620685562
			30.0114328369849	-16.9494620685562
			30.0503077499862	-16.9494620685562
			30.0891826629874	-16.9494620685562
			30.1280575759887	-16.9494620685562
			30.16693248899	-16.9494620685562
			30.2058074019913	-16.9494620685562
			30.2446823149925	-16.9494620685562
			30.2835572279938	-16.9494620685562
			30.3224321409951	-16.9494620685562
			30.3613070539964	-16.9494620685562
			30.4001819669976	-16.9494620685562
			30.4390568799989	-16.9494620685562
			30.4779317930002	-16.9494620685562
			30.5168067060015	-16.9494620685562
			30.5556816190027	-16.9494620685562
			30.594556532004	-16.9494620685562
			30.6334314450053	-16.9494620685562
			30.6723063580066	-16.9494620685562
			30.7111812710078	-16.9494620685562
			30.7500561840091	-16.9494620685562
			30.7889310970104	-16.9494620685562
			30.8278060100117	-16.9494620685562
			30.8666809230129	-16.9494620685562
			30.9055558360142	-16.9494620685562
			30.9444307490155	-16.9494620685562
			30.9833056620168	-16.9494620685562
			31.022180575018	-16.9494620685562
			31.0610554880193	-16.9494620685562
			31.0999304010206	-16.9105871555549
			31.1388053140219	-16.9105871555549
			31.1776802270231	-16.9105871555549
			31.2165551400244	-16.9105871555549
			31.2554300530257	-16.9105871555549
			31.294304966027	-16.9105871555549
			31.3331798790283	-16.9105871555549
			31.3720547920295	-16.9105871555549
			31.4109297050308	-16.9105871555549
			31.4498046180321	-16.9105871555549
			31.4886795310334	-16.9105871555549
			31.5275544440346	-16.9105871555549
			31.5664293570359	-16.9105871555549
			31.6053042700372	-16.9105871555549
			31.6441791830385	-16.9105871555549
			31.6830540960397	-16.9105871555549
			31.721929009041	-16.9105871555549
			31.7608039220423	-16.9105871555549
			31.7996788350436	-16.9105871555549
			31.8385537480448	-16.9105871555549
			31.8774286610461	-16.9105871555549
			31.9163035740474	-16.8717122425537
			31.9551784870487	-16.8717122425537
			31.9940534000499	-16.8717122425537
			32.0329283130512	-16.8717122425537
			32.0718032260525	-16.8717122425537
			32.1106781390538	-16.8717122425537
		</Snout_dorsal>
		<Dorsal_adipose type=matrix rownames=FALSE colnames=FALSE nrow=458 ncol=2 as.numeric=TRUE >
			32.1106781390538	-16.8717122425537
			32.149553052055	-16.8717122425537
			32.1884279650563	-16.9105871555549
			32.2273028780576	-16.9105871555549
			32.2661777910589	-16.9105871555549
			32.3050527040601	-16.9105871555549
			32.3439276170614	-16.9494620685562
			32.3828025300627	-16.9494620685562
			32.421677443064	-16.9494620685562
			32.4605523560653	-16.9883369815575
			32.4994272690665	-16.9883369815575
			32.5383021820678	-16.9883369815575
			32.5383021820678	-17.0272118945588
			32.5771770950691	-17.0272118945588
			32.6160520080704	-17.0272118945588
			32.6549269210716	-17.0272118945588
			32.6938018340729	-17.0660868075601
			32.7326767470742	-17.0660868075601
			32.7715516600755	-17.0660868075601
			32.8104265730767	-17.1049617205613
			32.849301486078	-17.1049617205613
			32.8881763990793	-17.1049617205613
			32.9270513120806	-17.1049617205613
			32.9659262250818	-17.1438366335626
			33.0048011380831	-17.1438366335626
			33.0436760510844	-17.1438366335626
			33.0825509640857	-17.1827115465639
			33.1214258770869	-17.1827115465639
			33.1603007900882	-17.1827115465639
			33.1991757030895	-17.2215864595652
			33.2380506160908	-17.2215864595652
			33.276925529092	-17.2215864595652
			33.3158004420933	-17.2215864595652
			33.3546753550946	-17.2604613725664
			33.3935502680959	-17.2604613725664
			33.4324251810971	-17.2604613725664
			33.4713000940984	-17.2993362855677
			33.5101750070997	-17.2993362855677
			33.549049920101	-17.2993362855677
			33.5879248331022	-17.338211198569
			33.6267997461035	-17.338211198569
			33.6656746591048	-17.338211198569
			33.7045495721061	-17.3770861115703
			33.7434244851073	-17.3770861115703
			33.7822993981086	-17.3770861115703
			33.8211743111099	-17.4159610245715
			33.8600492241112	-17.4159610245715
			33.8989241371125	-17.4159610245715
			33.9377990501137	-17.4159610245715
			33.976673963115	-17.4548359375728
			34.0155488761163	-17.4548359375728
			34.0544237891176	-17.4548359375728
			34.0932987021188	-17.4937108505741
			34.1321736151201	-17.4937108505741
			34.1710485281214	-17.4937108505741
			34.2099234411227	-17.5325857635754
			34.2487983541239	-17.5325857635754
			34.2876732671252	-17.5325857635754
			34.3265481801265	-17.5325857635754
			34.3654230931278	-17.5714606765766
			34.404298006129	-17.5714606765766
			34.4431729191303	-17.5714606765766
			34.4820478321316	-17.6103355895779
			34.5209227451329	-17.6103355895779
			34.5597976581341	-17.6103355895779
			34.5986725711354	-17.6103355895779
			34.6375474841367	-17.6492105025792
			34.676422397138	-17.6492105025792
			34.7152973101392	-17.6492105025792
			34.7541722231405	-17.6880854155805
			34.7930471361418	-17.6880854155805
			34.8319220491431	-17.6880854155805
			34.8707969621443	-17.7269603285817
			34.9096718751456	-17.7269603285817
			34.9485467881469	-17.7269603285817
			34.9874217011482	-17.765835241583
			35.0262966141495	-17.765835241583
			35.0651715271507	-17.765835241583
			35.104046440152	-17.765835241583
			35.104046440152	-17.8047101545843
			35.1429213531533	-17.8047101545843
			35.1817962661545	-17.8047101545843
			35.2206711791558	-17.8047101545843
			35.2595460921571	-17.8435850675856
			35.2984210051584	-17.8435850675856
			35.3372959181597	-17.8435850675856
			35.3761708311609	-17.8824599805868
			35.4150457441622	-17.8824599805868
			35.4539206571635	-17.8824599805868
			35.4927955701648	-17.9213348935881
			35.531670483166	-17.9213348935881
			35.5705453961673	-17.9213348935881
			35.6094203091686	-17.9213348935881
			35.6482952221699	-17.9602098065894
			35.6871701351711	-17.9602098065894
			35.7260450481724	-17.9602098065894
			35.7649199611737	-17.9990847195907
			35.803794874175	-17.9990847195907
			35.8426697871762	-17.9990847195907
			35.8815447001775	-18.0379596325919
			35.9204196131788	-18.0379596325919
			35.9592945261801	-18.0379596325919
			35.9981694391813	-18.0379596325919
			36.0370443521826	-18.0768345455932
			36.0759192651839	-18.0768345455932
			36.1147941781852	-18.0768345455932
			36.1536690911864	-18.1157094585945
			36.1925440041877	-18.1157094585945
			36.231418917189	-18.1157094585945
			36.2702938301903	-18.1157094585945
			36.3091687431915	-18.1545843715958
			36.3480436561928	-18.1545843715958
			36.3869185691941	-18.1545843715958
			36.4257934821954	-18.1934592845971
			36.4646683951967	-18.1934592845971
			36.5035433081979	-18.1934592845971
			36.5424182211992	-18.2323341975983
			36.5812931342005	-18.2323341975983
			36.6201680472018	-18.2323341975983
			36.659042960203	-18.2323341975983
			36.6979178732043	-18.2712091105996
			36.7367927862056	-18.2712091105996
			36.7756676992069	-18.2712091105996
			36.8145426122081	-18.3100840236009
			36.8534175252094	-18.3100840236009
			36.8922924382107	-18.3100840236009
			36.931167351212	-18.3100840236009
			36.9700422642132	-18.3489589366022
			37.0089171772145	-18.3489589366022
			37.0477920902158	-18.3489589366022
			37.0866670032171	-18.3878338496034
			37.1255419162183	-18.3878338496034
			37.1644168292196	-18.3878338496034
			37.2032917422209	-18.4267087626047
			37.2421666552222	-18.4267087626047
			37.2810415682234	-18.4267087626047
			37.3199164812247	-18.4267087626047
			37.358791394226	-18.465583675606
			37.3976663072273	-18.465583675606
			37.4365412202285	-18.465583675606
			37.4754161332298	-18.5044585886073
			37.5142910462311	-18.5044585886073
			37.5531659592324	-18.5044585886073
			37.5920408722336	-18.5044585886073
			37.6309157852349	-18.5433335016085
			37.6697906982362	-18.5433335016085
			37.7086656112375	-18.5433335016085
			37.7475405242388	-18.5822084146098
			37.78641543724	-18.5822084146098
			37.8252903502413	-18.5822084146098
			37.8641652632426	-18.5822084146098
			37.9030401762439	-18.6210833276111
			37.9419150892451	-18.6210833276111
			37.9807900022464	-18.6210833276111
			38.0196649152477	-18.6599582406124
			38.058539828249	-18.6599582406124
			38.0974147412502	-18.6599582406124
			38.1362896542515	-18.6599582406124
			38.1751645672528	-18.6988331536136
			38.2140394802541	-18.6988331536136
			38.2529143932553	-18.6988331536136
			38.2917893062566	-18.7377080666149
			38.3306642192579	-18.7377080666149
			38.3695391322592	-18.7377080666149
			38.4084140452604	-18.7377080666149
			38.4472889582617	-18.7765829796162
			38.486163871263	-18.7765829796162
			38.5250387842643	-18.7765829796162
			38.5639136972655	-18.8154578926175
			38.6027886102668	-18.8154578926175
			38.6416635232681	-18.8154578926175
			38.6805384362694	-18.8154578926175
			38.7194133492706	-18.8543328056187
			38.7582882622719	-18.8543328056187
			38.7971631752732	-18.8543328056187
			38.8360380882745	-18.89320771862
			38.8749130012758	-18.89320771862
			38.913787914277	-18.89320771862
			38.9526628272783	-18.89320771862
			38.9526628272783	-18.9320826316213
			38.9915377402796	-18.9320826316213
			39.0304126532808	-18.9320826316213
			39.0692875662821	-18.9320826316213
			39.1081624792834	-18.9709575446226
			39.1470373922847	-18.9709575446226
			39.185912305286	-18.9709575446226
			39.2247872182872	-19.0098324576238
			39.2636621312885	-19.0098324576238
			39.3025370442898	-19.0098324576238
			39.3414119572911	-19.0098324576238
			39.3802868702923	-19.0487073706251
			39.4191617832936	-19.0487073706251
			39.4580366962949	-19.0487073706251
			39.4969116092962	-19.0875822836264
			39.5357865222974	-19.0875822836264
			39.5746614352987	-19.0875822836264
			39.6135363483	-19.0875822836264
			39.6524112613013	-19.1264571966277
			39.6912861743025	-19.1264571966277
			39.7301610873038	-19.1264571966277
			39.7690360003051	-19.1264571966277
			39.8079109133064	-19.1653321096289
			39.8467858263076	-19.1653321096289
			39.8856607393089	-19.1653321096289
			39.9245356523102	-19.2042070226302
			39.9634105653115	-19.2042070226302
			40.0022854783127	-19.2042070226302
			40.041160391314	-19.2042070226302
			40.0800353043153	-19.2430819356315
			40.1189102173166	-19.2430819356315
			40.1577851303178	-19.2430819356315
			40.1966600433191	-19.2430819356315
			40.2355349563204	-19.2819568486328
			40.2744098693217	-19.2819568486328
			40.313284782323	-19.2819568486328
			40.313284782323	-19.320831761634
			40.3521596953242	-19.320831761634
			40.3910346083255	-19.320831761634
			40.4299095213268	-19.320831761634
			40.4687844343281	-19.320831761634
			40.5076593473293	-19.320831761634
			40.5465342603306	-19.320831761634
			40.5854091733319	-19.3597066746353
			40.6242840863332	-19.3597066746353
			40.6631589993344	-19.3597066746353
			40.7020339123357	-19.3597066746353
			40.740908825337	-19.3597066746353
			40.7797837383383	-19.3597066746353
			40.8186586513395	-19.3597066746353
			40.8575335643408	-19.3597066746353
			40.8964084773421	-19.3597066746353
			40.9352833903434	-19.3985815876366
			40.9741583033446	-19.3985815876366
			41.0130332163459	-19.3985815876366
			41.0519081293472	-19.3985815876366
			41.0907830423485	-19.3985815876366
			41.1296579553497	-19.3985815876366
			41.168532868351	-19.3985815876366
			41.2074077813523	-19.3985815876366
			41.2462826943536	-19.3985815876366
			41.2851576073548	-19.3985815876366
			41.3240325203561	-19.3985815876366
			41.3629074333574	-19.4374565006379
			41.4017823463587	-19.4374565006379
			41.4406572593599	-19.4374565006379
			41.4795321723612	-19.4374565006379
			41.5184070853625	-19.4374565006379
			41.5572819983638	-19.4374565006379
			41.596156911365	-19.4374565006379
			41.6350318243663	-19.4374565006379
			41.6739067373676	-19.4374565006379
			41.7127816503689	-19.4374565006379
			41.7516565633702	-19.4763314136391
			41.7905314763714	-19.4763314136391
			41.8294063893727	-19.4763314136391
			41.868281302374	-19.4763314136391
			41.9071562153753	-19.4763314136391
			41.9460311283765	-19.4763314136391
			41.9849060413778	-19.4763314136391
			42.0237809543791	-19.4763314136391
			42.0626558673804	-19.4763314136391
			42.1015307803816	-19.4763314136391
			42.1404056933829	-19.4763314136391
			42.1792806063842	-19.5152063266404
			42.2181555193855	-19.5152063266404
			42.2570304323867	-19.5152063266404
			42.295905345388	-19.5152063266404
			42.3347802583893	-19.5152063266404
			42.3736551713906	-19.5152063266404
			42.4125300843918	-19.5152063266404
			42.4514049973931	-19.5152063266404
			42.4902799103944	-19.5152063266404
			42.5291548233957	-19.5152063266404
			42.5680297363969	-19.5152063266404
			42.6069046493982	-19.5540812396417
			42.6457795623995	-19.5540812396417
			42.6846544754008	-19.5540812396417
			42.723529388402	-19.5540812396417
			42.7624043014033	-19.5540812396417
			42.8012792144046	-19.5540812396417
			42.8401541274059	-19.5540812396417
			42.8790290404071	-19.5540812396417
			42.9179039534084	-19.5540812396417
			42.9567788664097	-19.5540812396417
			42.995653779411	-19.5540812396417
			43.0345286924123	-19.5540812396417
			43.0734036054135	-19.5540812396417
			43.0734036054135	-19.592956152643
			43.1122785184148	-19.592956152643
			43.1511534314161	-19.592956152643
			43.1900283444174	-19.592956152643
			43.2289032574186	-19.592956152643
			43.2677781704199	-19.592956152643
			43.3066530834212	-19.592956152643
			43.3455279964225	-19.592956152643
			43.3844029094237	-19.592956152643
			43.423277822425	-19.592956152643
			43.4621527354263	-19.592956152643
			43.5010276484276	-19.592956152643
			43.5399025614288	-19.6318310656443
			43.5787774744301	-19.6318310656443
			43.6176523874314	-19.6318310656443
			43.6565273004327	-19.6318310656443
			43.6954022134339	-19.6318310656443
			43.7342771264352	-19.6318310656443
			43.7731520394365	-19.6318310656443
			43.8120269524378	-19.6318310656443
			43.850901865439	-19.6318310656443
			43.8897767784403	-19.6318310656443
			43.9286516914416	-19.6318310656443
			43.9675266044429	-19.6318310656443
			44.0064015174441	-19.6318310656443
			44.0452764304454	-19.6318310656443
			44.0841513434467	-19.6318310656443
			44.0841513434467	-19.6707059786455
			44.123026256448	-19.6707059786455
			44.1619011694493	-19.6707059786455
			44.2007760824505	-19.6707059786455
			44.2396509954518	-19.6707059786455
			44.2785259084531	-19.6707059786455
			44.3174008214543	-19.6707059786455
			44.3562757344556	-19.6707059786455
			44.3951506474569	-19.6707059786455
			44.4340255604582	-19.6707059786455
			44.4729004734595	-19.6707059786455
			44.5117753864607	-19.6707059786455
			44.550650299462	-19.6707059786455
			44.5895252124633	-19.6707059786455
			44.6284001254646	-19.6707059786455
			44.6672750384658	-19.6707059786455
			44.7061499514671	-19.6707059786455
			44.7061499514671	-19.7095808916468
			44.7450248644684	-19.7095808916468
			44.7838997774697	-19.7095808916468
			44.8227746904709	-19.7095808916468
			44.8616496034722	-19.7095808916468
			44.9005245164735	-19.7095808916468
			44.9393994294748	-19.7095808916468
			44.978274342476	-19.7095808916468
			45.0171492554773	-19.7095808916468
			45.0560241684786	-19.7095808916468
			45.0948990814799	-19.7095808916468
			45.1337739944811	-19.7095808916468
			45.1726489074824	-19.7095808916468
			45.2115238204837	-19.7095808916468
			45.250398733485	-19.7095808916468
			45.2892736464862	-19.7095808916468
			45.3281485594875	-19.7095808916468
			45.3670234724888	-19.7095808916468
			45.4058983854901	-19.7095808916468
			45.4447732984913	-19.7095808916468
			45.4836482114926	-19.7484558046481
			45.5225231244939	-19.7484558046481
			45.5613980374952	-19.7484558046481
			45.6002729504965	-19.7484558046481
			45.6391478634977	-19.7484558046481
			45.678022776499	-19.7484558046481
			45.7168976895003	-19.7484558046481
			45.7557726025016	-19.7484558046481
			45.7946475155028	-19.7484558046481
			45.8335224285041	-19.7484558046481
			45.8723973415054	-19.7484558046481
			45.9112722545067	-19.7484558046481
			45.9501471675079	-19.7484558046481
			45.9890220805092	-19.7484558046481
			46.0278969935105	-19.7484558046481
			46.0667719065118	-19.7484558046481
			46.105646819513	-19.7484558046481
			46.1445217325143	-19.7484558046481
			46.1833966455156	-19.7484558046481
			46.2222715585169	-19.7484558046481
			46.2611464715181	-19.7484558046481
			46.3000213845194	-19.7484558046481
			46.3388962975207	-19.7484558046481
			46.377771210522	-19.7484558046481
			46.4166461235232	-19.7484558046481
			46.4555210365245	-19.7484558046481
			46.4943959495258	-19.7484558046481
			46.5332708625271	-19.7484558046481
			46.5721457755283	-19.7484558046481
			46.6110206885296	-19.7484558046481
			46.6498956015309	-19.7484558046481
			46.6887705145322	-19.7484558046481
			46.7276454275334	-19.7484558046481
			46.7665203405347	-19.7484558046481
			46.805395253536	-19.7873307176494
			46.8442701665373	-19.7873307176494
			46.8831450795386	-19.7873307176494
			46.9220199925398	-19.7873307176494
			46.9608949055411	-19.7873307176494
			46.9997698185424	-19.7873307176494
			47.0386447315437	-19.7873307176494
			47.0775196445449	-19.7873307176494
			47.1163945575462	-19.7873307176494
			47.1552694705475	-19.7873307176494
			47.1941443835488	-19.7873307176494
			47.23301929655	-19.7873307176494
			47.2718942095513	-19.7873307176494
			47.3107691225526	-19.7873307176494
			47.3496440355539	-19.7873307176494
			47.3885189485551	-19.7873307176494
			47.4273938615564	-19.7873307176494
			47.4662687745577	-19.7873307176494
			47.505143687559	-19.7873307176494
			47.5440186005602	-19.7873307176494
			47.5828935135615	-19.7873307176494
			47.5828935135615	-19.7484558046481
			47.6217684265628	-19.7484558046481
			47.6606433395641	-19.7484558046481
			47.6995182525653	-19.7484558046481
			47.7383931655666	-19.7484558046481
			47.7772680785679	-19.7484558046481
			47.8161429915692	-19.7484558046481
			47.8550179045704	-19.7484558046481
			47.8938928175717	-19.7484558046481
			47.932767730573	-19.7484558046481
			47.9716426435743	-19.7484558046481
			48.0105175565756	-19.7484558046481
			48.0493924695768	-19.7484558046481
			48.0882673825781	-19.7484558046481
			48.1271422955794	-19.7484558046481
			48.1660172085806	-19.7484558046481
			48.2048921215819	-19.7484558046481
			48.2437670345832	-19.7484558046481
			48.2826419475845	-19.7484558046481
			48.3215168605858	-19.7484558046481
			48.360391773587	-19.7484558046481
			48.3992666865883	-19.7484558046481
			48.4381415995896	-19.7484558046481
			48.4770165125909	-19.7484558046481
			48.5158914255921	-19.7484558046481
			48.5547663385934	-19.7484558046481
			48.5936412515947	-19.7484558046481
			48.632516164596	-19.7095808916468
			48.6713910775972	-19.7095808916468
			48.7102659905985	-19.7095808916468
			48.7491409035998	-19.7095808916468
			48.7880158166011	-19.7095808916468
			48.8268907296023	-19.7095808916468
			48.8657656426036	-19.7095808916468
			48.9046405556049	-19.7095808916468
			48.9435154686062	-19.7095808916468
			48.9823903816074	-19.7095808916468
			49.0212652946087	-19.7095808916468
			49.06014020761	-19.7095808916468
			49.0990151206113	-19.6707059786455
			49.1378900336125	-19.6707059786455
			49.1767649466138	-19.6707059786455
			49.2156398596151	-19.6707059786455
			49.2545147726164	-19.6707059786455
			49.2933896856176	-19.6707059786455
			49.3322645986189	-19.6707059786455
			49.3711395116202	-19.6707059786455
			49.4100144246215	-19.6707059786455
			49.4488893376228	-19.6318310656443
			49.487764250624	-19.6318310656443
			49.5266391636253	-19.6318310656443
			49.5655140766266	-19.6318310656443
		</Dorsal_adipose>
		<Adipose_caudal type=matrix rownames=FALSE colnames=FALSE nrow=265 ncol=2 as.numeric=TRUE >
			49.5655140766266	-19.6318310656443
			49.6043889896279	-19.6318310656443
			49.6432639026291	-19.6318310656443
			49.6821388156304	-19.6318310656443
			49.7210137286317	-19.6707059786455
			49.759888641633	-19.6707059786455
			49.7987635546342	-19.6707059786455
			49.8376384676355	-19.6707059786455
			49.8765133806368	-19.6707059786455
			49.9153882936381	-19.7095808916468
			49.9542632066393	-19.7095808916468
			49.9931381196406	-19.7095808916468
			50.0320130326419	-19.7095808916468
			50.0708879456432	-19.7484558046481
			50.1097628586444	-19.7484558046481
			50.1486377716457	-19.7484558046481
			50.187512684647	-19.7873307176494
			50.2263875976483	-19.7873307176494
			50.2652625106495	-19.8262056306506
			50.3041374236508	-19.8262056306506
			50.3430123366521	-19.8262056306506
			50.3818872496534	-19.8650805436519
			50.4207621626546	-19.8650805436519
			50.4207621626546	-19.9039554566532
			50.4596370756559	-19.9039554566532
			50.4985119886572	-19.9428303696545
			50.5373869016585	-19.9817052826557
			50.5762618146597	-20.020580195657
			50.615136727661	-20.020580195657
			50.6540116406623	-20.0594551086583
			50.6540116406623	-20.0983300216596
			50.6928865536636	-20.1372049346608
			50.7317614666648	-20.1760798476621
			50.7706363796661	-20.2149547606634
			50.7706363796661	-20.2538296736647
			50.8095112926674	-20.2538296736647
			50.8483862056687	-20.2538296736647
			50.88726111867	-20.2927045866659
			50.9261360316712	-20.2927045866659
			50.9650109446725	-20.2927045866659
			51.0038858576738	-20.2927045866659
			51.0427607706751	-20.3315794996672
			51.0816356836763	-20.3315794996672
			51.1205105966776	-20.3315794996672
			51.1593855096789	-20.3315794996672
			51.1982604226802	-20.3315794996672
			51.2371353356814	-20.3704544126685
			51.2760102486827	-20.3704544126685
			51.314885161684	-20.3704544126685
			51.3537600746853	-20.3704544126685
			51.3926349876865	-20.3704544126685
			51.4315099006878	-20.4093293256698
			51.4703848136891	-20.4093293256698
			51.5092597266904	-20.4093293256698
			51.5481346396916	-20.4093293256698
			51.5870095526929	-20.448204238671
			51.6258844656942	-20.448204238671
			51.6647593786955	-20.448204238671
			51.7036342916967	-20.448204238671
			51.742509204698	-20.448204238671
			51.7813841176993	-20.448204238671
			51.7813841176993	-20.4870791516723
			51.8202590307006	-20.4870791516723
			51.8591339437018	-20.4870791516723
			51.8980088567031	-20.4870791516723
			51.9368837697044	-20.4870791516723
			51.9757586827057	-20.5259540646736
			52.0146335957069	-20.5259540646736
			52.0535085087082	-20.5259540646736
			52.0923834217095	-20.5259540646736
			52.1312583347108	-20.5259540646736
			52.1701332477121	-20.5648289776749
			52.2090081607133	-20.5648289776749
			52.2478830737146	-20.5648289776749
			52.2867579867159	-20.5648289776749
			52.3256328997172	-20.5648289776749
			52.3645078127184	-20.6037038906761
			52.4033827257197	-20.6037038906761
			52.442257638721	-20.6037038906761
			52.4811325517223	-20.6037038906761
			52.5200074647235	-20.6037038906761
			52.5588823777248	-20.6037038906761
			52.5977572907261	-20.6425788036774
			52.6366322037274	-20.6425788036774
			52.6755071167286	-20.6425788036774
			52.7143820297299	-20.6425788036774
			52.7532569427312	-20.6425788036774
			52.7921318557325	-20.6814537166787
			52.8310067687337	-20.6814537166787
			52.869881681735	-20.6814537166787
			52.9087565947363	-20.6814537166787
			52.9476315077376	-20.6814537166787
			52.9865064207388	-20.6814537166787
			53.0253813337401	-20.72032862968
			53.0642562467414	-20.72032862968
			53.1031311597427	-20.72032862968
			53.1420060727439	-20.72032862968
			53.1808809857452	-20.72032862968
			53.2197558987465	-20.72032862968
			53.2586308117478	-20.7592035426812
			53.2975057247491	-20.7592035426812
			53.3363806377503	-20.7592035426812
			53.3752555507516	-20.7592035426812
			53.4141304637529	-20.7592035426812
			53.4530053767542	-20.7980784556825
			53.4918802897554	-20.7980784556825
			53.5307552027567	-20.7980784556825
			53.569630115758	-20.7980784556825
			53.6085050287593	-20.7980784556825
			53.6473799417605	-20.7980784556825
			53.6862548547618	-20.7980784556825
			53.7251297677631	-20.8369533686838
			53.7640046807644	-20.8369533686838
			53.8028795937656	-20.8369533686838
			53.8417545067669	-20.8369533686838
			53.8806294197682	-20.8369533686838
			53.9195043327695	-20.8369533686838
			53.9583792457707	-20.8369533686838
			53.997254158772	-20.8758282816851
			54.0361290717733	-20.8758282816851
			54.0750039847746	-20.8758282816851
			54.1138788977758	-20.8758282816851
			54.1527538107771	-20.8758282816851
			54.1916287237784	-20.8758282816851
			54.2305036367797	-20.8758282816851
			54.2693785497809	-20.9147031946864
			54.3082534627822	-20.9147031946864
			54.3471283757835	-20.9147031946864
			54.3860032887848	-20.9147031946864
			54.424878201786	-20.9147031946864
			54.4637531147873	-20.9147031946864
			54.5026280277886	-20.9147031946864
			54.5415029407899	-20.9535781076876
			54.5803778537911	-20.9535781076876
			54.6192527667924	-20.9535781076876
			54.6581276797937	-20.9535781076876
			54.697002592795	-20.9535781076876
			54.7358775057963	-20.9535781076876
			54.7747524187975	-20.9535781076876
			54.8136273317988	-20.9535781076876
			54.8525022448001	-20.9535781076876
			54.8913771578014	-20.9924530206889
			54.9302520708026	-20.9924530206889
			54.9691269838039	-20.9924530206889
			55.0080018968052	-20.9924530206889
			55.0468768098065	-20.9924530206889
			55.0857517228077	-20.9924530206889
			55.124626635809	-20.9924530206889
			55.1635015488103	-20.9924530206889
			55.2023764618116	-20.9924530206889
			55.2412513748128	-20.9924530206889
			55.2801262878141	-21.0313279336902
			55.3190012008154	-21.0313279336902
			55.3578761138167	-21.0313279336902
			55.3967510268179	-21.0313279336902
			55.4356259398192	-21.0313279336902
			55.4745008528205	-21.0313279336902
			55.5133757658218	-21.0313279336902
			55.552250678823	-21.0313279336902
			55.5911255918243	-21.0313279336902
			55.6300005048256	-21.0313279336902
			55.6688754178269	-21.0313279336902
			55.7077503308281	-21.0313279336902
			55.7466252438294	-21.0313279336902
			55.7855001568307	-21.0313279336902
			55.824375069832	-21.0702028466915
			55.8632499828332	-21.0702028466915
			55.9021248958345	-21.0702028466915
			55.9409998088358	-21.0702028466915
			55.9798747218371	-21.0702028466915
			56.0187496348384	-21.0702028466915
			56.0576245478396	-21.0702028466915
			56.0964994608409	-21.0702028466915
			56.1353743738422	-21.0702028466915
			56.1742492868435	-21.0702028466915
			56.2131241998447	-21.0702028466915
			56.251999112846	-21.0702028466915
			56.2908740258473	-21.0702028466915
			56.3297489388486	-21.0702028466915
			56.3686238518498	-21.0702028466915
			56.4074987648511	-21.0702028466915
			56.4463736778524	-21.0702028466915
			56.4852485908537	-21.0702028466915
			56.5241235038549	-21.0702028466915
			56.5629984168562	-21.0702028466915
			56.6018733298575	-21.0702028466915
			56.6407482428588	-21.0702028466915
			56.67962315586	-21.0702028466915
			56.7184980688613	-21.0702028466915
			56.7573729818626	-21.0702028466915
			56.7962478948639	-21.0702028466915
			56.8351228078651	-21.0702028466915
			56.8739977208664	-21.0702028466915
			56.9128726338677	-21.0702028466915
			56.951747546869	-21.0702028466915
			56.9906224598702	-21.0313279336902
			57.0294973728715	-21.0313279336902
			57.0683722858728	-21.0313279336902
			57.1072471988741	-21.0313279336902
			57.1461221118753	-21.0313279336902
			57.1849970248766	-21.0313279336902
			57.2238719378779	-21.0313279336902
			57.2627468508792	-21.0313279336902
			57.3016217638805	-21.0313279336902
			57.3404966768817	-21.0313279336902
			57.379371589883	-20.9924530206889
			57.4182465028843	-20.9924530206889
			57.4571214158856	-20.9924530206889
			57.4959963288868	-20.9924530206889
			57.5348712418881	-20.9924530206889
			57.5737461548894	-20.9924530206889
			57.6126210678907	-20.9535781076876
			57.6514959808919	-20.9535781076876
			57.6903708938932	-20.9535781076876
			57.7292458068945	-20.9535781076876
			57.7681207198958	-20.9535781076876
			57.806995632897	-20.9147031946864
			57.8458705458983	-20.9147031946864
			57.8847454588996	-20.9147031946864
			57.9236203719009	-20.8758282816851
			57.9624952849021	-20.8758282816851
			58.0013701979034	-20.8758282816851
			58.0402451109047	-20.8758282816851
			58.079120023906	-20.8369533686838
			58.1179949369072	-20.8369533686838
			58.1568698499085	-20.8369533686838
			58.1957447629098	-20.8369533686838
			58.2346196759111	-20.7980784556825
			58.2734945889123	-20.7980784556825
			58.3123695019136	-20.7980784556825
			58.3512444149149	-20.7592035426812
			58.3901193279162	-20.7592035426812
			58.4289942409174	-20.7592035426812
			58.4678691539187	-20.7592035426812
			58.50674406692	-20.7592035426812
			58.5456189799213	-20.72032862968
			58.5844938929226	-20.72032862968
			58.6233688059238	-20.72032862968
			58.6622437189251	-20.6814537166787
			58.7011186319264	-20.6814537166787
			58.7399935449277	-20.6814537166787
			58.7788684579289	-20.6814537166787
			58.8177433709302	-20.6814537166787
			58.8566182839315	-20.6425788036774
			58.8954931969328	-20.6425788036774
			58.934368109934	-20.6425788036774
			58.9732430229353	-20.6425788036774
			59.0121179359366	-20.6425788036774
			59.0509928489379	-20.6425788036774
			59.0898677619391	-20.6037038906761
			59.1287426749404	-20.6037038906761
			59.1676175879417	-20.6037038906761
			59.206492500943	-20.6037038906761
			59.2453674139442	-20.6037038906761
			59.2842423269455	-20.6037038906761
			59.3231172399468	-20.6037038906761
			59.3619921529481	-20.6037038906761
			59.4008670659493	-20.6037038906761
			59.4397419789506	-20.6037038906761
			59.4786168919519	-20.6037038906761
			59.5174918049532	-20.6037038906761
			59.5563667179544	-20.6037038906761
			59.5952416309557	-20.6037038906761
			59.634116543957	-20.6037038906761
			59.6729914569583	-20.6037038906761
		</Adipose_caudal>
		<Caudal_anal type=matrix rownames=FALSE colnames=FALSE nrow=433 ncol=2 as.numeric=TRUE >
			59.8673660219646	-26.357191014865
			59.8284911089634	-26.357191014865
			59.8284911089634	-26.3960659278662
			59.7896161959621	-26.3960659278662
			59.7507412829608	-26.3960659278662
			59.7118663699596	-26.3960659278662
			59.6729914569583	-26.4349408408675
			59.634116543957	-26.4349408408675
			59.5952416309557	-26.4349408408675
			59.5563667179544	-26.4349408408675
			59.5174918049532	-26.4349408408675
			59.4786168919519	-26.4349408408675
			59.4397419789506	-26.4349408408675
			59.4008670659493	-26.4738157538688
			59.3619921529481	-26.4738157538688
			59.3231172399468	-26.4738157538688
			59.2842423269455	-26.4738157538688
			59.2453674139442	-26.4738157538688
			59.206492500943	-26.4738157538688
			59.1676175879417	-26.4738157538688
			59.1287426749404	-26.4738157538688
			59.0898677619391	-26.4738157538688
			59.0509928489379	-26.4738157538688
			59.0121179359366	-26.4738157538688
			58.9732430229353	-26.4738157538688
			58.934368109934	-26.4738157538688
			58.8954931969328	-26.4738157538688
			58.8566182839315	-26.4738157538688
			58.8177433709302	-26.4738157538688
			58.7788684579289	-26.4738157538688
			58.7399935449277	-26.4738157538688
			58.7011186319264	-26.4349408408675
			58.6622437189251	-26.4349408408675
			58.6233688059238	-26.4349408408675
			58.5844938929226	-26.4349408408675
			58.5456189799213	-26.4349408408675
			58.50674406692	-26.4349408408675
			58.4678691539187	-26.4349408408675
			58.4289942409174	-26.4349408408675
			58.3901193279162	-26.4349408408675
			58.3512444149149	-26.4349408408675
			58.3123695019136	-26.4349408408675
			58.2734945889123	-26.4349408408675
			58.2346196759111	-26.4349408408675
			58.1957447629098	-26.3960659278662
			58.1568698499085	-26.3960659278662
			58.1179949369072	-26.3960659278662
			58.079120023906	-26.3960659278662
			58.0402451109047	-26.3960659278662
			58.0013701979034	-26.3960659278662
			57.9624952849021	-26.3960659278662
			57.9236203719009	-26.3960659278662
			57.8847454588996	-26.3960659278662
			57.8458705458983	-26.3960659278662
			57.806995632897	-26.3960659278662
			57.7681207198958	-26.3960659278662
			57.7292458068945	-26.3960659278662
			57.6903708938932	-26.3960659278662
			57.6514959808919	-26.3960659278662
			57.6126210678907	-26.3960659278662
			57.5737461548894	-26.3960659278662
			57.5348712418881	-26.3960659278662
			57.4959963288868	-26.3960659278662
			57.4571214158856	-26.3960659278662
			57.4182465028843	-26.3960659278662
			57.379371589883	-26.3960659278662
			57.3404966768817	-26.3960659278662
			57.3016217638805	-26.3960659278662
			57.2627468508792	-26.3960659278662
			57.2238719378779	-26.3960659278662
			57.1849970248766	-26.3960659278662
			57.1461221118753	-26.3960659278662
			57.1072471988741	-26.3960659278662
			57.0683722858728	-26.3960659278662
			57.0294973728715	-26.3960659278662
			56.9906224598702	-26.3960659278662
			56.951747546869	-26.3960659278662
			56.9128726338677	-26.3960659278662
			56.8739977208664	-26.3960659278662
			56.8351228078651	-26.3960659278662
			56.7962478948639	-26.3960659278662
			56.7573729818626	-26.3960659278662
			56.7184980688613	-26.3960659278662
			56.67962315586	-26.3960659278662
			56.6407482428588	-26.3960659278662
			56.6018733298575	-26.3960659278662
			56.5629984168562	-26.3960659278662
			56.5241235038549	-26.3960659278662
			56.4852485908537	-26.3960659278662
			56.4463736778524	-26.3960659278662
			56.4074987648511	-26.3960659278662
			56.3686238518498	-26.3960659278662
			56.3297489388486	-26.3960659278662
			56.2908740258473	-26.3960659278662
			56.251999112846	-26.3960659278662
			56.2131241998447	-26.3960659278662
			56.1742492868435	-26.3960659278662
			56.1353743738422	-26.3960659278662
			56.0964994608409	-26.4349408408675
			56.0576245478396	-26.4349408408675
			56.0187496348384	-26.4349408408675
			55.9798747218371	-26.4349408408675
			55.9409998088358	-26.4349408408675
			55.9021248958345	-26.4349408408675
			55.8632499828332	-26.4349408408675
			55.824375069832	-26.4349408408675
			55.7855001568307	-26.4349408408675
			55.7466252438294	-26.4349408408675
			55.7077503308281	-26.4349408408675
			55.6688754178269	-26.4349408408675
			55.6300005048256	-26.4349408408675
			55.5911255918243	-26.4349408408675
			55.552250678823	-26.4349408408675
			55.5133757658218	-26.4349408408675
			55.4745008528205	-26.4349408408675
			55.4356259398192	-26.4349408408675
			55.3967510268179	-26.4738157538688
			55.3578761138167	-26.4738157538688
			55.3190012008154	-26.4738157538688
			55.2801262878141	-26.4738157538688
			55.2412513748128	-26.4738157538688
			55.2023764618116	-26.4738157538688
			55.1635015488103	-26.4738157538688
			55.124626635809	-26.4738157538688
			55.0857517228077	-26.4738157538688
			55.0468768098065	-26.4738157538688
			55.0080018968052	-26.4738157538688
			54.9691269838039	-26.4738157538688
			54.9302520708026	-26.4738157538688
			54.8913771578014	-26.5126906668701
			54.8525022448001	-26.5126906668701
			54.8136273317988	-26.5126906668701
			54.7747524187975	-26.5126906668701
			54.7358775057963	-26.5126906668701
			54.697002592795	-26.5126906668701
			54.6581276797937	-26.5126906668701
			54.6192527667924	-26.5126906668701
			54.5803778537911	-26.5126906668701
			54.5415029407899	-26.5126906668701
			54.5026280277886	-26.5126906668701
			54.4637531147873	-26.5515655798713
			54.424878201786	-26.5515655798713
			54.3860032887848	-26.5515655798713
			54.3471283757835	-26.5515655798713
			54.3082534627822	-26.5515655798713
			54.2693785497809	-26.5515655798713
			54.2305036367797	-26.5515655798713
			54.1916287237784	-26.5515655798713
			54.1527538107771	-26.5515655798713
			54.1138788977758	-26.5515655798713
			54.0750039847746	-26.5515655798713
			54.0750039847746	-26.5904404928726
			54.0361290717733	-26.5904404928726
			53.997254158772	-26.5904404928726
			53.9583792457707	-26.5904404928726
			53.9195043327695	-26.5904404928726
			53.8806294197682	-26.5904404928726
			53.8417545067669	-26.5904404928726
			53.8028795937656	-26.5904404928726
			53.7640046807644	-26.5904404928726
			53.7251297677631	-26.5904404928726
			53.6862548547618	-26.6293154058739
			53.6473799417605	-26.6293154058739
			53.6085050287593	-26.6293154058739
			53.569630115758	-26.6293154058739
			53.5307552027567	-26.6293154058739
			53.4918802897554	-26.6293154058739
			53.4530053767542	-26.6293154058739
			53.4141304637529	-26.6293154058739
			53.3752555507516	-26.6293154058739
			53.3363806377503	-26.6293154058739
			53.2975057247491	-26.6681903188752
			53.2586308117478	-26.6681903188752
			53.2197558987465	-26.6681903188752
			53.1808809857452	-26.6681903188752
			53.1420060727439	-26.6681903188752
			53.1031311597427	-26.6681903188752
			53.0642562467414	-26.6681903188752
			53.0253813337401	-26.6681903188752
			52.9865064207388	-26.7070652318764
			52.9476315077376	-26.7070652318764
			52.9087565947363	-26.7070652318764
			52.869881681735	-26.7070652318764
			52.8310067687337	-26.7070652318764
			52.7921318557325	-26.7070652318764
			52.7532569427312	-26.7070652318764
			52.7143820297299	-26.7459401448777
			52.6755071167286	-26.7459401448777
			52.6366322037274	-26.7459401448777
			52.5977572907261	-26.7459401448777
			52.5588823777248	-26.7459401448777
			52.5200074647235	-26.784815057879
			52.4811325517223	-26.784815057879
			52.442257638721	-26.784815057879
			52.4033827257197	-26.784815057879
			52.3645078127184	-26.8236899708803
			52.3256328997172	-26.8236899708803
			52.2867579867159	-26.8236899708803
			52.2478830737146	-26.8236899708803
			52.2090081607133	-26.8236899708803
			52.1701332477121	-26.8625648838815
			52.1312583347108	-26.8625648838815
			52.0923834217095	-26.8625648838815
			52.0535085087082	-26.8625648838815
			52.0146335957069	-26.8625648838815
			51.9757586827057	-26.9014397968828
			51.9368837697044	-26.9014397968828
			51.8980088567031	-26.9014397968828
			51.8591339437018	-26.9014397968828
			51.8202590307006	-26.9014397968828
			51.7813841176993	-26.9403147098841
			51.742509204698	-26.9403147098841
			51.7036342916967	-26.9403147098841
			51.6647593786955	-26.9403147098841
			51.6258844656942	-26.9403147098841
			51.6258844656942	-26.9791896228854
			51.5870095526929	-26.9791896228854
			51.5481346396916	-26.9791896228854
			51.5092597266904	-26.9791896228854
			51.4703848136891	-26.9791896228854
			51.4315099006878	-27.0180645358866
			51.3926349876865	-27.0180645358866
			51.3537600746853	-27.0180645358866
			51.314885161684	-27.0180645358866
			51.2760102486827	-27.0180645358866
			51.2371353356814	-27.0569394488879
			51.1982604226802	-27.0569394488879
			51.1593855096789	-27.0569394488879
			51.1205105966776	-27.0569394488879
			51.0816356836763	-27.0569394488879
			51.0427607706751	-27.0569394488879
			51.0038858576738	-27.0958143618892
			50.9650109446725	-27.0958143618892
			50.9261360316712	-27.0958143618892
			50.88726111867	-27.0958143618892
			50.8483862056687	-27.0958143618892
			50.8095112926674	-27.1346892748905
			50.7706363796661	-27.1346892748905
			50.7317614666648	-27.1346892748905
			50.6928865536636	-27.1346892748905
			50.6540116406623	-27.1346892748905
			50.615136727661	-27.1735641878917
			50.5762618146597	-27.1735641878917
			50.5373869016585	-27.1735641878917
			50.4985119886572	-27.1735641878917
			50.4596370756559	-27.1735641878917
			50.4207621626546	-27.212439100893
			50.3818872496534	-27.212439100893
			50.3430123366521	-27.212439100893
			50.3041374236508	-27.212439100893
			50.2652625106495	-27.212439100893
			50.2652625106495	-27.2513140138943
			50.2263875976483	-27.2513140138943
			50.187512684647	-27.2513140138943
			50.1486377716457	-27.2513140138943
			50.1097628586444	-27.2513140138943
			50.0708879456432	-27.2901889268956
			50.0320130326419	-27.2901889268956
			49.9931381196406	-27.2901889268956
			49.9542632066393	-27.2901889268956
			49.9153882936381	-27.2901889268956
			49.8765133806368	-27.3290638398969
			49.8376384676355	-27.3290638398969
			49.7987635546342	-27.3290638398969
			49.759888641633	-27.3290638398969
			49.7210137286317	-27.3290638398969
			49.6821388156304	-27.3679387528981
			49.6432639026291	-27.3679387528981
			49.6043889896279	-27.3679387528981
			49.5655140766266	-27.3679387528981
			49.5266391636253	-27.3679387528981
			49.487764250624	-27.4068136658994
			49.4488893376228	-27.4068136658994
			49.4100144246215	-27.4068136658994
			49.3711395116202	-27.4068136658994
			49.3322645986189	-27.4068136658994
			49.2933896856176	-27.4456885789007
			49.2545147726164	-27.4456885789007
			49.2156398596151	-27.4456885789007
			49.1767649466138	-27.4456885789007
			49.1378900336125	-27.4456885789007
			49.0990151206113	-27.4456885789007
			49.06014020761	-27.484563491902
			49.0212652946087	-27.484563491902
			48.9823903816074	-27.484563491902
			48.9435154686062	-27.484563491902
			48.9046405556049	-27.484563491902
			48.8657656426036	-27.5234384049032
			48.8268907296023	-27.5234384049032
			48.7880158166011	-27.5234384049032
			48.7491409035998	-27.5234384049032
			48.7102659905985	-27.5234384049032
			48.6713910775972	-27.5623133179045
			48.632516164596	-27.5623133179045
			48.5936412515947	-27.5623133179045
			48.5547663385934	-27.5623133179045
			48.5158914255921	-27.5623133179045
			48.4770165125909	-27.6011882309058
			48.4381415995896	-27.6011882309058
			48.3992666865883	-27.6011882309058
			48.360391773587	-27.6011882309058
			48.3215168605858	-27.6011882309058
			48.2826419475845	-27.6011882309058
			48.2437670345832	-27.6400631439071
			48.2048921215819	-27.6400631439071
			48.1660172085806	-27.6400631439071
			48.1271422955794	-27.6400631439071
			48.0882673825781	-27.6400631439071
			48.0493924695768	-27.6789380569083
			48.0105175565756	-27.6789380569083
			47.9716426435743	-27.6789380569083
			47.932767730573	-27.6789380569083
			47.8938928175717	-27.6789380569083
			47.8550179045704	-27.6789380569083
			47.8550179045704	-27.7178129699096
			47.8161429915692	-27.7178129699096
			47.7772680785679	-27.7178129699096
			47.7383931655666	-27.7178129699096
			47.6995182525653	-27.7178129699096
			47.6606433395641	-27.7566878829109
			47.6217684265628	-27.7566878829109
			47.5828935135615	-27.7566878829109
			47.5440186005602	-27.7566878829109
			47.505143687559	-27.7566878829109
			47.4662687745577	-27.7566878829109
			47.4273938615564	-27.7955627959122
			47.3885189485551	-27.7955627959122
			47.3496440355539	-27.7955627959122
			47.3107691225526	-27.7955627959122
			47.2718942095513	-27.7955627959122
			47.23301929655	-27.8344377089134
			47.1941443835488	-27.8344377089134
			47.1552694705475	-27.8344377089134
			47.1163945575462	-27.8344377089134
			47.0775196445449	-27.8344377089134
			47.0386447315437	-27.8733126219147
			46.9997698185424	-27.8733126219147
			46.9608949055411	-27.8733126219147
			46.9220199925398	-27.8733126219147
			46.8831450795386	-27.8733126219147
			46.8442701665373	-27.8733126219147
			46.805395253536	-27.912187534916
			46.7665203405347	-27.912187534916
			46.7276454275334	-27.912187534916
			46.6887705145322	-27.912187534916
			46.6498956015309	-27.912187534916
			46.6110206885296	-27.9510624479173
			46.5721457755283	-27.9510624479173
			46.5332708625271	-27.9510624479173
			46.4943959495258	-27.9510624479173
			46.4555210365245	-27.9510624479173
			46.4166461235232	-27.9899373609185
			46.377771210522	-27.9899373609185
			46.3388962975207	-27.9899373609185
			46.3000213845194	-27.9899373609185
			46.2611464715181	-27.9899373609185
			46.2222715585169	-27.9899373609185
			46.1833966455156	-28.0288122739198
			46.1445217325143	-28.0288122739198
			46.105646819513	-28.0288122739198
			46.0667719065118	-28.0288122739198
			46.0278969935105	-28.0288122739198
			45.9890220805092	-28.0676871869211
			45.9501471675079	-28.0676871869211
			45.9112722545067	-28.0676871869211
			45.8723973415054	-28.0676871869211
			45.8335224285041	-28.0676871869211
			45.7946475155028	-28.0676871869211
			45.7557726025016	-28.1065620999224
			45.7168976895003	-28.1065620999224
			45.678022776499	-28.1065620999224
			45.6391478634977	-28.1065620999224
			45.6002729504965	-28.1065620999224
			45.5613980374952	-28.1454370129236
			45.5225231244939	-28.1454370129236
			45.4836482114926	-28.1454370129236
			45.4447732984913	-28.1454370129236
			45.4058983854901	-28.1454370129236
			45.3670234724888	-28.1454370129236
			45.3281485594875	-28.1843119259249
			45.2892736464862	-28.1843119259249
			45.250398733485	-28.1843119259249
			45.2115238204837	-28.1843119259249
			45.1726489074824	-28.1843119259249
			45.1337739944811	-28.2231868389262
			45.0948990814799	-28.2231868389262
			45.0560241684786	-28.2231868389262
			45.0171492554773	-28.2231868389262
			44.978274342476	-28.2231868389262
			44.9393994294748	-28.2231868389262
			44.9005245164735	-28.2620617519275
			44.8616496034722	-28.2620617519275
			44.8227746904709	-28.2620617519275
			44.7838997774697	-28.2620617519275
			44.7450248644684	-28.2620617519275
			44.7061499514671	-28.3009366649287
			44.6672750384658	-28.3009366649287
			44.6284001254646	-28.3009366649287
			44.5895252124633	-28.3009366649287
			44.550650299462	-28.3009366649287
			44.5117753864607	-28.3009366649287
			44.4729004734595	-28.33981157793
			44.4340255604582	-28.33981157793
			44.3951506474569	-28.33981157793
			44.3562757344556	-28.33981157793
			44.3174008214543	-28.33981157793
			44.2785259084531	-28.3786864909313
			44.2396509954518	-28.3786864909313
			44.2007760824505	-28.3786864909313
			44.1619011694493	-28.3786864909313
			44.123026256448	-28.3786864909313
			44.0841513434467	-28.3786864909313
			44.0452764304454	-28.4175614039326
			44.0064015174441	-28.4175614039326
			43.9675266044429	-28.4175614039326
			43.9286516914416	-28.4175614039326
			43.8897767784403	-28.4175614039326
			43.850901865439	-28.4175614039326
			43.8120269524378	-28.4564363169338
			43.7731520394365	-28.4564363169338
			43.7342771264352	-28.4564363169338
			43.6954022134339	-28.4564363169338
			43.6565273004327	-28.4564363169338
			43.6176523874314	-28.4564363169338
			43.5787774744301	-28.4953112299351
			43.5399025614288	-28.4953112299351
			43.5010276484276	-28.4953112299351
			43.4621527354263	-28.4953112299351
			43.423277822425	-28.4953112299351
			43.3844029094237	-28.5341861429364
			43.3455279964225	-28.5341861429364
			43.3066530834212	-28.5341861429364
			43.2677781704199	-28.5341861429364
		</Caudal_anal>
	</curves.scaled>
	<ruler.points type=matrix rownames=TRUE colnames=FALSE nrow=3 ncol=2 as.numeric=TRUE >
		Ruler point 1	725	803
		Ruler point 2	855	799
		Ruler point 3	982	792
	</ruler.points>
</shapes>

