<shapes type=list>
	<ruler.pixel type=vector names=FALSE length=1 as.numeric=TRUE >129.078464284556</ruler.pixel>
	<ruler.interval type=vector names=FALSE length=1 as.numeric=TRUE >5</ruler.interval>
	<scaling.units type=vector names=FALSE length=1 as.numeric=FALSE >mm</scaling.units>
	<scaling type=vector names=FALSE length=1 as.numeric=TRUE >0.0387361286618456</scaling>
	<landmarks.pixel type=matrix rownames=TRUE colnames=FALSE nrow=11 ncol=2 as.numeric=TRUE >
		Anterior_eye	471	584
		Posterior_eye	553	586
		Posterior_Maxilla	586	658
		Anterior_Maxilla	458	619
		Dorsal_fin_insertion	829	473
		Adipose_fin_insertion	1104	523
		Dorsal_caudal	1252	560
		Ventral_caudal	1239	651
		Anal_fin_insertion	991	660
		Pelvic_fin_insertion	829	645
		Pectoral_fin_insertion	699	633
	</landmarks.pixel>
	<landmarks.scaled type=matrix rownames=TRUE colnames=FALSE nrow=11 ncol=2 as.numeric=TRUE >
		Anterior_eye	18.2447165997293	-22.6218991385178
		Posterior_eye	21.4210791500006	-22.6993713958415
		Posterior_Maxilla	22.6993713958415	-25.4883726594944
		Anterior_Maxilla	17.7411469271253	-23.9776636416824
		Dorsal_fin_insertion	32.11225066067	-18.322188857053
		Adipose_fin_insertion	42.7646860426776	-20.2589952901453
		Dorsal_caudal	48.4976330846307	-21.6922320506335
		Ventral_caudal	47.9940634120267	-25.2172197588615
		Anal_fin_insertion	38.387503503889	-25.5658449168181
		Pelvic_fin_insertion	32.11225066067	-24.9848029868904
		Pectoral_fin_insertion	27.0765539346301	-24.5199694429483
	</landmarks.scaled>
	<curves.control type=list>
		<Snout_dorsal type=matrix rownames=FALSE colnames=FALSE nrow=7 ncol=2 as.numeric=TRUE >
			458	619
			443	538
			547	503
			615	485
			719	482
			792	480
			829	473
		</Snout_dorsal>
		<Dorsal_adipose type=matrix rownames=FALSE colnames=FALSE nrow=7 ncol=2 as.numeric=TRUE >
			829	473
			881	493
			964	507
			1019	516
			1055	522
			1079	526
			1104	523
		</Dorsal_adipose>
		<Adipose_caudal type=matrix rownames=FALSE colnames=FALSE nrow=7 ncol=2 as.numeric=TRUE >
			1104	523
			1122	524
			1126	537
			1217	562
			1231	559
			1248	555
			1252	560
		</Adipose_caudal>
		<Caudal_anal type=matrix rownames=FALSE colnames=FALSE nrow=9 ncol=2 as.numeric=TRUE >
			1239	651
			1230	654
			1210	646
			1167	641
			1114	643
			1094	650
			1057	651
			1022	652
			991	660
		</Caudal_anal>
	</curves.control>
	<curves.pixel type=list>
		<Snout_dorsal type=matrix rownames=FALSE colnames=FALSE nrow=440 ncol=2 as.numeric=TRUE >
			458	619
			458	618
			458	617
			457	616
			457	615
			457	614
			457	613
			457	612
			457	611
			457	610
			457	609
			456	608
			456	607
			456	606
			456	605
			456	604
			456	603
			456	602
			456	601
			456	600
			456	599
			456	598
			456	597
			456	596
			456	595
			456	594
			456	593
			456	592
			457	591
			457	590
			457	589
			457	588
			457	587
			457	586
			457	585
			457	584
			458	583
			458	582
			458	581
			458	580
			459	579
			459	578
			459	577
			459	576
			460	575
			460	574
			460	573
			460	572
			461	571
			461	570
			462	569
			462	568
			463	567
			463	566
			463	565
			464	564
			464	563
			465	562
			465	561
			466	561
			466	560
			466	559
			467	558
			468	557
			468	556
			469	555
			469	554
			470	553
			471	552
			472	551
			473	550
			473	549
			474	548
			475	547
			476	546
			477	545
			478	544
			478	543
			479	542
			480	541
			481	540
			482	539
			483	538
			484	537
			485	536
			486	535
			487	534
			488	534
			489	533
			490	532
			491	531
			492	531
			492	530
			493	530
			494	529
			495	529
			495	528
			496	528
			497	527
			498	526
			499	526
			500	525
			501	524
			502	524
			503	523
			504	523
			505	522
			506	521
			507	521
			508	520
			509	520
			509	519
			510	519
			511	519
			511	518
			512	518
			513	517
			514	517
			515	516
			516	516
			517	515
			518	515
			519	514
			520	514
			521	513
			522	513
			523	513
			524	512
			525	512
			525	511
			526	511
			527	510
			528	510
			529	510
			530	509
			531	509
			532	508
			533	508
			534	508
			535	507
			536	507
			537	506
			538	506
			539	506
			540	506
			540	505
			541	505
			542	505
			543	504
			544	504
			545	504
			546	503
			547	503
			548	503
			549	502
			550	502
			551	502
			552	502
			553	502
			553	501
			554	501
			555	501
			556	501
			557	501
			557	500
			558	500
			559	500
			560	500
			561	499
			562	499
			563	499
			564	499
			565	499
			566	498
			567	498
			568	498
			569	498
			570	498
			571	497
			572	497
			573	497
			574	497
			575	497
			576	496
			577	496
			578	496
			579	496
			580	496
			581	495
			582	495
			583	495
			584	495
			585	495
			586	494
			587	494
			588	494
			589	494
			590	494
			591	494
			592	493
			593	493
			594	493
			595	493
			596	493
			597	493
			598	492
			599	492
			600	492
			601	492
			602	492
			603	492
			604	492
			605	491
			606	491
			607	491
			608	491
			609	491
			610	491
			611	490
			612	490
			613	490
			614	490
			615	490
			616	490
			617	490
			618	489
			619	489
			620	489
			621	489
			622	489
			623	489
			624	489
			625	489
			626	489
			627	488
			628	488
			629	488
			630	488
			631	488
			632	488
			633	488
			634	488
			635	488
			636	487
			637	487
			638	487
			639	487
			640	487
			641	487
			642	487
			643	487
			644	487
			645	486
			646	486
			647	486
			648	486
			649	486
			650	486
			651	486
			652	486
			653	486
			654	486
			655	486
			656	485
			657	485
			658	485
			659	485
			660	485
			661	485
			662	485
			663	485
			664	485
			665	485
			666	485
			667	485
			668	485
			669	484
			670	484
			671	484
			672	484
			673	484
			674	484
			675	484
			676	484
			677	484
			678	484
			679	484
			680	484
			681	484
			682	484
			683	484
			684	483
			685	483
			686	483
			687	483
			688	483
			689	483
			690	483
			691	483
			692	483
			693	483
			694	483
			695	483
			696	483
			697	483
			698	483
			699	483
			700	483
			701	483
			702	483
			703	483
			704	483
			705	482
			706	482
			707	482
			708	482
			709	482
			710	482
			711	482
			712	482
			713	482
			714	482
			715	482
			716	482
			717	482
			718	482
			719	482
			720	482
			721	482
			722	482
			723	482
			724	482
			725	482
			726	482
			727	482
			728	482
			729	482
			730	482
			731	482
			732	482
			733	482
			734	482
			735	481
			736	481
			737	481
			738	481
			739	481
			740	481
			741	481
			742	481
			743	481
			744	481
			745	481
			746	481
			747	481
			748	481
			749	481
			750	481
			751	481
			752	481
			753	481
			754	481
			755	481
			756	481
			757	481
			758	480
			759	480
			760	480
			761	480
			762	480
			763	480
			764	480
			765	480
			766	480
			767	480
			768	480
			769	480
			770	480
			771	480
			772	480
			773	480
			774	479
			775	479
			776	479
			777	479
			778	479
			779	479
			780	479
			781	479
			782	479
			783	479
			784	479
			785	479
			786	478
			787	478
			788	478
			789	478
			790	478
			791	478
			792	478
			793	478
			794	478
			795	478
			796	478
			797	478
			797	477
			798	477
			799	477
			800	477
			801	477
			802	477
			803	477
			804	477
			805	477
			806	476
			807	476
			808	476
			809	476
			810	476
			811	476
			812	476
			813	476
			814	475
			815	475
			816	475
			817	475
			818	475
			819	475
			820	475
			820	474
			821	474
			822	474
			823	474
			824	474
			825	474
			826	474
			826	473
			827	473
			828	473
			829	473
		</Snout_dorsal>
		<Dorsal_adipose type=matrix rownames=FALSE colnames=FALSE nrow=279 ncol=2 as.numeric=TRUE >
			829	473
			830	473
			831	474
			832	474
			833	475
			834	475
			835	475
			836	476
			837	476
			838	476
			839	477
			840	477
			841	477
			842	478
			843	478
			844	479
			845	479
			846	479
			847	480
			848	480
			849	480
			850	480
			851	481
			852	481
			853	481
			854	482
			855	482
			856	482
			857	483
			858	483
			859	483
			860	484
			861	484
			862	484
			863	484
			864	485
			865	485
			866	485
			867	486
			868	486
			869	486
			870	486
			871	487
			872	487
			873	487
			874	488
			875	488
			876	488
			877	488
			878	489
			879	489
			880	489
			881	490
			882	490
			883	490
			884	490
			885	491
			886	491
			887	491
			888	491
			889	492
			890	492
			891	492
			892	492
			893	493
			894	493
			895	493
			896	493
			897	494
			898	494
			899	494
			900	494
			901	494
			902	495
			903	495
			904	495
			905	495
			906	496
			907	496
			908	496
			909	496
			910	496
			911	497
			912	497
			913	497
			914	497
			915	498
			916	498
			917	498
			918	498
			919	498
			920	499
			921	499
			922	499
			923	499
			924	500
			925	500
			926	500
			927	500
			928	500
			929	501
			930	501
			931	501
			932	501
			933	501
			934	502
			935	502
			936	502
			937	502
			938	502
			939	503
			940	503
			941	503
			942	503
			943	503
			944	503
			945	504
			946	504
			947	504
			948	504
			949	504
			950	505
			951	505
			952	505
			953	505
			954	505
			955	505
			956	506
			957	506
			958	506
			959	506
			960	506
			961	506
			961	507
			962	507
			963	507
			964	507
			965	507
			966	507
			967	507
			968	508
			969	508
			970	508
			971	508
			972	508
			973	509
			974	509
			975	509
			976	509
			977	509
			978	509
			979	509
			980	510
			981	510
			982	510
			983	510
			984	510
			985	510
			986	511
			987	511
			988	511
			989	511
			990	511
			991	511
			992	512
			993	512
			994	512
			995	512
			996	512
			997	512
			998	512
			998	513
			999	513
			1000	513
			1001	513
			1002	513
			1003	513
			1004	514
			1005	514
			1006	514
			1007	514
			1008	514
			1009	514
			1010	514
			1010	515
			1011	515
			1012	515
			1013	515
			1014	515
			1015	515
			1016	516
			1017	516
			1018	516
			1019	516
			1020	516
			1021	516
			1022	517
			1023	517
			1024	517
			1025	517
			1026	517
			1027	517
			1028	518
			1029	518
			1030	518
			1031	518
			1032	518
			1033	518
			1034	519
			1035	519
			1036	519
			1037	519
			1038	519
			1039	519
			1040	520
			1041	520
			1042	520
			1043	520
			1044	520
			1045	520
			1046	520
			1047	521
			1048	521
			1049	521
			1050	521
			1051	521
			1052	522
			1053	522
			1054	522
			1055	522
			1056	522
			1057	522
			1058	522
			1059	523
			1060	523
			1061	523
			1062	523
			1063	523
			1064	523
			1065	523
			1066	523
			1067	524
			1068	524
			1069	524
			1070	524
			1071	524
			1072	524
			1073	524
			1074	524
			1075	524
			1076	524
			1077	524
			1078	524
			1079	524
			1080	524
			1081	524
			1082	524
			1083	524
			1084	524
			1085	524
			1086	524
			1087	524
			1088	524
			1089	524
			1090	524
			1091	524
			1092	524
			1093	524
			1094	524
			1095	524
			1096	524
			1097	524
			1098	524
			1099	524
			1100	523
			1101	523
			1102	523
			1103	523
			1104	523
		</Dorsal_adipose>
		<Adipose_caudal type=matrix rownames=FALSE colnames=FALSE nrow=155 ncol=2 as.numeric=TRUE >
			1104	523
			1105	523
			1106	523
			1107	523
			1108	523
			1109	524
			1110	524
			1111	524
			1112	524
			1113	525
			1114	525
			1115	525
			1116	526
			1117	526
			1118	527
			1119	527
			1119	528
			1120	528
			1121	529
			1122	530
			1123	531
			1124	532
			1124	533
			1125	534
			1125	535
			1126	536
			1127	537
			1128	538
			1129	538
			1130	538
			1131	538
			1132	539
			1133	539
			1134	539
			1135	539
			1135	540
			1136	540
			1137	540
			1138	540
			1139	541
			1140	541
			1141	541
			1142	541
			1143	542
			1144	542
			1145	542
			1146	542
			1147	543
			1148	543
			1149	543
			1150	544
			1151	544
			1152	544
			1153	544
			1154	545
			1155	545
			1156	545
			1157	545
			1158	546
			1159	546
			1160	546
			1161	546
			1162	546
			1163	547
			1164	547
			1165	547
			1166	548
			1167	548
			1168	548
			1169	548
			1170	549
			1171	549
			1172	549
			1173	549
			1174	550
			1175	550
			1176	550
			1177	550
			1178	551
			1179	551
			1180	551
			1181	551
			1182	551
			1182	552
			1183	552
			1184	552
			1185	552
			1186	552
			1187	553
			1188	553
			1189	553
			1190	553
			1191	553
			1192	554
			1193	554
			1194	554
			1195	554
			1196	555
			1197	555
			1198	555
			1199	555
			1200	555
			1201	556
			1202	556
			1203	556
			1204	556
			1205	556
			1205	557
			1206	557
			1207	557
			1208	557
			1209	557
			1210	557
			1211	558
			1212	558
			1213	558
			1214	558
			1215	558
			1216	558
			1217	558
			1218	559
			1219	559
			1220	559
			1221	559
			1222	559
			1223	559
			1224	559
			1225	559
			1226	559
			1227	559
			1228	559
			1229	559
			1230	559
			1231	559
			1232	559
			1233	559
			1234	558
			1235	558
			1236	558
			1237	558
			1238	558
			1239	558
			1240	557
			1241	557
			1242	557
			1243	557
			1244	557
			1245	557
			1246	557
			1247	558
			1248	558
			1249	558
			1250	558
			1251	559
			1252	560
		</Adipose_caudal>
		<Caudal_anal type=matrix rownames=FALSE colnames=FALSE nrow=250 ncol=2 as.numeric=TRUE >
			1239	651
			1238	651
			1237	651
			1236	652
			1235	652
			1234	652
			1233	652
			1232	652
			1231	652
			1230	652
			1229	652
			1228	651
			1227	651
			1226	651
			1225	651
			1224	650
			1223	650
			1222	650
			1221	650
			1220	649
			1219	649
			1218	649
			1217	649
			1216	648
			1215	648
			1214	647
			1213	647
			1212	647
			1211	646
			1210	646
			1209	646
			1208	646
			1207	646
			1206	646
			1205	645
			1204	645
			1203	645
			1202	645
			1201	645
			1200	645
			1199	645
			1198	645
			1197	645
			1196	645
			1195	644
			1194	644
			1193	644
			1192	644
			1191	644
			1190	644
			1189	644
			1188	644
			1187	644
			1186	644
			1185	644
			1184	644
			1183	644
			1182	644
			1181	644
			1180	643
			1179	643
			1178	643
			1177	643
			1176	643
			1175	643
			1174	643
			1173	643
			1172	643
			1171	643
			1170	643
			1169	643
			1168	643
			1167	643
			1166	643
			1165	643
			1164	643
			1163	643
			1162	643
			1161	643
			1160	643
			1159	643
			1158	643
			1157	643
			1156	643
			1155	643
			1154	643
			1153	642
			1152	642
			1151	642
			1150	642
			1149	642
			1148	642
			1147	642
			1146	642
			1145	642
			1144	642
			1143	642
			1142	642
			1141	642
			1140	642
			1139	642
			1138	642
			1137	642
			1136	642
			1135	642
			1134	642
			1133	643
			1132	643
			1131	643
			1130	643
			1129	643
			1128	643
			1127	643
			1126	643
			1125	643
			1124	643
			1123	643
			1122	643
			1121	643
			1120	643
			1119	643
			1118	643
			1117	643
			1116	643
			1115	643
			1114	643
			1113	643
			1112	644
			1111	644
			1110	644
			1109	645
			1108	645
			1107	645
			1106	645
			1105	646
			1104	646
			1103	646
			1102	646
			1101	647
			1100	647
			1099	647
			1098	647
			1097	647
			1096	647
			1095	648
			1094	648
			1093	648
			1092	648
			1091	648
			1090	648
			1089	649
			1088	649
			1087	649
			1086	649
			1085	649
			1084	649
			1083	649
			1082	649
			1081	650
			1080	650
			1079	650
			1078	650
			1077	650
			1076	650
			1075	650
			1074	650
			1073	650
			1072	650
			1071	650
			1070	650
			1069	650
			1068	651
			1067	651
			1066	651
			1065	651
			1064	651
			1063	651
			1062	651
			1061	651
			1060	651
			1059	651
			1058	651
			1057	651
			1056	651
			1055	651
			1054	651
			1053	651
			1052	651
			1051	651
			1050	651
			1049	651
			1048	651
			1047	651
			1046	652
			1045	652
			1044	652
			1043	652
			1042	652
			1041	652
			1040	652
			1039	652
			1038	652
			1037	652
			1036	652
			1035	652
			1034	652
			1034	653
			1033	653
			1032	653
			1031	653
			1030	653
			1029	653
			1028	653
			1027	653
			1026	653
			1025	654
			1024	654
			1023	654
			1022	654
			1021	654
			1020	654
			1019	654
			1018	655
			1017	655
			1016	655
			1015	655
			1014	655
			1013	655
			1012	655
			1011	656
			1010	656
			1009	656
			1008	656
			1007	656
			1006	657
			1005	657
			1004	657
			1003	657
			1002	658
			1001	658
			1000	658
			999	658
			998	658
			997	659
			996	659
			995	659
			994	659
			993	660
			992	660
			991	660
		</Caudal_anal>
	</curves.pixel>
	<curves.scaled type=list>
		<Snout_dorsal type=matrix rownames=FALSE colnames=FALSE nrow=440 ncol=2 as.numeric=TRUE >
			17.7411469271253	-23.9776636416824
			17.7411469271253	-23.9389275130206
			17.7411469271253	-23.9001913843587
			17.7024107984635	-23.8614552556969
			17.7024107984635	-23.8227191270351
			17.7024107984635	-23.7839829983732
			17.7024107984635	-23.7452468697114
			17.7024107984635	-23.7065107410495
			17.7024107984635	-23.6677746123877
			17.7024107984635	-23.6290384837258
			17.7024107984635	-23.590302355064
			17.6636746698016	-23.5515662264021
			17.6636746698016	-23.5128300977403
			17.6636746698016	-23.4740939690784
			17.6636746698016	-23.4353578404166
			17.6636746698016	-23.3966217117548
			17.6636746698016	-23.3578855830929
			17.6636746698016	-23.3191494544311
			17.6636746698016	-23.2804133257692
			17.6636746698016	-23.2416771971074
			17.6636746698016	-23.2029410684455
			17.6636746698016	-23.1642049397837
			17.6636746698016	-23.1254688111218
			17.6636746698016	-23.08673268246
			17.6636746698016	-23.0479965537981
			17.6636746698016	-23.0092604251363
			17.6636746698016	-22.9705242964745
			17.6636746698016	-22.9317881678126
			17.7024107984635	-22.8930520391508
			17.7024107984635	-22.8543159104889
			17.7024107984635	-22.8155797818271
			17.7024107984635	-22.7768436531652
			17.7024107984635	-22.7381075245034
			17.7024107984635	-22.6993713958415
			17.7024107984635	-22.6606352671797
			17.7024107984635	-22.6218991385178
			17.7411469271253	-22.583163009856
			17.7411469271253	-22.5444268811942
			17.7411469271253	-22.5056907525323
			17.7411469271253	-22.4669546238705
			17.7798830557871	-22.4282184952086
			17.7798830557871	-22.3894823665468
			17.7798830557871	-22.3507462378849
			17.7798830557871	-22.3120101092231
			17.818619184449	-22.2732739805612
			17.818619184449	-22.2345378518994
			17.818619184449	-22.1958017232375
			17.818619184449	-22.1570655945757
			17.8573553131108	-22.1183294659138
			17.8573553131108	-22.079593337252
			17.8960914417727	-22.0408572085902
			17.8960914417727	-22.0021210799283
			17.9348275704345	-21.9633849512665
			17.9348275704345	-21.9246488226046
			17.9348275704345	-21.8859126939428
			17.9735636990964	-21.8471765652809
			17.9735636990964	-21.8084404366191
			18.0122998277582	-21.7697043079572
			18.0122998277582	-21.7309681792954
			18.0510359564201	-21.7309681792954
			18.0510359564201	-21.6922320506335
			18.0510359564201	-21.6534959219717
			18.0897720850819	-21.6147597933099
			18.1285082137437	-21.576023664648
			18.1285082137437	-21.5372875359862
			18.1672443424056	-21.4985514073243
			18.1672443424056	-21.4598152786625
			18.2059804710674	-21.4210791500006
			18.2447165997293	-21.3823430213388
			18.2834527283911	-21.3436068926769
			18.322188857053	-21.3048707640151
			18.322188857053	-21.2661346353532
			18.3609249857148	-21.2273985066914
			18.3996611143767	-21.1886623780296
			18.4383972430385	-21.1499262493677
			18.4771333717004	-21.1111901207059
			18.5158695003622	-21.072453992044
			18.5158695003622	-21.0337178633822
			18.5546056290241	-20.9949817347203
			18.5933417576859	-20.9562456060585
			18.6320778863477	-20.9175094773966
			18.6708140150096	-20.8787733487348
			18.7095501436714	-20.8400372200729
			18.7482862723333	-20.8013010914111
			18.7870224009951	-20.7625649627493
			18.825758529657	-20.7238288340874
			18.8644946583188	-20.6850927054256
			18.9032307869807	-20.6850927054256
			18.9419669156425	-20.6463565767637
			18.9807030443044	-20.6076204481019
			19.0194391729662	-20.56888431944
			19.058175301628	-20.56888431944
			19.058175301628	-20.5301481907782
			19.0969114302899	-20.5301481907782
			19.1356475589517	-20.4914120621163
			19.1743836876136	-20.4914120621163
			19.1743836876136	-20.4526759334545
			19.2131198162754	-20.4526759334545
			19.2518559449373	-20.4139398047926
			19.2905920735991	-20.3752036761308
			19.329328202261	-20.3752036761308
			19.3680643309228	-20.336467547469
			19.4068004595847	-20.2977314188071
			19.4455365882465	-20.2977314188071
			19.4842727169083	-20.2589952901453
			19.5230088455702	-20.2589952901453
			19.561744974232	-20.2202591614834
			19.6004811028939	-20.1815230328216
			19.6392172315557	-20.1815230328216
			19.6779533602176	-20.1427869041597
			19.7166894888794	-20.1427869041597
			19.7166894888794	-20.1040507754979
			19.7554256175413	-20.1040507754979
			19.7941617462031	-20.1040507754979
			19.7941617462031	-20.065314646836
			19.832897874865	-20.065314646836
			19.8716340035268	-20.0265785181742
			19.9103701321886	-20.0265785181742
			19.9491062608505	-19.9878423895123
			19.9878423895123	-19.9878423895123
			20.0265785181742	-19.9491062608505
			20.065314646836	-19.9491062608505
			20.1040507754979	-19.9103701321886
			20.1427869041597	-19.9103701321886
			20.1815230328216	-19.8716340035268
			20.2202591614834	-19.8716340035268
			20.2589952901453	-19.8716340035268
			20.2977314188071	-19.832897874865
			20.336467547469	-19.832897874865
			20.336467547469	-19.7941617462031
			20.3752036761308	-19.7941617462031
			20.4139398047926	-19.7554256175413
			20.4526759334545	-19.7554256175413
			20.4914120621163	-19.7554256175413
			20.5301481907782	-19.7166894888794
			20.56888431944	-19.7166894888794
			20.6076204481019	-19.6779533602176
			20.6463565767637	-19.6779533602176
			20.6850927054256	-19.6779533602176
			20.7238288340874	-19.6392172315557
			20.7625649627493	-19.6392172315557
			20.8013010914111	-19.6004811028939
			20.8400372200729	-19.6004811028939
			20.8787733487348	-19.6004811028939
			20.9175094773966	-19.6004811028939
			20.9175094773966	-19.561744974232
			20.9562456060585	-19.561744974232
			20.9949817347203	-19.561744974232
			21.0337178633822	-19.5230088455702
			21.072453992044	-19.5230088455702
			21.1111901207059	-19.5230088455702
			21.1499262493677	-19.4842727169083
			21.1886623780296	-19.4842727169083
			21.2273985066914	-19.4842727169083
			21.2661346353532	-19.4455365882465
			21.3048707640151	-19.4455365882465
			21.3436068926769	-19.4455365882465
			21.3823430213388	-19.4455365882465
			21.4210791500006	-19.4455365882465
			21.4210791500006	-19.4068004595847
			21.4598152786625	-19.4068004595847
			21.4985514073243	-19.4068004595847
			21.5372875359862	-19.4068004595847
			21.576023664648	-19.4068004595847
			21.576023664648	-19.3680643309228
			21.6147597933099	-19.3680643309228
			21.6534959219717	-19.3680643309228
			21.6922320506335	-19.3680643309228
			21.7309681792954	-19.329328202261
			21.7697043079572	-19.329328202261
			21.8084404366191	-19.329328202261
			21.8471765652809	-19.329328202261
			21.8859126939428	-19.329328202261
			21.9246488226046	-19.2905920735991
			21.9633849512665	-19.2905920735991
			22.0021210799283	-19.2905920735991
			22.0408572085902	-19.2905920735991
			22.079593337252	-19.2905920735991
			22.1183294659138	-19.2518559449373
			22.1570655945757	-19.2518559449373
			22.1958017232375	-19.2518559449373
			22.2345378518994	-19.2518559449373
			22.2732739805612	-19.2518559449373
			22.3120101092231	-19.2131198162754
			22.3507462378849	-19.2131198162754
			22.3894823665468	-19.2131198162754
			22.4282184952086	-19.2131198162754
			22.4669546238705	-19.2131198162754
			22.5056907525323	-19.1743836876136
			22.5444268811942	-19.1743836876136
			22.583163009856	-19.1743836876136
			22.6218991385178	-19.1743836876136
			22.6606352671797	-19.1743836876136
			22.6993713958415	-19.1356475589517
			22.7381075245034	-19.1356475589517
			22.7768436531652	-19.1356475589517
			22.8155797818271	-19.1356475589517
			22.8543159104889	-19.1356475589517
			22.8930520391508	-19.1356475589517
			22.9317881678126	-19.0969114302899
			22.9705242964745	-19.0969114302899
			23.0092604251363	-19.0969114302899
			23.0479965537981	-19.0969114302899
			23.08673268246	-19.0969114302899
			23.1254688111218	-19.0969114302899
			23.1642049397837	-19.058175301628
			23.2029410684455	-19.058175301628
			23.2416771971074	-19.058175301628
			23.2804133257692	-19.058175301628
			23.3191494544311	-19.058175301628
			23.3578855830929	-19.058175301628
			23.3966217117548	-19.058175301628
			23.4353578404166	-19.0194391729662
			23.4740939690784	-19.0194391729662
			23.5128300977403	-19.0194391729662
			23.5515662264021	-19.0194391729662
			23.590302355064	-19.0194391729662
			23.6290384837258	-19.0194391729662
			23.6677746123877	-18.9807030443044
			23.7065107410495	-18.9807030443044
			23.7452468697114	-18.9807030443044
			23.7839829983732	-18.9807030443044
			23.8227191270351	-18.9807030443044
			23.8614552556969	-18.9807030443044
			23.9001913843587	-18.9807030443044
			23.9389275130206	-18.9419669156425
			23.9776636416824	-18.9419669156425
			24.0163997703443	-18.9419669156425
			24.0551358990061	-18.9419669156425
			24.093872027668	-18.9419669156425
			24.1326081563298	-18.9419669156425
			24.1713442849917	-18.9419669156425
			24.2100804136535	-18.9419669156425
			24.2488165423154	-18.9419669156425
			24.2875526709772	-18.9032307869807
			24.3262887996391	-18.9032307869807
			24.3650249283009	-18.9032307869807
			24.4037610569627	-18.9032307869807
			24.4424971856246	-18.9032307869807
			24.4812333142864	-18.9032307869807
			24.5199694429483	-18.9032307869807
			24.5587055716101	-18.9032307869807
			24.597441700272	-18.9032307869807
			24.6361778289338	-18.8644946583188
			24.6749139575957	-18.8644946583188
			24.7136500862575	-18.8644946583188
			24.7523862149194	-18.8644946583188
			24.7911223435812	-18.8644946583188
			24.829858472243	-18.8644946583188
			24.8685946009049	-18.8644946583188
			24.9073307295667	-18.8644946583188
			24.9460668582286	-18.8644946583188
			24.9848029868904	-18.825758529657
			25.0235391155523	-18.825758529657
			25.0622752442141	-18.825758529657
			25.101011372876	-18.825758529657
			25.1397475015378	-18.825758529657
			25.1784836301997	-18.825758529657
			25.2172197588615	-18.825758529657
			25.2559558875233	-18.825758529657
			25.2946920161852	-18.825758529657
			25.333428144847	-18.825758529657
			25.3721642735089	-18.825758529657
			25.4109004021707	-18.7870224009951
			25.4496365308326	-18.7870224009951
			25.4883726594944	-18.7870224009951
			25.5271087881563	-18.7870224009951
			25.5658449168181	-18.7870224009951
			25.60458104548	-18.7870224009951
			25.6433171741418	-18.7870224009951
			25.6820533028036	-18.7870224009951
			25.7207894314655	-18.7870224009951
			25.7595255601273	-18.7870224009951
			25.7982616887892	-18.7870224009951
			25.836997817451	-18.7870224009951
			25.8757339461129	-18.7870224009951
			25.9144700747747	-18.7482862723333
			25.9532062034366	-18.7482862723333
			25.9919423320984	-18.7482862723333
			26.0306784607603	-18.7482862723333
			26.0694145894221	-18.7482862723333
			26.1081507180839	-18.7482862723333
			26.1468868467458	-18.7482862723333
			26.1856229754076	-18.7482862723333
			26.2243591040695	-18.7482862723333
			26.2630952327313	-18.7482862723333
			26.3018313613932	-18.7482862723333
			26.340567490055	-18.7482862723333
			26.3793036187169	-18.7482862723333
			26.4180397473787	-18.7482862723333
			26.4567758760406	-18.7482862723333
			26.4955120047024	-18.7095501436714
			26.5342481333643	-18.7095501436714
			26.5729842620261	-18.7095501436714
			26.6117203906879	-18.7095501436714
			26.6504565193498	-18.7095501436714
			26.6891926480116	-18.7095501436714
			26.7279287766735	-18.7095501436714
			26.7666649053353	-18.7095501436714
			26.8054010339972	-18.7095501436714
			26.844137162659	-18.7095501436714
			26.8828732913209	-18.7095501436714
			26.9216094199827	-18.7095501436714
			26.9603455486446	-18.7095501436714
			26.9990816773064	-18.7095501436714
			27.0378178059682	-18.7095501436714
			27.0765539346301	-18.7095501436714
			27.1152900632919	-18.7095501436714
			27.1540261919538	-18.7095501436714
			27.1927623206156	-18.7095501436714
			27.2314984492775	-18.7095501436714
			27.2702345779393	-18.7095501436714
			27.3089707066012	-18.6708140150096
			27.347706835263	-18.6708140150096
			27.3864429639249	-18.6708140150096
			27.4251790925867	-18.6708140150096
			27.4639152212485	-18.6708140150096
			27.5026513499104	-18.6708140150096
			27.5413874785722	-18.6708140150096
			27.5801236072341	-18.6708140150096
			27.6188597358959	-18.6708140150096
			27.6575958645578	-18.6708140150096
			27.6963319932196	-18.6708140150096
			27.7350681218815	-18.6708140150096
			27.7738042505433	-18.6708140150096
			27.8125403792052	-18.6708140150096
			27.851276507867	-18.6708140150096
			27.8900126365288	-18.6708140150096
			27.9287487651907	-18.6708140150096
			27.9674848938525	-18.6708140150096
			28.0062210225144	-18.6708140150096
			28.0449571511762	-18.6708140150096
			28.0836932798381	-18.6708140150096
			28.1224294084999	-18.6708140150096
			28.1611655371618	-18.6708140150096
			28.1999016658236	-18.6708140150096
			28.2386377944855	-18.6708140150096
			28.2773739231473	-18.6708140150096
			28.3161100518092	-18.6708140150096
			28.354846180471	-18.6708140150096
			28.3935823091328	-18.6708140150096
			28.4323184377947	-18.6708140150096
			28.4710545664565	-18.6320778863477
			28.5097906951184	-18.6320778863477
			28.5485268237802	-18.6320778863477
			28.5872629524421	-18.6320778863477
			28.6259990811039	-18.6320778863477
			28.6647352097658	-18.6320778863477
			28.7034713384276	-18.6320778863477
			28.7422074670895	-18.6320778863477
			28.7809435957513	-18.6320778863477
			28.8196797244131	-18.6320778863477
			28.858415853075	-18.6320778863477
			28.8971519817368	-18.6320778863477
			28.9358881103987	-18.6320778863477
			28.9746242390605	-18.6320778863477
			29.0133603677224	-18.6320778863477
			29.0520964963842	-18.6320778863477
			29.0908326250461	-18.6320778863477
			29.1295687537079	-18.6320778863477
			29.1683048823698	-18.6320778863477
			29.2070410110316	-18.6320778863477
			29.2457771396934	-18.6320778863477
			29.2845132683553	-18.6320778863477
			29.3232493970171	-18.6320778863477
			29.361985525679	-18.5933417576859
			29.4007216543408	-18.5933417576859
			29.4394577830027	-18.5933417576859
			29.4781939116645	-18.5933417576859
			29.5169300403264	-18.5933417576859
			29.5556661689882	-18.5933417576859
			29.5944022976501	-18.5933417576859
			29.6331384263119	-18.5933417576859
			29.6718745549737	-18.5933417576859
			29.7106106836356	-18.5933417576859
			29.7493468122974	-18.5933417576859
			29.7880829409593	-18.5933417576859
			29.8268190696211	-18.5933417576859
			29.865555198283	-18.5933417576859
			29.9042913269448	-18.5933417576859
			29.9430274556067	-18.5933417576859
			29.9817635842685	-18.5546056290241
			30.0204997129304	-18.5546056290241
			30.0592358415922	-18.5546056290241
			30.097971970254	-18.5546056290241
			30.1367080989159	-18.5546056290241
			30.1754442275777	-18.5546056290241
			30.2141803562396	-18.5546056290241
			30.2529164849014	-18.5546056290241
			30.2916526135633	-18.5546056290241
			30.3303887422251	-18.5546056290241
			30.369124870887	-18.5546056290241
			30.4078609995488	-18.5546056290241
			30.4465971282107	-18.5158695003622
			30.4853332568725	-18.5158695003622
			30.5240693855344	-18.5158695003622
			30.5628055141962	-18.5158695003622
			30.601541642858	-18.5158695003622
			30.6402777715199	-18.5158695003622
			30.6790139001817	-18.5158695003622
			30.7177500288436	-18.5158695003622
			30.7564861575054	-18.5158695003622
			30.7952222861673	-18.5158695003622
			30.8339584148291	-18.5158695003622
			30.872694543491	-18.5158695003622
			30.872694543491	-18.4771333717004
			30.9114306721528	-18.4771333717004
			30.9501668008147	-18.4771333717004
			30.9889029294765	-18.4771333717004
			31.0276390581383	-18.4771333717004
			31.0663751868002	-18.4771333717004
			31.105111315462	-18.4771333717004
			31.1438474441239	-18.4771333717004
			31.1825835727857	-18.4771333717004
			31.2213197014476	-18.4383972430385
			31.2600558301094	-18.4383972430385
			31.2987919587713	-18.4383972430385
			31.3375280874331	-18.4383972430385
			31.376264216095	-18.4383972430385
			31.4150003447568	-18.4383972430385
			31.4537364734186	-18.4383972430385
			31.4924726020805	-18.4383972430385
			31.5312087307423	-18.3996611143767
			31.5699448594042	-18.3996611143767
			31.608680988066	-18.3996611143767
			31.6474171167279	-18.3996611143767
			31.6861532453897	-18.3996611143767
			31.7248893740516	-18.3996611143767
			31.7636255027134	-18.3996611143767
			31.7636255027134	-18.3609249857148
			31.8023616313753	-18.3609249857148
			31.8410977600371	-18.3609249857148
			31.8798338886989	-18.3609249857148
			31.9185700173608	-18.3609249857148
			31.9573061460226	-18.3609249857148
			31.9960422746845	-18.3609249857148
			31.9960422746845	-18.322188857053
			32.0347784033463	-18.322188857053
			32.0735145320082	-18.322188857053
			32.11225066067	-18.322188857053
		</Snout_dorsal>
		<Dorsal_adipose type=matrix rownames=FALSE colnames=FALSE nrow=279 ncol=2 as.numeric=TRUE >
			32.11225066067	-18.322188857053
			32.1509867893319	-18.322188857053
			32.1897229179937	-18.3609249857148
			32.2284590466556	-18.3609249857148
			32.2671951753174	-18.3996611143767
			32.3059313039792	-18.3996611143767
			32.3446674326411	-18.3996611143767
			32.3834035613029	-18.4383972430385
			32.4221396899648	-18.4383972430385
			32.4608758186266	-18.4383972430385
			32.4996119472885	-18.4771333717004
			32.5383480759503	-18.4771333717004
			32.5770842046122	-18.4771333717004
			32.615820333274	-18.5158695003622
			32.6545564619359	-18.5158695003622
			32.6932925905977	-18.5546056290241
			32.7320287192596	-18.5546056290241
			32.7707648479214	-18.5546056290241
			32.8095009765832	-18.5933417576859
			32.8482371052451	-18.5933417576859
			32.8869732339069	-18.5933417576859
			32.9257093625688	-18.5933417576859
			32.9644454912306	-18.6320778863477
			33.0031816198925	-18.6320778863477
			33.0419177485543	-18.6320778863477
			33.0806538772162	-18.6708140150096
			33.119390005878	-18.6708140150096
			33.1581261345398	-18.6708140150096
			33.1968622632017	-18.7095501436714
			33.2355983918635	-18.7095501436714
			33.2743345205254	-18.7095501436714
			33.3130706491872	-18.7482862723333
			33.3518067778491	-18.7482862723333
			33.3905429065109	-18.7482862723333
			33.4292790351728	-18.7482862723333
			33.4680151638346	-18.7870224009951
			33.5067512924965	-18.7870224009951
			33.5454874211583	-18.7870224009951
			33.5842235498202	-18.825758529657
			33.622959678482	-18.825758529657
			33.6616958071438	-18.825758529657
			33.7004319358057	-18.825758529657
			33.7391680644675	-18.8644946583188
			33.7779041931294	-18.8644946583188
			33.8166403217912	-18.8644946583188
			33.8553764504531	-18.9032307869807
			33.8941125791149	-18.9032307869807
			33.9328487077768	-18.9032307869807
			33.9715848364386	-18.9032307869807
			34.0103209651005	-18.9419669156425
			34.0490570937623	-18.9419669156425
			34.0877932224241	-18.9419669156425
			34.126529351086	-18.9807030443044
			34.1652654797478	-18.9807030443044
			34.2040016084097	-18.9807030443044
			34.2427377370715	-18.9807030443044
			34.2814738657334	-19.0194391729662
			34.3202099943952	-19.0194391729662
			34.3589461230571	-19.0194391729662
			34.3976822517189	-19.0194391729662
			34.4364183803808	-19.058175301628
			34.4751545090426	-19.058175301628
			34.5138906377044	-19.058175301628
			34.5526267663663	-19.058175301628
			34.5913628950281	-19.0969114302899
			34.63009902369	-19.0969114302899
			34.6688351523518	-19.0969114302899
			34.7075712810137	-19.0969114302899
			34.7463074096755	-19.1356475589517
			34.7850435383374	-19.1356475589517
			34.8237796669992	-19.1356475589517
			34.8625157956611	-19.1356475589517
			34.9012519243229	-19.1356475589517
			34.9399880529848	-19.1743836876136
			34.9787241816466	-19.1743836876136
			35.0174603103084	-19.1743836876136
			35.0561964389703	-19.1743836876136
			35.0949325676321	-19.2131198162754
			35.133668696294	-19.2131198162754
			35.1724048249558	-19.2131198162754
			35.2111409536177	-19.2131198162754
			35.2498770822795	-19.2131198162754
			35.2886132109414	-19.2518559449373
			35.3273493396032	-19.2518559449373
			35.3660854682651	-19.2518559449373
			35.4048215969269	-19.2518559449373
			35.4435577255887	-19.2905920735991
			35.4822938542506	-19.2905920735991
			35.5210299829124	-19.2905920735991
			35.5597661115743	-19.2905920735991
			35.5985022402361	-19.2905920735991
			35.637238368898	-19.329328202261
			35.6759744975598	-19.329328202261
			35.7147106262217	-19.329328202261
			35.7534467548835	-19.329328202261
			35.7921828835454	-19.3680643309228
			35.8309190122072	-19.3680643309228
			35.869655140869	-19.3680643309228
			35.9083912695309	-19.3680643309228
			35.9471273981927	-19.3680643309228
			35.9858635268546	-19.4068004595847
			36.0245996555164	-19.4068004595847
			36.0633357841783	-19.4068004595847
			36.1020719128401	-19.4068004595847
			36.140808041502	-19.4068004595847
			36.1795441701638	-19.4455365882465
			36.2182802988257	-19.4455365882465
			36.2570164274875	-19.4455365882465
			36.2957525561493	-19.4455365882465
			36.3344886848112	-19.4455365882465
			36.373224813473	-19.4842727169083
			36.4119609421349	-19.4842727169083
			36.4506970707967	-19.4842727169083
			36.4894331994586	-19.4842727169083
			36.5281693281204	-19.4842727169083
			36.5669054567823	-19.4842727169083
			36.6056415854441	-19.5230088455702
			36.644377714106	-19.5230088455702
			36.6831138427678	-19.5230088455702
			36.7218499714296	-19.5230088455702
			36.7605861000915	-19.5230088455702
			36.7993222287533	-19.561744974232
			36.8380583574152	-19.561744974232
			36.876794486077	-19.561744974232
			36.9155306147389	-19.561744974232
			36.9542667434007	-19.561744974232
			36.9930028720626	-19.561744974232
			37.0317390007244	-19.6004811028939
			37.0704751293863	-19.6004811028939
			37.1092112580481	-19.6004811028939
			37.14794738671	-19.6004811028939
			37.1866835153718	-19.6004811028939
			37.2254196440336	-19.6004811028939
			37.2254196440336	-19.6392172315557
			37.2641557726955	-19.6392172315557
			37.3028919013573	-19.6392172315557
			37.3416280300192	-19.6392172315557
			37.380364158681	-19.6392172315557
			37.4191002873429	-19.6392172315557
			37.4578364160047	-19.6392172315557
			37.4965725446666	-19.6779533602176
			37.5353086733284	-19.6779533602176
			37.5740448019903	-19.6779533602176
			37.6127809306521	-19.6779533602176
			37.6515170593139	-19.6779533602176
			37.6902531879758	-19.7166894888794
			37.7289893166376	-19.7166894888794
			37.7677254452995	-19.7166894888794
			37.8064615739613	-19.7166894888794
			37.8451977026232	-19.7166894888794
			37.883933831285	-19.7166894888794
			37.9226699599469	-19.7166894888794
			37.9614060886087	-19.7554256175413
			38.0001422172706	-19.7554256175413
			38.0388783459324	-19.7554256175413
			38.0776144745942	-19.7554256175413
			38.1163506032561	-19.7554256175413
			38.1550867319179	-19.7554256175413
			38.1938228605798	-19.7941617462031
			38.2325589892416	-19.7941617462031
			38.2712951179035	-19.7941617462031
			38.3100312465653	-19.7941617462031
			38.3487673752272	-19.7941617462031
			38.387503503889	-19.7941617462031
			38.4262396325509	-19.832897874865
			38.4649757612127	-19.832897874865
			38.5037118898745	-19.832897874865
			38.5424480185364	-19.832897874865
			38.5811841471982	-19.832897874865
			38.6199202758601	-19.832897874865
			38.6586564045219	-19.832897874865
			38.6586564045219	-19.8716340035268
			38.6973925331838	-19.8716340035268
			38.7361286618456	-19.8716340035268
			38.7748647905075	-19.8716340035268
			38.8136009191693	-19.8716340035268
			38.8523370478312	-19.8716340035268
			38.891073176493	-19.9103701321886
			38.9298093051548	-19.9103701321886
			38.9685454338167	-19.9103701321886
			39.0072815624785	-19.9103701321886
			39.0460176911404	-19.9103701321886
			39.0847538198022	-19.9103701321886
			39.1234899484641	-19.9103701321886
			39.1234899484641	-19.9491062608505
			39.1622260771259	-19.9491062608505
			39.2009622057878	-19.9491062608505
			39.2396983344496	-19.9491062608505
			39.2784344631115	-19.9491062608505
			39.3171705917733	-19.9491062608505
			39.3559067204352	-19.9878423895123
			39.394642849097	-19.9878423895123
			39.4333789777588	-19.9878423895123
			39.4721151064207	-19.9878423895123
			39.5108512350825	-19.9878423895123
			39.5495873637444	-19.9878423895123
			39.5883234924062	-20.0265785181742
			39.6270596210681	-20.0265785181742
			39.6657957497299	-20.0265785181742
			39.7045318783918	-20.0265785181742
			39.7432680070536	-20.0265785181742
			39.7820041357155	-20.0265785181742
			39.8207402643773	-20.065314646836
			39.8594763930391	-20.065314646836
			39.898212521701	-20.065314646836
			39.9369486503628	-20.065314646836
			39.9756847790247	-20.065314646836
			40.0144209076865	-20.065314646836
			40.0531570363484	-20.1040507754979
			40.0918931650102	-20.1040507754979
			40.1306292936721	-20.1040507754979
			40.1693654223339	-20.1040507754979
			40.2081015509958	-20.1040507754979
			40.2468376796576	-20.1040507754979
			40.2855738083194	-20.1427869041597
			40.3243099369813	-20.1427869041597
			40.3630460656431	-20.1427869041597
			40.401782194305	-20.1427869041597
			40.4405183229668	-20.1427869041597
			40.4792544516287	-20.1427869041597
			40.5179905802905	-20.1427869041597
			40.5567267089524	-20.1815230328216
			40.5954628376142	-20.1815230328216
			40.6341989662761	-20.1815230328216
			40.6729350949379	-20.1815230328216
			40.7116712235998	-20.1815230328216
			40.7504073522616	-20.2202591614834
			40.7891434809234	-20.2202591614834
			40.8278796095853	-20.2202591614834
			40.8666157382471	-20.2202591614834
			40.905351866909	-20.2202591614834
			40.9440879955708	-20.2202591614834
			40.9828241242327	-20.2202591614834
			41.0215602528945	-20.2589952901453
			41.0602963815564	-20.2589952901453
			41.0990325102182	-20.2589952901453
			41.13776863888	-20.2589952901453
			41.1765047675419	-20.2589952901453
			41.2152408962037	-20.2589952901453
			41.2539770248656	-20.2589952901453
			41.2927131535274	-20.2589952901453
			41.3314492821893	-20.2977314188071
			41.3701854108511	-20.2977314188071
			41.408921539513	-20.2977314188071
			41.4476576681748	-20.2977314188071
			41.4863937968367	-20.2977314188071
			41.5251299254985	-20.2977314188071
			41.5638660541603	-20.2977314188071
			41.6026021828222	-20.2977314188071
			41.641338311484	-20.2977314188071
			41.6800744401459	-20.2977314188071
			41.7188105688077	-20.2977314188071
			41.7575466974696	-20.2977314188071
			41.7962828261314	-20.2977314188071
			41.8350189547933	-20.2977314188071
			41.8737550834551	-20.2977314188071
			41.912491212117	-20.2977314188071
			41.9512273407788	-20.2977314188071
			41.9899634694407	-20.2977314188071
			42.0286995981025	-20.2977314188071
			42.0674357267643	-20.2977314188071
			42.1061718554262	-20.2977314188071
			42.144907984088	-20.2977314188071
			42.1836441127499	-20.2977314188071
			42.2223802414117	-20.2977314188071
			42.2611163700736	-20.2977314188071
			42.2998524987354	-20.2977314188071
			42.3385886273973	-20.2977314188071
			42.3773247560591	-20.2977314188071
			42.416060884721	-20.2977314188071
			42.4547970133828	-20.2977314188071
			42.4935331420446	-20.2977314188071
			42.5322692707065	-20.2977314188071
			42.5710053993683	-20.2977314188071
			42.6097415280302	-20.2589952901453
			42.648477656692	-20.2589952901453
			42.6872137853539	-20.2589952901453
			42.7259499140157	-20.2589952901453
			42.7646860426776	-20.2589952901453
		</Dorsal_adipose>
		<Adipose_caudal type=matrix rownames=FALSE colnames=FALSE nrow=155 ncol=2 as.numeric=TRUE >
			42.7646860426776	-20.2589952901453
			42.8034221713394	-20.2589952901453
			42.8421583000013	-20.2589952901453
			42.8808944286631	-20.2589952901453
			42.919630557325	-20.2589952901453
			42.9583666859868	-20.2977314188071
			42.9971028146486	-20.2977314188071
			43.0358389433105	-20.2977314188071
			43.0745750719723	-20.2977314188071
			43.1133112006342	-20.336467547469
			43.152047329296	-20.336467547469
			43.1907834579579	-20.336467547469
			43.2295195866197	-20.3752036761308
			43.2682557152816	-20.3752036761308
			43.3069918439434	-20.4139398047926
			43.3457279726053	-20.4139398047926
			43.3457279726053	-20.4526759334545
			43.3844641012671	-20.4526759334545
			43.4232002299289	-20.4914120621163
			43.4619363585908	-20.5301481907782
			43.5006724872526	-20.56888431944
			43.5394086159145	-20.6076204481019
			43.5394086159145	-20.6463565767637
			43.5781447445763	-20.6850927054256
			43.5781447445763	-20.7238288340874
			43.6168808732382	-20.7625649627493
			43.6556170019	-20.8013010914111
			43.6943531305619	-20.8400372200729
			43.7330892592237	-20.8400372200729
			43.7718253878855	-20.8400372200729
			43.8105615165474	-20.8400372200729
			43.8492976452092	-20.8787733487348
			43.8880337738711	-20.8787733487348
			43.9267699025329	-20.8787733487348
			43.9655060311948	-20.8787733487348
			43.9655060311948	-20.9175094773966
			44.0042421598566	-20.9175094773966
			44.0429782885185	-20.9175094773966
			44.0817144171803	-20.9175094773966
			44.1204505458422	-20.9562456060585
			44.159186674504	-20.9562456060585
			44.1979228031659	-20.9562456060585
			44.2366589318277	-20.9562456060585
			44.2753950604895	-20.9949817347203
			44.3141311891514	-20.9949817347203
			44.3528673178132	-20.9949817347203
			44.3916034464751	-20.9949817347203
			44.4303395751369	-21.0337178633822
			44.4690757037988	-21.0337178633822
			44.5078118324606	-21.0337178633822
			44.5465479611225	-21.072453992044
			44.5852840897843	-21.072453992044
			44.6240202184462	-21.072453992044
			44.662756347108	-21.072453992044
			44.7014924757698	-21.1111901207059
			44.7402286044317	-21.1111901207059
			44.7789647330935	-21.1111901207059
			44.8177008617554	-21.1111901207059
			44.8564369904172	-21.1499262493677
			44.8951731190791	-21.1499262493677
			44.9339092477409	-21.1499262493677
			44.9726453764028	-21.1499262493677
			45.0113815050646	-21.1499262493677
			45.0501176337265	-21.1886623780296
			45.0888537623883	-21.1886623780296
			45.1275898910501	-21.1886623780296
			45.166326019712	-21.2273985066914
			45.2050621483738	-21.2273985066914
			45.2437982770357	-21.2273985066914
			45.2825344056975	-21.2273985066914
			45.3212705343594	-21.2661346353532
			45.3600066630212	-21.2661346353532
			45.3987427916831	-21.2661346353532
			45.4374789203449	-21.2661346353532
			45.4762150490068	-21.3048707640151
			45.5149511776686	-21.3048707640151
			45.5536873063305	-21.3048707640151
			45.5924234349923	-21.3048707640151
			45.6311595636541	-21.3436068926769
			45.669895692316	-21.3436068926769
			45.7086318209778	-21.3436068926769
			45.7473679496397	-21.3436068926769
			45.7861040783015	-21.3436068926769
			45.7861040783015	-21.3823430213388
			45.8248402069634	-21.3823430213388
			45.8635763356252	-21.3823430213388
			45.9023124642871	-21.3823430213388
			45.9410485929489	-21.3823430213388
			45.9797847216108	-21.4210791500006
			46.0185208502726	-21.4210791500006
			46.0572569789344	-21.4210791500006
			46.0959931075963	-21.4210791500006
			46.1347292362581	-21.4210791500006
			46.17346536492	-21.4598152786625
			46.2122014935818	-21.4598152786625
			46.2509376222437	-21.4598152786625
			46.2896737509055	-21.4598152786625
			46.3284098795674	-21.4985514073243
			46.3671460082292	-21.4985514073243
			46.4058821368911	-21.4985514073243
			46.4446182655529	-21.4985514073243
			46.4833543942147	-21.4985514073243
			46.5220905228766	-21.5372875359862
			46.5608266515384	-21.5372875359862
			46.5995627802003	-21.5372875359862
			46.6382989088621	-21.5372875359862
			46.677035037524	-21.5372875359862
			46.677035037524	-21.576023664648
			46.7157711661858	-21.576023664648
			46.7545072948477	-21.576023664648
			46.7932434235095	-21.576023664648
			46.8319795521714	-21.576023664648
			46.8707156808332	-21.576023664648
			46.909451809495	-21.6147597933099
			46.9481879381569	-21.6147597933099
			46.9869240668187	-21.6147597933099
			47.0256601954806	-21.6147597933099
			47.0643963241424	-21.6147597933099
			47.1031324528043	-21.6147597933099
			47.1418685814661	-21.6147597933099
			47.180604710128	-21.6534959219717
			47.2193408387898	-21.6534959219717
			47.2580769674517	-21.6534959219717
			47.2968130961135	-21.6534959219717
			47.3355492247753	-21.6534959219717
			47.3742853534372	-21.6534959219717
			47.413021482099	-21.6534959219717
			47.4517576107609	-21.6534959219717
			47.4904937394227	-21.6534959219717
			47.5292298680846	-21.6534959219717
			47.5679659967464	-21.6534959219717
			47.6067021254083	-21.6534959219717
			47.6454382540701	-21.6534959219717
			47.684174382732	-21.6534959219717
			47.7229105113938	-21.6534959219717
			47.7616466400557	-21.6534959219717
			47.8003827687175	-21.6147597933099
			47.8391188973793	-21.6147597933099
			47.8778550260412	-21.6147597933099
			47.916591154703	-21.6147597933099
			47.9553272833649	-21.6147597933099
			47.9940634120267	-21.6147597933099
			48.0327995406886	-21.576023664648
			48.0715356693504	-21.576023664648
			48.1102717980123	-21.576023664648
			48.1490079266741	-21.576023664648
			48.187744055336	-21.576023664648
			48.2264801839978	-21.576023664648
			48.2652163126596	-21.576023664648
			48.3039524413215	-21.6147597933099
			48.3426885699833	-21.6147597933099
			48.3814246986452	-21.6147597933099
			48.420160827307	-21.6147597933099
			48.4588969559689	-21.6534959219717
			48.4976330846307	-21.6922320506335
		</Adipose_caudal>
		<Caudal_anal type=matrix rownames=FALSE colnames=FALSE nrow=250 ncol=2 as.numeric=TRUE >
			47.9940634120267	-25.2172197588615
			47.9553272833649	-25.2172197588615
			47.916591154703	-25.2172197588615
			47.8778550260412	-25.2559558875233
			47.8391188973793	-25.2559558875233
			47.8003827687175	-25.2559558875233
			47.7616466400557	-25.2559558875233
			47.7229105113938	-25.2559558875233
			47.684174382732	-25.2559558875233
			47.6454382540701	-25.2559558875233
			47.6067021254083	-25.2559558875233
			47.5679659967464	-25.2172197588615
			47.5292298680846	-25.2172197588615
			47.4904937394227	-25.2172197588615
			47.4517576107609	-25.2172197588615
			47.413021482099	-25.1784836301997
			47.3742853534372	-25.1784836301997
			47.3355492247753	-25.1784836301997
			47.2968130961135	-25.1784836301997
			47.2580769674517	-25.1397475015378
			47.2193408387898	-25.1397475015378
			47.180604710128	-25.1397475015378
			47.1418685814661	-25.1397475015378
			47.1031324528043	-25.101011372876
			47.0643963241424	-25.101011372876
			47.0256601954806	-25.0622752442141
			46.9869240668187	-25.0622752442141
			46.9481879381569	-25.0622752442141
			46.909451809495	-25.0235391155523
			46.8707156808332	-25.0235391155523
			46.8319795521714	-25.0235391155523
			46.7932434235095	-25.0235391155523
			46.7545072948477	-25.0235391155523
			46.7157711661858	-25.0235391155523
			46.677035037524	-24.9848029868904
			46.6382989088621	-24.9848029868904
			46.5995627802003	-24.9848029868904
			46.5608266515384	-24.9848029868904
			46.5220905228766	-24.9848029868904
			46.4833543942147	-24.9848029868904
			46.4446182655529	-24.9848029868904
			46.4058821368911	-24.9848029868904
			46.3671460082292	-24.9848029868904
			46.3284098795674	-24.9848029868904
			46.2896737509055	-24.9460668582286
			46.2509376222437	-24.9460668582286
			46.2122014935818	-24.9460668582286
			46.17346536492	-24.9460668582286
			46.1347292362581	-24.9460668582286
			46.0959931075963	-24.9460668582286
			46.0572569789344	-24.9460668582286
			46.0185208502726	-24.9460668582286
			45.9797847216108	-24.9460668582286
			45.9410485929489	-24.9460668582286
			45.9023124642871	-24.9460668582286
			45.8635763356252	-24.9460668582286
			45.8248402069634	-24.9460668582286
			45.7861040783015	-24.9460668582286
			45.7473679496397	-24.9460668582286
			45.7086318209778	-24.9073307295667
			45.669895692316	-24.9073307295667
			45.6311595636541	-24.9073307295667
			45.5924234349923	-24.9073307295667
			45.5536873063305	-24.9073307295667
			45.5149511776686	-24.9073307295667
			45.4762150490068	-24.9073307295667
			45.4374789203449	-24.9073307295667
			45.3987427916831	-24.9073307295667
			45.3600066630212	-24.9073307295667
			45.3212705343594	-24.9073307295667
			45.2825344056975	-24.9073307295667
			45.2437982770357	-24.9073307295667
			45.2050621483738	-24.9073307295667
			45.166326019712	-24.9073307295667
			45.1275898910501	-24.9073307295667
			45.0888537623883	-24.9073307295667
			45.0501176337265	-24.9073307295667
			45.0113815050646	-24.9073307295667
			44.9726453764028	-24.9073307295667
			44.9339092477409	-24.9073307295667
			44.8951731190791	-24.9073307295667
			44.8564369904172	-24.9073307295667
			44.8177008617554	-24.9073307295667
			44.7789647330935	-24.9073307295667
			44.7402286044317	-24.9073307295667
			44.7014924757698	-24.9073307295667
			44.662756347108	-24.8685946009049
			44.6240202184462	-24.8685946009049
			44.5852840897843	-24.8685946009049
			44.5465479611225	-24.8685946009049
			44.5078118324606	-24.8685946009049
			44.4690757037988	-24.8685946009049
			44.4303395751369	-24.8685946009049
			44.3916034464751	-24.8685946009049
			44.3528673178132	-24.8685946009049
			44.3141311891514	-24.8685946009049
			44.2753950604895	-24.8685946009049
			44.2366589318277	-24.8685946009049
			44.1979228031659	-24.8685946009049
			44.159186674504	-24.8685946009049
			44.1204505458422	-24.8685946009049
			44.0817144171803	-24.8685946009049
			44.0429782885185	-24.8685946009049
			44.0042421598566	-24.8685946009049
			43.9655060311948	-24.8685946009049
			43.9267699025329	-24.8685946009049
			43.8880337738711	-24.9073307295667
			43.8492976452092	-24.9073307295667
			43.8105615165474	-24.9073307295667
			43.7718253878855	-24.9073307295667
			43.7330892592237	-24.9073307295667
			43.6943531305619	-24.9073307295667
			43.6556170019	-24.9073307295667
			43.6168808732382	-24.9073307295667
			43.5781447445763	-24.9073307295667
			43.5394086159145	-24.9073307295667
			43.5006724872526	-24.9073307295667
			43.4619363585908	-24.9073307295667
			43.4232002299289	-24.9073307295667
			43.3844641012671	-24.9073307295667
			43.3457279726053	-24.9073307295667
			43.3069918439434	-24.9073307295667
			43.2682557152816	-24.9073307295667
			43.2295195866197	-24.9073307295667
			43.1907834579579	-24.9073307295667
			43.152047329296	-24.9073307295667
			43.1133112006342	-24.9073307295667
			43.0745750719723	-24.9460668582286
			43.0358389433105	-24.9460668582286
			42.9971028146486	-24.9460668582286
			42.9583666859868	-24.9848029868904
			42.919630557325	-24.9848029868904
			42.8808944286631	-24.9848029868904
			42.8421583000013	-24.9848029868904
			42.8034221713394	-25.0235391155523
			42.7646860426776	-25.0235391155523
			42.7259499140157	-25.0235391155523
			42.6872137853539	-25.0235391155523
			42.648477656692	-25.0622752442141
			42.6097415280302	-25.0622752442141
			42.5710053993683	-25.0622752442141
			42.5322692707065	-25.0622752442141
			42.4935331420446	-25.0622752442141
			42.4547970133828	-25.0622752442141
			42.416060884721	-25.101011372876
			42.3773247560591	-25.101011372876
			42.3385886273973	-25.101011372876
			42.2998524987354	-25.101011372876
			42.2611163700736	-25.101011372876
			42.2223802414117	-25.101011372876
			42.1836441127499	-25.1397475015378
			42.144907984088	-25.1397475015378
			42.1061718554262	-25.1397475015378
			42.0674357267643	-25.1397475015378
			42.0286995981025	-25.1397475015378
			41.9899634694407	-25.1397475015378
			41.9512273407788	-25.1397475015378
			41.912491212117	-25.1397475015378
			41.8737550834551	-25.1784836301997
			41.8350189547933	-25.1784836301997
			41.7962828261314	-25.1784836301997
			41.7575466974696	-25.1784836301997
			41.7188105688077	-25.1784836301997
			41.6800744401459	-25.1784836301997
			41.641338311484	-25.1784836301997
			41.6026021828222	-25.1784836301997
			41.5638660541603	-25.1784836301997
			41.5251299254985	-25.1784836301997
			41.4863937968367	-25.1784836301997
			41.4476576681748	-25.1784836301997
			41.408921539513	-25.1784836301997
			41.3701854108511	-25.2172197588615
			41.3314492821893	-25.2172197588615
			41.2927131535274	-25.2172197588615
			41.2539770248656	-25.2172197588615
			41.2152408962037	-25.2172197588615
			41.1765047675419	-25.2172197588615
			41.13776863888	-25.2172197588615
			41.0990325102182	-25.2172197588615
			41.0602963815564	-25.2172197588615
			41.0215602528945	-25.2172197588615
			40.9828241242327	-25.2172197588615
			40.9440879955708	-25.2172197588615
			40.905351866909	-25.2172197588615
			40.8666157382471	-25.2172197588615
			40.8278796095853	-25.2172197588615
			40.7891434809234	-25.2172197588615
			40.7504073522616	-25.2172197588615
			40.7116712235998	-25.2172197588615
			40.6729350949379	-25.2172197588615
			40.6341989662761	-25.2172197588615
			40.5954628376142	-25.2172197588615
			40.5567267089524	-25.2172197588615
			40.5179905802905	-25.2559558875233
			40.4792544516287	-25.2559558875233
			40.4405183229668	-25.2559558875233
			40.401782194305	-25.2559558875233
			40.3630460656431	-25.2559558875233
			40.3243099369813	-25.2559558875233
			40.2855738083194	-25.2559558875233
			40.2468376796576	-25.2559558875233
			40.2081015509958	-25.2559558875233
			40.1693654223339	-25.2559558875233
			40.1306292936721	-25.2559558875233
			40.0918931650102	-25.2559558875233
			40.0531570363484	-25.2559558875233
			40.0531570363484	-25.2946920161852
			40.0144209076865	-25.2946920161852
			39.9756847790247	-25.2946920161852
			39.9369486503628	-25.2946920161852
			39.898212521701	-25.2946920161852
			39.8594763930391	-25.2946920161852
			39.8207402643773	-25.2946920161852
			39.7820041357155	-25.2946920161852
			39.7432680070536	-25.2946920161852
			39.7045318783918	-25.333428144847
			39.6657957497299	-25.333428144847
			39.6270596210681	-25.333428144847
			39.5883234924062	-25.333428144847
			39.5495873637444	-25.333428144847
			39.5108512350825	-25.333428144847
			39.4721151064207	-25.333428144847
			39.4333789777588	-25.3721642735089
			39.394642849097	-25.3721642735089
			39.3559067204352	-25.3721642735089
			39.3171705917733	-25.3721642735089
			39.2784344631115	-25.3721642735089
			39.2396983344496	-25.3721642735089
			39.2009622057878	-25.3721642735089
			39.1622260771259	-25.4109004021707
			39.1234899484641	-25.4109004021707
			39.0847538198022	-25.4109004021707
			39.0460176911404	-25.4109004021707
			39.0072815624785	-25.4109004021707
			38.9685454338167	-25.4496365308326
			38.9298093051548	-25.4496365308326
			38.891073176493	-25.4496365308326
			38.8523370478312	-25.4496365308326
			38.8136009191693	-25.4883726594944
			38.7748647905075	-25.4883726594944
			38.7361286618456	-25.4883726594944
			38.6973925331838	-25.4883726594944
			38.6586564045219	-25.4883726594944
			38.6199202758601	-25.5271087881563
			38.5811841471982	-25.5271087881563
			38.5424480185364	-25.5271087881563
			38.5037118898745	-25.5271087881563
			38.4649757612127	-25.5658449168181
			38.4262396325509	-25.5658449168181
			38.387503503889	-25.5658449168181
		</Caudal_anal>
	</curves.scaled>
	<ruler.points type=matrix rownames=TRUE colnames=FALSE nrow=3 ncol=2 as.numeric=TRUE >
		Ruler point 1	692	783
		Ruler point 2	822	788
		Ruler point 3	950	792
	</ruler.points>
</shapes>

