<shapes type=list>
	<ruler.pixel type=vector names=FALSE length=1 as.numeric=TRUE >118.737107999088</ruler.pixel>
	<ruler.interval type=vector names=FALSE length=1 as.numeric=TRUE >5</ruler.interval>
	<scaling.units type=vector names=FALSE length=1 as.numeric=FALSE >mm</scaling.units>
	<scaling type=vector names=FALSE length=1 as.numeric=TRUE >0.0421098347791865</scaling>
	<landmarks.pixel type=matrix rownames=TRUE colnames=FALSE nrow=11 ncol=2 as.numeric=TRUE >
		Anterior_eye	474	666
		Posterior_eye	572	662
		Posterior_Maxilla	618	746
		Anterior_Maxilla	464	705
		Dorsal_fin_insertion	920	520
		Adipose_fin_insertion	1244	597
		Dorsal_caudal	1419	631
		Ventral_caudal	1411	743
		Anal_fin_insertion	1096	763
		Pelvic_fin_insertion	903	738
		Pectoral_fin_insertion	735	714
	</landmarks.pixel>
	<landmarks.scaled type=matrix rownames=TRUE colnames=FALSE nrow=11 ncol=2 as.numeric=TRUE >
		Anterior_eye	19.9600616853344	-28.0451499629382
		Posterior_eye	24.0868254936947	-27.8767106238215
		Posterior_Maxilla	26.0238778935373	-31.4139367452731
		Anterior_Maxilla	19.5389633375425	-29.6874335193265
		Dorsal_fin_insertion	38.7410479968516	-21.897114085177
		Adipose_fin_insertion	52.384634465308	-25.1395713631743
		Dorsal_caudal	59.7538555516656	-26.5713057456667
		Ventral_caudal	59.4169768734321	-31.2876072409356
		Anal_fin_insertion	46.1523789179884	-32.1298039365193
		Pelvic_fin_insertion	38.0251808056054	-31.0770580670396
		Pectoral_fin_insertion	30.9507285627021	-30.0664220323392
	</landmarks.scaled>
	<curves.control type=list>
		<Snout_dorsal type=matrix rownames=FALSE colnames=FALSE nrow=7 ncol=2 as.numeric=TRUE >
			464	705
			436	672
			469	623
			546	552
			707	531
			815	519
			920	520
		</Snout_dorsal>
		<Dorsal_adipose type=matrix rownames=FALSE colnames=FALSE nrow=5 ncol=2 as.numeric=TRUE >
			920	520
			980	541
			1077	574
			1202	598
			1244	597
		</Dorsal_adipose>
		<Adipose_caudal type=matrix rownames=FALSE colnames=FALSE nrow=7 ncol=2 as.numeric=TRUE >
			1244	597
			1266	600
			1270	611
			1365	630
			1387	630
			1408	627
			1419	631
		</Adipose_caudal>
		<Caudal_anal type=matrix rownames=FALSE colnames=FALSE nrow=7 ncol=2 as.numeric=TRUE >
			1411	743
			1400	746
			1382	740
			1337	736
			1287	742
			1177	754
			1096	763
		</Caudal_anal>
	</curves.control>
	<curves.pixel type=list>
		<Snout_dorsal type=matrix rownames=FALSE colnames=FALSE nrow=547 ncol=2 as.numeric=TRUE >
			464	705
			463	704
			462	703
			462	702
			461	701
			460	700
			460	699
			459	699
			459	698
			458	697
			458	696
			457	695
			457	694
			456	693
			456	692
			455	691
			455	690
			455	689
			454	688
			454	687
			453	687
			453	686
			453	685
			453	684
			452	683
			452	682
			452	681
			452	680
			452	679
			452	678
			451	677
			451	676
			451	675
			451	674
			451	673
			451	672
			451	671
			451	670
			451	669
			451	668
			451	667
			451	666
			452	665
			452	664
			452	663
			452	662
			452	661
			452	660
			453	659
			453	658
			453	657
			453	656
			453	655
			454	654
			454	653
			454	652
			455	651
			455	650
			455	649
			456	648
			456	647
			456	646
			457	645
			457	644
			458	643
			458	642
			459	641
			459	640
			460	639
			460	638
			461	637
			461	636
			462	635
			462	634
			463	633
			463	632
			464	631
			465	630
			465	629
			466	628
			467	627
			467	626
			468	625
			468	624
			469	624
			469	623
			470	622
			471	621
			472	620
			473	619
			474	618
			475	617
			476	616
			477	616
			478	615
			479	614
			480	613
			481	612
			482	612
			483	611
			484	610
			485	610
			485	609
			486	609
			487	608
			488	607
			489	607
			490	606
			490	605
			491	605
			492	604
			493	604
			494	603
			495	602
			496	602
			496	601
			497	601
			498	600
			499	599
			500	599
			501	598
			502	598
			503	597
			503	596
			504	596
			505	595
			506	595
			507	594
			508	593
			509	593
			510	592
			511	592
			512	591
			513	591
			514	590
			515	590
			516	589
			516	588
			517	588
			518	587
			519	587
			520	586
			521	586
			522	585
			523	585
			524	584
			525	584
			526	583
			527	583
			528	582
			529	581
			530	581
			531	580
			532	580
			533	579
			534	579
			535	578
			536	578
			537	577
			538	577
			539	576
			540	576
			541	575
			542	575
			543	575
			544	574
			545	574
			546	573
			547	573
			548	573
			548	572
			549	572
			550	572
			551	571
			552	571
			553	570
			554	570
			555	569
			556	569
			557	569
			558	568
			559	568
			560	567
			561	567
			562	567
			563	566
			564	566
			565	565
			566	565
			567	565
			568	564
			569	564
			570	563
			571	563
			572	563
			573	562
			574	562
			575	562
			576	561
			577	561
			578	561
			579	560
			580	560
			581	559
			582	559
			583	559
			584	558
			585	558
			586	558
			587	557
			588	557
			589	557
			590	556
			591	556
			592	556
			593	555
			594	555
			595	555
			596	554
			597	554
			598	554
			599	554
			599	553
			600	553
			601	553
			602	553
			603	552
			604	552
			605	552
			606	552
			606	551
			607	551
			608	551
			609	551
			610	550
			611	550
			612	550
			613	549
			614	549
			615	549
			616	549
			617	548
			618	548
			619	548
			620	548
			621	547
			622	547
			623	547
			624	547
			625	546
			626	546
			627	546
			628	546
			629	545
			630	545
			631	545
			632	545
			633	544
			634	544
			635	544
			636	544
			637	543
			638	543
			639	543
			640	543
			641	543
			642	542
			643	542
			644	542
			645	542
			646	541
			647	541
			648	541
			649	541
			650	541
			651	540
			652	540
			653	540
			654	540
			655	539
			656	539
			657	539
			658	539
			659	539
			660	539
			661	538
			662	538
			663	538
			664	538
			665	538
			666	537
			667	537
			668	537
			669	537
			670	537
			671	537
			672	536
			673	536
			674	536
			675	536
			676	536
			677	536
			677	535
			678	535
			679	535
			680	535
			681	535
			682	535
			683	534
			684	534
			685	534
			686	534
			687	534
			688	534
			689	534
			690	533
			691	533
			692	533
			693	533
			694	533
			695	533
			696	533
			697	532
			698	532
			699	532
			700	532
			701	532
			702	532
			703	532
			704	531
			705	531
			706	531
			707	531
			708	531
			709	531
			710	531
			711	531
			712	530
			713	530
			714	530
			715	530
			716	530
			717	530
			718	530
			719	530
			720	530
			721	530
			722	529
			723	529
			724	529
			725	529
			726	529
			727	529
			728	529
			729	529
			730	529
			731	528
			732	528
			733	528
			734	528
			735	528
			736	528
			737	528
			738	528
			739	528
			740	528
			741	528
			742	527
			743	527
			744	527
			745	527
			746	527
			747	527
			748	527
			749	527
			750	527
			751	527
			752	527
			753	526
			754	526
			755	526
			756	526
			757	526
			758	526
			759	526
			760	526
			761	526
			762	526
			763	526
			764	526
			765	525
			766	525
			767	525
			768	525
			769	525
			770	525
			771	525
			772	525
			773	525
			774	525
			775	525
			776	525
			777	525
			778	525
			779	524
			780	524
			781	524
			782	524
			783	524
			784	524
			785	524
			786	524
			787	524
			788	524
			789	524
			790	524
			791	524
			792	524
			793	524
			794	523
			795	523
			796	523
			797	523
			798	523
			799	523
			800	523
			801	523
			802	523
			803	523
			804	523
			805	523
			806	523
			807	523
			808	523
			809	523
			810	522
			811	522
			812	522
			813	522
			814	522
			815	522
			816	522
			817	522
			818	522
			819	522
			820	522
			821	522
			822	522
			823	522
			824	522
			825	522
			826	522
			827	522
			828	522
			829	522
			830	522
			831	521
			832	521
			833	521
			834	521
			835	521
			836	521
			837	521
			838	521
			839	521
			840	521
			841	521
			842	521
			843	521
			844	521
			845	521
			846	521
			847	521
			848	521
			849	521
			850	521
			851	521
			852	521
			853	521
			854	521
			855	521
			856	521
			857	521
			858	521
			859	521
			859	520
			860	520
			861	520
			862	520
			863	520
			864	520
			865	520
			866	520
			867	520
			868	520
			869	520
			870	520
			871	520
			872	520
			873	520
			874	520
			875	520
			876	520
			877	520
			878	520
			879	520
			880	520
			881	520
			882	520
			883	520
			884	520
			885	520
			886	520
			887	520
			888	520
			889	520
			890	520
			891	520
			892	520
			893	520
			894	520
			895	520
			896	520
			897	520
			898	520
			899	520
			900	520
			901	520
			902	520
			903	520
			904	520
			905	520
			906	520
			907	520
			908	520
			909	520
			910	520
			911	520
			912	520
			913	520
			914	520
			915	520
			916	520
			917	520
			918	520
			919	520
			920	520
		</Snout_dorsal>
		<Dorsal_adipose type=matrix rownames=FALSE colnames=FALSE nrow=333 ncol=2 as.numeric=TRUE >
			920	520
			921	520
			921	521
			922	521
			923	521
			924	521
			924	522
			925	522
			926	522
			927	522
			927	523
			928	523
			929	523
			930	523
			930	524
			931	524
			932	524
			933	524
			933	525
			934	525
			935	525
			936	525
			936	526
			937	526
			938	526
			939	527
			940	527
			941	527
			942	528
			943	528
			944	528
			945	529
			946	529
			947	529
			948	530
			949	530
			950	530
			951	531
			952	531
			953	531
			954	532
			955	532
			956	532
			957	533
			958	533
			959	533
			960	534
			961	534
			962	535
			963	535
			964	535
			965	536
			966	536
			967	536
			968	537
			969	537
			970	537
			971	538
			972	538
			973	539
			974	539
			975	539
			976	539
			976	540
			977	540
			978	540
			979	540
			980	541
			981	541
			982	541
			983	542
			984	542
			985	543
			986	543
			987	543
			988	544
			989	544
			990	544
			991	545
			992	545
			993	545
			994	546
			995	546
			996	546
			997	547
			998	547
			999	547
			1000	548
			1001	548
			1002	548
			1003	549
			1004	549
			1005	549
			1006	550
			1007	550
			1008	550
			1009	551
			1010	551
			1011	551
			1012	552
			1013	552
			1014	553
			1015	553
			1016	553
			1017	554
			1018	554
			1019	554
			1020	555
			1021	555
			1022	555
			1023	556
			1024	556
			1025	556
			1026	557
			1027	557
			1028	557
			1029	558
			1030	558
			1031	558
			1032	559
			1033	559
			1034	559
			1035	560
			1036	560
			1037	560
			1038	561
			1039	561
			1040	561
			1040	562
			1041	562
			1042	562
			1043	563
			1044	563
			1045	563
			1046	564
			1047	564
			1048	564
			1049	565
			1050	565
			1051	565
			1052	566
			1053	566
			1054	566
			1055	567
			1056	567
			1057	567
			1058	568
			1059	568
			1060	568
			1061	569
			1062	569
			1063	569
			1064	570
			1065	570
			1066	570
			1067	571
			1068	571
			1069	571
			1070	572
			1071	572
			1072	572
			1073	573
			1074	573
			1075	573
			1076	574
			1077	574
			1078	574
			1079	574
			1080	575
			1081	575
			1082	575
			1083	575
			1084	575
			1085	576
			1086	576
			1087	576
			1088	576
			1089	576
			1090	576
			1091	577
			1092	577
			1093	577
			1094	577
			1095	577
			1096	578
			1097	578
			1098	578
			1099	578
			1100	578
			1101	578
			1102	579
			1103	579
			1104	579
			1105	579
			1106	579
			1107	580
			1108	580
			1109	580
			1110	580
			1111	580
			1112	581
			1113	581
			1114	581
			1115	581
			1116	581
			1117	581
			1118	582
			1119	582
			1120	582
			1121	582
			1122	582
			1123	582
			1124	583
			1125	583
			1126	583
			1127	583
			1128	583
			1129	584
			1130	584
			1131	584
			1132	584
			1133	584
			1134	584
			1135	585
			1136	585
			1137	585
			1138	585
			1139	585
			1140	585
			1141	586
			1142	586
			1143	586
			1144	586
			1145	586
			1146	586
			1147	587
			1148	587
			1149	587
			1150	587
			1151	587
			1152	587
			1153	588
			1154	588
			1155	588
			1156	588
			1157	588
			1158	588
			1159	589
			1160	589
			1161	589
			1162	589
			1163	589
			1164	589
			1165	589
			1166	590
			1167	590
			1168	590
			1169	590
			1170	590
			1171	590
			1172	590
			1173	591
			1174	591
			1175	591
			1176	591
			1177	591
			1178	591
			1179	591
			1180	592
			1181	592
			1182	592
			1183	592
			1184	592
			1185	592
			1186	592
			1187	593
			1188	593
			1189	593
			1190	593
			1191	593
			1192	593
			1193	593
			1194	593
			1195	594
			1196	594
			1197	594
			1198	594
			1199	594
			1200	594
			1201	594
			1202	594
			1203	594
			1204	595
			1205	595
			1206	595
			1207	595
			1208	595
			1209	595
			1210	595
			1211	595
			1212	595
			1213	596
			1214	596
			1215	596
			1216	596
			1217	596
			1218	596
			1219	596
			1220	596
			1221	596
			1222	596
			1223	596
			1224	596
			1225	596
			1226	597
			1227	597
			1228	597
			1229	597
			1230	597
			1231	597
			1232	597
			1233	597
			1234	597
			1235	597
			1236	597
			1237	597
			1238	597
			1239	597
			1240	597
			1241	597
			1242	597
			1243	597
			1244	597
		</Dorsal_adipose>
		<Adipose_caudal type=matrix rownames=FALSE colnames=FALSE nrow=183 ncol=2 as.numeric=TRUE >
			1244	597
			1245	597
			1246	597
			1247	597
			1248	598
			1249	598
			1250	598
			1251	598
			1252	598
			1253	599
			1254	599
			1255	599
			1256	600
			1257	600
			1258	600
			1259	601
			1260	601
			1261	602
			1262	602
			1263	603
			1264	603
			1265	604
			1266	605
			1267	606
			1268	607
			1268	608
			1269	609
			1270	610
			1270	611
			1271	611
			1272	611
			1273	612
			1274	612
			1275	612
			1276	612
			1277	612
			1278	613
			1279	613
			1280	613
			1281	613
			1282	613
			1283	613
			1283	614
			1284	614
			1285	614
			1286	614
			1287	614
			1288	615
			1289	615
			1290	615
			1291	615
			1292	615
			1293	616
			1294	616
			1295	616
			1296	616
			1297	616
			1298	616
			1299	617
			1300	617
			1301	617
			1302	617
			1303	617
			1304	618
			1305	618
			1306	618
			1307	618
			1308	618
			1309	618
			1309	619
			1310	619
			1311	619
			1312	619
			1313	619
			1314	620
			1315	620
			1316	620
			1317	620
			1318	620
			1319	620
			1320	621
			1321	621
			1322	621
			1323	621
			1324	621
			1325	622
			1326	622
			1327	622
			1328	622
			1329	622
			1330	622
			1331	623
			1332	623
			1333	623
			1334	623
			1335	623
			1336	624
			1337	624
			1338	624
			1339	624
			1340	624
			1341	624
			1342	624
			1343	625
			1344	625
			1345	625
			1346	625
			1347	625
			1348	625
			1349	626
			1350	626
			1351	626
			1352	626
			1353	626
			1354	626
			1355	627
			1356	627
			1357	627
			1358	627
			1359	627
			1360	627
			1361	627
			1362	628
			1363	628
			1364	628
			1365	628
			1366	628
			1367	628
			1368	628
			1369	628
			1370	629
			1371	629
			1372	629
			1373	629
			1374	629
			1375	629
			1376	629
			1377	629
			1378	629
			1378	630
			1379	630
			1380	630
			1381	630
			1382	630
			1383	630
			1384	630
			1385	630
			1386	630
			1387	630
			1388	630
			1389	630
			1390	630
			1391	630
			1391	629
			1392	629
			1393	629
			1394	629
			1395	629
			1396	629
			1397	629
			1398	629
			1399	629
			1400	629
			1401	629
			1402	629
			1403	629
			1404	629
			1405	629
			1406	629
			1407	629
			1408	629
			1409	629
			1410	629
			1411	629
			1412	629
			1413	629
			1413	630
			1414	630
			1415	630
			1416	630
			1417	630
			1418	631
			1419	631
		</Adipose_caudal>
		<Caudal_anal type=matrix rownames=FALSE colnames=FALSE nrow=319 ncol=2 as.numeric=TRUE >
			1411	743
			1410	743
			1409	743
			1408	744
			1407	744
			1406	744
			1405	744
			1404	744
			1403	744
			1402	744
			1401	744
			1400	744
			1399	744
			1398	744
			1397	744
			1396	744
			1395	743
			1394	743
			1393	743
			1392	743
			1391	743
			1390	742
			1389	742
			1388	742
			1387	742
			1386	741
			1385	741
			1384	741
			1383	740
			1382	740
			1381	740
			1380	740
			1379	740
			1378	740
			1377	740
			1376	740
			1375	739
			1374	739
			1373	739
			1372	739
			1371	739
			1370	739
			1369	739
			1368	739
			1367	739
			1366	739
			1365	739
			1364	739
			1363	739
			1362	739
			1361	739
			1360	739
			1359	739
			1358	739
			1357	739
			1356	739
			1355	739
			1354	738
			1353	738
			1352	738
			1351	738
			1350	738
			1349	738
			1348	738
			1347	738
			1346	738
			1345	738
			1344	738
			1343	738
			1342	738
			1341	738
			1340	738
			1339	738
			1338	738
			1337	738
			1336	738
			1335	739
			1334	739
			1333	739
			1332	739
			1331	739
			1330	739
			1329	739
			1328	739
			1327	739
			1326	739
			1325	739
			1324	739
			1323	739
			1322	739
			1321	739
			1320	739
			1319	739
			1318	739
			1317	739
			1316	739
			1315	739
			1314	739
			1313	740
			1312	740
			1311	740
			1310	740
			1309	740
			1308	740
			1307	740
			1306	740
			1305	740
			1304	740
			1303	740
			1302	740
			1301	740
			1301	741
			1300	741
			1299	741
			1298	741
			1297	741
			1296	741
			1295	741
			1294	741
			1293	741
			1292	741
			1291	741
			1290	742
			1289	742
			1288	742
			1287	742
			1286	742
			1285	742
			1284	742
			1283	742
			1282	742
			1282	743
			1281	743
			1280	743
			1279	743
			1278	743
			1277	743
			1276	743
			1275	743
			1274	743
			1273	744
			1272	744
			1271	744
			1270	744
			1269	744
			1268	744
			1267	744
			1266	744
			1265	744
			1264	745
			1263	745
			1262	745
			1261	745
			1260	745
			1259	745
			1258	745
			1257	745
			1256	745
			1255	745
			1254	746
			1253	746
			1252	746
			1251	746
			1250	746
			1249	746
			1248	746
			1247	746
			1246	747
			1245	747
			1244	747
			1243	747
			1242	747
			1241	747
			1240	747
			1239	747
			1238	747
			1237	747
			1236	748
			1235	748
			1234	748
			1233	748
			1232	748
			1231	748
			1230	748
			1229	748
			1228	748
			1227	749
			1226	749
			1225	749
			1224	749
			1223	749
			1222	749
			1221	749
			1220	749
			1219	749
			1218	750
			1217	750
			1216	750
			1215	750
			1214	750
			1213	750
			1212	750
			1211	750
			1210	750
			1209	751
			1208	751
			1207	751
			1206	751
			1205	751
			1204	751
			1203	751
			1202	751
			1201	751
			1200	751
			1199	752
			1198	752
			1197	752
			1196	752
			1195	752
			1194	752
			1193	752
			1192	752
			1191	752
			1191	753
			1190	753
			1189	753
			1188	753
			1187	753
			1186	753
			1185	753
			1184	753
			1183	753
			1182	754
			1181	754
			1180	754
			1179	754
			1178	754
			1177	754
			1176	754
			1175	754
			1174	754
			1173	754
			1172	755
			1171	755
			1170	755
			1169	755
			1168	755
			1167	755
			1166	755
			1165	755
			1164	755
			1163	756
			1162	756
			1161	756
			1160	756
			1159	756
			1158	756
			1157	756
			1156	756
			1155	756
			1154	757
			1153	757
			1152	757
			1151	757
			1150	757
			1149	757
			1148	757
			1147	757
			1146	757
			1145	758
			1144	758
			1143	758
			1142	758
			1141	758
			1140	758
			1139	758
			1138	758
			1137	758
			1136	759
			1135	759
			1134	759
			1133	759
			1132	759
			1131	759
			1130	759
			1129	759
			1128	759
			1127	760
			1126	760
			1125	760
			1124	760
			1123	760
			1122	760
			1121	760
			1120	760
			1119	760
			1118	761
			1117	761
			1116	761
			1115	761
			1114	761
			1113	761
			1112	761
			1111	761
			1110	761
			1109	762
			1108	762
			1107	762
			1106	762
			1105	762
			1104	762
			1103	762
			1102	762
			1101	762
			1100	763
			1099	763
			1098	763
			1097	763
			1096	763
		</Caudal_anal>
	</curves.pixel>
	<curves.scaled type=list>
		<Snout_dorsal type=matrix rownames=FALSE colnames=FALSE nrow=547 ncol=2 as.numeric=TRUE >
			19.5389633375425	-29.6874335193265
			19.4968535027633	-29.6453236845473
			19.4547436679842	-29.6032138497681
			19.4547436679842	-29.5611040149889
			19.412633833205	-29.5189941802097
			19.3705239984258	-29.4768843454305
			19.3705239984258	-29.4347745106514
			19.3284141636466	-29.4347745106514
			19.3284141636466	-29.3926646758722
			19.2863043288674	-29.350554841093
			19.2863043288674	-29.3084450063138
			19.2441944940882	-29.2663351715346
			19.2441944940882	-29.2242253367554
			19.202084659309	-29.1821155019762
			19.202084659309	-29.1400056671971
			19.1599748245299	-29.0978958324179
			19.1599748245299	-29.0557859976387
			19.1599748245299	-29.0136761628595
			19.1178649897507	-28.9715663280803
			19.1178649897507	-28.9294564933011
			19.0757551549715	-28.9294564933011
			19.0757551549715	-28.8873466585219
			19.0757551549715	-28.8452368237427
			19.0757551549715	-28.8031269889636
			19.0336453201923	-28.7610171541844
			19.0336453201923	-28.7189073194052
			19.0336453201923	-28.676797484626
			19.0336453201923	-28.6346876498468
			19.0336453201923	-28.5925778150676
			19.0336453201923	-28.5504679802884
			18.9915354854131	-28.5083581455093
			18.9915354854131	-28.4662483107301
			18.9915354854131	-28.4241384759509
			18.9915354854131	-28.3820286411717
			18.9915354854131	-28.3399188063925
			18.9915354854131	-28.2978089716133
			18.9915354854131	-28.2556991368341
			18.9915354854131	-28.2135893020549
			18.9915354854131	-28.1714794672758
			18.9915354854131	-28.1293696324966
			18.9915354854131	-28.0872597977174
			18.9915354854131	-28.0451499629382
			19.0336453201923	-28.003040128159
			19.0336453201923	-27.9609302933798
			19.0336453201923	-27.9188204586006
			19.0336453201923	-27.8767106238215
			19.0336453201923	-27.8346007890423
			19.0336453201923	-27.7924909542631
			19.0757551549715	-27.7503811194839
			19.0757551549715	-27.7082712847047
			19.0757551549715	-27.6661614499255
			19.0757551549715	-27.6240516151463
			19.0757551549715	-27.5819417803672
			19.1178649897507	-27.539831945588
			19.1178649897507	-27.4977221108088
			19.1178649897507	-27.4556122760296
			19.1599748245299	-27.4135024412504
			19.1599748245299	-27.3713926064712
			19.1599748245299	-27.329282771692
			19.202084659309	-27.2871729369128
			19.202084659309	-27.2450631021337
			19.202084659309	-27.2029532673545
			19.2441944940882	-27.1608434325753
			19.2441944940882	-27.1187335977961
			19.2863043288674	-27.0766237630169
			19.2863043288674	-27.0345139282377
			19.3284141636466	-26.9924040934585
			19.3284141636466	-26.9502942586794
			19.3705239984258	-26.9081844239002
			19.3705239984258	-26.866074589121
			19.412633833205	-26.8239647543418
			19.412633833205	-26.7818549195626
			19.4547436679842	-26.7397450847834
			19.4547436679842	-26.6976352500042
			19.4968535027633	-26.655525415225
			19.4968535027633	-26.6134155804459
			19.5389633375425	-26.5713057456667
			19.5810731723217	-26.5291959108875
			19.5810731723217	-26.4870860761083
			19.6231830071009	-26.4449762413291
			19.6652928418801	-26.4028664065499
			19.6652928418801	-26.3607565717707
			19.7074026766593	-26.3186467369916
			19.7074026766593	-26.2765369022124
			19.7495125114385	-26.2765369022124
			19.7495125114385	-26.2344270674332
			19.7916223462177	-26.192317232654
			19.8337321809968	-26.1502073978748
			19.875842015776	-26.1080975630956
			19.9179518505552	-26.0659877283164
			19.9600616853344	-26.0238778935373
			20.0021715201136	-25.9817680587581
			20.0442813548928	-25.9396582239789
			20.086391189672	-25.9396582239789
			20.1285010244511	-25.8975483891997
			20.1706108592303	-25.8554385544205
			20.2127206940095	-25.8133287196413
			20.2548305287887	-25.7712188848621
			20.2969403635679	-25.7712188848621
			20.3390501983471	-25.7291090500829
			20.3811600331263	-25.6869992153038
			20.4232698679055	-25.6869992153038
			20.4232698679055	-25.6448893805246
			20.4653797026846	-25.6448893805246
			20.5074895374638	-25.6027795457454
			20.549599372243	-25.5606697109662
			20.5917092070222	-25.5606697109662
			20.6338190418014	-25.518559876187
			20.6338190418014	-25.4764500414078
			20.6759288765806	-25.4764500414078
			20.7180387113598	-25.4343402066286
			20.7601485461389	-25.4343402066286
			20.8022583809181	-25.3922303718495
			20.8443682156973	-25.3501205370703
			20.8864780504765	-25.3501205370703
			20.8864780504765	-25.3080107022911
			20.9285878852557	-25.3080107022911
			20.9706977200349	-25.2659008675119
			21.0128075548141	-25.2237910327327
			21.0549173895932	-25.2237910327327
			21.0970272243724	-25.1816811979535
			21.1391370591516	-25.1816811979535
			21.1812468939308	-25.1395713631743
			21.1812468939308	-25.0974615283952
			21.22335672871	-25.0974615283952
			21.2654665634892	-25.055351693616
			21.3075763982684	-25.055351693616
			21.3496862330476	-25.0132418588368
			21.3917960678267	-24.9711320240576
			21.4339059026059	-24.9711320240576
			21.4760157373851	-24.9290221892784
			21.5181255721643	-24.9290221892784
			21.5602354069435	-24.8869123544992
			21.6023452417227	-24.8869123544992
			21.6444550765019	-24.84480251972
			21.686564911281	-24.84480251972
			21.7286747460602	-24.8026926849408
			21.7286747460602	-24.7605828501617
			21.7707845808394	-24.7605828501617
			21.8128944156186	-24.7184730153825
			21.8550042503978	-24.7184730153825
			21.897114085177	-24.6763631806033
			21.9392239199562	-24.6763631806033
			21.9813337547353	-24.6342533458241
			22.0234435895145	-24.6342533458241
			22.0655534242937	-24.5921435110449
			22.1076632590729	-24.5921435110449
			22.1497730938521	-24.5500336762657
			22.1918829286313	-24.5500336762657
			22.2339927634105	-24.5079238414865
			22.2761025981897	-24.4658140067074
			22.3182124329688	-24.4658140067074
			22.360322267748	-24.4237041719282
			22.4024321025272	-24.4237041719282
			22.4445419373064	-24.381594337149
			22.4866517720856	-24.381594337149
			22.5287616068648	-24.3394845023698
			22.570871441644	-24.3394845023698
			22.6129812764231	-24.2973746675906
			22.6550911112023	-24.2973746675906
			22.6972009459815	-24.2552648328114
			22.7393107807607	-24.2552648328114
			22.7814206155399	-24.2131549980322
			22.8235304503191	-24.2131549980322
			22.8656402850983	-24.2131549980322
			22.9077501198775	-24.171045163253
			22.9498599546566	-24.171045163253
			22.9919697894358	-24.1289353284739
			23.034079624215	-24.1289353284739
			23.0761894589942	-24.1289353284739
			23.0761894589942	-24.0868254936947
			23.1182992937734	-24.0868254936947
			23.1604091285526	-24.0868254936947
			23.2025189633318	-24.0447156589155
			23.2446287981109	-24.0447156589155
			23.2867386328901	-24.0026058241363
			23.3288484676693	-24.0026058241363
			23.3709583024485	-23.9604959893571
			23.4130681372277	-23.9604959893571
			23.4551779720069	-23.9604959893571
			23.4972878067861	-23.9183861545779
			23.5393976415652	-23.9183861545779
			23.5815074763444	-23.8762763197987
			23.6236173111236	-23.8762763197987
			23.6657271459028	-23.8762763197987
			23.707836980682	-23.8341664850196
			23.7499468154612	-23.8341664850196
			23.7920566502404	-23.7920566502404
			23.8341664850196	-23.7920566502404
			23.8762763197987	-23.7920566502404
			23.9183861545779	-23.7499468154612
			23.9604959893571	-23.7499468154612
			24.0026058241363	-23.707836980682
			24.0447156589155	-23.707836980682
			24.0868254936947	-23.707836980682
			24.1289353284739	-23.6657271459028
			24.171045163253	-23.6657271459028
			24.2131549980322	-23.6657271459028
			24.2552648328114	-23.6236173111236
			24.2973746675906	-23.6236173111236
			24.3394845023698	-23.6236173111236
			24.381594337149	-23.5815074763444
			24.4237041719282	-23.5815074763444
			24.4658140067074	-23.5393976415652
			24.5079238414865	-23.5393976415652
			24.5500336762657	-23.5393976415652
			24.5921435110449	-23.4972878067861
			24.6342533458241	-23.4972878067861
			24.6763631806033	-23.4972878067861
			24.7184730153825	-23.4551779720069
			24.7605828501617	-23.4551779720069
			24.8026926849408	-23.4551779720069
			24.84480251972	-23.4130681372277
			24.8869123544992	-23.4130681372277
			24.9290221892784	-23.4130681372277
			24.9711320240576	-23.3709583024485
			25.0132418588368	-23.3709583024485
			25.055351693616	-23.3709583024485
			25.0974615283952	-23.3288484676693
			25.1395713631743	-23.3288484676693
			25.1816811979535	-23.3288484676693
			25.2237910327327	-23.3288484676693
			25.2237910327327	-23.2867386328901
			25.2659008675119	-23.2867386328901
			25.3080107022911	-23.2867386328901
			25.3501205370703	-23.2867386328901
			25.3922303718495	-23.2446287981109
			25.4343402066286	-23.2446287981109
			25.4764500414078	-23.2446287981109
			25.518559876187	-23.2446287981109
			25.518559876187	-23.2025189633318
			25.5606697109662	-23.2025189633318
			25.6027795457454	-23.2025189633318
			25.6448893805246	-23.2025189633318
			25.6869992153038	-23.1604091285526
			25.7291090500829	-23.1604091285526
			25.7712188848621	-23.1604091285526
			25.8133287196413	-23.1182992937734
			25.8554385544205	-23.1182992937734
			25.8975483891997	-23.1182992937734
			25.9396582239789	-23.1182992937734
			25.9817680587581	-23.0761894589942
			26.0238778935373	-23.0761894589942
			26.0659877283164	-23.0761894589942
			26.1080975630956	-23.0761894589942
			26.1502073978748	-23.034079624215
			26.192317232654	-23.034079624215
			26.2344270674332	-23.034079624215
			26.2765369022124	-23.034079624215
			26.3186467369916	-22.9919697894358
			26.3607565717707	-22.9919697894358
			26.4028664065499	-22.9919697894358
			26.4449762413291	-22.9919697894358
			26.4870860761083	-22.9498599546566
			26.5291959108875	-22.9498599546566
			26.5713057456667	-22.9498599546566
			26.6134155804459	-22.9498599546566
			26.655525415225	-22.9077501198775
			26.6976352500042	-22.9077501198775
			26.7397450847834	-22.9077501198775
			26.7818549195626	-22.9077501198775
			26.8239647543418	-22.8656402850983
			26.866074589121	-22.8656402850983
			26.9081844239002	-22.8656402850983
			26.9502942586794	-22.8656402850983
			26.9924040934585	-22.8656402850983
			27.0345139282377	-22.8235304503191
			27.0766237630169	-22.8235304503191
			27.1187335977961	-22.8235304503191
			27.1608434325753	-22.8235304503191
			27.2029532673545	-22.7814206155399
			27.2450631021337	-22.7814206155399
			27.2871729369128	-22.7814206155399
			27.329282771692	-22.7814206155399
			27.3713926064712	-22.7814206155399
			27.4135024412504	-22.7393107807607
			27.4556122760296	-22.7393107807607
			27.4977221108088	-22.7393107807607
			27.539831945588	-22.7393107807607
			27.5819417803672	-22.6972009459815
			27.6240516151463	-22.6972009459815
			27.6661614499255	-22.6972009459815
			27.7082712847047	-22.6972009459815
			27.7503811194839	-22.6972009459815
			27.7924909542631	-22.6972009459815
			27.8346007890423	-22.6550911112023
			27.8767106238215	-22.6550911112023
			27.9188204586006	-22.6550911112023
			27.9609302933798	-22.6550911112023
			28.003040128159	-22.6550911112023
			28.0451499629382	-22.6129812764231
			28.0872597977174	-22.6129812764231
			28.1293696324966	-22.6129812764231
			28.1714794672758	-22.6129812764231
			28.2135893020549	-22.6129812764231
			28.2556991368341	-22.6129812764231
			28.2978089716133	-22.570871441644
			28.3399188063925	-22.570871441644
			28.3820286411717	-22.570871441644
			28.4241384759509	-22.570871441644
			28.4662483107301	-22.570871441644
			28.5083581455093	-22.570871441644
			28.5083581455093	-22.5287616068648
			28.5504679802884	-22.5287616068648
			28.5925778150676	-22.5287616068648
			28.6346876498468	-22.5287616068648
			28.676797484626	-22.5287616068648
			28.7189073194052	-22.5287616068648
			28.7610171541844	-22.4866517720856
			28.8031269889636	-22.4866517720856
			28.8452368237427	-22.4866517720856
			28.8873466585219	-22.4866517720856
			28.9294564933011	-22.4866517720856
			28.9715663280803	-22.4866517720856
			29.0136761628595	-22.4866517720856
			29.0557859976387	-22.4445419373064
			29.0978958324179	-22.4445419373064
			29.1400056671971	-22.4445419373064
			29.1821155019762	-22.4445419373064
			29.2242253367554	-22.4445419373064
			29.2663351715346	-22.4445419373064
			29.3084450063138	-22.4445419373064
			29.350554841093	-22.4024321025272
			29.3926646758722	-22.4024321025272
			29.4347745106514	-22.4024321025272
			29.4768843454305	-22.4024321025272
			29.5189941802097	-22.4024321025272
			29.5611040149889	-22.4024321025272
			29.6032138497681	-22.4024321025272
			29.6453236845473	-22.360322267748
			29.6874335193265	-22.360322267748
			29.7295433541057	-22.360322267748
			29.7716531888849	-22.360322267748
			29.813763023664	-22.360322267748
			29.8558728584432	-22.360322267748
			29.8979826932224	-22.360322267748
			29.9400925280016	-22.360322267748
			29.9822023627808	-22.3182124329688
			30.02431219756	-22.3182124329688
			30.0664220323392	-22.3182124329688
			30.1085318671183	-22.3182124329688
			30.1506417018975	-22.3182124329688
			30.1927515366767	-22.3182124329688
			30.2348613714559	-22.3182124329688
			30.2769712062351	-22.3182124329688
			30.3190810410143	-22.3182124329688
			30.3611908757935	-22.3182124329688
			30.4033007105726	-22.2761025981897
			30.4454105453518	-22.2761025981897
			30.487520380131	-22.2761025981897
			30.5296302149102	-22.2761025981897
			30.5717400496894	-22.2761025981897
			30.6138498844686	-22.2761025981897
			30.6559597192478	-22.2761025981897
			30.698069554027	-22.2761025981897
			30.7401793888061	-22.2761025981897
			30.7822892235853	-22.2339927634105
			30.8243990583645	-22.2339927634105
			30.8665088931437	-22.2339927634105
			30.9086187279229	-22.2339927634105
			30.9507285627021	-22.2339927634105
			30.9928383974813	-22.2339927634105
			31.0349482322604	-22.2339927634105
			31.0770580670396	-22.2339927634105
			31.1191679018188	-22.2339927634105
			31.161277736598	-22.2339927634105
			31.2033875713772	-22.2339927634105
			31.2454974061564	-22.1918829286313
			31.2876072409356	-22.1918829286313
			31.3297170757148	-22.1918829286313
			31.3718269104939	-22.1918829286313
			31.4139367452731	-22.1918829286313
			31.4560465800523	-22.1918829286313
			31.4981564148315	-22.1918829286313
			31.5402662496107	-22.1918829286313
			31.5823760843899	-22.1918829286313
			31.6244859191691	-22.1918829286313
			31.6665957539482	-22.1918829286313
			31.7087055887274	-22.1497730938521
			31.7508154235066	-22.1497730938521
			31.7929252582858	-22.1497730938521
			31.835035093065	-22.1497730938521
			31.8771449278442	-22.1497730938521
			31.9192547626234	-22.1497730938521
			31.9613645974025	-22.1497730938521
			32.0034744321817	-22.1497730938521
			32.0455842669609	-22.1497730938521
			32.0876941017401	-22.1497730938521
			32.1298039365193	-22.1497730938521
			32.1719137712985	-22.1497730938521
			32.2140236060777	-22.1076632590729
			32.2561334408568	-22.1076632590729
			32.298243275636	-22.1076632590729
			32.3403531104152	-22.1076632590729
			32.3824629451944	-22.1076632590729
			32.4245727799736	-22.1076632590729
			32.4666826147528	-22.1076632590729
			32.508792449532	-22.1076632590729
			32.5509022843112	-22.1076632590729
			32.5930121190903	-22.1076632590729
			32.6351219538695	-22.1076632590729
			32.6772317886487	-22.1076632590729
			32.7193416234279	-22.1076632590729
			32.7614514582071	-22.1076632590729
			32.8035612929863	-22.0655534242937
			32.8456711277655	-22.0655534242937
			32.8877809625447	-22.0655534242937
			32.9298907973238	-22.0655534242937
			32.972000632103	-22.0655534242937
			33.0141104668822	-22.0655534242937
			33.0562203016614	-22.0655534242937
			33.0983301364406	-22.0655534242937
			33.1404399712198	-22.0655534242937
			33.182549805999	-22.0655534242937
			33.2246596407781	-22.0655534242937
			33.2667694755573	-22.0655534242937
			33.3088793103365	-22.0655534242937
			33.3509891451157	-22.0655534242937
			33.3930989798949	-22.0655534242937
			33.4352088146741	-22.0234435895145
			33.4773186494533	-22.0234435895145
			33.5194284842324	-22.0234435895145
			33.5615383190116	-22.0234435895145
			33.6036481537908	-22.0234435895145
			33.64575798857	-22.0234435895145
			33.6878678233492	-22.0234435895145
			33.7299776581284	-22.0234435895145
			33.7720874929076	-22.0234435895145
			33.8141973276868	-22.0234435895145
			33.8563071624659	-22.0234435895145
			33.8984169972451	-22.0234435895145
			33.9405268320243	-22.0234435895145
			33.9826366668035	-22.0234435895145
			34.0247465015827	-22.0234435895145
			34.0668563363619	-22.0234435895145
			34.1089661711411	-21.9813337547353
			34.1510760059202	-21.9813337547353
			34.1931858406994	-21.9813337547353
			34.2352956754786	-21.9813337547353
			34.2774055102578	-21.9813337547353
			34.319515345037	-21.9813337547353
			34.3616251798162	-21.9813337547353
			34.4037350145954	-21.9813337547353
			34.4458448493746	-21.9813337547353
			34.4879546841537	-21.9813337547353
			34.5300645189329	-21.9813337547353
			34.5721743537121	-21.9813337547353
			34.6142841884913	-21.9813337547353
			34.6563940232705	-21.9813337547353
			34.6985038580497	-21.9813337547353
			34.7406136928289	-21.9813337547353
			34.782723527608	-21.9813337547353
			34.8248333623872	-21.9813337547353
			34.8669431971664	-21.9813337547353
			34.9090530319456	-21.9813337547353
			34.9511628667248	-21.9813337547353
			34.993272701504	-21.9392239199562
			35.0353825362832	-21.9392239199562
			35.0774923710623	-21.9392239199562
			35.1196022058415	-21.9392239199562
			35.1617120406207	-21.9392239199562
			35.2038218753999	-21.9392239199562
			35.2459317101791	-21.9392239199562
			35.2880415449583	-21.9392239199562
			35.3301513797375	-21.9392239199562
			35.3722612145167	-21.9392239199562
			35.4143710492958	-21.9392239199562
			35.456480884075	-21.9392239199562
			35.4985907188542	-21.9392239199562
			35.5407005536334	-21.9392239199562
			35.5828103884126	-21.9392239199562
			35.6249202231918	-21.9392239199562
			35.667030057971	-21.9392239199562
			35.7091398927501	-21.9392239199562
			35.7512497275293	-21.9392239199562
			35.7933595623085	-21.9392239199562
			35.8354693970877	-21.9392239199562
			35.8775792318669	-21.9392239199562
			35.9196890666461	-21.9392239199562
			35.9617989014253	-21.9392239199562
			36.0039087362045	-21.9392239199562
			36.0460185709836	-21.9392239199562
			36.0881284057628	-21.9392239199562
			36.130238240542	-21.9392239199562
			36.1723480753212	-21.9392239199562
			36.1723480753212	-21.897114085177
			36.2144579101004	-21.897114085177
			36.2565677448796	-21.897114085177
			36.2986775796588	-21.897114085177
			36.3407874144379	-21.897114085177
			36.3828972492171	-21.897114085177
			36.4250070839963	-21.897114085177
			36.4671169187755	-21.897114085177
			36.5092267535547	-21.897114085177
			36.5513365883339	-21.897114085177
			36.5934464231131	-21.897114085177
			36.6355562578922	-21.897114085177
			36.6776660926714	-21.897114085177
			36.7197759274506	-21.897114085177
			36.7618857622298	-21.897114085177
			36.803995597009	-21.897114085177
			36.8461054317882	-21.897114085177
			36.8882152665674	-21.897114085177
			36.9303251013466	-21.897114085177
			36.9724349361257	-21.897114085177
			37.0145447709049	-21.897114085177
			37.0566546056841	-21.897114085177
			37.0987644404633	-21.897114085177
			37.1408742752425	-21.897114085177
			37.1829841100217	-21.897114085177
			37.2250939448009	-21.897114085177
			37.26720377958	-21.897114085177
			37.3093136143592	-21.897114085177
			37.3514234491384	-21.897114085177
			37.3935332839176	-21.897114085177
			37.4356431186968	-21.897114085177
			37.477752953476	-21.897114085177
			37.5198627882552	-21.897114085177
			37.5619726230344	-21.897114085177
			37.6040824578135	-21.897114085177
			37.6461922925927	-21.897114085177
			37.6883021273719	-21.897114085177
			37.7304119621511	-21.897114085177
			37.7725217969303	-21.897114085177
			37.8146316317095	-21.897114085177
			37.8567414664887	-21.897114085177
			37.8988513012678	-21.897114085177
			37.940961136047	-21.897114085177
			37.9830709708262	-21.897114085177
			38.0251808056054	-21.897114085177
			38.0672906403846	-21.897114085177
			38.1094004751638	-21.897114085177
			38.151510309943	-21.897114085177
			38.1936201447221	-21.897114085177
			38.2357299795013	-21.897114085177
			38.2778398142805	-21.897114085177
			38.3199496490597	-21.897114085177
			38.3620594838389	-21.897114085177
			38.4041693186181	-21.897114085177
			38.4462791533973	-21.897114085177
			38.4883889881765	-21.897114085177
			38.5304988229556	-21.897114085177
			38.5726086577348	-21.897114085177
			38.614718492514	-21.897114085177
			38.6568283272932	-21.897114085177
			38.6989381620724	-21.897114085177
			38.7410479968516	-21.897114085177
		</Snout_dorsal>
		<Dorsal_adipose type=matrix rownames=FALSE colnames=FALSE nrow=333 ncol=2 as.numeric=TRUE >
			38.7410479968516	-21.897114085177
			38.7831578316308	-21.897114085177
			38.7831578316308	-21.9392239199562
			38.8252676664099	-21.9392239199562
			38.8673775011891	-21.9392239199562
			38.9094873359683	-21.9392239199562
			38.9094873359683	-21.9813337547353
			38.9515971707475	-21.9813337547353
			38.9937070055267	-21.9813337547353
			39.0358168403059	-21.9813337547353
			39.0358168403059	-22.0234435895145
			39.0779266750851	-22.0234435895145
			39.1200365098642	-22.0234435895145
			39.1621463446434	-22.0234435895145
			39.1621463446434	-22.0655534242937
			39.2042561794226	-22.0655534242937
			39.2463660142018	-22.0655534242937
			39.288475848981	-22.0655534242937
			39.288475848981	-22.1076632590729
			39.3305856837602	-22.1076632590729
			39.3726955185394	-22.1076632590729
			39.4148053533186	-22.1076632590729
			39.4148053533186	-22.1497730938521
			39.4569151880977	-22.1497730938521
			39.4990250228769	-22.1497730938521
			39.5411348576561	-22.1918829286313
			39.5832446924353	-22.1918829286313
			39.6253545272145	-22.1918829286313
			39.6674643619937	-22.2339927634105
			39.7095741967729	-22.2339927634105
			39.751684031552	-22.2339927634105
			39.7937938663312	-22.2761025981897
			39.8359037011104	-22.2761025981897
			39.8780135358896	-22.2761025981897
			39.9201233706688	-22.3182124329688
			39.962233205448	-22.3182124329688
			40.0043430402272	-22.3182124329688
			40.0464528750064	-22.360322267748
			40.0885627097855	-22.360322267748
			40.1306725445647	-22.360322267748
			40.1727823793439	-22.4024321025272
			40.2148922141231	-22.4024321025272
			40.2570020489023	-22.4024321025272
			40.2991118836815	-22.4445419373064
			40.3412217184607	-22.4445419373064
			40.3833315532398	-22.4445419373064
			40.425441388019	-22.4866517720856
			40.4675512227982	-22.4866517720856
			40.5096610575774	-22.5287616068648
			40.5517708923566	-22.5287616068648
			40.5938807271358	-22.5287616068648
			40.635990561915	-22.570871441644
			40.6781003966941	-22.570871441644
			40.7202102314733	-22.570871441644
			40.7623200662525	-22.6129812764231
			40.8044299010317	-22.6129812764231
			40.8465397358109	-22.6129812764231
			40.8886495705901	-22.6550911112023
			40.9307594053693	-22.6550911112023
			40.9728692401485	-22.6972009459815
			41.0149790749276	-22.6972009459815
			41.0570889097068	-22.6972009459815
			41.099198744486	-22.6972009459815
			41.099198744486	-22.7393107807607
			41.1413085792652	-22.7393107807607
			41.1834184140444	-22.7393107807607
			41.2255282488236	-22.7393107807607
			41.2676380836028	-22.7814206155399
			41.309747918382	-22.7814206155399
			41.3518577531611	-22.7814206155399
			41.3939675879403	-22.8235304503191
			41.4360774227195	-22.8235304503191
			41.4781872574987	-22.8656402850983
			41.5202970922779	-22.8656402850983
			41.5624069270571	-22.8656402850983
			41.6045167618363	-22.9077501198775
			41.6466265966154	-22.9077501198775
			41.6887364313946	-22.9077501198775
			41.7308462661738	-22.9498599546566
			41.772956100953	-22.9498599546566
			41.8150659357322	-22.9498599546566
			41.8571757705114	-22.9919697894358
			41.8992856052906	-22.9919697894358
			41.9413954400697	-22.9919697894358
			41.9835052748489	-23.034079624215
			42.0256151096281	-23.034079624215
			42.0677249444073	-23.034079624215
			42.1098347791865	-23.0761894589942
			42.1519446139657	-23.0761894589942
			42.1940544487449	-23.0761894589942
			42.2361642835241	-23.1182992937734
			42.2782741183032	-23.1182992937734
			42.3203839530824	-23.1182992937734
			42.3624937878616	-23.1604091285526
			42.4046036226408	-23.1604091285526
			42.44671345742	-23.1604091285526
			42.4888232921992	-23.2025189633318
			42.5309331269784	-23.2025189633318
			42.5730429617575	-23.2025189633318
			42.6151527965367	-23.2446287981109
			42.6572626313159	-23.2446287981109
			42.6993724660951	-23.2867386328901
			42.7414823008743	-23.2867386328901
			42.7835921356535	-23.2867386328901
			42.8257019704327	-23.3288484676693
			42.8678118052119	-23.3288484676693
			42.909921639991	-23.3288484676693
			42.9520314747702	-23.3709583024485
			42.9941413095494	-23.3709583024485
			43.0362511443286	-23.3709583024485
			43.0783609791078	-23.4130681372277
			43.120470813887	-23.4130681372277
			43.1625806486662	-23.4130681372277
			43.2046904834453	-23.4551779720069
			43.2468003182245	-23.4551779720069
			43.2889101530037	-23.4551779720069
			43.3310199877829	-23.4972878067861
			43.3731298225621	-23.4972878067861
			43.4152396573413	-23.4972878067861
			43.4573494921205	-23.5393976415652
			43.4994593268996	-23.5393976415652
			43.5415691616788	-23.5393976415652
			43.583678996458	-23.5815074763444
			43.6257888312372	-23.5815074763444
			43.6678986660164	-23.5815074763444
			43.7100085007956	-23.6236173111236
			43.7521183355748	-23.6236173111236
			43.794228170354	-23.6236173111236
			43.794228170354	-23.6657271459028
			43.8363380051331	-23.6657271459028
			43.8784478399123	-23.6657271459028
			43.9205576746915	-23.707836980682
			43.9626675094707	-23.707836980682
			44.0047773442499	-23.707836980682
			44.0468871790291	-23.7499468154612
			44.0889970138083	-23.7499468154612
			44.1311068485874	-23.7499468154612
			44.1732166833666	-23.7920566502404
			44.2153265181458	-23.7920566502404
			44.257436352925	-23.7920566502404
			44.2995461877042	-23.8341664850196
			44.3416560224834	-23.8341664850196
			44.3837658572626	-23.8341664850196
			44.4258756920417	-23.8762763197987
			44.4679855268209	-23.8762763197987
			44.5100953616001	-23.8762763197987
			44.5522051963793	-23.9183861545779
			44.5943150311585	-23.9183861545779
			44.6364248659377	-23.9183861545779
			44.6785347007169	-23.9604959893571
			44.7206445354961	-23.9604959893571
			44.7627543702752	-23.9604959893571
			44.8048642050544	-24.0026058241363
			44.8469740398336	-24.0026058241363
			44.8890838746128	-24.0026058241363
			44.931193709392	-24.0447156589155
			44.9733035441712	-24.0447156589155
			45.0154133789504	-24.0447156589155
			45.0575232137295	-24.0868254936947
			45.0996330485087	-24.0868254936947
			45.1417428832879	-24.0868254936947
			45.1838527180671	-24.1289353284739
			45.2259625528463	-24.1289353284739
			45.2680723876255	-24.1289353284739
			45.3101822224047	-24.171045163253
			45.3522920571839	-24.171045163253
			45.394401891963	-24.171045163253
			45.4365117267422	-24.171045163253
			45.4786215615214	-24.2131549980322
			45.5207313963006	-24.2131549980322
			45.5628412310798	-24.2131549980322
			45.604951065859	-24.2131549980322
			45.6470609006382	-24.2131549980322
			45.6891707354173	-24.2552648328114
			45.7312805701965	-24.2552648328114
			45.7733904049757	-24.2552648328114
			45.8155002397549	-24.2552648328114
			45.8576100745341	-24.2552648328114
			45.8997199093133	-24.2552648328114
			45.9418297440925	-24.2973746675906
			45.9839395788716	-24.2973746675906
			46.0260494136508	-24.2973746675906
			46.06815924843	-24.2973746675906
			46.1102690832092	-24.2973746675906
			46.1523789179884	-24.3394845023698
			46.1944887527676	-24.3394845023698
			46.2365985875468	-24.3394845023698
			46.278708422326	-24.3394845023698
			46.3208182571051	-24.3394845023698
			46.3629280918843	-24.3394845023698
			46.4050379266635	-24.381594337149
			46.4471477614427	-24.381594337149
			46.4892575962219	-24.381594337149
			46.5313674310011	-24.381594337149
			46.5734772657803	-24.381594337149
			46.6155871005594	-24.4237041719282
			46.6576969353386	-24.4237041719282
			46.6998067701178	-24.4237041719282
			46.741916604897	-24.4237041719282
			46.7840264396762	-24.4237041719282
			46.8261362744554	-24.4658140067074
			46.8682461092346	-24.4658140067074
			46.9103559440138	-24.4658140067074
			46.9524657787929	-24.4658140067074
			46.9945756135721	-24.4658140067074
			47.0366854483513	-24.4658140067074
			47.0787952831305	-24.5079238414865
			47.1209051179097	-24.5079238414865
			47.1630149526889	-24.5079238414865
			47.2051247874681	-24.5079238414865
			47.2472346222472	-24.5079238414865
			47.2893444570264	-24.5079238414865
			47.3314542918056	-24.5500336762657
			47.3735641265848	-24.5500336762657
			47.415673961364	-24.5500336762657
			47.4577837961432	-24.5500336762657
			47.4998936309224	-24.5500336762657
			47.5420034657015	-24.5921435110449
			47.5841133004807	-24.5921435110449
			47.6262231352599	-24.5921435110449
			47.6683329700391	-24.5921435110449
			47.7104428048183	-24.5921435110449
			47.7525526395975	-24.5921435110449
			47.7946624743767	-24.6342533458241
			47.8367723091559	-24.6342533458241
			47.878882143935	-24.6342533458241
			47.9209919787142	-24.6342533458241
			47.9631018134934	-24.6342533458241
			48.0052116482726	-24.6342533458241
			48.0473214830518	-24.6763631806033
			48.089431317831	-24.6763631806033
			48.1315411526102	-24.6763631806033
			48.1736509873893	-24.6763631806033
			48.2157608221685	-24.6763631806033
			48.2578706569477	-24.6763631806033
			48.2999804917269	-24.7184730153825
			48.3420903265061	-24.7184730153825
			48.3842001612853	-24.7184730153825
			48.4263099960645	-24.7184730153825
			48.4684198308437	-24.7184730153825
			48.5105296656228	-24.7184730153825
			48.552639500402	-24.7605828501617
			48.5947493351812	-24.7605828501617
			48.6368591699604	-24.7605828501617
			48.6789690047396	-24.7605828501617
			48.7210788395188	-24.7605828501617
			48.763188674298	-24.7605828501617
			48.8052985090771	-24.8026926849408
			48.8474083438563	-24.8026926849408
			48.8895181786355	-24.8026926849408
			48.9316280134147	-24.8026926849408
			48.9737378481939	-24.8026926849408
			49.0158476829731	-24.8026926849408
			49.0579575177523	-24.8026926849408
			49.1000673525314	-24.84480251972
			49.1421771873106	-24.84480251972
			49.1842870220898	-24.84480251972
			49.226396856869	-24.84480251972
			49.2685066916482	-24.84480251972
			49.3106165264274	-24.84480251972
			49.3527263612066	-24.84480251972
			49.3948361959858	-24.8869123544992
			49.4369460307649	-24.8869123544992
			49.4790558655441	-24.8869123544992
			49.5211657003233	-24.8869123544992
			49.5632755351025	-24.8869123544992
			49.6053853698817	-24.8869123544992
			49.6474952046609	-24.8869123544992
			49.6896050394401	-24.9290221892784
			49.7317148742193	-24.9290221892784
			49.7738247089984	-24.9290221892784
			49.8159345437776	-24.9290221892784
			49.8580443785568	-24.9290221892784
			49.900154213336	-24.9290221892784
			49.9422640481152	-24.9290221892784
			49.9843738828944	-24.9711320240576
			50.0264837176735	-24.9711320240576
			50.0685935524527	-24.9711320240576
			50.1107033872319	-24.9711320240576
			50.1528132220111	-24.9711320240576
			50.1949230567903	-24.9711320240576
			50.2370328915695	-24.9711320240576
			50.2791427263487	-24.9711320240576
			50.3212525611279	-25.0132418588368
			50.363362395907	-25.0132418588368
			50.4054722306862	-25.0132418588368
			50.4475820654654	-25.0132418588368
			50.4896919002446	-25.0132418588368
			50.5318017350238	-25.0132418588368
			50.573911569803	-25.0132418588368
			50.6160214045822	-25.0132418588368
			50.6581312393614	-25.0132418588368
			50.7002410741405	-25.055351693616
			50.7423509089197	-25.055351693616
			50.7844607436989	-25.055351693616
			50.8265705784781	-25.055351693616
			50.8686804132573	-25.055351693616
			50.9107902480365	-25.055351693616
			50.9529000828157	-25.055351693616
			50.9950099175948	-25.055351693616
			51.037119752374	-25.055351693616
			51.0792295871532	-25.0974615283952
			51.1213394219324	-25.0974615283952
			51.1634492567116	-25.0974615283952
			51.2055590914908	-25.0974615283952
			51.24766892627	-25.0974615283952
			51.2897787610491	-25.0974615283952
			51.3318885958283	-25.0974615283952
			51.3739984306075	-25.0974615283952
			51.4161082653867	-25.0974615283952
			51.4582181001659	-25.0974615283952
			51.5003279349451	-25.0974615283952
			51.5424377697243	-25.0974615283952
			51.5845476045035	-25.0974615283952
			51.6266574392826	-25.1395713631743
			51.6687672740618	-25.1395713631743
			51.710877108841	-25.1395713631743
			51.7529869436202	-25.1395713631743
			51.7950967783994	-25.1395713631743
			51.8372066131786	-25.1395713631743
			51.8793164479578	-25.1395713631743
			51.9214262827369	-25.1395713631743
			51.9635361175161	-25.1395713631743
			52.0056459522953	-25.1395713631743
			52.0477557870745	-25.1395713631743
			52.0898656218537	-25.1395713631743
			52.1319754566329	-25.1395713631743
			52.1740852914121	-25.1395713631743
			52.2161951261913	-25.1395713631743
			52.2583049609704	-25.1395713631743
			52.3004147957496	-25.1395713631743
			52.3425246305288	-25.1395713631743
			52.384634465308	-25.1395713631743
		</Dorsal_adipose>
		<Adipose_caudal type=matrix rownames=FALSE colnames=FALSE nrow=183 ncol=2 as.numeric=TRUE >
			52.384634465308	-25.1395713631743
			52.4267443000872	-25.1395713631743
			52.4688541348664	-25.1395713631743
			52.5109639696456	-25.1395713631743
			52.5530738044247	-25.1816811979535
			52.5951836392039	-25.1816811979535
			52.6372934739831	-25.1816811979535
			52.6794033087623	-25.1816811979535
			52.7215131435415	-25.1816811979535
			52.7636229783207	-25.2237910327327
			52.8057328130999	-25.2237910327327
			52.847842647879	-25.2237910327327
			52.8899524826582	-25.2659008675119
			52.9320623174374	-25.2659008675119
			52.9741721522166	-25.2659008675119
			53.0162819869958	-25.3080107022911
			53.058391821775	-25.3080107022911
			53.1005016565542	-25.3501205370703
			53.1426114913334	-25.3501205370703
			53.1847213261125	-25.3922303718495
			53.2268311608917	-25.3922303718495
			53.2689409956709	-25.4343402066286
			53.3110508304501	-25.4764500414078
			53.3531606652293	-25.518559876187
			53.3952705000085	-25.5606697109662
			53.3952705000085	-25.6027795457454
			53.4373803347877	-25.6448893805246
			53.4794901695668	-25.6869992153038
			53.4794901695668	-25.7291090500829
			53.521600004346	-25.7291090500829
			53.5637098391252	-25.7291090500829
			53.6058196739044	-25.7712188848621
			53.6479295086836	-25.7712188848621
			53.6900393434628	-25.7712188848621
			53.732149178242	-25.7712188848621
			53.7742590130212	-25.7712188848621
			53.8163688478003	-25.8133287196413
			53.8584786825795	-25.8133287196413
			53.9005885173587	-25.8133287196413
			53.9426983521379	-25.8133287196413
			53.9848081869171	-25.8133287196413
			54.0269180216963	-25.8133287196413
			54.0269180216963	-25.8554385544205
			54.0690278564755	-25.8554385544205
			54.1111376912546	-25.8554385544205
			54.1532475260338	-25.8554385544205
			54.195357360813	-25.8554385544205
			54.2374671955922	-25.8975483891997
			54.2795770303714	-25.8975483891997
			54.3216868651506	-25.8975483891997
			54.3637966999298	-25.8975483891997
			54.4059065347089	-25.8975483891997
			54.4480163694881	-25.9396582239789
			54.4901262042673	-25.9396582239789
			54.5322360390465	-25.9396582239789
			54.5743458738257	-25.9396582239789
			54.6164557086049	-25.9396582239789
			54.6585655433841	-25.9396582239789
			54.7006753781633	-25.9817680587581
			54.7427852129424	-25.9817680587581
			54.7848950477216	-25.9817680587581
			54.8270048825008	-25.9817680587581
			54.86911471728	-25.9817680587581
			54.9112245520592	-26.0238778935373
			54.9533343868384	-26.0238778935373
			54.9954442216176	-26.0238778935373
			55.0375540563967	-26.0238778935373
			55.0796638911759	-26.0238778935373
			55.1217737259551	-26.0238778935373
			55.1217737259551	-26.0659877283164
			55.1638835607343	-26.0659877283164
			55.2059933955135	-26.0659877283164
			55.2481032302927	-26.0659877283164
			55.2902130650719	-26.0659877283164
			55.3323228998511	-26.1080975630956
			55.3744327346302	-26.1080975630956
			55.4165425694094	-26.1080975630956
			55.4586524041886	-26.1080975630956
			55.5007622389678	-26.1080975630956
			55.542872073747	-26.1080975630956
			55.5849819085262	-26.1502073978748
			55.6270917433054	-26.1502073978748
			55.6692015780845	-26.1502073978748
			55.7113114128637	-26.1502073978748
			55.7534212476429	-26.1502073978748
			55.7955310824221	-26.192317232654
			55.8376409172013	-26.192317232654
			55.8797507519805	-26.192317232654
			55.9218605867597	-26.192317232654
			55.9639704215388	-26.192317232654
			56.006080256318	-26.192317232654
			56.0481900910972	-26.2344270674332
			56.0902999258764	-26.2344270674332
			56.1324097606556	-26.2344270674332
			56.1745195954348	-26.2344270674332
			56.216629430214	-26.2344270674332
			56.2587392649932	-26.2765369022124
			56.3008490997723	-26.2765369022124
			56.3429589345515	-26.2765369022124
			56.3850687693307	-26.2765369022124
			56.4271786041099	-26.2765369022124
			56.4692884388891	-26.2765369022124
			56.5113982736683	-26.2765369022124
			56.5535081084475	-26.3186467369916
			56.5956179432266	-26.3186467369916
			56.6377277780058	-26.3186467369916
			56.679837612785	-26.3186467369916
			56.7219474475642	-26.3186467369916
			56.7640572823434	-26.3186467369916
			56.8061671171226	-26.3607565717707
			56.8482769519018	-26.3607565717707
			56.8903867866809	-26.3607565717707
			56.9324966214601	-26.3607565717707
			56.9746064562393	-26.3607565717707
			57.0167162910185	-26.3607565717707
			57.0588261257977	-26.4028664065499
			57.1009359605769	-26.4028664065499
			57.1430457953561	-26.4028664065499
			57.1851556301353	-26.4028664065499
			57.2272654649144	-26.4028664065499
			57.2693752996936	-26.4028664065499
			57.3114851344728	-26.4028664065499
			57.353594969252	-26.4449762413291
			57.3957048040312	-26.4449762413291
			57.4378146388104	-26.4449762413291
			57.4799244735896	-26.4449762413291
			57.5220343083687	-26.4449762413291
			57.5641441431479	-26.4449762413291
			57.6062539779271	-26.4449762413291
			57.6483638127063	-26.4449762413291
			57.6904736474855	-26.4870860761083
			57.7325834822647	-26.4870860761083
			57.7746933170439	-26.4870860761083
			57.8168031518231	-26.4870860761083
			57.8589129866022	-26.4870860761083
			57.9010228213814	-26.4870860761083
			57.9431326561606	-26.4870860761083
			57.9852424909398	-26.4870860761083
			58.027352325719	-26.4870860761083
			58.027352325719	-26.5291959108875
			58.0694621604982	-26.5291959108875
			58.1115719952774	-26.5291959108875
			58.1536818300565	-26.5291959108875
			58.1957916648357	-26.5291959108875
			58.2379014996149	-26.5291959108875
			58.2800113343941	-26.5291959108875
			58.3221211691733	-26.5291959108875
			58.3642310039525	-26.5291959108875
			58.4063408387317	-26.5291959108875
			58.4484506735108	-26.5291959108875
			58.49056050829	-26.5291959108875
			58.5326703430692	-26.5291959108875
			58.5747801778484	-26.5291959108875
			58.5747801778484	-26.4870860761083
			58.6168900126276	-26.4870860761083
			58.6589998474068	-26.4870860761083
			58.701109682186	-26.4870860761083
			58.7432195169652	-26.4870860761083
			58.7853293517443	-26.4870860761083
			58.8274391865235	-26.4870860761083
			58.8695490213027	-26.4870860761083
			58.9116588560819	-26.4870860761083
			58.9537686908611	-26.4870860761083
			58.9958785256403	-26.4870860761083
			59.0379883604195	-26.4870860761083
			59.0800981951987	-26.4870860761083
			59.1222080299778	-26.4870860761083
			59.164317864757	-26.4870860761083
			59.2064276995362	-26.4870860761083
			59.2485375343154	-26.4870860761083
			59.2906473690946	-26.4870860761083
			59.3327572038738	-26.4870860761083
			59.374867038653	-26.4870860761083
			59.4169768734321	-26.4870860761083
			59.4590867082113	-26.4870860761083
			59.5011965429905	-26.4870860761083
			59.5011965429905	-26.5291959108875
			59.5433063777697	-26.5291959108875
			59.5854162125489	-26.5291959108875
			59.6275260473281	-26.5291959108875
			59.6696358821073	-26.5291959108875
			59.7117457168864	-26.5713057456667
			59.7538555516656	-26.5713057456667
		</Adipose_caudal>
		<Caudal_anal type=matrix rownames=FALSE colnames=FALSE nrow=319 ncol=2 as.numeric=TRUE >
			59.4169768734321	-31.2876072409356
			59.374867038653	-31.2876072409356
			59.3327572038738	-31.2876072409356
			59.2906473690946	-31.3297170757148
			59.2485375343154	-31.3297170757148
			59.2064276995362	-31.3297170757148
			59.164317864757	-31.3297170757148
			59.1222080299778	-31.3297170757148
			59.0800981951987	-31.3297170757148
			59.0379883604195	-31.3297170757148
			58.9958785256403	-31.3297170757148
			58.9537686908611	-31.3297170757148
			58.9116588560819	-31.3297170757148
			58.8695490213027	-31.3297170757148
			58.8274391865235	-31.3297170757148
			58.7853293517443	-31.3297170757148
			58.7432195169652	-31.2876072409356
			58.701109682186	-31.2876072409356
			58.6589998474068	-31.2876072409356
			58.6168900126276	-31.2876072409356
			58.5747801778484	-31.2876072409356
			58.5326703430692	-31.2454974061564
			58.49056050829	-31.2454974061564
			58.4484506735108	-31.2454974061564
			58.4063408387317	-31.2454974061564
			58.3642310039525	-31.2033875713772
			58.3221211691733	-31.2033875713772
			58.2800113343941	-31.2033875713772
			58.2379014996149	-31.161277736598
			58.1957916648357	-31.161277736598
			58.1536818300565	-31.161277736598
			58.1115719952774	-31.161277736598
			58.0694621604982	-31.161277736598
			58.027352325719	-31.161277736598
			57.9852424909398	-31.161277736598
			57.9431326561606	-31.161277736598
			57.9010228213814	-31.1191679018188
			57.8589129866022	-31.1191679018188
			57.8168031518231	-31.1191679018188
			57.7746933170439	-31.1191679018188
			57.7325834822647	-31.1191679018188
			57.6904736474855	-31.1191679018188
			57.6483638127063	-31.1191679018188
			57.6062539779271	-31.1191679018188
			57.5641441431479	-31.1191679018188
			57.5220343083687	-31.1191679018188
			57.4799244735896	-31.1191679018188
			57.4378146388104	-31.1191679018188
			57.3957048040312	-31.1191679018188
			57.353594969252	-31.1191679018188
			57.3114851344728	-31.1191679018188
			57.2693752996936	-31.1191679018188
			57.2272654649144	-31.1191679018188
			57.1851556301353	-31.1191679018188
			57.1430457953561	-31.1191679018188
			57.1009359605769	-31.1191679018188
			57.0588261257977	-31.1191679018188
			57.0167162910185	-31.0770580670396
			56.9746064562393	-31.0770580670396
			56.9324966214601	-31.0770580670396
			56.8903867866809	-31.0770580670396
			56.8482769519018	-31.0770580670396
			56.8061671171226	-31.0770580670396
			56.7640572823434	-31.0770580670396
			56.7219474475642	-31.0770580670396
			56.679837612785	-31.0770580670396
			56.6377277780058	-31.0770580670396
			56.5956179432266	-31.0770580670396
			56.5535081084475	-31.0770580670396
			56.5113982736683	-31.0770580670396
			56.4692884388891	-31.0770580670396
			56.4271786041099	-31.0770580670396
			56.3850687693307	-31.0770580670396
			56.3429589345515	-31.0770580670396
			56.3008490997723	-31.0770580670396
			56.2587392649932	-31.0770580670396
			56.216629430214	-31.1191679018188
			56.1745195954348	-31.1191679018188
			56.1324097606556	-31.1191679018188
			56.0902999258764	-31.1191679018188
			56.0481900910972	-31.1191679018188
			56.006080256318	-31.1191679018188
			55.9639704215388	-31.1191679018188
			55.9218605867597	-31.1191679018188
			55.8797507519805	-31.1191679018188
			55.8376409172013	-31.1191679018188
			55.7955310824221	-31.1191679018188
			55.7534212476429	-31.1191679018188
			55.7113114128637	-31.1191679018188
			55.6692015780845	-31.1191679018188
			55.6270917433054	-31.1191679018188
			55.5849819085262	-31.1191679018188
			55.542872073747	-31.1191679018188
			55.5007622389678	-31.1191679018188
			55.4586524041886	-31.1191679018188
			55.4165425694094	-31.1191679018188
			55.3744327346302	-31.1191679018188
			55.3323228998511	-31.1191679018188
			55.2902130650719	-31.161277736598
			55.2481032302927	-31.161277736598
			55.2059933955135	-31.161277736598
			55.1638835607343	-31.161277736598
			55.1217737259551	-31.161277736598
			55.0796638911759	-31.161277736598
			55.0375540563967	-31.161277736598
			54.9954442216176	-31.161277736598
			54.9533343868384	-31.161277736598
			54.9112245520592	-31.161277736598
			54.86911471728	-31.161277736598
			54.8270048825008	-31.161277736598
			54.7848950477216	-31.161277736598
			54.7848950477216	-31.2033875713772
			54.7427852129424	-31.2033875713772
			54.7006753781633	-31.2033875713772
			54.6585655433841	-31.2033875713772
			54.6164557086049	-31.2033875713772
			54.5743458738257	-31.2033875713772
			54.5322360390465	-31.2033875713772
			54.4901262042673	-31.2033875713772
			54.4480163694881	-31.2033875713772
			54.4059065347089	-31.2033875713772
			54.3637966999298	-31.2033875713772
			54.3216868651506	-31.2454974061564
			54.2795770303714	-31.2454974061564
			54.2374671955922	-31.2454974061564
			54.195357360813	-31.2454974061564
			54.1532475260338	-31.2454974061564
			54.1111376912546	-31.2454974061564
			54.0690278564755	-31.2454974061564
			54.0269180216963	-31.2454974061564
			53.9848081869171	-31.2454974061564
			53.9848081869171	-31.2876072409356
			53.9426983521379	-31.2876072409356
			53.9005885173587	-31.2876072409356
			53.8584786825795	-31.2876072409356
			53.8163688478003	-31.2876072409356
			53.7742590130212	-31.2876072409356
			53.732149178242	-31.2876072409356
			53.6900393434628	-31.2876072409356
			53.6479295086836	-31.2876072409356
			53.6058196739044	-31.3297170757148
			53.5637098391252	-31.3297170757148
			53.521600004346	-31.3297170757148
			53.4794901695668	-31.3297170757148
			53.4373803347877	-31.3297170757148
			53.3952705000085	-31.3297170757148
			53.3531606652293	-31.3297170757148
			53.3110508304501	-31.3297170757148
			53.2689409956709	-31.3297170757148
			53.2268311608917	-31.3718269104939
			53.1847213261125	-31.3718269104939
			53.1426114913334	-31.3718269104939
			53.1005016565542	-31.3718269104939
			53.058391821775	-31.3718269104939
			53.0162819869958	-31.3718269104939
			52.9741721522166	-31.3718269104939
			52.9320623174374	-31.3718269104939
			52.8899524826582	-31.3718269104939
			52.847842647879	-31.3718269104939
			52.8057328130999	-31.4139367452731
			52.7636229783207	-31.4139367452731
			52.7215131435415	-31.4139367452731
			52.6794033087623	-31.4139367452731
			52.6372934739831	-31.4139367452731
			52.5951836392039	-31.4139367452731
			52.5530738044247	-31.4139367452731
			52.5109639696456	-31.4139367452731
			52.4688541348664	-31.4560465800523
			52.4267443000872	-31.4560465800523
			52.384634465308	-31.4560465800523
			52.3425246305288	-31.4560465800523
			52.3004147957496	-31.4560465800523
			52.2583049609704	-31.4560465800523
			52.2161951261913	-31.4560465800523
			52.1740852914121	-31.4560465800523
			52.1319754566329	-31.4560465800523
			52.0898656218537	-31.4560465800523
			52.0477557870745	-31.4981564148315
			52.0056459522953	-31.4981564148315
			51.9635361175161	-31.4981564148315
			51.9214262827369	-31.4981564148315
			51.8793164479578	-31.4981564148315
			51.8372066131786	-31.4981564148315
			51.7950967783994	-31.4981564148315
			51.7529869436202	-31.4981564148315
			51.710877108841	-31.4981564148315
			51.6687672740618	-31.5402662496107
			51.6266574392826	-31.5402662496107
			51.5845476045035	-31.5402662496107
			51.5424377697243	-31.5402662496107
			51.5003279349451	-31.5402662496107
			51.4582181001659	-31.5402662496107
			51.4161082653867	-31.5402662496107
			51.3739984306075	-31.5402662496107
			51.3318885958283	-31.5402662496107
			51.2897787610491	-31.5823760843899
			51.24766892627	-31.5823760843899
			51.2055590914908	-31.5823760843899
			51.1634492567116	-31.5823760843899
			51.1213394219324	-31.5823760843899
			51.0792295871532	-31.5823760843899
			51.037119752374	-31.5823760843899
			50.9950099175948	-31.5823760843899
			50.9529000828157	-31.5823760843899
			50.9107902480365	-31.6244859191691
			50.8686804132573	-31.6244859191691
			50.8265705784781	-31.6244859191691
			50.7844607436989	-31.6244859191691
			50.7423509089197	-31.6244859191691
			50.7002410741405	-31.6244859191691
			50.6581312393614	-31.6244859191691
			50.6160214045822	-31.6244859191691
			50.573911569803	-31.6244859191691
			50.5318017350238	-31.6244859191691
			50.4896919002446	-31.6665957539482
			50.4475820654654	-31.6665957539482
			50.4054722306862	-31.6665957539482
			50.363362395907	-31.6665957539482
			50.3212525611279	-31.6665957539482
			50.2791427263487	-31.6665957539482
			50.2370328915695	-31.6665957539482
			50.1949230567903	-31.6665957539482
			50.1528132220111	-31.6665957539482
			50.1528132220111	-31.7087055887274
			50.1107033872319	-31.7087055887274
			50.0685935524527	-31.7087055887274
			50.0264837176735	-31.7087055887274
			49.9843738828944	-31.7087055887274
			49.9422640481152	-31.7087055887274
			49.900154213336	-31.7087055887274
			49.8580443785568	-31.7087055887274
			49.8159345437776	-31.7087055887274
			49.7738247089984	-31.7508154235066
			49.7317148742193	-31.7508154235066
			49.6896050394401	-31.7508154235066
			49.6474952046609	-31.7508154235066
			49.6053853698817	-31.7508154235066
			49.5632755351025	-31.7508154235066
			49.5211657003233	-31.7508154235066
			49.4790558655441	-31.7508154235066
			49.4369460307649	-31.7508154235066
			49.3948361959858	-31.7508154235066
			49.3527263612066	-31.7929252582858
			49.3106165264274	-31.7929252582858
			49.2685066916482	-31.7929252582858
			49.226396856869	-31.7929252582858
			49.1842870220898	-31.7929252582858
			49.1421771873106	-31.7929252582858
			49.1000673525314	-31.7929252582858
			49.0579575177523	-31.7929252582858
			49.0158476829731	-31.7929252582858
			48.9737378481939	-31.835035093065
			48.9316280134147	-31.835035093065
			48.8895181786355	-31.835035093065
			48.8474083438563	-31.835035093065
			48.8052985090771	-31.835035093065
			48.763188674298	-31.835035093065
			48.7210788395188	-31.835035093065
			48.6789690047396	-31.835035093065
			48.6368591699604	-31.835035093065
			48.5947493351812	-31.8771449278442
			48.552639500402	-31.8771449278442
			48.5105296656228	-31.8771449278442
			48.4684198308437	-31.8771449278442
			48.4263099960645	-31.8771449278442
			48.3842001612853	-31.8771449278442
			48.3420903265061	-31.8771449278442
			48.2999804917269	-31.8771449278442
			48.2578706569477	-31.8771449278442
			48.2157608221685	-31.9192547626234
			48.1736509873893	-31.9192547626234
			48.1315411526102	-31.9192547626234
			48.089431317831	-31.9192547626234
			48.0473214830518	-31.9192547626234
			48.0052116482726	-31.9192547626234
			47.9631018134934	-31.9192547626234
			47.9209919787142	-31.9192547626234
			47.878882143935	-31.9192547626234
			47.8367723091559	-31.9613645974025
			47.7946624743767	-31.9613645974025
			47.7525526395975	-31.9613645974025
			47.7104428048183	-31.9613645974025
			47.6683329700391	-31.9613645974025
			47.6262231352599	-31.9613645974025
			47.5841133004807	-31.9613645974025
			47.5420034657015	-31.9613645974025
			47.4998936309224	-31.9613645974025
			47.4577837961432	-32.0034744321817
			47.415673961364	-32.0034744321817
			47.3735641265848	-32.0034744321817
			47.3314542918056	-32.0034744321817
			47.2893444570264	-32.0034744321817
			47.2472346222472	-32.0034744321817
			47.2051247874681	-32.0034744321817
			47.1630149526889	-32.0034744321817
			47.1209051179097	-32.0034744321817
			47.0787952831305	-32.0455842669609
			47.0366854483513	-32.0455842669609
			46.9945756135721	-32.0455842669609
			46.9524657787929	-32.0455842669609
			46.9103559440138	-32.0455842669609
			46.8682461092346	-32.0455842669609
			46.8261362744554	-32.0455842669609
			46.7840264396762	-32.0455842669609
			46.741916604897	-32.0455842669609
			46.6998067701178	-32.0876941017401
			46.6576969353386	-32.0876941017401
			46.6155871005594	-32.0876941017401
			46.5734772657803	-32.0876941017401
			46.5313674310011	-32.0876941017401
			46.4892575962219	-32.0876941017401
			46.4471477614427	-32.0876941017401
			46.4050379266635	-32.0876941017401
			46.3629280918843	-32.0876941017401
			46.3208182571051	-32.1298039365193
			46.278708422326	-32.1298039365193
			46.2365985875468	-32.1298039365193
			46.1944887527676	-32.1298039365193
			46.1523789179884	-32.1298039365193
		</Caudal_anal>
	</curves.scaled>
	<ruler.points type=matrix rownames=TRUE colnames=FALSE nrow=3 ncol=2 as.numeric=TRUE >
		Ruler point 1	758	840
		Ruler point 2	877	833
		Ruler point 3	995	825
	</ruler.points>
</shapes>

