<shapes type=list>
	<ruler.pixel type=vector names=FALSE length=1 as.numeric=TRUE >211.595131886253</ruler.pixel>
	<ruler.interval type=vector names=FALSE length=1 as.numeric=TRUE >5</ruler.interval>
	<scaling.units type=vector names=FALSE length=1 as.numeric=FALSE >mm</scaling.units>
	<scaling type=vector names=FALSE length=1 as.numeric=TRUE >0.0236300332404994</scaling>
	<landmarks.pixel type=matrix rownames=TRUE colnames=FALSE nrow=11 ncol=2 as.numeric=TRUE >
		Anterior_eye	1687	1676
		Posterior_eye	1827	1637
		Posterior_Maxilla	1922	1761
		Anterior_Maxilla	1671	1720
		Dorsal_fin_insertion	2149	1374
		Adipose_fin_insertion	2607	1393
		Dorsal_caudal	2853	1363
		Ventral_caudal	2887	1501
		Anal_fin_insertion	2450	1655
		Pelvic_fin_insertion	2225	1705
		Pectoral_fin_insertion	2048	1687
	</landmarks.pixel>
	<landmarks.scaled type=matrix rownames=TRUE colnames=FALSE nrow=11 ncol=2 as.numeric=TRUE >
		Anterior_eye	39.8638660767225	-39.603935711077
		Posterior_eye	43.1720707303924	-38.6823644146975
		Posterior_Maxilla	45.4169238882398	-41.6124885365194
		Anterior_Maxilla	39.4857855448745	-40.6436571736589
		Dorsal_fin_insertion	50.7809414338332	-32.4676656724461
		Adipose_fin_insertion	61.6034966579819	-32.9166363040156
		Dorsal_caudal	67.4164848351447	-32.2077353068007
		Ventral_caudal	68.2199059653217	-35.4686798939896
		Anal_fin_insertion	57.8935814392235	-39.1077050130265
		Pelvic_fin_insertion	52.5768239601111	-40.2892066750514
		Pectoral_fin_insertion	48.3943080765427	-39.8638660767225
	</landmarks.scaled>
	<curves.control type=list>
		<Snout_dorsal type=matrix rownames=FALSE colnames=FALSE nrow=7 ncol=2 as.numeric=TRUE >
			1671	1720
			1624	1620
			1727	1521
			1832	1454
			1967	1428
			2090	1393
			2149	1374
		</Snout_dorsal>
		<Dorsal_adipose type=matrix rownames=FALSE colnames=FALSE nrow=5 ncol=2 as.numeric=TRUE >
			2149	1374
			2280	1374
			2424	1405
			2516	1405
			2607	1393
		</Dorsal_adipose>
		<Adipose_caudal type=matrix rownames=FALSE colnames=FALSE nrow=7 ncol=2 as.numeric=TRUE >
			2607	1393
			2632	1392
			2651	1400
			2757	1391
			2798	1378
			2825	1367
			2853	1363
		</Adipose_caudal>
		<Caudal_anal type=matrix rownames=FALSE colnames=FALSE nrow=7 ncol=2 as.numeric=TRUE >
			2887	1501
			2874	1509
			2822	1517
			2734	1529
			2687	1554
			2607	1599
			2450	1655
		</Caudal_anal>
	</curves.control>
	<curves.pixel type=list>
		<Snout_dorsal type=matrix rownames=FALSE colnames=FALSE nrow=637 ncol=2 as.numeric=TRUE >
			1671	1720
			1671	1719
			1670	1718
			1670	1717
			1669	1716
			1669	1715
			1668	1714
			1668	1713
			1668	1712
			1667	1712
			1667	1711
			1667	1710
			1666	1709
			1666	1708
			1666	1707
			1665	1706
			1665	1705
			1664	1704
			1664	1703
			1664	1702
			1663	1701
			1663	1700
			1663	1699
			1663	1698
			1662	1697
			1662	1696
			1662	1695
			1661	1694
			1661	1693
			1661	1692
			1660	1691
			1660	1690
			1660	1689
			1660	1688
			1660	1687
			1659	1686
			1659	1685
			1659	1684
			1659	1683
			1659	1682
			1658	1681
			1658	1680
			1658	1679
			1658	1678
			1658	1677
			1658	1676
			1657	1675
			1657	1674
			1657	1673
			1657	1672
			1657	1671
			1657	1670
			1657	1669
			1657	1668
			1657	1667
			1657	1666
			1656	1665
			1656	1664
			1656	1663
			1656	1662
			1656	1661
			1656	1660
			1656	1659
			1656	1658
			1656	1657
			1656	1656
			1656	1655
			1656	1654
			1656	1653
			1656	1652
			1656	1651
			1656	1650
			1657	1649
			1657	1648
			1657	1647
			1657	1646
			1657	1645
			1657	1644
			1657	1643
			1657	1642
			1657	1641
			1657	1640
			1658	1639
			1658	1638
			1658	1637
			1658	1636
			1658	1635
			1658	1634
			1659	1633
			1659	1632
			1659	1631
			1659	1630
			1659	1629
			1660	1628
			1660	1627
			1660	1626
			1660	1625
			1660	1624
			1661	1623
			1661	1622
			1661	1621
			1662	1620
			1662	1619
			1662	1618
			1662	1617
			1663	1616
			1663	1615
			1663	1614
			1664	1613
			1664	1612
			1664	1611
			1665	1610
			1665	1609
			1665	1608
			1666	1607
			1666	1606
			1667	1605
			1667	1604
			1667	1603
			1668	1602
			1668	1601
			1669	1600
			1669	1599
			1670	1598
			1670	1597
			1670	1596
			1671	1595
			1671	1594
			1672	1593
			1672	1592
			1673	1591
			1673	1590
			1674	1589
			1674	1588
			1675	1587
			1675	1586
			1676	1585
			1676	1584
			1677	1583
			1678	1582
			1678	1581
			1679	1580
			1679	1579
			1680	1579
			1680	1578
			1681	1577
			1682	1576
			1682	1575
			1683	1574
			1684	1573
			1684	1572
			1685	1571
			1686	1570
			1686	1569
			1687	1568
			1688	1567
			1688	1566
			1689	1565
			1690	1564
			1690	1563
			1691	1562
			1692	1561
			1692	1560
			1693	1559
			1694	1558
			1695	1557
			1695	1556
			1696	1555
			1697	1554
			1698	1553
			1699	1552
			1699	1551
			1700	1550
			1701	1549
			1702	1548
			1703	1547
			1703	1546
			1704	1545
			1705	1544
			1706	1543
			1707	1542
			1708	1541
			1709	1540
			1710	1539
			1710	1538
			1711	1537
			1712	1536
			1713	1535
			1714	1534
			1715	1533
			1716	1532
			1717	1531
			1718	1530
			1719	1529
			1720	1528
			1721	1527
			1722	1526
			1723	1525
			1724	1524
			1725	1523
			1726	1522
			1727	1521
			1728	1520
			1729	1520
			1730	1519
			1731	1519
			1732	1518
			1733	1517
			1734	1517
			1735	1516
			1736	1515
			1737	1515
			1738	1514
			1739	1513
			1740	1513
			1741	1512
			1742	1512
			1743	1511
			1744	1510
			1745	1510
			1746	1509
			1747	1509
			1748	1508
			1749	1508
			1750	1507
			1751	1506
			1752	1506
			1753	1505
			1754	1505
			1755	1504
			1756	1504
			1757	1503
			1758	1503
			1758	1502
			1759	1502
			1760	1501
			1761	1501
			1762	1500
			1763	1500
			1764	1499
			1765	1499
			1766	1498
			1767	1498
			1768	1497
			1769	1497
			1770	1496
			1771	1496
			1772	1495
			1773	1495
			1774	1494
			1775	1494
			1776	1493
			1777	1493
			1777	1492
			1778	1492
			1779	1491
			1780	1491
			1781	1490
			1782	1490
			1783	1489
			1784	1489
			1785	1488
			1786	1488
			1787	1487
			1788	1487
			1789	1486
			1790	1486
			1791	1485
			1792	1485
			1793	1484
			1794	1484
			1795	1483
			1796	1483
			1797	1482
			1798	1482
			1799	1482
			1800	1481
			1801	1481
			1802	1480
			1803	1480
			1804	1479
			1805	1479
			1806	1478
			1807	1478
			1808	1477
			1809	1477
			1810	1477
			1811	1476
			1812	1476
			1813	1475
			1814	1475
			1815	1474
			1816	1474
			1817	1473
			1818	1473
			1819	1473
			1820	1472
			1821	1472
			1822	1471
			1823	1471
			1824	1470
			1825	1470
			1826	1470
			1827	1469
			1828	1469
			1829	1468
			1830	1468
			1831	1468
			1832	1467
			1833	1467
			1834	1466
			1835	1466
			1836	1466
			1837	1465
			1838	1465
			1839	1464
			1840	1464
			1841	1464
			1842	1463
			1843	1463
			1844	1463
			1844	1462
			1845	1462
			1846	1462
			1847	1461
			1848	1461
			1849	1461
			1850	1460
			1851	1460
			1852	1460
			1852	1459
			1853	1459
			1854	1459
			1855	1459
			1855	1458
			1856	1458
			1857	1458
			1858	1458
			1858	1457
			1859	1457
			1860	1457
			1861	1456
			1862	1456
			1863	1456
			1864	1455
			1865	1455
			1866	1455
			1867	1454
			1868	1454
			1869	1454
			1870	1453
			1871	1453
			1872	1452
			1873	1452
			1874	1452
			1875	1452
			1876	1451
			1877	1451
			1878	1451
			1879	1450
			1880	1450
			1881	1450
			1882	1449
			1883	1449
			1884	1449
			1885	1448
			1886	1448
			1887	1448
			1888	1447
			1889	1447
			1890	1447
			1891	1447
			1892	1446
			1893	1446
			1894	1446
			1895	1445
			1896	1445
			1897	1445
			1898	1445
			1899	1444
			1900	1444
			1901	1444
			1902	1443
			1903	1443
			1904	1443
			1905	1443
			1906	1442
			1907	1442
			1908	1442
			1909	1442
			1910	1441
			1911	1441
			1912	1441
			1913	1440
			1914	1440
			1915	1440
			1916	1440
			1917	1439
			1918	1439
			1919	1439
			1920	1439
			1921	1438
			1922	1438
			1923	1438
			1924	1438
			1925	1437
			1926	1437
			1927	1437
			1928	1437
			1929	1436
			1930	1436
			1931	1436
			1932	1436
			1933	1435
			1934	1435
			1935	1435
			1936	1435
			1937	1434
			1938	1434
			1939	1434
			1940	1434
			1941	1434
			1942	1433
			1943	1433
			1944	1433
			1945	1433
			1946	1432
			1947	1432
			1948	1432
			1949	1432
			1950	1431
			1951	1431
			1952	1431
			1953	1431
			1954	1431
			1955	1430
			1956	1430
			1957	1430
			1958	1430
			1959	1430
			1960	1429
			1961	1429
			1962	1429
			1963	1429
			1964	1429
			1965	1428
			1966	1428
			1967	1428
			1968	1428
			1969	1427
			1970	1427
			1971	1427
			1972	1427
			1973	1426
			1974	1426
			1975	1426
			1976	1425
			1977	1425
			1978	1425
			1979	1425
			1980	1424
			1981	1424
			1982	1424
			1983	1423
			1984	1423
			1985	1423
			1986	1423
			1987	1422
			1988	1422
			1989	1422
			1990	1422
			1991	1421
			1992	1421
			1993	1421
			1994	1420
			1995	1420
			1996	1420
			1997	1420
			1998	1419
			1999	1419
			2000	1418
			2001	1418
			2002	1418
			2003	1418
			2004	1417
			2005	1417
			2006	1417
			2007	1417
			2008	1416
			2009	1416
			2010	1416
			2011	1415
			2012	1415
			2013	1415
			2014	1415
			2015	1414
			2016	1414
			2017	1414
			2018	1413
			2019	1413
			2020	1413
			2021	1412
			2022	1412
			2023	1412
			2024	1412
			2025	1411
			2026	1411
			2027	1411
			2028	1410
			2029	1410
			2030	1410
			2031	1410
			2032	1409
			2033	1409
			2034	1409
			2035	1408
			2036	1408
			2037	1408
			2038	1408
			2039	1407
			2040	1407
			2041	1407
			2042	1406
			2043	1406
			2044	1406
			2045	1406
			2046	1405
			2047	1405
			2048	1405
			2049	1404
			2050	1404
			2051	1404
			2052	1403
			2053	1403
			2054	1403
			2055	1403
			2056	1402
			2057	1402
			2058	1402
			2059	1401
			2060	1401
			2061	1401
			2062	1401
			2063	1400
			2064	1400
			2065	1400
			2066	1400
			2066	1399
			2067	1399
			2068	1399
			2069	1398
			2070	1398
			2071	1398
			2072	1398
			2072	1397
			2073	1397
			2074	1397
			2075	1397
			2076	1396
			2077	1396
			2078	1396
			2079	1395
			2080	1395
			2081	1395
			2082	1395
			2083	1394
			2084	1394
			2085	1394
			2086	1393
			2087	1393
			2088	1393
			2089	1393
			2090	1392
			2091	1392
			2092	1392
			2093	1391
			2094	1391
			2095	1391
			2096	1390
			2097	1390
			2098	1390
			2099	1390
			2099	1389
			2100	1389
			2101	1389
			2102	1389
			2103	1388
			2104	1388
			2105	1388
			2106	1388
			2106	1387
			2107	1387
			2108	1387
			2109	1387
			2109	1386
			2110	1386
			2111	1386
			2112	1386
			2112	1385
			2113	1385
			2114	1385
			2115	1385
			2116	1384
			2117	1384
			2118	1384
			2119	1384
			2119	1383
			2120	1383
			2121	1383
			2122	1383
			2123	1382
			2124	1382
			2125	1381
			2126	1381
			2127	1381
			2128	1381
			2129	1380
			2130	1380
			2131	1380
			2132	1379
			2133	1379
			2134	1379
			2135	1379
			2136	1378
			2137	1378
			2138	1377
			2139	1377
			2140	1377
			2141	1376
			2142	1376
			2143	1376
			2144	1376
			2145	1375
			2146	1375
			2147	1375
			2148	1374
			2149	1374
		</Snout_dorsal>
		<Dorsal_adipose type=matrix rownames=FALSE colnames=FALSE nrow=464 ncol=2 as.numeric=TRUE >
			2149	1374
			2150	1374
			2151	1374
			2152	1374
			2153	1374
			2154	1374
			2155	1374
			2156	1374
			2157	1374
			2158	1374
			2159	1374
			2160	1374
			2161	1374
			2162	1374
			2163	1374
			2164	1374
			2165	1374
			2166	1374
			2167	1374
			2168	1374
			2169	1374
			2170	1374
			2171	1374
			2172	1374
			2173	1374
			2174	1374
			2175	1374
			2176	1374
			2177	1374
			2178	1374
			2179	1374
			2180	1374
			2181	1374
			2182	1374
			2183	1375
			2184	1375
			2185	1375
			2186	1375
			2187	1375
			2188	1375
			2189	1375
			2190	1375
			2191	1375
			2192	1375
			2193	1375
			2194	1375
			2195	1375
			2196	1375
			2197	1375
			2198	1375
			2199	1375
			2200	1375
			2201	1375
			2202	1375
			2203	1375
			2204	1375
			2205	1375
			2206	1375
			2207	1375
			2208	1376
			2209	1376
			2210	1376
			2211	1376
			2212	1376
			2213	1376
			2214	1376
			2215	1376
			2216	1376
			2217	1376
			2218	1376
			2219	1376
			2220	1376
			2221	1376
			2222	1376
			2223	1376
			2224	1376
			2225	1377
			2226	1377
			2227	1377
			2228	1377
			2229	1377
			2230	1377
			2231	1377
			2232	1377
			2233	1377
			2234	1377
			2235	1377
			2236	1377
			2237	1377
			2238	1377
			2239	1378
			2240	1378
			2241	1378
			2242	1378
			2243	1378
			2244	1378
			2245	1378
			2246	1378
			2247	1378
			2248	1378
			2249	1378
			2250	1378
			2251	1379
			2252	1379
			2253	1379
			2254	1379
			2255	1379
			2256	1379
			2257	1379
			2258	1379
			2259	1379
			2260	1379
			2261	1379
			2262	1380
			2263	1380
			2264	1380
			2265	1380
			2266	1380
			2267	1380
			2268	1380
			2269	1380
			2270	1380
			2271	1380
			2272	1381
			2273	1381
			2274	1381
			2275	1381
			2276	1381
			2277	1381
			2278	1381
			2279	1381
			2280	1381
			2281	1382
			2282	1382
			2283	1382
			2284	1382
			2285	1382
			2286	1382
			2287	1382
			2288	1382
			2289	1382
			2290	1382
			2290	1383
			2291	1383
			2292	1383
			2293	1383
			2294	1383
			2295	1383
			2296	1383
			2297	1383
			2298	1384
			2299	1384
			2300	1384
			2301	1384
			2302	1384
			2303	1384
			2304	1384
			2305	1384
			2306	1384
			2307	1385
			2308	1385
			2309	1385
			2310	1385
			2311	1385
			2312	1385
			2313	1385
			2314	1386
			2315	1386
			2316	1386
			2317	1386
			2318	1386
			2319	1386
			2320	1386
			2321	1386
			2321	1387
			2322	1387
			2323	1387
			2324	1387
			2325	1387
			2326	1387
			2327	1387
			2328	1388
			2329	1388
			2330	1388
			2331	1388
			2332	1388
			2333	1388
			2334	1389
			2335	1389
			2336	1389
			2337	1389
			2338	1389
			2339	1389
			2340	1389
			2341	1390
			2342	1390
			2343	1390
			2344	1390
			2345	1390
			2346	1390
			2347	1391
			2348	1391
			2349	1391
			2350	1391
			2351	1391
			2352	1391
			2353	1391
			2354	1392
			2355	1392
			2356	1392
			2357	1392
			2358	1392
			2359	1392
			2360	1393
			2361	1393
			2362	1393
			2363	1393
			2364	1393
			2365	1394
			2366	1394
			2367	1394
			2368	1394
			2369	1394
			2370	1394
			2371	1395
			2372	1395
			2373	1395
			2374	1395
			2375	1395
			2376	1395
			2377	1396
			2378	1396
			2379	1396
			2380	1396
			2381	1396
			2382	1396
			2383	1397
			2384	1397
			2385	1397
			2386	1397
			2387	1397
			2387	1398
			2388	1398
			2389	1398
			2390	1398
			2391	1398
			2392	1399
			2393	1399
			2394	1399
			2395	1399
			2396	1399
			2397	1399
			2398	1400
			2399	1400
			2400	1400
			2401	1400
			2402	1400
			2403	1401
			2404	1401
			2405	1401
			2406	1401
			2407	1401
			2408	1402
			2409	1402
			2410	1402
			2411	1402
			2412	1402
			2413	1403
			2414	1403
			2415	1403
			2416	1403
			2417	1403
			2418	1404
			2419	1404
			2420	1404
			2421	1404
			2422	1405
			2423	1405
			2424	1405
			2425	1405
			2426	1405
			2427	1405
			2428	1405
			2429	1405
			2430	1405
			2431	1405
			2432	1405
			2433	1405
			2434	1405
			2435	1405
			2436	1405
			2437	1405
			2438	1405
			2439	1405
			2440	1405
			2441	1405
			2442	1405
			2443	1405
			2444	1405
			2445	1405
			2446	1405
			2447	1405
			2448	1405
			2449	1405
			2450	1405
			2451	1405
			2452	1405
			2453	1405
			2454	1405
			2455	1405
			2456	1405
			2457	1405
			2458	1405
			2459	1405
			2460	1405
			2461	1405
			2462	1404
			2463	1404
			2464	1404
			2465	1404
			2466	1404
			2467	1404
			2468	1404
			2469	1404
			2470	1404
			2471	1404
			2472	1404
			2473	1404
			2474	1404
			2475	1404
			2476	1404
			2477	1404
			2478	1404
			2479	1404
			2480	1404
			2481	1404
			2482	1404
			2483	1404
			2484	1404
			2485	1404
			2486	1404
			2487	1404
			2488	1404
			2489	1403
			2490	1403
			2491	1403
			2492	1403
			2493	1403
			2494	1403
			2495	1403
			2496	1403
			2497	1403
			2498	1403
			2499	1403
			2500	1403
			2501	1403
			2502	1403
			2503	1403
			2504	1403
			2505	1403
			2506	1403
			2507	1403
			2508	1402
			2509	1402
			2510	1402
			2511	1402
			2512	1402
			2513	1402
			2514	1402
			2515	1402
			2516	1402
			2517	1402
			2518	1402
			2519	1402
			2520	1402
			2521	1402
			2522	1402
			2523	1402
			2524	1401
			2525	1401
			2526	1401
			2527	1401
			2528	1401
			2529	1401
			2530	1401
			2531	1401
			2532	1401
			2533	1401
			2534	1401
			2535	1401
			2536	1401
			2537	1400
			2538	1400
			2539	1400
			2540	1400
			2541	1400
			2542	1400
			2543	1400
			2544	1400
			2545	1400
			2546	1400
			2547	1400
			2548	1399
			2549	1399
			2550	1399
			2551	1399
			2552	1399
			2553	1399
			2554	1399
			2555	1399
			2556	1399
			2557	1399
			2558	1399
			2559	1398
			2560	1398
			2561	1398
			2562	1398
			2563	1398
			2564	1398
			2565	1398
			2566	1398
			2567	1398
			2568	1398
			2569	1397
			2570	1397
			2571	1397
			2572	1397
			2573	1397
			2574	1397
			2575	1397
			2576	1397
			2577	1397
			2578	1397
			2579	1396
			2580	1396
			2581	1396
			2582	1396
			2583	1396
			2584	1396
			2585	1396
			2586	1396
			2587	1396
			2588	1395
			2589	1395
			2590	1395
			2591	1395
			2592	1395
			2593	1395
			2594	1395
			2595	1395
			2595	1394
			2596	1394
			2597	1394
			2598	1394
			2599	1394
			2600	1394
			2601	1394
			2602	1394
			2603	1394
			2603	1393
			2604	1393
			2605	1393
			2606	1393
			2607	1393
		</Dorsal_adipose>
		<Adipose_caudal type=matrix rownames=FALSE colnames=FALSE nrow=250 ncol=2 as.numeric=TRUE >
			2607	1393
			2608	1393
			2609	1393
			2610	1393
			2611	1393
			2612	1393
			2613	1393
			2614	1393
			2615	1393
			2616	1393
			2617	1393
			2618	1393
			2619	1393
			2620	1393
			2621	1393
			2622	1393
			2623	1393
			2624	1393
			2625	1394
			2626	1394
			2627	1394
			2628	1394
			2629	1394
			2630	1394
			2631	1394
			2632	1394
			2632	1395
			2633	1395
			2634	1395
			2635	1395
			2636	1395
			2637	1395
			2638	1396
			2639	1396
			2640	1396
			2641	1397
			2642	1397
			2643	1397
			2644	1398
			2645	1398
			2646	1398
			2647	1399
			2648	1399
			2649	1399
			2650	1400
			2651	1400
			2652	1400
			2653	1400
			2654	1400
			2655	1400
			2656	1400
			2657	1399
			2658	1399
			2659	1399
			2660	1399
			2661	1399
			2662	1399
			2663	1399
			2664	1399
			2665	1399
			2666	1399
			2667	1399
			2668	1399
			2669	1398
			2670	1398
			2671	1398
			2672	1398
			2673	1398
			2674	1398
			2675	1398
			2676	1398
			2677	1398
			2678	1398
			2679	1397
			2680	1397
			2681	1397
			2682	1397
			2683	1397
			2684	1397
			2685	1397
			2686	1397
			2687	1397
			2688	1397
			2689	1396
			2690	1396
			2691	1396
			2692	1396
			2693	1396
			2694	1396
			2695	1396
			2696	1396
			2697	1396
			2698	1396
			2698	1395
			2699	1395
			2700	1395
			2701	1395
			2702	1395
			2703	1395
			2704	1395
			2705	1395
			2706	1395
			2707	1394
			2708	1394
			2709	1394
			2710	1394
			2711	1394
			2712	1394
			2713	1394
			2714	1394
			2715	1393
			2716	1393
			2717	1393
			2718	1393
			2719	1393
			2720	1393
			2721	1393
			2722	1393
			2723	1392
			2724	1392
			2725	1392
			2726	1392
			2727	1392
			2728	1392
			2729	1392
			2730	1392
			2731	1391
			2732	1391
			2733	1391
			2734	1391
			2735	1391
			2736	1391
			2737	1391
			2738	1390
			2739	1390
			2740	1390
			2741	1390
			2742	1390
			2743	1390
			2744	1390
			2745	1389
			2746	1389
			2747	1389
			2748	1389
			2749	1389
			2750	1389
			2751	1388
			2752	1388
			2753	1388
			2754	1388
			2755	1388
			2756	1387
			2757	1387
			2758	1387
			2759	1387
			2760	1387
			2761	1387
			2762	1386
			2763	1386
			2764	1386
			2765	1386
			2766	1386
			2767	1386
			2768	1385
			2769	1385
			2770	1385
			2771	1385
			2772	1384
			2773	1384
			2774	1384
			2775	1384
			2776	1384
			2777	1383
			2778	1383
			2779	1383
			2780	1383
			2781	1383
			2782	1382
			2783	1382
			2784	1382
			2785	1382
			2786	1381
			2787	1381
			2788	1381
			2789	1381
			2790	1380
			2791	1380
			2792	1380
			2793	1379
			2794	1379
			2795	1379
			2796	1379
			2797	1378
			2798	1378
			2799	1378
			2800	1377
			2801	1377
			2802	1376
			2803	1376
			2804	1376
			2805	1375
			2806	1375
			2807	1374
			2808	1374
			2809	1374
			2810	1374
			2811	1373
			2812	1373
			2813	1372
			2814	1372
			2815	1372
			2816	1371
			2817	1371
			2818	1371
			2819	1370
			2820	1370
			2821	1370
			2822	1370
			2823	1369
			2824	1369
			2825	1369
			2826	1368
			2827	1368
			2828	1368
			2829	1368
			2830	1367
			2831	1367
			2832	1367
			2833	1367
			2834	1367
			2835	1366
			2836	1366
			2837	1366
			2838	1366
			2839	1366
			2839	1365
			2840	1365
			2841	1365
			2842	1365
			2843	1365
			2844	1364
			2845	1364
			2846	1364
			2847	1364
			2848	1364
			2849	1364
			2850	1363
			2851	1363
			2852	1363
			2853	1363
		</Adipose_caudal>
		<Caudal_anal type=matrix rownames=FALSE colnames=FALSE nrow=449 ncol=2 as.numeric=TRUE >
			2887	1501
			2886	1501
			2886	1502
			2885	1502
			2884	1503
			2883	1503
			2882	1503
			2881	1504
			2880	1504
			2879	1505
			2878	1505
			2877	1505
			2876	1506
			2875	1506
			2874	1506
			2873	1507
			2872	1507
			2871	1507
			2870	1508
			2869	1508
			2868	1508
			2867	1508
			2866	1508
			2866	1509
			2865	1509
			2864	1509
			2863	1509
			2862	1510
			2861	1510
			2860	1510
			2859	1510
			2858	1510
			2857	1511
			2856	1511
			2855	1511
			2854	1511
			2853	1511
			2852	1512
			2851	1512
			2850	1512
			2849	1512
			2848	1513
			2847	1513
			2846	1513
			2845	1513
			2844	1513
			2843	1513
			2842	1514
			2841	1514
			2840	1514
			2839	1514
			2838	1514
			2837	1515
			2836	1515
			2835	1515
			2834	1515
			2833	1515
			2832	1515
			2831	1516
			2830	1516
			2829	1516
			2828	1516
			2827	1516
			2826	1516
			2825	1516
			2825	1517
			2824	1517
			2823	1517
			2822	1517
			2821	1517
			2820	1517
			2819	1517
			2818	1517
			2818	1518
			2817	1518
			2816	1518
			2815	1518
			2814	1518
			2813	1518
			2812	1518
			2811	1519
			2810	1519
			2809	1519
			2808	1519
			2807	1519
			2806	1519
			2805	1520
			2804	1520
			2803	1520
			2802	1520
			2801	1520
			2800	1520
			2799	1521
			2798	1521
			2797	1521
			2796	1521
			2795	1521
			2794	1521
			2793	1522
			2792	1522
			2791	1522
			2790	1522
			2789	1522
			2788	1522
			2787	1523
			2786	1523
			2785	1523
			2784	1523
			2783	1523
			2782	1523
			2781	1524
			2780	1524
			2779	1524
			2778	1524
			2777	1524
			2777	1525
			2776	1525
			2775	1525
			2774	1525
			2773	1525
			2772	1526
			2771	1526
			2770	1526
			2769	1526
			2768	1526
			2767	1527
			2766	1527
			2765	1527
			2764	1527
			2763	1527
			2762	1528
			2761	1528
			2760	1528
			2759	1529
			2758	1529
			2757	1529
			2756	1529
			2755	1529
			2754	1530
			2753	1530
			2752	1530
			2751	1530
			2750	1531
			2749	1531
			2748	1531
			2747	1532
			2746	1532
			2745	1532
			2744	1532
			2743	1533
			2742	1533
			2741	1533
			2740	1534
			2739	1534
			2738	1534
			2737	1534
			2736	1535
			2735	1535
			2734	1535
			2733	1536
			2732	1536
			2731	1536
			2730	1537
			2729	1537
			2728	1537
			2727	1537
			2726	1538
			2725	1538
			2724	1538
			2723	1539
			2722	1539
			2721	1539
			2720	1540
			2719	1540
			2718	1540
			2717	1541
			2716	1541
			2715	1542
			2714	1542
			2713	1542
			2712	1543
			2711	1543
			2710	1544
			2709	1544
			2708	1544
			2707	1545
			2706	1545
			2705	1545
			2704	1546
			2703	1546
			2703	1547
			2702	1547
			2701	1547
			2700	1548
			2699	1548
			2698	1548
			2698	1549
			2697	1549
			2696	1550
			2695	1550
			2694	1550
			2693	1551
			2692	1551
			2691	1552
			2690	1552
			2689	1553
			2688	1553
			2687	1554
			2686	1555
			2685	1555
			2684	1556
			2683	1556
			2682	1557
			2681	1557
			2680	1558
			2679	1558
			2678	1559
			2677	1559
			2676	1560
			2675	1560
			2674	1561
			2673	1561
			2672	1562
			2671	1562
			2670	1563
			2669	1564
			2668	1564
			2667	1565
			2666	1565
			2665	1566
			2664	1566
			2663	1567
			2662	1567
			2661	1568
			2660	1568
			2659	1569
			2658	1569
			2657	1570
			2656	1571
			2655	1571
			2654	1572
			2653	1572
			2652	1572
			2651	1573
			2650	1573
			2649	1574
			2648	1574
			2647	1575
			2646	1575
			2645	1576
			2644	1576
			2643	1577
			2642	1577
			2641	1578
			2640	1578
			2639	1579
			2638	1579
			2637	1580
			2636	1580
			2635	1581
			2634	1581
			2633	1582
			2632	1582
			2631	1583
			2630	1583
			2629	1584
			2628	1584
			2627	1584
			2627	1585
			2626	1585
			2625	1585
			2624	1586
			2623	1586
			2622	1587
			2621	1587
			2620	1588
			2619	1588
			2618	1588
			2618	1589
			2617	1589
			2616	1589
			2615	1590
			2614	1590
			2613	1591
			2612	1591
			2611	1592
			2610	1592
			2609	1592
			2608	1593
			2607	1593
			2606	1594
			2605	1594
			2604	1595
			2603	1595
			2602	1595
			2601	1596
			2600	1596
			2599	1597
			2598	1597
			2597	1598
			2596	1598
			2595	1598
			2594	1599
			2593	1599
			2592	1600
			2591	1600
			2590	1601
			2589	1601
			2588	1602
			2587	1602
			2586	1602
			2585	1603
			2584	1603
			2583	1604
			2582	1604
			2581	1605
			2580	1605
			2579	1605
			2578	1606
			2577	1606
			2576	1607
			2575	1607
			2574	1608
			2573	1608
			2572	1609
			2571	1609
			2570	1609
			2569	1610
			2568	1610
			2567	1610
			2566	1611
			2565	1611
			2564	1612
			2563	1612
			2562	1613
			2561	1613
			2560	1613
			2559	1614
			2558	1614
			2557	1614
			2556	1615
			2555	1615
			2554	1616
			2553	1616
			2552	1616
			2551	1617
			2550	1617
			2549	1618
			2548	1618
			2547	1618
			2546	1619
			2545	1619
			2544	1620
			2543	1620
			2542	1621
			2541	1621
			2540	1621
			2539	1622
			2538	1622
			2537	1623
			2536	1623
			2535	1623
			2534	1624
			2533	1624
			2532	1624
			2531	1625
			2530	1625
			2529	1626
			2528	1626
			2527	1627
			2526	1627
			2525	1627
			2524	1627
			2524	1628
			2523	1628
			2522	1628
			2521	1629
			2520	1629
			2519	1630
			2518	1630
			2517	1630
			2516	1631
			2515	1631
			2514	1631
			2513	1632
			2512	1632
			2511	1633
			2510	1633
			2509	1633
			2508	1634
			2507	1634
			2506	1634
			2505	1635
			2504	1635
			2503	1635
			2503	1636
			2502	1636
			2501	1636
			2500	1637
			2499	1637
			2498	1638
			2497	1638
			2496	1638
			2495	1639
			2494	1639
			2493	1639
			2492	1640
			2491	1640
			2490	1640
			2489	1641
			2488	1641
			2487	1642
			2486	1642
			2485	1642
			2484	1643
			2483	1643
			2482	1643
			2481	1644
			2480	1644
			2479	1644
			2478	1645
			2477	1645
			2476	1646
			2475	1646
			2474	1646
			2473	1647
			2472	1647
			2471	1647
			2470	1648
			2469	1648
			2468	1649
			2467	1649
			2466	1649
			2465	1650
			2464	1650
			2463	1650
			2462	1651
			2461	1651
			2460	1651
			2459	1652
			2458	1652
			2457	1653
			2456	1653
			2455	1653
			2454	1654
			2453	1654
			2452	1654
			2451	1655
			2450	1655
		</Caudal_anal>
	</curves.pixel>
	<curves.scaled type=list>
		<Snout_dorsal type=matrix rownames=FALSE colnames=FALSE nrow=637 ncol=2 as.numeric=TRUE >
			39.4857855448745	-40.6436571736589
			39.4857855448745	-40.6200271404184
			39.462155511634	-40.5963971071779
			39.462155511634	-40.5727670739374
			39.4385254783935	-40.5491370406969
			39.4385254783935	-40.5255070074564
			39.414895445153	-40.5018769742159
			39.414895445153	-40.4782469409754
			39.414895445153	-40.4546169077349
			39.3912654119125	-40.4546169077349
			39.3912654119125	-40.4309868744944
			39.3912654119125	-40.4073568412539
			39.367635378672	-40.3837268080134
			39.367635378672	-40.3600967747729
			39.367635378672	-40.3364667415324
			39.3440053454315	-40.3128367082919
			39.3440053454315	-40.2892066750514
			39.320375312191	-40.2655766418109
			39.320375312191	-40.2419466085704
			39.320375312191	-40.2183165753299
			39.2967452789505	-40.1946865420894
			39.2967452789505	-40.1710565088489
			39.2967452789505	-40.1474264756084
			39.2967452789505	-40.1237964423679
			39.27311524571	-40.1001664091274
			39.27311524571	-40.0765363758869
			39.27311524571	-40.0529063426464
			39.2494852124695	-40.029276309406
			39.2494852124695	-40.0056462761655
			39.2494852124695	-39.9820162429249
			39.225855179229	-39.9583862096844
			39.225855179229	-39.9347561764439
			39.225855179229	-39.9111261432035
			39.225855179229	-39.887496109963
			39.225855179229	-39.8638660767225
			39.2022251459885	-39.840236043482
			39.2022251459885	-39.8166060102415
			39.2022251459885	-39.792975977001
			39.2022251459885	-39.7693459437605
			39.2022251459885	-39.74571591052
			39.178595112748	-39.7220858772795
			39.178595112748	-39.698455844039
			39.178595112748	-39.6748258107985
			39.178595112748	-39.651195777558
			39.178595112748	-39.6275657443175
			39.178595112748	-39.603935711077
			39.1549650795075	-39.5803056778365
			39.1549650795075	-39.556675644596
			39.1549650795075	-39.5330456113555
			39.1549650795075	-39.509415578115
			39.1549650795075	-39.4857855448745
			39.1549650795075	-39.462155511634
			39.1549650795075	-39.4385254783935
			39.1549650795075	-39.414895445153
			39.1549650795075	-39.3912654119125
			39.1549650795075	-39.367635378672
			39.131335046267	-39.3440053454315
			39.131335046267	-39.320375312191
			39.131335046267	-39.2967452789505
			39.131335046267	-39.27311524571
			39.131335046267	-39.2494852124695
			39.131335046267	-39.225855179229
			39.131335046267	-39.2022251459885
			39.131335046267	-39.178595112748
			39.131335046267	-39.1549650795075
			39.131335046267	-39.131335046267
			39.131335046267	-39.1077050130265
			39.131335046267	-39.084074979786
			39.131335046267	-39.0604449465455
			39.131335046267	-39.036814913305
			39.131335046267	-39.0131848800645
			39.131335046267	-38.989554846824
			39.1549650795075	-38.9659248135835
			39.1549650795075	-38.942294780343
			39.1549650795075	-38.9186647471025
			39.1549650795075	-38.895034713862
			39.1549650795075	-38.8714046806215
			39.1549650795075	-38.847774647381
			39.1549650795075	-38.8241446141405
			39.1549650795075	-38.8005145809
			39.1549650795075	-38.7768845476595
			39.1549650795075	-38.753254514419
			39.178595112748	-38.7296244811785
			39.178595112748	-38.705994447938
			39.178595112748	-38.6823644146975
			39.178595112748	-38.658734381457
			39.178595112748	-38.6351043482165
			39.178595112748	-38.611474314976
			39.2022251459885	-38.5878442817355
			39.2022251459885	-38.564214248495
			39.2022251459885	-38.5405842152545
			39.2022251459885	-38.516954182014
			39.2022251459885	-38.4933241487735
			39.225855179229	-38.469694115533
			39.225855179229	-38.4460640822925
			39.225855179229	-38.422434049052
			39.225855179229	-38.3988040158115
			39.225855179229	-38.375173982571
			39.2494852124695	-38.3515439493305
			39.2494852124695	-38.32791391609
			39.2494852124695	-38.3042838828495
			39.27311524571	-38.280653849609
			39.27311524571	-38.2570238163685
			39.27311524571	-38.233393783128
			39.27311524571	-38.2097637498875
			39.2967452789505	-38.186133716647
			39.2967452789505	-38.1625036834065
			39.2967452789505	-38.138873650166
			39.320375312191	-38.1152436169255
			39.320375312191	-38.091613583685
			39.320375312191	-38.0679835504445
			39.3440053454315	-38.044353517204
			39.3440053454315	-38.0207234839635
			39.3440053454315	-37.997093450723
			39.367635378672	-37.9734634174825
			39.367635378672	-37.949833384242
			39.3912654119125	-37.9262033510015
			39.3912654119125	-37.902573317761
			39.3912654119125	-37.8789432845205
			39.414895445153	-37.85531325128
			39.414895445153	-37.8316832180395
			39.4385254783935	-37.808053184799
			39.4385254783935	-37.7844231515585
			39.462155511634	-37.760793118318
			39.462155511634	-37.7371630850775
			39.462155511634	-37.713533051837
			39.4857855448745	-37.6899030185965
			39.4857855448745	-37.666272985356
			39.509415578115	-37.6426429521155
			39.509415578115	-37.619012918875
			39.5330456113555	-37.5953828856345
			39.5330456113555	-37.571752852394
			39.556675644596	-37.5481228191535
			39.556675644596	-37.524492785913
			39.5803056778365	-37.5008627526725
			39.5803056778365	-37.477232719432
			39.603935711077	-37.4536026861915
			39.603935711077	-37.429972652951
			39.6275657443175	-37.4063426197105
			39.651195777558	-37.38271258647
			39.651195777558	-37.3590825532295
			39.6748258107985	-37.335452519989
			39.6748258107985	-37.3118224867485
			39.698455844039	-37.3118224867485
			39.698455844039	-37.288192453508
			39.7220858772795	-37.2645624202675
			39.74571591052	-37.240932387027
			39.74571591052	-37.2173023537865
			39.7693459437605	-37.193672320546
			39.792975977001	-37.1700422873055
			39.792975977001	-37.146412254065
			39.8166060102415	-37.1227822208245
			39.840236043482	-37.099152187584
			39.840236043482	-37.0755221543435
			39.8638660767225	-37.051892121103
			39.887496109963	-37.0282620878625
			39.887496109963	-37.004632054622
			39.9111261432035	-36.9810020213815
			39.9347561764439	-36.957371988141
			39.9347561764439	-36.9337419549005
			39.9583862096844	-36.91011192166
			39.9820162429249	-36.8864818884195
			39.9820162429249	-36.862851855179
			40.0056462761655	-36.8392218219385
			40.029276309406	-36.815591788698
			40.0529063426464	-36.7919617554575
			40.0529063426464	-36.768331722217
			40.0765363758869	-36.7447016889765
			40.1001664091274	-36.721071655736
			40.1237964423679	-36.6974416224955
			40.1474264756084	-36.673811589255
			40.1474264756084	-36.6501815560145
			40.1710565088489	-36.626551522774
			40.1946865420894	-36.6029214895335
			40.2183165753299	-36.579291456293
			40.2419466085704	-36.5556614230525
			40.2419466085704	-36.532031389812
			40.2655766418109	-36.5084013565715
			40.2892066750514	-36.484771323331
			40.3128367082919	-36.4611412900905
			40.3364667415324	-36.43751125685
			40.3600967747729	-36.4138812236095
			40.3837268080134	-36.390251190369
			40.4073568412539	-36.3666211571285
			40.4073568412539	-36.342991123888
			40.4309868744944	-36.3193610906475
			40.4546169077349	-36.295731057407
			40.4782469409754	-36.2721010241665
			40.5018769742159	-36.248470990926
			40.5255070074564	-36.2248409576856
			40.5491370406969	-36.201210924445
			40.5727670739374	-36.1775808912045
			40.5963971071779	-36.153950857964
			40.6200271404184	-36.1303208247235
			40.6436571736589	-36.1066907914831
			40.6672872068994	-36.0830607582426
			40.6909172401399	-36.0594307250021
			40.7145472733804	-36.0358006917616
			40.7381773066209	-36.0121706585211
			40.7618073398614	-35.9885406252806
			40.7854373731019	-35.9649105920401
			40.8090674063424	-35.9412805587996
			40.8326974395829	-35.9176505255591
			40.8563274728234	-35.9176505255591
			40.8799575060639	-35.8940204923186
			40.9035875393044	-35.8940204923186
			40.9272175725449	-35.8703904590781
			40.9508476057854	-35.8467604258376
			40.9744776390259	-35.8467604258376
			40.9981076722664	-35.8231303925971
			41.0217377055069	-35.7995003593566
			41.0453677387474	-35.7995003593566
			41.0689977719879	-35.7758703261161
			41.0926278052284	-35.7522402928756
			41.1162578384689	-35.7522402928756
			41.1398878717094	-35.7286102596351
			41.1635179049499	-35.7286102596351
			41.1871479381904	-35.7049802263946
			41.2107779714309	-35.6813501931541
			41.2344080046714	-35.6813501931541
			41.2580380379119	-35.6577201599136
			41.2816680711524	-35.6577201599136
			41.3052981043929	-35.6340901266731
			41.3289281376334	-35.6340901266731
			41.3525581708739	-35.6104600934326
			41.3761882041144	-35.5868300601921
			41.3998182373549	-35.5868300601921
			41.4234482705954	-35.5632000269516
			41.4470783038359	-35.5632000269516
			41.4707083370764	-35.5395699937111
			41.4943383703169	-35.5395699937111
			41.5179684035574	-35.5159399604706
			41.5415984367979	-35.5159399604706
			41.5415984367979	-35.4923099272301
			41.5652284700384	-35.4923099272301
			41.5888585032789	-35.4686798939896
			41.6124885365194	-35.4686798939896
			41.6361185697599	-35.4450498607491
			41.6597486030004	-35.4450498607491
			41.6833786362409	-35.4214198275086
			41.7070086694814	-35.4214198275086
			41.7306387027219	-35.3977897942681
			41.7542687359624	-35.3977897942681
			41.7778987692029	-35.3741597610276
			41.8015288024434	-35.3741597610276
			41.8251588356839	-35.3505297277871
			41.8487888689244	-35.3505297277871
			41.8724189021649	-35.3268996945466
			41.8960489354054	-35.3268996945466
			41.9196789686459	-35.3032696613061
			41.9433090018864	-35.3032696613061
			41.9669390351269	-35.2796396280656
			41.9905690683674	-35.2796396280656
			41.9905690683674	-35.2560095948251
			42.0141991016079	-35.2560095948251
			42.0378291348484	-35.2323795615846
			42.0614591680889	-35.2323795615846
			42.0850892013294	-35.2087495283441
			42.1087192345699	-35.2087495283441
			42.1323492678104	-35.1851194951036
			42.1559793010509	-35.1851194951036
			42.1796093342914	-35.1614894618631
			42.2032393675319	-35.1614894618631
			42.2268694007724	-35.1378594286226
			42.2504994340129	-35.1378594286226
			42.2741294672534	-35.1142293953821
			42.2977595004939	-35.1142293953821
			42.3213895337344	-35.0905993621416
			42.3450195669749	-35.0905993621416
			42.3686496002154	-35.0669693289011
			42.3922796334559	-35.0669693289011
			42.4159096666964	-35.0433392956606
			42.4395396999369	-35.0433392956606
			42.4631697331774	-35.0197092624201
			42.4867997664179	-35.0197092624201
			42.5104297996584	-35.0197092624201
			42.5340598328989	-34.9960792291796
			42.5576898661394	-34.9960792291796
			42.5813198993799	-34.9724491959391
			42.6049499326204	-34.9724491959391
			42.6285799658609	-34.9488191626986
			42.6522099991014	-34.9488191626986
			42.6758400323419	-34.9251891294581
			42.6994700655824	-34.9251891294581
			42.7231000988229	-34.9015590962176
			42.7467301320634	-34.9015590962176
			42.7703601653039	-34.9015590962176
			42.7939901985444	-34.8779290629771
			42.8176202317849	-34.8779290629771
			42.8412502650254	-34.8542990297366
			42.8648802982659	-34.8542990297366
			42.8885103315064	-34.8306689964961
			42.9121403647469	-34.8306689964961
			42.9357703979874	-34.8070389632556
			42.9594004312279	-34.8070389632556
			42.9830304644684	-34.8070389632556
			43.0066604977089	-34.7834089300151
			43.0302905309494	-34.7834089300151
			43.0539205641899	-34.7597788967746
			43.0775505974304	-34.7597788967746
			43.1011806306709	-34.7361488635341
			43.1248106639114	-34.7361488635341
			43.1484406971519	-34.7361488635341
			43.1720707303924	-34.7125188302936
			43.1957007636329	-34.7125188302936
			43.2193307968734	-34.6888887970531
			43.2429608301139	-34.6888887970531
			43.2665908633544	-34.6888887970531
			43.2902208965949	-34.6652587638126
			43.3138509298354	-34.6652587638126
			43.3374809630759	-34.6416287305721
			43.3611109963164	-34.6416287305721
			43.3847410295569	-34.6416287305721
			43.4083710627974	-34.6179986973316
			43.4320010960379	-34.6179986973316
			43.4556311292784	-34.5943686640911
			43.4792611625189	-34.5943686640911
			43.5028911957594	-34.5943686640911
			43.5265212289999	-34.5707386308506
			43.5501512622404	-34.5707386308506
			43.5737812954809	-34.5707386308506
			43.5737812954809	-34.5471085976101
			43.5974113287214	-34.5471085976101
			43.6210413619619	-34.5471085976101
			43.6446713952024	-34.5234785643696
			43.6683014284429	-34.5234785643696
			43.6919314616834	-34.5234785643696
			43.7155614949239	-34.4998485311291
			43.7391915281643	-34.4998485311291
			43.7628215614048	-34.4998485311291
			43.7628215614048	-34.4762184978886
			43.7864515946453	-34.4762184978886
			43.8100816278859	-34.4762184978886
			43.8337116611264	-34.4762184978886
			43.8337116611264	-34.4525884646481
			43.8573416943668	-34.4525884646481
			43.8809717276073	-34.4525884646481
			43.9046017608478	-34.4525884646481
			43.9046017608478	-34.4289584314076
			43.9282317940883	-34.4289584314076
			43.9518618273288	-34.4289584314076
			43.9754918605693	-34.4053283981671
			43.9991218938098	-34.4053283981671
			44.0227519270503	-34.4053283981671
			44.0463819602908	-34.3816983649266
			44.0700119935313	-34.3816983649266
			44.0936420267718	-34.3816983649266
			44.1172720600123	-34.3580683316861
			44.1409020932528	-34.3580683316861
			44.1645321264933	-34.3580683316861
			44.1881621597338	-34.3344382984456
			44.2117921929743	-34.3344382984456
			44.2354222262148	-34.3108082652051
			44.2590522594553	-34.3108082652051
			44.2826822926958	-34.3108082652051
			44.3063123259363	-34.3108082652051
			44.3299423591768	-34.2871782319646
			44.3535723924173	-34.2871782319646
			44.3772024256578	-34.2871782319646
			44.4008324588983	-34.2635481987241
			44.4244624921388	-34.2635481987241
			44.4480925253793	-34.2635481987241
			44.4717225586198	-34.2399181654836
			44.4953525918603	-34.2399181654836
			44.5189826251008	-34.2399181654836
			44.5426126583413	-34.2162881322431
			44.5662426915818	-34.2162881322431
			44.5898727248223	-34.2162881322431
			44.6135027580628	-34.1926580990026
			44.6371327913033	-34.1926580990026
			44.6607628245438	-34.1926580990026
			44.6843928577843	-34.1926580990026
			44.7080228910248	-34.1690280657621
			44.7316529242653	-34.1690280657621
			44.7552829575058	-34.1690280657621
			44.7789129907463	-34.1453980325216
			44.8025430239868	-34.1453980325216
			44.8261730572273	-34.1453980325216
			44.8498030904678	-34.1453980325216
			44.8734331237083	-34.1217679992811
			44.8970631569488	-34.1217679992811
			44.9206931901893	-34.1217679992811
			44.9443232234298	-34.0981379660406
			44.9679532566703	-34.0981379660406
			44.9915832899108	-34.0981379660406
			45.0152133231513	-34.0981379660406
			45.0388433563918	-34.0745079328001
			45.0624733896323	-34.0745079328001
			45.0861034228728	-34.0745079328001
			45.1097334561133	-34.0745079328001
			45.1333634893538	-34.0508778995596
			45.1569935225943	-34.0508778995596
			45.1806235558348	-34.0508778995596
			45.2042535890753	-34.0272478663191
			45.2278836223158	-34.0272478663191
			45.2515136555563	-34.0272478663191
			45.2751436887968	-34.0272478663191
			45.2987737220373	-34.0036178330786
			45.3224037552778	-34.0036178330786
			45.3460337885183	-34.0036178330786
			45.3696638217588	-34.0036178330786
			45.3932938549993	-33.9799877998381
			45.4169238882398	-33.9799877998381
			45.4405539214803	-33.9799877998381
			45.4641839547208	-33.9799877998381
			45.4878139879613	-33.9563577665976
			45.5114440212018	-33.9563577665976
			45.5350740544423	-33.9563577665976
			45.5587040876828	-33.9563577665976
			45.5823341209233	-33.9327277333571
			45.6059641541638	-33.9327277333571
			45.6295941874043	-33.9327277333571
			45.6532242206448	-33.9327277333571
			45.6768542538853	-33.9090977001166
			45.7004842871258	-33.9090977001166
			45.7241143203663	-33.9090977001166
			45.7477443536068	-33.9090977001166
			45.7713743868473	-33.8854676668761
			45.7950044200878	-33.8854676668761
			45.8186344533283	-33.8854676668761
			45.8422644865688	-33.8854676668761
			45.8658945198093	-33.8854676668761
			45.8895245530498	-33.8618376336356
			45.9131545862903	-33.8618376336356
			45.9367846195308	-33.8618376336356
			45.9604146527713	-33.8618376336356
			45.9840446860118	-33.8382076003951
			46.0076747192523	-33.8382076003951
			46.0313047524928	-33.8382076003951
			46.0549347857333	-33.8382076003951
			46.0785648189738	-33.8145775671546
			46.1021948522143	-33.8145775671546
			46.1258248854548	-33.8145775671546
			46.1494549186953	-33.8145775671546
			46.1730849519358	-33.8145775671546
			46.1967149851763	-33.7909475339141
			46.2203450184168	-33.7909475339141
			46.2439750516573	-33.7909475339141
			46.2676050848978	-33.7909475339141
			46.2912351181383	-33.7909475339141
			46.3148651513788	-33.7673175006736
			46.3384951846193	-33.7673175006736
			46.3621252178598	-33.7673175006736
			46.3857552511003	-33.7673175006736
			46.4093852843408	-33.7673175006736
			46.4330153175813	-33.7436874674331
			46.4566453508218	-33.7436874674331
			46.4802753840623	-33.7436874674331
			46.5039054173028	-33.7436874674331
			46.5275354505433	-33.7200574341926
			46.5511654837838	-33.7200574341926
			46.5747955170243	-33.7200574341926
			46.5984255502648	-33.7200574341926
			46.6220555835053	-33.6964274009521
			46.6456856167458	-33.6964274009521
			46.6693156499863	-33.6964274009521
			46.6929456832268	-33.6727973677116
			46.7165757164673	-33.6727973677116
			46.7402057497078	-33.6727973677116
			46.7638357829483	-33.6727973677116
			46.7874658161888	-33.6491673344711
			46.8110958494293	-33.6491673344711
			46.8347258826698	-33.6491673344711
			46.8583559159103	-33.6255373012306
			46.8819859491508	-33.6255373012306
			46.9056159823913	-33.6255373012306
			46.9292460156318	-33.6255373012306
			46.9528760488723	-33.6019072679901
			46.9765060821128	-33.6019072679901
			47.0001361153533	-33.6019072679901
			47.0237661485938	-33.6019072679901
			47.0473961818343	-33.5782772347496
			47.0710262150748	-33.5782772347496
			47.0946562483153	-33.5782772347496
			47.1182862815558	-33.5546472015091
			47.1419163147963	-33.5546472015091
			47.1655463480368	-33.5546472015091
			47.1891763812773	-33.5546472015091
			47.2128064145178	-33.5310171682686
			47.2364364477583	-33.5310171682686
			47.2600664809988	-33.5073871350281
			47.2836965142393	-33.5073871350281
			47.3073265474798	-33.5073871350281
			47.3309565807203	-33.5073871350281
			47.3545866139608	-33.4837571017876
			47.3782166472013	-33.4837571017876
			47.4018466804418	-33.4837571017876
			47.4254767136823	-33.4837571017876
			47.4491067469228	-33.4601270685471
			47.4727367801633	-33.4601270685471
			47.4963668134038	-33.4601270685471
			47.5199968466443	-33.4364970353066
			47.5436268798847	-33.4364970353066
			47.5672569131252	-33.4364970353066
			47.5908869463657	-33.4364970353066
			47.6145169796063	-33.4128670020661
			47.6381470128468	-33.4128670020661
			47.6617770460872	-33.4128670020661
			47.6854070793277	-33.3892369688256
			47.7090371125682	-33.3892369688256
			47.7326671458087	-33.3892369688256
			47.7562971790492	-33.3656069355851
			47.7799272122897	-33.3656069355851
			47.8035572455302	-33.3656069355851
			47.8271872787707	-33.3656069355851
			47.8508173120112	-33.3419769023446
			47.8744473452517	-33.3419769023446
			47.8980773784922	-33.3419769023446
			47.9217074117327	-33.3183468691041
			47.9453374449732	-33.3183468691041
			47.9689674782137	-33.3183468691041
			47.9925975114542	-33.3183468691041
			48.0162275446947	-33.2947168358636
			48.0398575779352	-33.2947168358636
			48.0634876111757	-33.2947168358636
			48.0871176444162	-33.2710868026231
			48.1107476776567	-33.2710868026231
			48.1343777108972	-33.2710868026231
			48.1580077441377	-33.2710868026231
			48.1816377773782	-33.2474567693826
			48.2052678106187	-33.2474567693826
			48.2288978438592	-33.2474567693826
			48.2525278770997	-33.2238267361421
			48.2761579103402	-33.2238267361421
			48.2997879435807	-33.2238267361421
			48.3234179768212	-33.2238267361421
			48.3470480100617	-33.2001967029016
			48.3706780433022	-33.2001967029016
			48.3943080765427	-33.2001967029016
			48.4179381097832	-33.1765666696611
			48.4415681430237	-33.1765666696611
			48.4651981762642	-33.1765666696611
			48.4888282095047	-33.1529366364206
			48.5124582427452	-33.1529366364206
			48.5360882759857	-33.1529366364206
			48.5597183092262	-33.1529366364206
			48.5833483424667	-33.1293066031801
			48.6069783757072	-33.1293066031801
			48.6306084089477	-33.1293066031801
			48.6542384421882	-33.1056765699396
			48.6778684754287	-33.1056765699396
			48.7014985086692	-33.1056765699396
			48.7251285419097	-33.1056765699396
			48.7487585751502	-33.0820465366991
			48.7723886083907	-33.0820465366991
			48.7960186416312	-33.0820465366991
			48.8196486748717	-33.0820465366991
			48.8196486748717	-33.0584165034586
			48.8432787081122	-33.0584165034586
			48.8669087413527	-33.0584165034586
			48.8905387745932	-33.0347864702181
			48.9141688078337	-33.0347864702181
			48.9377988410742	-33.0347864702181
			48.9614288743147	-33.0347864702181
			48.9614288743147	-33.0111564369776
			48.9850589075552	-33.0111564369776
			49.0086889407957	-33.0111564369776
			49.0323189740362	-33.0111564369776
			49.0559490072767	-32.9875264037371
			49.0795790405172	-32.9875264037371
			49.1032090737577	-32.9875264037371
			49.1268391069982	-32.9638963704966
			49.1504691402387	-32.9638963704966
			49.1740991734792	-32.9638963704966
			49.1977292067197	-32.9638963704966
			49.2213592399602	-32.9402663372561
			49.2449892732007	-32.9402663372561
			49.2686193064412	-32.9402663372561
			49.2922493396817	-32.9166363040156
			49.3158793729222	-32.9166363040156
			49.3395094061627	-32.9166363040156
			49.3631394394032	-32.9166363040156
			49.3867694726437	-32.8930062707751
			49.4103995058842	-32.8930062707751
			49.4340295391247	-32.8930062707751
			49.4576595723652	-32.8693762375346
			49.4812896056057	-32.8693762375346
			49.5049196388462	-32.8693762375346
			49.5285496720867	-32.8457462042941
			49.5521797053272	-32.8457462042941
			49.5758097385677	-32.8457462042941
			49.5994397718082	-32.8457462042941
			49.5994397718082	-32.8221161710536
			49.6230698050487	-32.8221161710536
			49.6466998382892	-32.8221161710536
			49.6703298715297	-32.8221161710536
			49.6939599047702	-32.7984861378131
			49.7175899380107	-32.7984861378131
			49.7412199712512	-32.7984861378131
			49.7648500044917	-32.7984861378131
			49.7648500044917	-32.7748561045726
			49.7884800377322	-32.7748561045726
			49.8121100709727	-32.7748561045726
			49.8357401042132	-32.7748561045726
			49.8357401042132	-32.7512260713321
			49.8593701374537	-32.7512260713321
			49.8830001706942	-32.7512260713321
			49.9066302039347	-32.7512260713321
			49.9066302039347	-32.7275960380916
			49.9302602371752	-32.7275960380916
			49.9538902704157	-32.7275960380916
			49.9775203036562	-32.7275960380916
			50.0011503368967	-32.7039660048511
			50.0247803701372	-32.7039660048511
			50.0484104033777	-32.7039660048511
			50.0720404366182	-32.7039660048511
			50.0720404366182	-32.6803359716106
			50.0956704698587	-32.6803359716106
			50.1193005030992	-32.6803359716106
			50.1429305363397	-32.6803359716106
			50.1665605695802	-32.6567059383701
			50.1901906028207	-32.6567059383701
			50.2138206360612	-32.6330759051296
			50.2374506693017	-32.6330759051296
			50.2610807025422	-32.6330759051296
			50.2847107357827	-32.6330759051296
			50.3083407690232	-32.6094458718891
			50.3319708022637	-32.6094458718891
			50.3556008355042	-32.6094458718891
			50.3792308687447	-32.5858158386486
			50.4028609019852	-32.5858158386486
			50.4264909352257	-32.5858158386486
			50.4501209684662	-32.5858158386486
			50.4737510017067	-32.5621858054081
			50.4973810349472	-32.5621858054081
			50.5210110681877	-32.5385557721676
			50.5446411014282	-32.5385557721676
			50.5682711346687	-32.5385557721676
			50.5919011679092	-32.5149257389271
			50.6155312011497	-32.5149257389271
			50.6391612343902	-32.5149257389271
			50.6627912676307	-32.5149257389271
			50.6864213008712	-32.4912957056866
			50.7100513341117	-32.4912957056866
			50.7336813673522	-32.4912957056866
			50.7573114005927	-32.4676656724461
			50.7809414338332	-32.4676656724461
		</Snout_dorsal>
		<Dorsal_adipose type=matrix rownames=FALSE colnames=FALSE nrow=464 ncol=2 as.numeric=TRUE >
			50.7809414338332	-32.4676656724461
			50.8045714670737	-32.4676656724461
			50.8282015003142	-32.4676656724461
			50.8518315335547	-32.4676656724461
			50.8754615667952	-32.4676656724461
			50.8990916000357	-32.4676656724461
			50.9227216332762	-32.4676656724461
			50.9463516665167	-32.4676656724461
			50.9699816997572	-32.4676656724461
			50.9936117329977	-32.4676656724461
			51.0172417662382	-32.4676656724461
			51.0408717994787	-32.4676656724461
			51.0645018327192	-32.4676656724461
			51.0881318659597	-32.4676656724461
			51.1117618992002	-32.4676656724461
			51.1353919324407	-32.4676656724461
			51.1590219656812	-32.4676656724461
			51.1826519989217	-32.4676656724461
			51.2062820321622	-32.4676656724461
			51.2299120654027	-32.4676656724461
			51.2535420986432	-32.4676656724461
			51.2771721318837	-32.4676656724461
			51.3008021651242	-32.4676656724461
			51.3244321983647	-32.4676656724461
			51.3480622316051	-32.4676656724461
			51.3716922648456	-32.4676656724461
			51.3953222980861	-32.4676656724461
			51.4189523313267	-32.4676656724461
			51.4425823645672	-32.4676656724461
			51.4662123978076	-32.4676656724461
			51.4898424310481	-32.4676656724461
			51.5134724642886	-32.4676656724461
			51.5371024975291	-32.4676656724461
			51.5607325307696	-32.4676656724461
			51.5843625640101	-32.4912957056866
			51.6079925972506	-32.4912957056866
			51.6316226304911	-32.4912957056866
			51.6552526637316	-32.4912957056866
			51.6788826969721	-32.4912957056866
			51.7025127302126	-32.4912957056866
			51.7261427634531	-32.4912957056866
			51.7497727966936	-32.4912957056866
			51.7734028299341	-32.4912957056866
			51.7970328631746	-32.4912957056866
			51.8206628964151	-32.4912957056866
			51.8442929296556	-32.4912957056866
			51.8679229628961	-32.4912957056866
			51.8915529961366	-32.4912957056866
			51.9151830293771	-32.4912957056866
			51.9388130626176	-32.4912957056866
			51.9624430958581	-32.4912957056866
			51.9860731290986	-32.4912957056866
			52.0097031623391	-32.4912957056866
			52.0333331955796	-32.4912957056866
			52.0569632288201	-32.4912957056866
			52.0805932620606	-32.4912957056866
			52.1042232953011	-32.4912957056866
			52.1278533285416	-32.4912957056866
			52.1514833617821	-32.4912957056866
			52.1751133950226	-32.5149257389271
			52.1987434282631	-32.5149257389271
			52.2223734615036	-32.5149257389271
			52.2460034947441	-32.5149257389271
			52.2696335279846	-32.5149257389271
			52.2932635612251	-32.5149257389271
			52.3168935944656	-32.5149257389271
			52.3405236277061	-32.5149257389271
			52.3641536609466	-32.5149257389271
			52.3877836941871	-32.5149257389271
			52.4114137274276	-32.5149257389271
			52.4350437606681	-32.5149257389271
			52.4586737939086	-32.5149257389271
			52.4823038271491	-32.5149257389271
			52.5059338603896	-32.5149257389271
			52.5295638936301	-32.5149257389271
			52.5531939268706	-32.5149257389271
			52.5768239601111	-32.5385557721676
			52.6004539933516	-32.5385557721676
			52.6240840265921	-32.5385557721676
			52.6477140598326	-32.5385557721676
			52.6713440930731	-32.5385557721676
			52.6949741263136	-32.5385557721676
			52.7186041595541	-32.5385557721676
			52.7422341927946	-32.5385557721676
			52.7658642260351	-32.5385557721676
			52.7894942592756	-32.5385557721676
			52.8131242925161	-32.5385557721676
			52.8367543257566	-32.5385557721676
			52.8603843589971	-32.5385557721676
			52.8840143922376	-32.5385557721676
			52.9076444254781	-32.5621858054081
			52.9312744587186	-32.5621858054081
			52.9549044919591	-32.5621858054081
			52.9785345251996	-32.5621858054081
			53.0021645584401	-32.5621858054081
			53.0257945916806	-32.5621858054081
			53.0494246249211	-32.5621858054081
			53.0730546581616	-32.5621858054081
			53.0966846914021	-32.5621858054081
			53.1203147246426	-32.5621858054081
			53.1439447578831	-32.5621858054081
			53.1675747911236	-32.5621858054081
			53.1912048243641	-32.5858158386486
			53.2148348576046	-32.5858158386486
			53.2384648908451	-32.5858158386486
			53.2620949240856	-32.5858158386486
			53.2857249573261	-32.5858158386486
			53.3093549905666	-32.5858158386486
			53.3329850238071	-32.5858158386486
			53.3566150570476	-32.5858158386486
			53.3802450902881	-32.5858158386486
			53.4038751235286	-32.5858158386486
			53.4275051567691	-32.5858158386486
			53.4511351900096	-32.6094458718891
			53.4747652232501	-32.6094458718891
			53.4983952564906	-32.6094458718891
			53.5220252897311	-32.6094458718891
			53.5456553229716	-32.6094458718891
			53.5692853562121	-32.6094458718891
			53.5929153894526	-32.6094458718891
			53.6165454226931	-32.6094458718891
			53.6401754559336	-32.6094458718891
			53.6638054891741	-32.6094458718891
			53.6874355224146	-32.6330759051296
			53.7110655556551	-32.6330759051296
			53.7346955888956	-32.6330759051296
			53.7583256221361	-32.6330759051296
			53.7819556553766	-32.6330759051296
			53.8055856886171	-32.6330759051296
			53.8292157218576	-32.6330759051296
			53.8528457550981	-32.6330759051296
			53.8764757883386	-32.6330759051296
			53.9001058215791	-32.6567059383701
			53.9237358548196	-32.6567059383701
			53.9473658880601	-32.6567059383701
			53.9709959213006	-32.6567059383701
			53.9946259545411	-32.6567059383701
			54.0182559877816	-32.6567059383701
			54.0418860210221	-32.6567059383701
			54.0655160542626	-32.6567059383701
			54.0891460875031	-32.6567059383701
			54.1127761207436	-32.6567059383701
			54.1127761207436	-32.6803359716106
			54.1364061539841	-32.6803359716106
			54.1600361872246	-32.6803359716106
			54.1836662204651	-32.6803359716106
			54.2072962537056	-32.6803359716106
			54.2309262869461	-32.6803359716106
			54.2545563201866	-32.6803359716106
			54.2781863534271	-32.6803359716106
			54.3018163866676	-32.7039660048511
			54.3254464199081	-32.7039660048511
			54.3490764531486	-32.7039660048511
			54.3727064863891	-32.7039660048511
			54.3963365196296	-32.7039660048511
			54.4199665528701	-32.7039660048511
			54.4435965861106	-32.7039660048511
			54.4672266193511	-32.7039660048511
			54.4908566525916	-32.7039660048511
			54.5144866858321	-32.7275960380916
			54.5381167190726	-32.7275960380916
			54.5617467523131	-32.7275960380916
			54.5853767855536	-32.7275960380916
			54.6090068187941	-32.7275960380916
			54.6326368520346	-32.7275960380916
			54.6562668852751	-32.7275960380916
			54.6798969185156	-32.7512260713321
			54.7035269517561	-32.7512260713321
			54.7271569849966	-32.7512260713321
			54.7507870182371	-32.7512260713321
			54.7744170514776	-32.7512260713321
			54.7980470847181	-32.7512260713321
			54.8216771179586	-32.7512260713321
			54.8453071511991	-32.7512260713321
			54.8453071511991	-32.7748561045726
			54.8689371844396	-32.7748561045726
			54.8925672176801	-32.7748561045726
			54.9161972509206	-32.7748561045726
			54.9398272841611	-32.7748561045726
			54.9634573174016	-32.7748561045726
			54.9870873506421	-32.7748561045726
			55.0107173838826	-32.7984861378131
			55.0343474171231	-32.7984861378131
			55.0579774503636	-32.7984861378131
			55.0816074836041	-32.7984861378131
			55.1052375168446	-32.7984861378131
			55.1288675500851	-32.7984861378131
			55.1524975833255	-32.8221161710536
			55.176127616566	-32.8221161710536
			55.1997576498065	-32.8221161710536
			55.2233876830471	-32.8221161710536
			55.2470177162876	-32.8221161710536
			55.270647749528	-32.8221161710536
			55.2942777827685	-32.8221161710536
			55.317907816009	-32.8457462042941
			55.3415378492495	-32.8457462042941
			55.36516788249	-32.8457462042941
			55.3887979157305	-32.8457462042941
			55.412427948971	-32.8457462042941
			55.4360579822115	-32.8457462042941
			55.459688015452	-32.8693762375346
			55.4833180486925	-32.8693762375346
			55.506948081933	-32.8693762375346
			55.5305781151735	-32.8693762375346
			55.554208148414	-32.8693762375346
			55.5778381816545	-32.8693762375346
			55.601468214895	-32.8693762375346
			55.6250982481355	-32.8930062707751
			55.648728281376	-32.8930062707751
			55.6723583146165	-32.8930062707751
			55.695988347857	-32.8930062707751
			55.7196183810975	-32.8930062707751
			55.743248414338	-32.8930062707751
			55.7668784475785	-32.9166363040156
			55.790508480819	-32.9166363040156
			55.8141385140595	-32.9166363040156
			55.8377685473	-32.9166363040156
			55.8613985805405	-32.9166363040156
			55.885028613781	-32.9402663372561
			55.9086586470215	-32.9402663372561
			55.932288680262	-32.9402663372561
			55.9559187135025	-32.9402663372561
			55.979548746743	-32.9402663372561
			56.0031787799835	-32.9402663372561
			56.026808813224	-32.9638963704966
			56.0504388464645	-32.9638963704966
			56.074068879705	-32.9638963704966
			56.0976989129455	-32.9638963704966
			56.121328946186	-32.9638963704966
			56.1449589794265	-32.9638963704966
			56.168589012667	-32.9875264037371
			56.1922190459075	-32.9875264037371
			56.215849079148	-32.9875264037371
			56.2394791123885	-32.9875264037371
			56.263109145629	-32.9875264037371
			56.2867391788695	-32.9875264037371
			56.31036921211	-33.0111564369776
			56.3339992453505	-33.0111564369776
			56.357629278591	-33.0111564369776
			56.3812593118315	-33.0111564369776
			56.404889345072	-33.0111564369776
			56.404889345072	-33.0347864702181
			56.4285193783125	-33.0347864702181
			56.452149411553	-33.0347864702181
			56.4757794447935	-33.0347864702181
			56.499409478034	-33.0347864702181
			56.5230395112745	-33.0584165034586
			56.546669544515	-33.0584165034586
			56.5702995777555	-33.0584165034586
			56.593929610996	-33.0584165034586
			56.6175596442365	-33.0584165034586
			56.641189677477	-33.0584165034586
			56.6648197107175	-33.0820465366991
			56.688449743958	-33.0820465366991
			56.7120797771985	-33.0820465366991
			56.735709810439	-33.0820465366991
			56.7593398436795	-33.0820465366991
			56.78296987692	-33.1056765699396
			56.8065999101605	-33.1056765699396
			56.830229943401	-33.1056765699396
			56.8538599766415	-33.1056765699396
			56.877490009882	-33.1056765699396
			56.9011200431225	-33.1293066031801
			56.924750076363	-33.1293066031801
			56.9483801096035	-33.1293066031801
			56.972010142844	-33.1293066031801
			56.9956401760845	-33.1293066031801
			57.019270209325	-33.1529366364206
			57.0429002425655	-33.1529366364206
			57.066530275806	-33.1529366364206
			57.0901603090465	-33.1529366364206
			57.113790342287	-33.1529366364206
			57.1374203755275	-33.1765666696611
			57.161050408768	-33.1765666696611
			57.1846804420085	-33.1765666696611
			57.208310475249	-33.1765666696611
			57.2319405084895	-33.2001967029016
			57.25557054173	-33.2001967029016
			57.2792005749705	-33.2001967029016
			57.302830608211	-33.2001967029016
			57.3264606414515	-33.2001967029016
			57.350090674692	-33.2001967029016
			57.3737207079325	-33.2001967029016
			57.397350741173	-33.2001967029016
			57.4209807744135	-33.2001967029016
			57.444610807654	-33.2001967029016
			57.4682408408945	-33.2001967029016
			57.491870874135	-33.2001967029016
			57.5155009073755	-33.2001967029016
			57.539130940616	-33.2001967029016
			57.5627609738565	-33.2001967029016
			57.586391007097	-33.2001967029016
			57.6100210403375	-33.2001967029016
			57.633651073578	-33.2001967029016
			57.6572811068185	-33.2001967029016
			57.680911140059	-33.2001967029016
			57.7045411732995	-33.2001967029016
			57.72817120654	-33.2001967029016
			57.7518012397805	-33.2001967029016
			57.775431273021	-33.2001967029016
			57.7990613062615	-33.2001967029016
			57.822691339502	-33.2001967029016
			57.8463213727425	-33.2001967029016
			57.869951405983	-33.2001967029016
			57.8935814392235	-33.2001967029016
			57.917211472464	-33.2001967029016
			57.9408415057045	-33.2001967029016
			57.964471538945	-33.2001967029016
			57.9881015721855	-33.2001967029016
			58.011731605426	-33.2001967029016
			58.0353616386665	-33.2001967029016
			58.058991671907	-33.2001967029016
			58.0826217051475	-33.2001967029016
			58.106251738388	-33.2001967029016
			58.1298817716285	-33.2001967029016
			58.153511804869	-33.2001967029016
			58.1771418381095	-33.1765666696611
			58.20077187135	-33.1765666696611
			58.2244019045905	-33.1765666696611
			58.248031937831	-33.1765666696611
			58.2716619710715	-33.1765666696611
			58.295292004312	-33.1765666696611
			58.3189220375525	-33.1765666696611
			58.342552070793	-33.1765666696611
			58.3661821040335	-33.1765666696611
			58.389812137274	-33.1765666696611
			58.4134421705145	-33.1765666696611
			58.437072203755	-33.1765666696611
			58.4607022369955	-33.1765666696611
			58.484332270236	-33.1765666696611
			58.5079623034765	-33.1765666696611
			58.531592336717	-33.1765666696611
			58.5552223699575	-33.1765666696611
			58.578852403198	-33.1765666696611
			58.6024824364385	-33.1765666696611
			58.626112469679	-33.1765666696611
			58.6497425029195	-33.1765666696611
			58.67337253616	-33.1765666696611
			58.6970025694005	-33.1765666696611
			58.720632602641	-33.1765666696611
			58.7442626358815	-33.1765666696611
			58.767892669122	-33.1765666696611
			58.7915227023625	-33.1765666696611
			58.815152735603	-33.1529366364206
			58.8387827688435	-33.1529366364206
			58.862412802084	-33.1529366364206
			58.8860428353245	-33.1529366364206
			58.909672868565	-33.1529366364206
			58.9333029018055	-33.1529366364206
			58.9569329350459	-33.1529366364206
			58.9805629682864	-33.1529366364206
			59.004193001527	-33.1529366364206
			59.0278230347675	-33.1529366364206
			59.051453068008	-33.1529366364206
			59.0750831012484	-33.1529366364206
			59.0987131344889	-33.1529366364206
			59.1223431677294	-33.1529366364206
			59.1459732009699	-33.1529366364206
			59.1696032342104	-33.1529366364206
			59.1932332674509	-33.1529366364206
			59.2168633006914	-33.1529366364206
			59.2404933339319	-33.1529366364206
			59.2641233671724	-33.1293066031801
			59.2877534004129	-33.1293066031801
			59.3113834336534	-33.1293066031801
			59.3350134668939	-33.1293066031801
			59.3586435001344	-33.1293066031801
			59.3822735333749	-33.1293066031801
			59.4059035666154	-33.1293066031801
			59.4295335998559	-33.1293066031801
			59.4531636330964	-33.1293066031801
			59.4767936663369	-33.1293066031801
			59.5004236995774	-33.1293066031801
			59.5240537328179	-33.1293066031801
			59.5476837660584	-33.1293066031801
			59.5713137992989	-33.1293066031801
			59.5949438325394	-33.1293066031801
			59.6185738657799	-33.1293066031801
			59.6422038990204	-33.1056765699396
			59.6658339322609	-33.1056765699396
			59.6894639655014	-33.1056765699396
			59.7130939987419	-33.1056765699396
			59.7367240319824	-33.1056765699396
			59.7603540652229	-33.1056765699396
			59.7839840984634	-33.1056765699396
			59.8076141317039	-33.1056765699396
			59.8312441649444	-33.1056765699396
			59.8548741981849	-33.1056765699396
			59.8785042314254	-33.1056765699396
			59.9021342646659	-33.1056765699396
			59.9257642979064	-33.1056765699396
			59.9493943311469	-33.0820465366991
			59.9730243643874	-33.0820465366991
			59.9966543976279	-33.0820465366991
			60.0202844308684	-33.0820465366991
			60.0439144641089	-33.0820465366991
			60.0675444973494	-33.0820465366991
			60.0911745305899	-33.0820465366991
			60.1148045638304	-33.0820465366991
			60.1384345970709	-33.0820465366991
			60.1620646303114	-33.0820465366991
			60.1856946635519	-33.0820465366991
			60.2093246967924	-33.0584165034586
			60.2329547300329	-33.0584165034586
			60.2565847632734	-33.0584165034586
			60.2802147965139	-33.0584165034586
			60.3038448297544	-33.0584165034586
			60.3274748629949	-33.0584165034586
			60.3511048962354	-33.0584165034586
			60.3747349294759	-33.0584165034586
			60.3983649627164	-33.0584165034586
			60.4219949959569	-33.0584165034586
			60.4456250291974	-33.0584165034586
			60.4692550624379	-33.0347864702181
			60.4928850956784	-33.0347864702181
			60.5165151289189	-33.0347864702181
			60.5401451621594	-33.0347864702181
			60.5637751953999	-33.0347864702181
			60.5874052286404	-33.0347864702181
			60.6110352618809	-33.0347864702181
			60.6346652951214	-33.0347864702181
			60.6582953283619	-33.0347864702181
			60.6819253616024	-33.0347864702181
			60.7055553948429	-33.0111564369776
			60.7291854280834	-33.0111564369776
			60.7528154613239	-33.0111564369776
			60.7764454945644	-33.0111564369776
			60.8000755278049	-33.0111564369776
			60.8237055610454	-33.0111564369776
			60.8473355942859	-33.0111564369776
			60.8709656275264	-33.0111564369776
			60.8945956607669	-33.0111564369776
			60.9182256940074	-33.0111564369776
			60.9418557272479	-32.9875264037371
			60.9654857604884	-32.9875264037371
			60.9891157937289	-32.9875264037371
			61.0127458269694	-32.9875264037371
			61.0363758602099	-32.9875264037371
			61.0600058934504	-32.9875264037371
			61.0836359266909	-32.9875264037371
			61.1072659599314	-32.9875264037371
			61.1308959931719	-32.9875264037371
			61.1545260264124	-32.9638963704966
			61.1781560596529	-32.9638963704966
			61.2017860928934	-32.9638963704966
			61.2254161261339	-32.9638963704966
			61.2490461593744	-32.9638963704966
			61.2726761926149	-32.9638963704966
			61.2963062258554	-32.9638963704966
			61.3199362590959	-32.9638963704966
			61.3199362590959	-32.9402663372561
			61.3435662923364	-32.9402663372561
			61.3671963255769	-32.9402663372561
			61.3908263588174	-32.9402663372561
			61.4144563920579	-32.9402663372561
			61.4380864252984	-32.9402663372561
			61.4617164585389	-32.9402663372561
			61.4853464917794	-32.9402663372561
			61.5089765250199	-32.9402663372561
			61.5089765250199	-32.9166363040156
			61.5326065582604	-32.9166363040156
			61.5562365915009	-32.9166363040156
			61.5798666247414	-32.9166363040156
			61.6034966579819	-32.9166363040156
		</Dorsal_adipose>
		<Adipose_caudal type=matrix rownames=FALSE colnames=FALSE nrow=250 ncol=2 as.numeric=TRUE >
			61.6034966579819	-32.9166363040156
			61.6271266912224	-32.9166363040156
			61.6507567244629	-32.9166363040156
			61.6743867577034	-32.9166363040156
			61.6980167909439	-32.9166363040156
			61.7216468241844	-32.9166363040156
			61.7452768574249	-32.9166363040156
			61.7689068906654	-32.9166363040156
			61.7925369239059	-32.9166363040156
			61.8161669571464	-32.9166363040156
			61.8397969903869	-32.9166363040156
			61.8634270236274	-32.9166363040156
			61.8870570568679	-32.9166363040156
			61.9106870901084	-32.9166363040156
			61.9343171233489	-32.9166363040156
			61.9579471565894	-32.9166363040156
			61.9815771898299	-32.9166363040156
			62.0052072230704	-32.9166363040156
			62.0288372563109	-32.9402663372561
			62.0524672895514	-32.9402663372561
			62.0760973227919	-32.9402663372561
			62.0997273560324	-32.9402663372561
			62.1233573892729	-32.9402663372561
			62.1469874225134	-32.9402663372561
			62.1706174557539	-32.9402663372561
			62.1942474889944	-32.9402663372561
			62.1942474889944	-32.9638963704966
			62.2178775222349	-32.9638963704966
			62.2415075554754	-32.9638963704966
			62.2651375887159	-32.9638963704966
			62.2887676219564	-32.9638963704966
			62.3123976551969	-32.9638963704966
			62.3360276884374	-32.9875264037371
			62.3596577216779	-32.9875264037371
			62.3832877549184	-32.9875264037371
			62.4069177881589	-33.0111564369776
			62.4305478213994	-33.0111564369776
			62.4541778546399	-33.0111564369776
			62.4778078878804	-33.0347864702181
			62.5014379211209	-33.0347864702181
			62.5250679543614	-33.0347864702181
			62.5486979876019	-33.0584165034586
			62.5723280208424	-33.0584165034586
			62.5959580540829	-33.0584165034586
			62.6195880873234	-33.0820465366991
			62.6432181205639	-33.0820465366991
			62.6668481538044	-33.0820465366991
			62.6904781870449	-33.0820465366991
			62.7141082202854	-33.0820465366991
			62.7377382535259	-33.0820465366991
			62.7613682867663	-33.0820465366991
			62.7849983200068	-33.0584165034586
			62.8086283532474	-33.0584165034586
			62.8322583864879	-33.0584165034586
			62.8558884197283	-33.0584165034586
			62.8795184529688	-33.0584165034586
			62.9031484862093	-33.0584165034586
			62.9267785194498	-33.0584165034586
			62.9504085526903	-33.0584165034586
			62.9740385859308	-33.0584165034586
			62.9976686191713	-33.0584165034586
			63.0212986524118	-33.0584165034586
			63.0449286856523	-33.0584165034586
			63.0685587188928	-33.0347864702181
			63.0921887521333	-33.0347864702181
			63.1158187853738	-33.0347864702181
			63.1394488186143	-33.0347864702181
			63.1630788518548	-33.0347864702181
			63.1867088850953	-33.0347864702181
			63.2103389183358	-33.0347864702181
			63.2339689515763	-33.0347864702181
			63.2575989848168	-33.0347864702181
			63.2812290180573	-33.0347864702181
			63.3048590512978	-33.0111564369776
			63.3284890845383	-33.0111564369776
			63.3521191177788	-33.0111564369776
			63.3757491510193	-33.0111564369776
			63.3993791842598	-33.0111564369776
			63.4230092175003	-33.0111564369776
			63.4466392507408	-33.0111564369776
			63.4702692839813	-33.0111564369776
			63.4938993172218	-33.0111564369776
			63.5175293504623	-33.0111564369776
			63.5411593837028	-32.9875264037371
			63.5647894169433	-32.9875264037371
			63.5884194501838	-32.9875264037371
			63.6120494834243	-32.9875264037371
			63.6356795166648	-32.9875264037371
			63.6593095499053	-32.9875264037371
			63.6829395831458	-32.9875264037371
			63.7065696163863	-32.9875264037371
			63.7301996496268	-32.9875264037371
			63.7538296828673	-32.9875264037371
			63.7538296828673	-32.9638963704966
			63.7774597161078	-32.9638963704966
			63.8010897493483	-32.9638963704966
			63.8247197825888	-32.9638963704966
			63.8483498158293	-32.9638963704966
			63.8719798490698	-32.9638963704966
			63.8956098823103	-32.9638963704966
			63.9192399155508	-32.9638963704966
			63.9428699487913	-32.9638963704966
			63.9664999820318	-32.9402663372561
			63.9901300152723	-32.9402663372561
			64.0137600485128	-32.9402663372561
			64.0373900817533	-32.9402663372561
			64.0610201149938	-32.9402663372561
			64.0846501482343	-32.9402663372561
			64.1082801814748	-32.9402663372561
			64.1319102147153	-32.9402663372561
			64.1555402479558	-32.9166363040156
			64.1791702811963	-32.9166363040156
			64.2028003144368	-32.9166363040156
			64.2264303476773	-32.9166363040156
			64.2500603809178	-32.9166363040156
			64.2736904141583	-32.9166363040156
			64.2973204473988	-32.9166363040156
			64.3209504806393	-32.9166363040156
			64.3445805138798	-32.8930062707751
			64.3682105471203	-32.8930062707751
			64.3918405803608	-32.8930062707751
			64.4154706136013	-32.8930062707751
			64.4391006468418	-32.8930062707751
			64.4627306800823	-32.8930062707751
			64.4863607133228	-32.8930062707751
			64.5099907465633	-32.8930062707751
			64.5336207798038	-32.8693762375346
			64.5572508130443	-32.8693762375346
			64.5808808462848	-32.8693762375346
			64.6045108795253	-32.8693762375346
			64.6281409127658	-32.8693762375346
			64.6517709460063	-32.8693762375346
			64.6754009792468	-32.8693762375346
			64.6990310124873	-32.8457462042941
			64.7226610457278	-32.8457462042941
			64.7462910789683	-32.8457462042941
			64.7699211122088	-32.8457462042941
			64.7935511454493	-32.8457462042941
			64.8171811786898	-32.8457462042941
			64.8408112119303	-32.8457462042941
			64.8644412451708	-32.8221161710536
			64.8880712784113	-32.8221161710536
			64.9117013116518	-32.8221161710536
			64.9353313448923	-32.8221161710536
			64.9589613781328	-32.8221161710536
			64.9825914113733	-32.8221161710536
			65.0062214446138	-32.7984861378131
			65.0298514778543	-32.7984861378131
			65.0534815110948	-32.7984861378131
			65.0771115443353	-32.7984861378131
			65.1007415775758	-32.7984861378131
			65.1243716108163	-32.7748561045726
			65.1480016440568	-32.7748561045726
			65.1716316772973	-32.7748561045726
			65.1952617105378	-32.7748561045726
			65.2188917437783	-32.7748561045726
			65.2425217770188	-32.7748561045726
			65.2661518102593	-32.7512260713321
			65.2897818434998	-32.7512260713321
			65.3134118767403	-32.7512260713321
			65.3370419099808	-32.7512260713321
			65.3606719432213	-32.7512260713321
			65.3843019764618	-32.7512260713321
			65.4079320097023	-32.7275960380916
			65.4315620429428	-32.7275960380916
			65.4551920761833	-32.7275960380916
			65.4788221094238	-32.7275960380916
			65.5024521426643	-32.7039660048511
			65.5260821759048	-32.7039660048511
			65.5497122091453	-32.7039660048511
			65.5733422423858	-32.7039660048511
			65.5969722756263	-32.7039660048511
			65.6206023088668	-32.6803359716106
			65.6442323421073	-32.6803359716106
			65.6678623753478	-32.6803359716106
			65.6914924085883	-32.6803359716106
			65.7151224418288	-32.6803359716106
			65.7387524750693	-32.6567059383701
			65.7623825083098	-32.6567059383701
			65.7860125415503	-32.6567059383701
			65.8096425747908	-32.6567059383701
			65.8332726080313	-32.6330759051296
			65.8569026412718	-32.6330759051296
			65.8805326745123	-32.6330759051296
			65.9041627077528	-32.6330759051296
			65.9277927409933	-32.6094458718891
			65.9514227742338	-32.6094458718891
			65.9750528074743	-32.6094458718891
			65.9986828407148	-32.5858158386486
			66.0223128739553	-32.5858158386486
			66.0459429071958	-32.5858158386486
			66.0695729404363	-32.5858158386486
			66.0932029736768	-32.5621858054081
			66.1168330069173	-32.5621858054081
			66.1404630401578	-32.5621858054081
			66.1640930733983	-32.5385557721676
			66.1877231066388	-32.5385557721676
			66.2113531398793	-32.5149257389271
			66.2349831731198	-32.5149257389271
			66.2586132063603	-32.5149257389271
			66.2822432396008	-32.4912957056866
			66.3058732728413	-32.4912957056866
			66.3295033060818	-32.4676656724461
			66.3531333393223	-32.4676656724461
			66.3767633725627	-32.4676656724461
			66.4003934058033	-32.4676656724461
			66.4240234390438	-32.4440356392056
			66.4476534722843	-32.4440356392056
			66.4712835055248	-32.4204056059652
			66.4949135387652	-32.4204056059652
			66.5185435720058	-32.4204056059652
			66.5421736052462	-32.3967755727246
			66.5658036384868	-32.3967755727246
			66.5894336717272	-32.3967755727246
			66.6130637049677	-32.3731455394841
			66.6366937382083	-32.3731455394841
			66.6603237714487	-32.3731455394841
			66.6839538046893	-32.3731455394841
			66.7075838379297	-32.3495155062436
			66.7312138711702	-32.3495155062436
			66.7548439044107	-32.3495155062436
			66.7784739376512	-32.3258854730031
			66.8021039708917	-32.3258854730031
			66.8257340041322	-32.3258854730031
			66.8493640373727	-32.3258854730031
			66.8729940706132	-32.3022554397627
			66.8966241038537	-32.3022554397627
			66.9202541370942	-32.3022554397627
			66.9438841703347	-32.3022554397627
			66.9675142035752	-32.3022554397627
			66.9911442368157	-32.2786254065222
			67.0147742700562	-32.2786254065222
			67.0384043032967	-32.2786254065222
			67.0620343365372	-32.2786254065222
			67.0856643697777	-32.2786254065222
			67.0856643697777	-32.2549953732817
			67.1092944030182	-32.2549953732817
			67.1329244362587	-32.2549953732817
			67.1565544694992	-32.2549953732817
			67.1801845027397	-32.2549953732817
			67.2038145359802	-32.2313653400412
			67.2274445692207	-32.2313653400412
			67.2510746024612	-32.2313653400412
			67.2747046357017	-32.2313653400412
			67.2983346689422	-32.2313653400412
			67.3219647021827	-32.2313653400412
			67.3455947354232	-32.2077353068007
			67.3692247686637	-32.2077353068007
			67.3928548019042	-32.2077353068007
			67.4164848351447	-32.2077353068007
		</Adipose_caudal>
		<Caudal_anal type=matrix rownames=FALSE colnames=FALSE nrow=449 ncol=2 as.numeric=TRUE >
			68.2199059653217	-35.4686798939896
			68.1962759320812	-35.4686798939896
			68.1962759320812	-35.4923099272301
			68.1726458988407	-35.4923099272301
			68.1490158656002	-35.5159399604706
			68.1253858323597	-35.5159399604706
			68.1017557991192	-35.5159399604706
			68.0781257658787	-35.5395699937111
			68.0544957326382	-35.5395699937111
			68.0308656993977	-35.5632000269516
			68.0072356661572	-35.5632000269516
			67.9836056329167	-35.5632000269516
			67.9599755996762	-35.5868300601921
			67.9363455664357	-35.5868300601921
			67.9127155331952	-35.5868300601921
			67.8890854999547	-35.6104600934326
			67.8654554667142	-35.6104600934326
			67.8418254334737	-35.6104600934326
			67.8181954002332	-35.6340901266731
			67.7945653669927	-35.6340901266731
			67.7709353337522	-35.6340901266731
			67.7473053005117	-35.6340901266731
			67.7236752672712	-35.6340901266731
			67.7236752672712	-35.6577201599136
			67.7000452340307	-35.6577201599136
			67.6764152007902	-35.6577201599136
			67.6527851675497	-35.6577201599136
			67.6291551343092	-35.6813501931541
			67.6055251010687	-35.6813501931541
			67.5818950678282	-35.6813501931541
			67.5582650345877	-35.6813501931541
			67.5346350013472	-35.6813501931541
			67.5110049681067	-35.7049802263946
			67.4873749348662	-35.7049802263946
			67.4637449016257	-35.7049802263946
			67.4401148683852	-35.7049802263946
			67.4164848351447	-35.7049802263946
			67.3928548019042	-35.7286102596351
			67.3692247686637	-35.7286102596351
			67.3455947354232	-35.7286102596351
			67.3219647021827	-35.7286102596351
			67.2983346689422	-35.7522402928756
			67.2747046357017	-35.7522402928756
			67.2510746024612	-35.7522402928756
			67.2274445692207	-35.7522402928756
			67.2038145359802	-35.7522402928756
			67.1801845027397	-35.7522402928756
			67.1565544694992	-35.7758703261161
			67.1329244362587	-35.7758703261161
			67.1092944030182	-35.7758703261161
			67.0856643697777	-35.7758703261161
			67.0620343365372	-35.7758703261161
			67.0384043032967	-35.7995003593566
			67.0147742700562	-35.7995003593566
			66.9911442368157	-35.7995003593566
			66.9675142035752	-35.7995003593566
			66.9438841703347	-35.7995003593566
			66.9202541370942	-35.7995003593566
			66.8966241038537	-35.8231303925971
			66.8729940706132	-35.8231303925971
			66.8493640373727	-35.8231303925971
			66.8257340041322	-35.8231303925971
			66.8021039708917	-35.8231303925971
			66.7784739376512	-35.8231303925971
			66.7548439044107	-35.8231303925971
			66.7548439044107	-35.8467604258376
			66.7312138711702	-35.8467604258376
			66.7075838379297	-35.8467604258376
			66.6839538046893	-35.8467604258376
			66.6603237714487	-35.8467604258376
			66.6366937382083	-35.8467604258376
			66.6130637049677	-35.8467604258376
			66.5894336717272	-35.8467604258376
			66.5894336717272	-35.8703904590781
			66.5658036384868	-35.8703904590781
			66.5421736052462	-35.8703904590781
			66.5185435720058	-35.8703904590781
			66.4949135387652	-35.8703904590781
			66.4712835055248	-35.8703904590781
			66.4476534722843	-35.8703904590781
			66.4240234390438	-35.8940204923186
			66.4003934058033	-35.8940204923186
			66.3767633725627	-35.8940204923186
			66.3531333393223	-35.8940204923186
			66.3295033060818	-35.8940204923186
			66.3058732728413	-35.8940204923186
			66.2822432396008	-35.9176505255591
			66.2586132063603	-35.9176505255591
			66.2349831731198	-35.9176505255591
			66.2113531398793	-35.9176505255591
			66.1877231066388	-35.9176505255591
			66.1640930733983	-35.9176505255591
			66.1404630401578	-35.9412805587996
			66.1168330069173	-35.9412805587996
			66.0932029736768	-35.9412805587996
			66.0695729404363	-35.9412805587996
			66.0459429071958	-35.9412805587996
			66.0223128739553	-35.9412805587996
			65.9986828407148	-35.9649105920401
			65.9750528074743	-35.9649105920401
			65.9514227742338	-35.9649105920401
			65.9277927409933	-35.9649105920401
			65.9041627077528	-35.9649105920401
			65.8805326745123	-35.9649105920401
			65.8569026412718	-35.9885406252806
			65.8332726080313	-35.9885406252806
			65.8096425747908	-35.9885406252806
			65.7860125415503	-35.9885406252806
			65.7623825083098	-35.9885406252806
			65.7387524750693	-35.9885406252806
			65.7151224418288	-36.0121706585211
			65.6914924085883	-36.0121706585211
			65.6678623753478	-36.0121706585211
			65.6442323421073	-36.0121706585211
			65.6206023088668	-36.0121706585211
			65.6206023088668	-36.0358006917616
			65.5969722756263	-36.0358006917616
			65.5733422423858	-36.0358006917616
			65.5497122091453	-36.0358006917616
			65.5260821759048	-36.0358006917616
			65.5024521426643	-36.0594307250021
			65.4788221094238	-36.0594307250021
			65.4551920761833	-36.0594307250021
			65.4315620429428	-36.0594307250021
			65.4079320097023	-36.0594307250021
			65.3843019764618	-36.0830607582426
			65.3606719432213	-36.0830607582426
			65.3370419099808	-36.0830607582426
			65.3134118767403	-36.0830607582426
			65.2897818434998	-36.0830607582426
			65.2661518102593	-36.1066907914831
			65.2425217770188	-36.1066907914831
			65.2188917437783	-36.1066907914831
			65.1952617105378	-36.1303208247235
			65.1716316772973	-36.1303208247235
			65.1480016440568	-36.1303208247235
			65.1243716108163	-36.1303208247235
			65.1007415775758	-36.1303208247235
			65.0771115443353	-36.153950857964
			65.0534815110948	-36.153950857964
			65.0298514778543	-36.153950857964
			65.0062214446138	-36.153950857964
			64.9825914113733	-36.1775808912045
			64.9589613781328	-36.1775808912045
			64.9353313448923	-36.1775808912045
			64.9117013116518	-36.201210924445
			64.8880712784113	-36.201210924445
			64.8644412451708	-36.201210924445
			64.8408112119303	-36.201210924445
			64.8171811786898	-36.2248409576856
			64.7935511454493	-36.2248409576856
			64.7699211122088	-36.2248409576856
			64.7462910789683	-36.248470990926
			64.7226610457278	-36.248470990926
			64.6990310124873	-36.248470990926
			64.6754009792468	-36.248470990926
			64.6517709460063	-36.2721010241665
			64.6281409127658	-36.2721010241665
			64.6045108795253	-36.2721010241665
			64.5808808462848	-36.295731057407
			64.5572508130443	-36.295731057407
			64.5336207798038	-36.295731057407
			64.5099907465633	-36.3193610906475
			64.4863607133228	-36.3193610906475
			64.4627306800823	-36.3193610906475
			64.4391006468418	-36.3193610906475
			64.4154706136013	-36.342991123888
			64.3918405803608	-36.342991123888
			64.3682105471203	-36.342991123888
			64.3445805138798	-36.3666211571285
			64.3209504806393	-36.3666211571285
			64.2973204473988	-36.3666211571285
			64.2736904141583	-36.390251190369
			64.2500603809178	-36.390251190369
			64.2264303476773	-36.390251190369
			64.2028003144368	-36.4138812236095
			64.1791702811963	-36.4138812236095
			64.1555402479558	-36.43751125685
			64.1319102147153	-36.43751125685
			64.1082801814748	-36.43751125685
			64.0846501482343	-36.4611412900905
			64.0610201149938	-36.4611412900905
			64.0373900817533	-36.484771323331
			64.0137600485128	-36.484771323331
			63.9901300152723	-36.484771323331
			63.9664999820318	-36.5084013565715
			63.9428699487913	-36.5084013565715
			63.9192399155508	-36.5084013565715
			63.8956098823103	-36.532031389812
			63.8719798490698	-36.532031389812
			63.8719798490698	-36.5556614230525
			63.8483498158293	-36.5556614230525
			63.8247197825888	-36.5556614230525
			63.8010897493483	-36.579291456293
			63.7774597161078	-36.579291456293
			63.7538296828673	-36.579291456293
			63.7538296828673	-36.6029214895335
			63.7301996496268	-36.6029214895335
			63.7065696163863	-36.626551522774
			63.6829395831458	-36.626551522774
			63.6593095499053	-36.626551522774
			63.6356795166648	-36.6501815560145
			63.6120494834243	-36.6501815560145
			63.5884194501838	-36.673811589255
			63.5647894169433	-36.673811589255
			63.5411593837028	-36.6974416224955
			63.5175293504623	-36.6974416224955
			63.4938993172218	-36.721071655736
			63.4702692839813	-36.7447016889765
			63.4466392507408	-36.7447016889765
			63.4230092175003	-36.768331722217
			63.3993791842598	-36.768331722217
			63.3757491510193	-36.7919617554575
			63.3521191177788	-36.7919617554575
			63.3284890845383	-36.815591788698
			63.3048590512978	-36.815591788698
			63.2812290180573	-36.8392218219385
			63.2575989848168	-36.8392218219385
			63.2339689515763	-36.862851855179
			63.2103389183358	-36.862851855179
			63.1867088850953	-36.8864818884195
			63.1630788518548	-36.8864818884195
			63.1394488186143	-36.91011192166
			63.1158187853738	-36.91011192166
			63.0921887521333	-36.9337419549005
			63.0685587188928	-36.957371988141
			63.0449286856523	-36.957371988141
			63.0212986524118	-36.9810020213815
			62.9976686191713	-36.9810020213815
			62.9740385859308	-37.004632054622
			62.9504085526903	-37.004632054622
			62.9267785194498	-37.0282620878625
			62.9031484862093	-37.0282620878625
			62.8795184529688	-37.051892121103
			62.8558884197283	-37.051892121103
			62.8322583864879	-37.0755221543435
			62.8086283532474	-37.0755221543435
			62.7849983200068	-37.099152187584
			62.7613682867663	-37.1227822208245
			62.7377382535259	-37.1227822208245
			62.7141082202854	-37.146412254065
			62.6904781870449	-37.146412254065
			62.6668481538044	-37.146412254065
			62.6432181205639	-37.1700422873055
			62.6195880873234	-37.1700422873055
			62.5959580540829	-37.193672320546
			62.5723280208424	-37.193672320546
			62.5486979876019	-37.2173023537865
			62.5250679543614	-37.2173023537865
			62.5014379211209	-37.240932387027
			62.4778078878804	-37.240932387027
			62.4541778546399	-37.2645624202675
			62.4305478213994	-37.2645624202675
			62.4069177881589	-37.288192453508
			62.3832877549184	-37.288192453508
			62.3596577216779	-37.3118224867485
			62.3360276884374	-37.3118224867485
			62.3123976551969	-37.335452519989
			62.2887676219564	-37.335452519989
			62.2651375887159	-37.3590825532295
			62.2415075554754	-37.3590825532295
			62.2178775222349	-37.38271258647
			62.1942474889944	-37.38271258647
			62.1706174557539	-37.4063426197105
			62.1469874225134	-37.4063426197105
			62.1233573892729	-37.429972652951
			62.0997273560324	-37.429972652951
			62.0760973227919	-37.429972652951
			62.0760973227919	-37.4536026861915
			62.0524672895514	-37.4536026861915
			62.0288372563109	-37.4536026861915
			62.0052072230704	-37.477232719432
			61.9815771898299	-37.477232719432
			61.9579471565894	-37.5008627526725
			61.9343171233489	-37.5008627526725
			61.9106870901084	-37.524492785913
			61.8870570568679	-37.524492785913
			61.8634270236274	-37.524492785913
			61.8634270236274	-37.5481228191535
			61.8397969903869	-37.5481228191535
			61.8161669571464	-37.5481228191535
			61.7925369239059	-37.571752852394
			61.7689068906654	-37.571752852394
			61.7452768574249	-37.5953828856345
			61.7216468241844	-37.5953828856345
			61.6980167909439	-37.619012918875
			61.6743867577034	-37.619012918875
			61.6507567244629	-37.619012918875
			61.6271266912224	-37.6426429521155
			61.6034966579819	-37.6426429521155
			61.5798666247414	-37.666272985356
			61.5562365915009	-37.666272985356
			61.5326065582604	-37.6899030185965
			61.5089765250199	-37.6899030185965
			61.4853464917794	-37.6899030185965
			61.4617164585389	-37.713533051837
			61.4380864252984	-37.713533051837
			61.4144563920579	-37.7371630850775
			61.3908263588174	-37.7371630850775
			61.3671963255769	-37.760793118318
			61.3435662923364	-37.760793118318
			61.3199362590959	-37.760793118318
			61.2963062258554	-37.7844231515585
			61.2726761926149	-37.7844231515585
			61.2490461593744	-37.808053184799
			61.2254161261339	-37.808053184799
			61.2017860928934	-37.8316832180395
			61.1781560596529	-37.8316832180395
			61.1545260264124	-37.85531325128
			61.1308959931719	-37.85531325128
			61.1072659599314	-37.85531325128
			61.0836359266909	-37.8789432845205
			61.0600058934504	-37.8789432845205
			61.0363758602099	-37.902573317761
			61.0127458269694	-37.902573317761
			60.9891157937289	-37.9262033510015
			60.9654857604884	-37.9262033510015
			60.9418557272479	-37.9262033510015
			60.9182256940074	-37.949833384242
			60.8945956607669	-37.949833384242
			60.8709656275264	-37.9734634174825
			60.8473355942859	-37.9734634174825
			60.8237055610454	-37.997093450723
			60.8000755278049	-37.997093450723
			60.7764454945644	-38.0207234839635
			60.7528154613239	-38.0207234839635
			60.7291854280834	-38.0207234839635
			60.7055553948429	-38.044353517204
			60.6819253616024	-38.044353517204
			60.6582953283619	-38.044353517204
			60.6346652951214	-38.0679835504445
			60.6110352618809	-38.0679835504445
			60.5874052286404	-38.091613583685
			60.5637751953999	-38.091613583685
			60.5401451621594	-38.1152436169255
			60.5165151289189	-38.1152436169255
			60.4928850956784	-38.1152436169255
			60.4692550624379	-38.138873650166
			60.4456250291974	-38.138873650166
			60.4219949959569	-38.138873650166
			60.3983649627164	-38.1625036834065
			60.3747349294759	-38.1625036834065
			60.3511048962354	-38.186133716647
			60.3274748629949	-38.186133716647
			60.3038448297544	-38.186133716647
			60.2802147965139	-38.2097637498875
			60.2565847632734	-38.2097637498875
			60.2329547300329	-38.233393783128
			60.2093246967924	-38.233393783128
			60.1856946635519	-38.233393783128
			60.1620646303114	-38.2570238163685
			60.1384345970709	-38.2570238163685
			60.1148045638304	-38.280653849609
			60.0911745305899	-38.280653849609
			60.0675444973494	-38.3042838828495
			60.0439144641089	-38.3042838828495
			60.0202844308684	-38.3042838828495
			59.9966543976279	-38.32791391609
			59.9730243643874	-38.32791391609
			59.9493943311469	-38.3515439493305
			59.9257642979064	-38.3515439493305
			59.9021342646659	-38.3515439493305
			59.8785042314254	-38.375173982571
			59.8548741981849	-38.375173982571
			59.8312441649444	-38.375173982571
			59.8076141317039	-38.3988040158115
			59.7839840984634	-38.3988040158115
			59.7603540652229	-38.422434049052
			59.7367240319824	-38.422434049052
			59.7130939987419	-38.4460640822925
			59.6894639655014	-38.4460640822925
			59.6658339322609	-38.4460640822925
			59.6422038990204	-38.4460640822925
			59.6422038990204	-38.469694115533
			59.6185738657799	-38.469694115533
			59.5949438325394	-38.469694115533
			59.5713137992989	-38.4933241487735
			59.5476837660584	-38.4933241487735
			59.5240537328179	-38.516954182014
			59.5004236995774	-38.516954182014
			59.4767936663369	-38.516954182014
			59.4531636330964	-38.5405842152545
			59.4295335998559	-38.5405842152545
			59.4059035666154	-38.5405842152545
			59.3822735333749	-38.564214248495
			59.3586435001344	-38.564214248495
			59.3350134668939	-38.5878442817355
			59.3113834336534	-38.5878442817355
			59.2877534004129	-38.5878442817355
			59.2641233671724	-38.611474314976
			59.2404933339319	-38.611474314976
			59.2168633006914	-38.611474314976
			59.1932332674509	-38.6351043482165
			59.1696032342104	-38.6351043482165
			59.1459732009699	-38.6351043482165
			59.1459732009699	-38.658734381457
			59.1223431677294	-38.658734381457
			59.0987131344889	-38.658734381457
			59.0750831012484	-38.6823644146975
			59.051453068008	-38.6823644146975
			59.0278230347675	-38.705994447938
			59.004193001527	-38.705994447938
			58.9805629682864	-38.705994447938
			58.9569329350459	-38.7296244811785
			58.9333029018055	-38.7296244811785
			58.909672868565	-38.7296244811785
			58.8860428353245	-38.753254514419
			58.862412802084	-38.753254514419
			58.8387827688435	-38.753254514419
			58.815152735603	-38.7768845476595
			58.7915227023625	-38.7768845476595
			58.767892669122	-38.8005145809
			58.7442626358815	-38.8005145809
			58.720632602641	-38.8005145809
			58.6970025694005	-38.8241446141405
			58.67337253616	-38.8241446141405
			58.6497425029195	-38.8241446141405
			58.626112469679	-38.847774647381
			58.6024824364385	-38.847774647381
			58.578852403198	-38.847774647381
			58.5552223699575	-38.8714046806215
			58.531592336717	-38.8714046806215
			58.5079623034765	-38.895034713862
			58.484332270236	-38.895034713862
			58.4607022369955	-38.895034713862
			58.437072203755	-38.9186647471025
			58.4134421705145	-38.9186647471025
			58.389812137274	-38.9186647471025
			58.3661821040335	-38.942294780343
			58.342552070793	-38.942294780343
			58.3189220375525	-38.9659248135835
			58.295292004312	-38.9659248135835
			58.2716619710715	-38.9659248135835
			58.248031937831	-38.989554846824
			58.2244019045905	-38.989554846824
			58.20077187135	-38.989554846824
			58.1771418381095	-39.0131848800645
			58.153511804869	-39.0131848800645
			58.1298817716285	-39.0131848800645
			58.106251738388	-39.036814913305
			58.0826217051475	-39.036814913305
			58.058991671907	-39.0604449465455
			58.0353616386665	-39.0604449465455
			58.011731605426	-39.0604449465455
			57.9881015721855	-39.084074979786
			57.964471538945	-39.084074979786
			57.9408415057045	-39.084074979786
			57.917211472464	-39.1077050130265
			57.8935814392235	-39.1077050130265
		</Caudal_anal>
	</curves.scaled>
	<ruler.points type=matrix rownames=TRUE colnames=FALSE nrow=3 ncol=2 as.numeric=TRUE >
		Ruler point 1	4052	2092
		Ruler point 2	4263	2070
		Ruler point 3	4473	2049
	</ruler.points>
</shapes>

