<shapes type=list>
	<ruler.pixel type=vector names=FALSE length=1 as.numeric=TRUE >211.071762298295</ruler.pixel>
	<ruler.interval type=vector names=FALSE length=1 as.numeric=TRUE >5</ruler.interval>
	<scaling.units type=vector names=FALSE length=1 as.numeric=FALSE >mm</scaling.units>
	<scaling type=vector names=FALSE length=1 as.numeric=TRUE >0.0236886258282802</scaling>
	<landmarks.pixel type=matrix rownames=TRUE colnames=FALSE nrow=11 ncol=2 as.numeric=TRUE >
		Anterior_eye	1467	821
		Posterior_eye	1619	839
		Posterior_Maxilla	1646	957
		Anterior_Maxilla	1401	855
		Dorsal_fin_insertion	1943	745
		Adipose_fin_insertion	2309	872
		Dorsal_caudal	2520	935
		Ventral_caudal	2491	1061
		Anal_fin_insertion	2138	1049
		Pelvic_fin_insertion	1899	1005
		Pectoral_fin_insertion	1772	948
	</landmarks.pixel>
	<landmarks.scaled type=matrix rownames=TRUE colnames=FALSE nrow=11 ncol=2 as.numeric=TRUE >
		Anterior_eye	34.751214090087	-19.448361805018
		Posterior_eye	38.3518852159856	-19.8747570699271
		Posterior_Maxilla	38.9914781133492	-22.6700149176641
		Anterior_Maxilla	33.1877647854205	-20.2537750831796
		Dorsal_fin_insertion	46.0269999843484	-17.6480262420687
		Adipose_fin_insertion	54.6970370374989	-20.6564817222603
		Dorsal_caudal	59.6953370872661	-22.148865149442
		Ventral_caudal	59.0083669382459	-25.1336320038053
		Anal_fin_insertion	50.646282020863	-24.8493684938659
		Pelvic_fin_insertion	44.9847004479041	-23.8070689574216
		Pectoral_fin_insertion	41.9762449677125	-22.4568172852096
	</landmarks.scaled>
	<curves.control type=list>
		<Snout_dorsal type=matrix rownames=FALSE colnames=FALSE nrow=5 ncol=2 as.numeric=TRUE >
			1401	855
			1429	706
			1624	706
			1778	717
			1943	745
		</Snout_dorsal>
		<Dorsal_adipose type=matrix rownames=FALSE colnames=FALSE nrow=5 ncol=2 as.numeric=TRUE >
			1943	745
			2038	771
			2164	841
			2228	861
			2309	872
		</Dorsal_adipose>
		<Adipose_caudal type=matrix rownames=FALSE colnames=FALSE nrow=7 ncol=2 as.numeric=TRUE >
			2309	872
			2335	870
			2344	886
			2457	921
			2488	924
			2510	925
			2520	935
		</Adipose_caudal>
		<Caudal_anal type=matrix rownames=FALSE colnames=FALSE nrow=7 ncol=2 as.numeric=TRUE >
			2491	1061
			2472	1064
			2453	1056
			2385	1038
			2325	1040
			2269	1051
			2138	1049
		</Caudal_anal>
	</curves.control>
	<curves.pixel type=list>
		<Snout_dorsal type=matrix rownames=FALSE colnames=FALSE nrow=605 ncol=2 as.numeric=TRUE >
			1401	855
			1401	854
			1401	853
			1402	852
			1402	851
			1402	850
			1402	849
			1402	848
			1403	847
			1403	846
			1403	845
			1403	844
			1404	843
			1404	842
			1404	841
			1404	840
			1405	839
			1405	838
			1405	837
			1405	836
			1406	835
			1406	834
			1406	833
			1407	832
			1407	831
			1407	830
			1407	829
			1408	828
			1408	827
			1409	826
			1409	825
			1409	824
			1410	823
			1410	822
			1410	821
			1411	820
			1411	819
			1411	818
			1412	817
			1412	816
			1413	815
			1413	814
			1413	813
			1414	812
			1414	811
			1415	810
			1415	809
			1416	808
			1416	807
			1417	806
			1417	805
			1417	804
			1418	804
			1418	803
			1418	802
			1419	802
			1419	801
			1420	800
			1420	799
			1421	798
			1421	797
			1422	796
			1422	795
			1423	794
			1423	793
			1424	792
			1425	791
			1425	790
			1426	789
			1426	788
			1427	788
			1427	787
			1428	786
			1428	785
			1429	785
			1429	784
			1430	783
			1431	782
			1431	781
			1432	781
			1432	780
			1433	779
			1433	778
			1434	778
			1434	777
			1435	776
			1436	775
			1437	774
			1438	773
			1439	772
			1439	771
			1440	770
			1441	769
			1442	768
			1442	767
			1443	767
			1444	766
			1445	765
			1446	764
			1446	763
			1447	763
			1448	762
			1449	761
			1450	760
			1450	759
			1451	759
			1452	758
			1453	757
			1454	756
			1455	756
			1455	755
			1456	754
			1457	753
			1458	753
			1459	752
			1460	751
			1461	751
			1462	750
			1463	749
			1463	748
			1464	748
			1465	747
			1466	746
			1467	746
			1468	745
			1469	744
			1470	744
			1471	743
			1472	742
			1473	742
			1474	741
			1475	741
			1476	740
			1477	739
			1478	739
			1479	738
			1480	738
			1481	737
			1482	736
			1483	736
			1484	735
			1485	735
			1486	734
			1487	734
			1488	733
			1489	732
			1490	732
			1491	732
			1491	731
			1492	731
			1493	731
			1493	730
			1494	730
			1495	730
			1496	729
			1497	729
			1498	728
			1499	728
			1500	728
			1501	727
			1502	727
			1503	726
			1504	726
			1505	725
			1506	725
			1507	724
			1508	724
			1509	724
			1510	723
			1511	723
			1512	723
			1513	722
			1514	722
			1515	722
			1516	721
			1517	721
			1518	721
			1519	721
			1519	720
			1520	720
			1521	720
			1522	720
			1522	719
			1523	719
			1524	719
			1525	719
			1526	718
			1527	718
			1528	718
			1529	717
			1530	717
			1531	717
			1532	717
			1533	716
			1534	716
			1535	716
			1536	716
			1537	715
			1538	715
			1539	715
			1540	715
			1541	714
			1542	714
			1543	714
			1544	714
			1545	713
			1546	713
			1547	713
			1548	713
			1549	713
			1550	712
			1551	712
			1552	712
			1553	712
			1554	712
			1555	711
			1556	711
			1557	711
			1558	711
			1559	711
			1560	711
			1561	711
			1562	710
			1563	710
			1564	710
			1565	710
			1566	710
			1567	710
			1568	710
			1569	709
			1570	709
			1571	709
			1572	709
			1573	709
			1574	709
			1575	709
			1576	709
			1577	708
			1578	708
			1579	708
			1580	708
			1581	708
			1582	708
			1583	708
			1584	708
			1585	708
			1586	708
			1587	707
			1588	707
			1589	707
			1590	707
			1591	707
			1592	707
			1593	707
			1594	707
			1595	707
			1596	707
			1597	707
			1598	707
			1599	707
			1600	707
			1601	707
			1602	706
			1603	706
			1604	706
			1605	706
			1606	706
			1607	706
			1608	706
			1609	706
			1610	706
			1611	706
			1612	706
			1613	706
			1614	706
			1615	706
			1616	706
			1617	706
			1618	706
			1619	706
			1620	706
			1621	706
			1622	706
			1623	706
			1624	706
			1625	706
			1626	706
			1627	706
			1628	706
			1629	706
			1630	706
			1631	707
			1632	707
			1633	707
			1634	707
			1635	707
			1636	707
			1637	707
			1638	707
			1639	707
			1640	707
			1641	707
			1642	707
			1643	707
			1644	707
			1645	708
			1646	708
			1647	708
			1648	708
			1649	708
			1650	708
			1651	708
			1652	708
			1653	708
			1654	708
			1655	708
			1656	708
			1657	709
			1658	709
			1659	709
			1660	709
			1661	709
			1662	709
			1663	709
			1664	709
			1665	709
			1666	709
			1667	709
			1668	710
			1669	710
			1670	710
			1671	710
			1672	710
			1673	710
			1674	710
			1675	710
			1676	710
			1677	710
			1678	710
			1679	710
			1680	711
			1681	711
			1682	711
			1683	711
			1684	711
			1685	711
			1686	711
			1687	711
			1688	711
			1689	711
			1690	711
			1691	712
			1692	712
			1693	712
			1694	712
			1695	712
			1696	712
			1697	712
			1698	712
			1699	712
			1700	712
			1701	712
			1702	713
			1703	713
			1704	713
			1705	713
			1706	713
			1707	713
			1708	713
			1709	713
			1710	713
			1711	713
			1712	714
			1713	714
			1714	714
			1715	714
			1716	714
			1717	714
			1718	714
			1719	714
			1720	714
			1721	715
			1722	715
			1723	715
			1724	715
			1725	715
			1726	715
			1727	715
			1728	715
			1729	715
			1730	715
			1731	716
			1732	716
			1733	716
			1734	716
			1735	716
			1736	716
			1737	716
			1738	716
			1739	716
			1740	716
			1741	717
			1742	717
			1743	717
			1744	717
			1745	717
			1746	717
			1747	717
			1748	717
			1749	717
			1749	718
			1750	718
			1751	718
			1752	718
			1753	718
			1754	718
			1755	718
			1756	718
			1757	718
			1758	719
			1759	719
			1760	719
			1761	719
			1762	719
			1763	719
			1764	719
			1765	719
			1766	719
			1767	720
			1768	720
			1769	720
			1770	720
			1771	720
			1772	720
			1773	720
			1774	720
			1775	721
			1776	721
			1777	721
			1778	721
			1779	721
			1780	721
			1781	721
			1782	721
			1783	722
			1784	722
			1785	722
			1786	722
			1787	722
			1788	722
			1789	722
			1790	722
			1791	723
			1792	723
			1793	723
			1794	723
			1795	723
			1796	723
			1797	723
			1798	723
			1799	724
			1800	724
			1801	724
			1802	724
			1803	724
			1804	724
			1805	724
			1806	724
			1807	725
			1808	725
			1809	725
			1810	725
			1811	725
			1812	725
			1813	725
			1814	725
			1815	726
			1816	726
			1817	726
			1818	726
			1819	726
			1820	726
			1821	726
			1822	727
			1823	727
			1824	727
			1825	727
			1826	727
			1827	727
			1828	727
			1829	727
			1830	728
			1831	728
			1832	728
			1833	728
			1834	728
			1835	728
			1836	728
			1837	729
			1838	729
			1839	729
			1840	729
			1841	729
			1842	729
			1843	729
			1844	730
			1845	730
			1846	730
			1847	730
			1848	730
			1849	730
			1850	730
			1851	731
			1852	731
			1853	731
			1854	731
			1855	731
			1856	731
			1857	731
			1858	732
			1859	732
			1860	732
			1861	732
			1862	732
			1863	732
			1864	732
			1865	733
			1866	733
			1867	733
			1868	733
			1869	733
			1870	733
			1871	734
			1872	734
			1873	734
			1874	734
			1875	734
			1876	734
			1877	734
			1878	735
			1879	735
			1880	735
			1881	735
			1882	735
			1883	735
			1884	736
			1885	736
			1886	736
			1887	736
			1888	736
			1889	736
			1890	736
			1891	737
			1892	737
			1893	737
			1894	737
			1895	737
			1896	737
			1897	737
			1898	738
			1899	738
			1900	738
			1901	738
			1902	738
			1903	738
			1904	739
			1905	739
			1906	739
			1907	739
			1908	739
			1909	739
			1910	740
			1911	740
			1912	740
			1913	740
			1914	740
			1915	740
			1916	741
			1917	741
			1918	741
			1919	741
			1920	741
			1921	741
			1922	741
			1923	742
			1924	742
			1925	742
			1926	742
			1927	742
			1928	743
			1929	743
			1930	743
			1931	743
			1932	743
			1933	743
			1934	743
			1935	744
			1936	744
			1937	744
			1938	744
			1939	744
			1940	745
			1941	745
			1942	745
			1943	745
		</Snout_dorsal>
		<Dorsal_adipose type=matrix rownames=FALSE colnames=FALSE nrow=379 ncol=2 as.numeric=TRUE >
			1943	745
			1944	745
			1945	746
			1946	746
			1947	746
			1948	746
			1949	747
			1950	747
			1951	747
			1952	747
			1953	748
			1954	748
			1955	748
			1956	749
			1957	749
			1958	749
			1959	750
			1960	750
			1961	750
			1962	750
			1963	751
			1964	751
			1965	751
			1966	752
			1967	752
			1968	752
			1969	753
			1970	753
			1971	753
			1972	754
			1973	754
			1974	754
			1975	755
			1976	755
			1977	755
			1978	756
			1979	756
			1980	756
			1981	757
			1982	757
			1983	758
			1984	758
			1985	758
			1986	759
			1987	759
			1988	759
			1989	759
			1989	760
			1990	760
			1991	760
			1992	761
			1993	761
			1994	761
			1995	762
			1996	762
			1997	762
			1997	763
			1998	763
			1999	763
			2000	763
			2001	764
			2002	764
			2003	765
			2004	765
			2005	765
			2006	766
			2007	766
			2008	766
			2009	767
			2010	767
			2011	768
			2012	768
			2013	769
			2014	769
			2015	769
			2016	770
			2017	770
			2018	770
			2019	771
			2020	771
			2021	772
			2022	772
			2023	772
			2024	773
			2025	773
			2026	774
			2027	774
			2028	775
			2029	775
			2030	775
			2031	776
			2032	776
			2033	777
			2034	777
			2035	777
			2036	778
			2037	778
			2038	779
			2039	779
			2040	780
			2041	780
			2042	780
			2043	781
			2044	781
			2045	782
			2046	782
			2047	783
			2048	783
			2049	783
			2050	784
			2051	784
			2052	785
			2053	785
			2054	786
			2055	786
			2056	787
			2057	787
			2058	788
			2059	788
			2060	789
			2061	789
			2062	789
			2063	790
			2064	790
			2065	791
			2066	791
			2067	791
			2068	792
			2069	793
			2070	793
			2071	793
			2072	794
			2073	794
			2074	795
			2075	795
			2076	795
			2076	796
			2077	796
			2078	797
			2079	797
			2080	798
			2081	798
			2082	799
			2083	799
			2084	799
			2085	800
			2086	800
			2087	801
			2088	802
			2089	802
			2090	802
			2090	803
			2091	803
			2092	803
			2092	804
			2093	804
			2094	804
			2094	805
			2095	805
			2096	805
			2096	806
			2097	806
			2098	806
			2098	807
			2099	807
			2100	807
			2100	808
			2101	808
			2102	808
			2102	809
			2103	809
			2104	809
			2105	810
			2106	810
			2107	811
			2108	811
			2109	812
			2110	812
			2110	813
			2111	813
			2112	813
			2113	814
			2114	814
			2115	815
			2116	815
			2117	816
			2118	816
			2119	817
			2120	818
			2121	818
			2122	819
			2123	819
			2124	820
			2125	820
			2126	821
			2127	821
			2128	822
			2129	822
			2130	823
			2131	823
			2132	824
			2133	824
			2134	825
			2135	825
			2136	826
			2137	826
			2138	827
			2139	827
			2140	828
			2141	829
			2142	829
			2143	830
			2144	830
			2145	831
			2146	831
			2147	832
			2148	832
			2149	833
			2150	834
			2151	834
			2152	835
			2153	835
			2154	836
			2155	836
			2156	837
			2157	837
			2158	838
			2159	838
			2160	839
			2161	839
			2161	840
			2162	840
			2163	840
			2164	841
			2165	841
			2166	842
			2167	842
			2168	842
			2169	842
			2170	843
			2171	843
			2172	843
			2173	844
			2174	844
			2175	844
			2176	845
			2177	845
			2178	845
			2179	846
			2180	846
			2181	846
			2182	846
			2183	847
			2184	847
			2185	847
			2186	848
			2187	848
			2188	848
			2189	848
			2190	849
			2191	849
			2192	849
			2193	849
			2194	850
			2195	850
			2196	850
			2197	850
			2198	851
			2199	851
			2200	851
			2201	852
			2202	852
			2203	852
			2204	852
			2205	853
			2206	853
			2207	853
			2208	853
			2209	854
			2210	854
			2211	854
			2212	854
			2213	854
			2214	855
			2215	855
			2216	855
			2217	855
			2218	856
			2219	856
			2220	856
			2221	856
			2222	857
			2223	857
			2224	857
			2225	857
			2226	857
			2227	858
			2228	858
			2229	858
			2230	858
			2231	859
			2232	859
			2233	859
			2234	859
			2235	859
			2236	860
			2237	860
			2238	860
			2239	860
			2240	860
			2241	861
			2242	861
			2243	861
			2244	861
			2245	861
			2246	862
			2247	862
			2248	862
			2249	862
			2250	862
			2251	863
			2252	863
			2253	863
			2254	863
			2255	863
			2256	863
			2257	864
			2258	864
			2259	864
			2260	864
			2261	864
			2262	865
			2263	865
			2264	865
			2265	865
			2266	865
			2267	865
			2268	866
			2269	866
			2270	866
			2271	866
			2272	866
			2273	867
			2274	867
			2275	867
			2276	867
			2277	867
			2278	867
			2279	868
			2280	868
			2281	868
			2282	868
			2283	868
			2284	868
			2285	869
			2286	869
			2287	869
			2288	869
			2289	869
			2290	869
			2291	869
			2292	870
			2293	870
			2294	870
			2295	870
			2296	870
			2297	870
			2298	870
			2299	871
			2300	871
			2301	871
			2302	871
			2303	871
			2304	871
			2305	872
			2306	872
			2307	872
			2308	872
			2309	872
		</Dorsal_adipose>
		<Adipose_caudal type=matrix rownames=FALSE colnames=FALSE nrow=223 ncol=2 as.numeric=TRUE >
			2309	872
			2310	872
			2311	872
			2312	872
			2313	872
			2314	872
			2315	872
			2316	872
			2317	872
			2318	872
			2319	872
			2320	872
			2321	872
			2322	872
			2323	872
			2324	873
			2325	873
			2326	873
			2327	873
			2328	873
			2329	874
			2330	874
			2331	875
			2332	875
			2333	876
			2334	876
			2335	876
			2336	877
			2336	878
			2337	878
			2338	879
			2339	879
			2339	880
			2340	881
			2341	881
			2341	882
			2342	883
			2343	884
			2343	885
			2344	885
			2344	886
			2345	886
			2346	887
			2347	887
			2348	887
			2349	888
			2350	888
			2351	888
			2352	888
			2353	889
			2354	889
			2355	889
			2356	890
			2357	890
			2358	890
			2359	891
			2360	891
			2361	891
			2362	892
			2363	892
			2364	892
			2365	892
			2365	893
			2366	893
			2367	893
			2368	893
			2369	894
			2370	894
			2371	894
			2372	894
			2372	895
			2373	895
			2374	895
			2375	895
			2375	896
			2376	896
			2377	896
			2378	896
			2379	897
			2380	897
			2381	897
			2382	898
			2383	898
			2384	898
			2385	899
			2386	899
			2387	899
			2388	899
			2389	900
			2390	900
			2391	900
			2392	900
			2392	901
			2393	901
			2394	901
			2395	901
			2396	902
			2397	902
			2398	902
			2399	903
			2400	903
			2401	903
			2402	903
			2403	904
			2404	904
			2405	904
			2406	905
			2407	905
			2408	905
			2409	905
			2410	906
			2411	906
			2412	906
			2413	907
			2414	907
			2415	907
			2416	907
			2417	908
			2418	908
			2419	908
			2420	909
			2421	909
			2422	909
			2423	909
			2424	910
			2425	910
			2426	910
			2427	910
			2428	911
			2429	911
			2430	911
			2431	912
			2432	912
			2433	912
			2434	912
			2435	913
			2436	913
			2437	913
			2438	913
			2439	914
			2440	914
			2441	914
			2442	914
			2443	915
			2444	915
			2445	915
			2446	915
			2447	916
			2448	916
			2449	916
			2450	917
			2451	917
			2452	917
			2453	917
			2454	917
			2454	918
			2455	918
			2456	918
			2457	918
			2458	918
			2459	919
			2460	919
			2461	919
			2462	919
			2463	920
			2464	920
			2465	920
			2466	920
			2467	920
			2468	921
			2469	921
			2470	921
			2471	921
			2472	922
			2473	922
			2474	922
			2475	922
			2476	922
			2477	922
			2478	923
			2479	923
			2480	923
			2481	923
			2482	923
			2483	923
			2484	924
			2485	924
			2486	924
			2487	924
			2488	924
			2489	924
			2490	924
			2491	924
			2492	924
			2493	924
			2494	925
			2495	925
			2496	925
			2497	925
			2498	925
			2499	925
			2500	925
			2501	926
			2502	926
			2503	926
			2504	926
			2505	926
			2505	927
			2506	927
			2507	927
			2508	928
			2509	928
			2510	928
			2511	929
			2512	929
			2513	930
			2514	930
			2515	931
			2516	932
			2517	932
			2518	933
			2519	934
			2520	935
		</Adipose_caudal>
		<Caudal_anal type=matrix rownames=FALSE colnames=FALSE nrow=357 ncol=2 as.numeric=TRUE >
			2491	1061
			2490	1061
			2489	1061
			2488	1061
			2487	1062
			2486	1062
			2485	1062
			2484	1062
			2483	1062
			2482	1062
			2481	1062
			2480	1062
			2479	1062
			2478	1062
			2477	1062
			2476	1062
			2475	1062
			2474	1061
			2473	1061
			2472	1061
			2471	1061
			2470	1061
			2469	1061
			2468	1061
			2467	1060
			2466	1060
			2465	1060
			2464	1060
			2463	1059
			2462	1059
			2461	1059
			2460	1059
			2459	1058
			2458	1058
			2457	1058
			2456	1057
			2455	1057
			2454	1057
			2453	1056
			2452	1056
			2451	1055
			2450	1055
			2449	1055
			2448	1055
			2447	1055
			2447	1054
			2446	1054
			2445	1054
			2444	1054
			2443	1053
			2442	1053
			2441	1053
			2440	1053
			2439	1053
			2439	1052
			2438	1052
			2437	1052
			2436	1052
			2435	1052
			2434	1051
			2433	1051
			2432	1051
			2431	1051
			2430	1050
			2429	1050
			2428	1050
			2427	1050
			2426	1050
			2425	1049
			2424	1049
			2423	1049
			2422	1049
			2421	1049
			2420	1048
			2419	1048
			2418	1048
			2417	1048
			2416	1048
			2415	1047
			2414	1047
			2413	1047
			2412	1047
			2411	1047
			2410	1046
			2409	1046
			2408	1046
			2407	1046
			2406	1046
			2405	1046
			2404	1045
			2403	1045
			2402	1045
			2401	1045
			2400	1045
			2399	1045
			2398	1045
			2397	1044
			2396	1044
			2395	1044
			2394	1044
			2393	1044
			2392	1044
			2391	1043
			2390	1043
			2389	1043
			2388	1043
			2387	1043
			2386	1043
			2385	1043
			2384	1043
			2383	1042
			2382	1042
			2381	1042
			2380	1042
			2379	1042
			2378	1042
			2377	1042
			2376	1042
			2375	1042
			2374	1042
			2373	1041
			2372	1041
			2371	1041
			2370	1041
			2369	1041
			2368	1041
			2367	1041
			2366	1041
			2365	1041
			2364	1041
			2363	1041
			2362	1041
			2361	1041
			2360	1040
			2359	1040
			2358	1040
			2357	1040
			2356	1040
			2355	1040
			2354	1040
			2353	1040
			2352	1040
			2351	1040
			2350	1040
			2349	1040
			2348	1040
			2347	1040
			2346	1040
			2345	1040
			2344	1040
			2343	1040
			2342	1040
			2341	1040
			2340	1040
			2339	1040
			2338	1040
			2337	1040
			2336	1040
			2335	1040
			2334	1040
			2333	1040
			2332	1040
			2331	1040
			2330	1040
			2329	1040
			2328	1040
			2327	1040
			2326	1040
			2325	1040
			2324	1040
			2323	1040
			2322	1041
			2321	1041
			2320	1041
			2319	1041
			2318	1041
			2317	1041
			2316	1042
			2315	1042
			2314	1042
			2313	1042
			2312	1042
			2311	1042
			2310	1043
			2309	1043
			2308	1043
			2307	1043
			2306	1043
			2305	1043
			2304	1043
			2303	1044
			2302	1044
			2301	1044
			2300	1044
			2299	1044
			2298	1044
			2297	1044
			2296	1044
			2295	1044
			2294	1045
			2293	1045
			2292	1045
			2291	1045
			2290	1045
			2289	1045
			2288	1045
			2287	1045
			2286	1045
			2285	1045
			2284	1046
			2283	1046
			2282	1046
			2281	1046
			2280	1046
			2279	1046
			2278	1046
			2277	1046
			2276	1046
			2275	1046
			2274	1046
			2273	1046
			2272	1046
			2271	1047
			2270	1047
			2269	1047
			2268	1047
			2267	1047
			2266	1047
			2265	1047
			2264	1047
			2263	1047
			2262	1047
			2261	1047
			2260	1047
			2259	1047
			2258	1047
			2257	1047
			2256	1047
			2255	1047
			2255	1048
			2254	1048
			2253	1048
			2252	1048
			2251	1048
			2250	1048
			2249	1048
			2248	1048
			2247	1048
			2246	1048
			2245	1048
			2244	1048
			2243	1048
			2242	1048
			2241	1048
			2240	1048
			2239	1048
			2238	1048
			2237	1048
			2236	1048
			2235	1048
			2234	1048
			2233	1048
			2232	1048
			2231	1049
			2230	1049
			2229	1049
			2228	1049
			2227	1049
			2226	1049
			2225	1049
			2224	1049
			2223	1049
			2222	1049
			2221	1049
			2220	1049
			2219	1049
			2218	1049
			2217	1049
			2216	1049
			2215	1049
			2214	1049
			2213	1049
			2212	1049
			2211	1049
			2210	1049
			2209	1049
			2208	1049
			2207	1049
			2206	1049
			2205	1049
			2204	1049
			2203	1049
			2202	1049
			2201	1049
			2200	1049
			2199	1049
			2198	1049
			2197	1049
			2196	1049
			2195	1049
			2194	1049
			2193	1049
			2192	1049
			2191	1049
			2190	1049
			2189	1049
			2188	1049
			2187	1049
			2186	1049
			2185	1049
			2184	1049
			2183	1049
			2182	1049
			2181	1049
			2180	1049
			2179	1049
			2178	1049
			2177	1049
			2176	1049
			2175	1049
			2174	1049
			2173	1049
			2172	1049
			2171	1049
			2170	1049
			2169	1049
			2168	1049
			2167	1049
			2166	1049
			2165	1049
			2164	1049
			2163	1049
			2162	1049
			2161	1049
			2160	1049
			2159	1049
			2158	1049
			2157	1049
			2156	1049
			2155	1049
			2154	1049
			2153	1049
			2152	1049
			2151	1049
			2150	1049
			2149	1049
			2148	1049
			2147	1049
			2146	1049
			2145	1049
			2144	1049
			2143	1049
			2142	1049
			2141	1049
			2140	1049
			2139	1049
			2138	1049
		</Caudal_anal>
	</curves.pixel>
	<curves.scaled type=list>
		<Snout_dorsal type=matrix rownames=FALSE colnames=FALSE nrow=605 ncol=2 as.numeric=TRUE >
			33.1877647854205	-20.2537750831796
			33.1877647854205	-20.2300864573513
			33.1877647854205	-20.206397831523
			33.2114534112488	-20.1827092056947
			33.2114534112488	-20.1590205798664
			33.2114534112488	-20.1353319540382
			33.2114534112488	-20.1116433282099
			33.2114534112488	-20.0879547023816
			33.2351420370771	-20.0642660765533
			33.2351420370771	-20.040577450725
			33.2351420370771	-20.0168888248968
			33.2351420370771	-19.9932001990685
			33.2588306629054	-19.9695115732402
			33.2588306629054	-19.9458229474119
			33.2588306629054	-19.9221343215836
			33.2588306629054	-19.8984456957554
			33.2825192887337	-19.8747570699271
			33.2825192887337	-19.8510684440988
			33.2825192887337	-19.8273798182705
			33.2825192887337	-19.8036911924422
			33.3062079145619	-19.780002566614
			33.3062079145619	-19.7563139407857
			33.3062079145619	-19.7326253149574
			33.3298965403902	-19.7089366891291
			33.3298965403902	-19.6852480633008
			33.3298965403902	-19.6615594374726
			33.3298965403902	-19.6378708116443
			33.3535851662185	-19.614182185816
			33.3535851662185	-19.5904935599877
			33.3772737920468	-19.5668049341594
			33.3772737920468	-19.5431163083312
			33.3772737920468	-19.5194276825029
			33.4009624178751	-19.4957390566746
			33.4009624178751	-19.4720504308463
			33.4009624178751	-19.448361805018
			33.4246510437033	-19.4246731791897
			33.4246510437033	-19.4009845533615
			33.4246510437033	-19.3772959275332
			33.4483396695316	-19.3536073017049
			33.4483396695316	-19.3299186758766
			33.4720282953599	-19.3062300500483
			33.4720282953599	-19.2825414242201
			33.4720282953599	-19.2588527983918
			33.4957169211882	-19.2351641725635
			33.4957169211882	-19.2114755467352
			33.5194055470165	-19.1877869209069
			33.5194055470165	-19.1640982950787
			33.5430941728447	-19.1404096692504
			33.5430941728447	-19.1167210434221
			33.566782798673	-19.0930324175938
			33.566782798673	-19.0693437917655
			33.566782798673	-19.0456551659373
			33.5904714245013	-19.0456551659373
			33.5904714245013	-19.021966540109
			33.5904714245013	-18.9982779142807
			33.6141600503296	-18.9982779142807
			33.6141600503296	-18.9745892884524
			33.6378486761579	-18.9509006626241
			33.6378486761579	-18.9272120367959
			33.6615373019861	-18.9035234109676
			33.6615373019861	-18.8798347851393
			33.6852259278144	-18.856146159311
			33.6852259278144	-18.8324575334827
			33.7089145536427	-18.8087689076545
			33.7089145536427	-18.7850802818262
			33.732603179471	-18.7613916559979
			33.7562918052993	-18.7377030301696
			33.7562918052993	-18.7140144043413
			33.7799804311275	-18.6903257785131
			33.7799804311275	-18.6666371526848
			33.8036690569558	-18.6666371526848
			33.8036690569558	-18.6429485268565
			33.8273576827841	-18.6192599010282
			33.8273576827841	-18.5955712751999
			33.8510463086124	-18.5955712751999
			33.8510463086124	-18.5718826493717
			33.8747349344407	-18.5481940235434
			33.8984235602689	-18.5245053977151
			33.8984235602689	-18.5008167718868
			33.9221121860972	-18.5008167718868
			33.9221121860972	-18.4771281460585
			33.9458008119255	-18.4534395202303
			33.9458008119255	-18.429750894402
			33.9694894377538	-18.429750894402
			33.9694894377538	-18.4060622685737
			33.9931780635821	-18.3823736427454
			34.0168666894103	-18.3586850169171
			34.0405553152386	-18.3349963910889
			34.0642439410669	-18.3113077652606
			34.0879325668952	-18.2876191394323
			34.0879325668952	-18.263930513604
			34.1116211927235	-18.2402418877757
			34.1353098185517	-18.2165532619475
			34.15899844438	-18.1928646361192
			34.15899844438	-18.1691760102909
			34.1826870702083	-18.1691760102909
			34.2063756960366	-18.1454873844626
			34.2300643218649	-18.1217987586343
			34.2537529476931	-18.0981101328061
			34.2537529476931	-18.0744215069778
			34.2774415735214	-18.0744215069778
			34.3011301993497	-18.0507328811495
			34.324818825178	-18.0270442553212
			34.3485074510063	-18.0033556294929
			34.3485074510063	-17.9796670036647
			34.3721960768345	-17.9796670036647
			34.3958847026628	-17.9559783778364
			34.4195733284911	-17.9322897520081
			34.4432619543194	-17.9086011261798
			34.4669505801477	-17.9086011261798
			34.4669505801477	-17.8849125003515
			34.4906392059759	-17.8612238745233
			34.5143278318042	-17.837535248695
			34.5380164576325	-17.837535248695
			34.5617050834608	-17.8138466228667
			34.5853937092891	-17.7901579970384
			34.6090823351173	-17.7901579970384
			34.6327709609456	-17.7664693712101
			34.6564595867739	-17.7427807453819
			34.6564595867739	-17.7190921195536
			34.6801482126022	-17.7190921195536
			34.7038368384305	-17.6954034937253
			34.7275254642587	-17.671714867897
			34.751214090087	-17.671714867897
			34.7749027159153	-17.6480262420687
			34.7985913417436	-17.6243376162405
			34.8222799675719	-17.6243376162405
			34.8459685934001	-17.6006489904122
			34.8696572192284	-17.5769603645839
			34.8933458450567	-17.5769603645839
			34.917034470885	-17.5532717387556
			34.9407230967133	-17.5532717387556
			34.9644117225415	-17.5295831129273
			34.9881003483698	-17.5058944870991
			35.0117889741981	-17.5058944870991
			35.0354776000264	-17.4822058612708
			35.0591662258547	-17.4822058612708
			35.082854851683	-17.4585172354425
			35.1065434775112	-17.4348286096142
			35.1302321033395	-17.4348286096142
			35.1539207291678	-17.4111399837859
			35.1776093549961	-17.4111399837859
			35.2012979808244	-17.3874513579577
			35.2249866066526	-17.3874513579577
			35.2486752324809	-17.3637627321294
			35.2723638583092	-17.3400741063011
			35.2960524841375	-17.3400741063011
			35.3197411099658	-17.3400741063011
			35.3197411099658	-17.3163854804728
			35.343429735794	-17.3163854804728
			35.3671183616223	-17.3163854804728
			35.3671183616223	-17.2926968546445
			35.3908069874506	-17.2926968546445
			35.4144956132789	-17.2926968546445
			35.4381842391072	-17.2690082288163
			35.4618728649354	-17.2690082288163
			35.4855614907637	-17.245319602988
			35.509250116592	-17.245319602988
			35.5329387424203	-17.245319602988
			35.5566273682486	-17.2216309771597
			35.5803159940768	-17.2216309771597
			35.6040046199051	-17.1979423513314
			35.6276932457334	-17.1979423513314
			35.6513818715617	-17.1742537255031
			35.67507049739	-17.1742537255031
			35.6987591232182	-17.1505650996748
			35.7224477490465	-17.1505650996748
			35.7461363748748	-17.1505650996748
			35.7698250007031	-17.1268764738466
			35.7935136265314	-17.1268764738466
			35.8172022523596	-17.1268764738466
			35.8408908781879	-17.1031878480183
			35.8645795040162	-17.1031878480183
			35.8882681298445	-17.1031878480183
			35.9119567556728	-17.07949922219
			35.935645381501	-17.07949922219
			35.9593340073293	-17.07949922219
			35.9830226331576	-17.07949922219
			35.9830226331576	-17.0558105963617
			36.0067112589859	-17.0558105963617
			36.0303998848142	-17.0558105963617
			36.0540885106424	-17.0558105963617
			36.0540885106424	-17.0321219705334
			36.0777771364707	-17.0321219705334
			36.101465762299	-17.0321219705334
			36.1251543881273	-17.0321219705334
			36.1488430139556	-17.0084333447052
			36.1725316397838	-17.0084333447052
			36.1962202656121	-17.0084333447052
			36.2199088914404	-16.9847447188769
			36.2435975172687	-16.9847447188769
			36.267286143097	-16.9847447188769
			36.2909747689252	-16.9847447188769
			36.3146633947535	-16.9610560930486
			36.3383520205818	-16.9610560930486
			36.3620406464101	-16.9610560930486
			36.3857292722384	-16.9610560930486
			36.4094178980666	-16.9373674672203
			36.4331065238949	-16.9373674672203
			36.4567951497232	-16.9373674672203
			36.4804837755515	-16.9373674672203
			36.5041724013798	-16.913678841392
			36.527861027208	-16.913678841392
			36.5515496530363	-16.913678841392
			36.5752382788646	-16.913678841392
			36.5989269046929	-16.8899902155638
			36.6226155305212	-16.8899902155638
			36.6463041563494	-16.8899902155638
			36.6699927821777	-16.8899902155638
			36.693681408006	-16.8899902155638
			36.7173700338343	-16.8663015897355
			36.7410586596626	-16.8663015897355
			36.7647472854908	-16.8663015897355
			36.7884359113191	-16.8663015897355
			36.8121245371474	-16.8663015897355
			36.8358131629757	-16.8426129639072
			36.859501788804	-16.8426129639072
			36.8831904146322	-16.8426129639072
			36.9068790404605	-16.8426129639072
			36.9305676662888	-16.8426129639072
			36.9542562921171	-16.8426129639072
			36.9779449179454	-16.8426129639072
			37.0016335437736	-16.8189243380789
			37.0253221696019	-16.8189243380789
			37.0490107954302	-16.8189243380789
			37.0726994212585	-16.8189243380789
			37.0963880470868	-16.8189243380789
			37.120076672915	-16.8189243380789
			37.1437652987433	-16.8189243380789
			37.1674539245716	-16.7952357122506
			37.1911425503999	-16.7952357122506
			37.2148311762282	-16.7952357122506
			37.2385198020564	-16.7952357122506
			37.2622084278847	-16.7952357122506
			37.285897053713	-16.7952357122506
			37.3095856795413	-16.7952357122506
			37.3332743053696	-16.7952357122506
			37.3569629311978	-16.7715470864224
			37.3806515570261	-16.7715470864224
			37.4043401828544	-16.7715470864224
			37.4280288086827	-16.7715470864224
			37.451717434511	-16.7715470864224
			37.4754060603392	-16.7715470864224
			37.4990946861675	-16.7715470864224
			37.5227833119958	-16.7715470864224
			37.5464719378241	-16.7715470864224
			37.5701605636524	-16.7715470864224
			37.5938491894807	-16.7478584605941
			37.6175378153089	-16.7478584605941
			37.6412264411372	-16.7478584605941
			37.6649150669655	-16.7478584605941
			37.6886036927938	-16.7478584605941
			37.712292318622	-16.7478584605941
			37.7359809444503	-16.7478584605941
			37.7596695702786	-16.7478584605941
			37.7833581961069	-16.7478584605941
			37.8070468219352	-16.7478584605941
			37.8307354477635	-16.7478584605941
			37.8544240735917	-16.7478584605941
			37.87811269942	-16.7478584605941
			37.9018013252483	-16.7478584605941
			37.9254899510766	-16.7478584605941
			37.9491785769048	-16.7241698347658
			37.9728672027331	-16.7241698347658
			37.9965558285614	-16.7241698347658
			38.0202444543897	-16.7241698347658
			38.043933080218	-16.7241698347658
			38.0676217060463	-16.7241698347658
			38.0913103318745	-16.7241698347658
			38.1149989577028	-16.7241698347658
			38.1386875835311	-16.7241698347658
			38.1623762093594	-16.7241698347658
			38.1860648351877	-16.7241698347658
			38.2097534610159	-16.7241698347658
			38.2334420868442	-16.7241698347658
			38.2571307126725	-16.7241698347658
			38.2808193385008	-16.7241698347658
			38.3045079643291	-16.7241698347658
			38.3281965901573	-16.7241698347658
			38.3518852159856	-16.7241698347658
			38.3755738418139	-16.7241698347658
			38.3992624676422	-16.7241698347658
			38.4229510934705	-16.7241698347658
			38.4466397192987	-16.7241698347658
			38.470328345127	-16.7241698347658
			38.4940169709553	-16.7241698347658
			38.5177055967836	-16.7241698347658
			38.5413942226119	-16.7241698347658
			38.5650828484401	-16.7241698347658
			38.5887714742684	-16.7241698347658
			38.6124601000967	-16.7241698347658
			38.636148725925	-16.7478584605941
			38.6598373517533	-16.7478584605941
			38.6835259775815	-16.7478584605941
			38.7072146034098	-16.7478584605941
			38.7309032292381	-16.7478584605941
			38.7545918550664	-16.7478584605941
			38.7782804808947	-16.7478584605941
			38.8019691067229	-16.7478584605941
			38.8256577325512	-16.7478584605941
			38.8493463583795	-16.7478584605941
			38.8730349842078	-16.7478584605941
			38.8967236100361	-16.7478584605941
			38.9204122358643	-16.7478584605941
			38.9441008616926	-16.7478584605941
			38.9677894875209	-16.7715470864224
			38.9914781133492	-16.7715470864224
			39.0151667391775	-16.7715470864224
			39.0388553650057	-16.7715470864224
			39.062543990834	-16.7715470864224
			39.0862326166623	-16.7715470864224
			39.1099212424906	-16.7715470864224
			39.1336098683189	-16.7715470864224
			39.1572984941471	-16.7715470864224
			39.1809871199754	-16.7715470864224
			39.2046757458037	-16.7715470864224
			39.228364371632	-16.7715470864224
			39.2520529974603	-16.7952357122506
			39.2757416232885	-16.7952357122506
			39.2994302491168	-16.7952357122506
			39.3231188749451	-16.7952357122506
			39.3468075007734	-16.7952357122506
			39.3704961266017	-16.7952357122506
			39.3941847524299	-16.7952357122506
			39.4178733782582	-16.7952357122506
			39.4415620040865	-16.7952357122506
			39.4652506299148	-16.7952357122506
			39.4889392557431	-16.7952357122506
			39.5126278815713	-16.8189243380789
			39.5363165073996	-16.8189243380789
			39.5600051332279	-16.8189243380789
			39.5836937590562	-16.8189243380789
			39.6073823848845	-16.8189243380789
			39.6310710107127	-16.8189243380789
			39.654759636541	-16.8189243380789
			39.6784482623693	-16.8189243380789
			39.7021368881976	-16.8189243380789
			39.7258255140259	-16.8189243380789
			39.7495141398541	-16.8189243380789
			39.7732027656824	-16.8189243380789
			39.7968913915107	-16.8426129639072
			39.820580017339	-16.8426129639072
			39.8442686431673	-16.8426129639072
			39.8679572689955	-16.8426129639072
			39.8916458948238	-16.8426129639072
			39.9153345206521	-16.8426129639072
			39.9390231464804	-16.8426129639072
			39.9627117723087	-16.8426129639072
			39.9864003981369	-16.8426129639072
			40.0100890239652	-16.8426129639072
			40.0337776497935	-16.8426129639072
			40.0574662756218	-16.8663015897355
			40.0811549014501	-16.8663015897355
			40.1048435272783	-16.8663015897355
			40.1285321531066	-16.8663015897355
			40.1522207789349	-16.8663015897355
			40.1759094047632	-16.8663015897355
			40.1995980305915	-16.8663015897355
			40.2232866564198	-16.8663015897355
			40.246975282248	-16.8663015897355
			40.2706639080763	-16.8663015897355
			40.2943525339046	-16.8663015897355
			40.3180411597329	-16.8899902155638
			40.3417297855611	-16.8899902155638
			40.3654184113894	-16.8899902155638
			40.3891070372177	-16.8899902155638
			40.412795663046	-16.8899902155638
			40.4364842888743	-16.8899902155638
			40.4601729147026	-16.8899902155638
			40.4838615405308	-16.8899902155638
			40.5075501663591	-16.8899902155638
			40.5312387921874	-16.8899902155638
			40.5549274180157	-16.913678841392
			40.578616043844	-16.913678841392
			40.6023046696722	-16.913678841392
			40.6259932955005	-16.913678841392
			40.6496819213288	-16.913678841392
			40.6733705471571	-16.913678841392
			40.6970591729854	-16.913678841392
			40.7207477988136	-16.913678841392
			40.7444364246419	-16.913678841392
			40.7681250504702	-16.9373674672203
			40.7918136762985	-16.9373674672203
			40.8155023021268	-16.9373674672203
			40.839190927955	-16.9373674672203
			40.8628795537833	-16.9373674672203
			40.8865681796116	-16.9373674672203
			40.9102568054399	-16.9373674672203
			40.9339454312682	-16.9373674672203
			40.9576340570964	-16.9373674672203
			40.9813226829247	-16.9373674672203
			41.005011308753	-16.9610560930486
			41.0286999345813	-16.9610560930486
			41.0523885604096	-16.9610560930486
			41.0760771862378	-16.9610560930486
			41.0997658120661	-16.9610560930486
			41.1234544378944	-16.9610560930486
			41.1471430637227	-16.9610560930486
			41.170831689551	-16.9610560930486
			41.1945203153792	-16.9610560930486
			41.2182089412075	-16.9610560930486
			41.2418975670358	-16.9847447188769
			41.2655861928641	-16.9847447188769
			41.2892748186924	-16.9847447188769
			41.3129634445206	-16.9847447188769
			41.3366520703489	-16.9847447188769
			41.3603406961772	-16.9847447188769
			41.3840293220055	-16.9847447188769
			41.4077179478338	-16.9847447188769
			41.431406573662	-16.9847447188769
			41.431406573662	-17.0084333447052
			41.4550951994903	-17.0084333447052
			41.4787838253186	-17.0084333447052
			41.5024724511469	-17.0084333447052
			41.5261610769752	-17.0084333447052
			41.5498497028034	-17.0084333447052
			41.5735383286317	-17.0084333447052
			41.59722695446	-17.0084333447052
			41.6209155802883	-17.0084333447052
			41.6446042061166	-17.0321219705334
			41.6682928319448	-17.0321219705334
			41.6919814577731	-17.0321219705334
			41.7156700836014	-17.0321219705334
			41.7393587094297	-17.0321219705334
			41.763047335258	-17.0321219705334
			41.7867359610862	-17.0321219705334
			41.8104245869145	-17.0321219705334
			41.8341132127428	-17.0321219705334
			41.8578018385711	-17.0558105963617
			41.8814904643994	-17.0558105963617
			41.9051790902276	-17.0558105963617
			41.9288677160559	-17.0558105963617
			41.9525563418842	-17.0558105963617
			41.9762449677125	-17.0558105963617
			41.9999335935408	-17.0558105963617
			42.023622219369	-17.0558105963617
			42.0473108451973	-17.07949922219
			42.0709994710256	-17.07949922219
			42.0946880968539	-17.07949922219
			42.1183767226822	-17.07949922219
			42.1420653485104	-17.07949922219
			42.1657539743387	-17.07949922219
			42.189442600167	-17.07949922219
			42.2131312259953	-17.07949922219
			42.2368198518236	-17.1031878480183
			42.2605084776518	-17.1031878480183
			42.2841971034801	-17.1031878480183
			42.3078857293084	-17.1031878480183
			42.3315743551367	-17.1031878480183
			42.355262980965	-17.1031878480183
			42.3789516067932	-17.1031878480183
			42.4026402326215	-17.1031878480183
			42.4263288584498	-17.1268764738466
			42.4500174842781	-17.1268764738466
			42.4737061101064	-17.1268764738466
			42.4973947359346	-17.1268764738466
			42.5210833617629	-17.1268764738466
			42.5447719875912	-17.1268764738466
			42.5684606134195	-17.1268764738466
			42.5921492392478	-17.1268764738466
			42.615837865076	-17.1505650996748
			42.6395264909043	-17.1505650996748
			42.6632151167326	-17.1505650996748
			42.6869037425609	-17.1505650996748
			42.7105923683892	-17.1505650996748
			42.7342809942174	-17.1505650996748
			42.7579696200457	-17.1505650996748
			42.781658245874	-17.1505650996748
			42.8053468717023	-17.1742537255031
			42.8290354975306	-17.1742537255031
			42.8527241233588	-17.1742537255031
			42.8764127491871	-17.1742537255031
			42.9001013750154	-17.1742537255031
			42.9237900008437	-17.1742537255031
			42.947478626672	-17.1742537255031
			42.9711672525003	-17.1742537255031
			42.9948558783285	-17.1979423513314
			43.0185445041568	-17.1979423513314
			43.0422331299851	-17.1979423513314
			43.0659217558134	-17.1979423513314
			43.0896103816416	-17.1979423513314
			43.1132990074699	-17.1979423513314
			43.1369876332982	-17.1979423513314
			43.1606762591265	-17.2216309771597
			43.1843648849548	-17.2216309771597
			43.2080535107831	-17.2216309771597
			43.2317421366113	-17.2216309771597
			43.2554307624396	-17.2216309771597
			43.2791193882679	-17.2216309771597
			43.3028080140962	-17.2216309771597
			43.3264966399244	-17.2216309771597
			43.3501852657527	-17.245319602988
			43.373873891581	-17.245319602988
			43.3975625174093	-17.245319602988
			43.4212511432376	-17.245319602988
			43.4449397690659	-17.245319602988
			43.4686283948941	-17.245319602988
			43.4923170207224	-17.245319602988
			43.5160056465507	-17.2690082288163
			43.539694272379	-17.2690082288163
			43.5633828982073	-17.2690082288163
			43.5870715240355	-17.2690082288163
			43.6107601498638	-17.2690082288163
			43.6344487756921	-17.2690082288163
			43.6581374015204	-17.2690082288163
			43.6818260273487	-17.2926968546445
			43.7055146531769	-17.2926968546445
			43.7292032790052	-17.2926968546445
			43.7528919048335	-17.2926968546445
			43.7765805306618	-17.2926968546445
			43.8002691564901	-17.2926968546445
			43.8239577823183	-17.2926968546445
			43.8476464081466	-17.3163854804728
			43.8713350339749	-17.3163854804728
			43.8950236598032	-17.3163854804728
			43.9187122856315	-17.3163854804728
			43.9424009114597	-17.3163854804728
			43.966089537288	-17.3163854804728
			43.9897781631163	-17.3163854804728
			44.0134667889446	-17.3400741063011
			44.0371554147729	-17.3400741063011
			44.0608440406011	-17.3400741063011
			44.0845326664294	-17.3400741063011
			44.1082212922577	-17.3400741063011
			44.131909918086	-17.3400741063011
			44.1555985439143	-17.3400741063011
			44.1792871697425	-17.3637627321294
			44.2029757955708	-17.3637627321294
			44.2266644213991	-17.3637627321294
			44.2503530472274	-17.3637627321294
			44.2740416730557	-17.3637627321294
			44.2977302988839	-17.3637627321294
			44.3214189247122	-17.3874513579577
			44.3451075505405	-17.3874513579577
			44.3687961763688	-17.3874513579577
			44.3924848021971	-17.3874513579577
			44.4161734280253	-17.3874513579577
			44.4398620538536	-17.3874513579577
			44.4635506796819	-17.3874513579577
			44.4872393055102	-17.4111399837859
			44.5109279313385	-17.4111399837859
			44.5346165571667	-17.4111399837859
			44.558305182995	-17.4111399837859
			44.5819938088233	-17.4111399837859
			44.6056824346516	-17.4111399837859
			44.6293710604799	-17.4348286096142
			44.6530596863081	-17.4348286096142
			44.6767483121364	-17.4348286096142
			44.7004369379647	-17.4348286096142
			44.724125563793	-17.4348286096142
			44.7478141896213	-17.4348286096142
			44.7715028154495	-17.4348286096142
			44.7951914412778	-17.4585172354425
			44.8188800671061	-17.4585172354425
			44.8425686929344	-17.4585172354425
			44.8662573187627	-17.4585172354425
			44.8899459445909	-17.4585172354425
			44.9136345704192	-17.4585172354425
			44.9373231962475	-17.4585172354425
			44.9610118220758	-17.4822058612708
			44.9847004479041	-17.4822058612708
			45.0083890737323	-17.4822058612708
			45.0320776995606	-17.4822058612708
			45.0557663253889	-17.4822058612708
			45.0794549512172	-17.4822058612708
			45.1031435770455	-17.5058944870991
			45.1268322028737	-17.5058944870991
			45.150520828702	-17.5058944870991
			45.1742094545303	-17.5058944870991
			45.1978980803586	-17.5058944870991
			45.2215867061869	-17.5058944870991
			45.2452753320151	-17.5295831129273
			45.2689639578434	-17.5295831129273
			45.2926525836717	-17.5295831129273
			45.3163412095	-17.5295831129273
			45.3400298353283	-17.5295831129273
			45.3637184611566	-17.5295831129273
			45.3874070869848	-17.5532717387556
			45.4110957128131	-17.5532717387556
			45.4347843386414	-17.5532717387556
			45.4584729644697	-17.5532717387556
			45.4821615902979	-17.5532717387556
			45.5058502161262	-17.5532717387556
			45.5295388419545	-17.5532717387556
			45.5532274677828	-17.5769603645839
			45.5769160936111	-17.5769603645839
			45.6006047194394	-17.5769603645839
			45.6242933452676	-17.5769603645839
			45.6479819710959	-17.5769603645839
			45.6716705969242	-17.6006489904122
			45.6953592227525	-17.6006489904122
			45.7190478485808	-17.6006489904122
			45.742736474409	-17.6006489904122
			45.7664251002373	-17.6006489904122
			45.7901137260656	-17.6006489904122
			45.8138023518939	-17.6006489904122
			45.8374909777222	-17.6243376162405
			45.8611796035504	-17.6243376162405
			45.8848682293787	-17.6243376162405
			45.908556855207	-17.6243376162405
			45.9322454810353	-17.6243376162405
			45.9559341068636	-17.6480262420687
			45.9796227326918	-17.6480262420687
			46.0033113585201	-17.6480262420687
			46.0269999843484	-17.6480262420687
		</Snout_dorsal>
		<Dorsal_adipose type=matrix rownames=FALSE colnames=FALSE nrow=379 ncol=2 as.numeric=TRUE >
			46.0269999843484	-17.6480262420687
			46.0506886101767	-17.6480262420687
			46.074377236005	-17.671714867897
			46.0980658618332	-17.671714867897
			46.1217544876615	-17.671714867897
			46.1454431134898	-17.671714867897
			46.1691317393181	-17.6954034937253
			46.1928203651464	-17.6954034937253
			46.2165089909746	-17.6954034937253
			46.2401976168029	-17.6954034937253
			46.2638862426312	-17.7190921195536
			46.2875748684595	-17.7190921195536
			46.3112634942878	-17.7190921195536
			46.334952120116	-17.7427807453819
			46.3586407459443	-17.7427807453819
			46.3823293717726	-17.7427807453819
			46.4060179976009	-17.7664693712101
			46.4297066234292	-17.7664693712101
			46.4533952492574	-17.7664693712101
			46.4770838750857	-17.7664693712101
			46.500772500914	-17.7901579970384
			46.5244611267423	-17.7901579970384
			46.5481497525706	-17.7901579970384
			46.5718383783988	-17.8138466228667
			46.5955270042271	-17.8138466228667
			46.6192156300554	-17.8138466228667
			46.6429042558837	-17.837535248695
			46.666592881712	-17.837535248695
			46.6902815075402	-17.837535248695
			46.7139701333685	-17.8612238745233
			46.7376587591968	-17.8612238745233
			46.7613473850251	-17.8612238745233
			46.7850360108534	-17.8849125003515
			46.8087246366816	-17.8849125003515
			46.8324132625099	-17.8849125003515
			46.8561018883382	-17.9086011261798
			46.8797905141665	-17.9086011261798
			46.9034791399948	-17.9086011261798
			46.927167765823	-17.9322897520081
			46.9508563916513	-17.9322897520081
			46.9745450174796	-17.9559783778364
			46.9982336433079	-17.9559783778364
			47.0219222691362	-17.9559783778364
			47.0456108949644	-17.9796670036647
			47.0692995207927	-17.9796670036647
			47.092988146621	-17.9796670036647
			47.1166767724493	-17.9796670036647
			47.1166767724493	-18.0033556294929
			47.1403653982776	-18.0033556294929
			47.1640540241058	-18.0033556294929
			47.1877426499341	-18.0270442553212
			47.2114312757624	-18.0270442553212
			47.2351199015907	-18.0270442553212
			47.258808527419	-18.0507328811495
			47.2824971532472	-18.0507328811495
			47.3061857790755	-18.0507328811495
			47.3061857790755	-18.0744215069778
			47.3298744049038	-18.0744215069778
			47.3535630307321	-18.0744215069778
			47.3772516565604	-18.0744215069778
			47.4009402823886	-18.0981101328061
			47.4246289082169	-18.0981101328061
			47.4483175340452	-18.1217987586343
			47.4720061598735	-18.1217987586343
			47.4956947857018	-18.1217987586343
			47.51938341153	-18.1454873844626
			47.5430720373583	-18.1454873844626
			47.5667606631866	-18.1454873844626
			47.5904492890149	-18.1691760102909
			47.6141379148432	-18.1691760102909
			47.6378265406714	-18.1928646361192
			47.6615151664997	-18.1928646361192
			47.685203792328	-18.2165532619475
			47.7088924181563	-18.2165532619475
			47.7325810439846	-18.2165532619475
			47.7562696698128	-18.2402418877757
			47.7799582956411	-18.2402418877757
			47.8036469214694	-18.2402418877757
			47.8273355472977	-18.263930513604
			47.851024173126	-18.263930513604
			47.8747127989542	-18.2876191394323
			47.8984014247825	-18.2876191394323
			47.9220900506108	-18.2876191394323
			47.9457786764391	-18.3113077652606
			47.9694673022674	-18.3113077652606
			47.9931559280956	-18.3349963910889
			48.0168445539239	-18.3349963910889
			48.0405331797522	-18.3586850169171
			48.0642218055805	-18.3586850169171
			48.0879104314088	-18.3586850169171
			48.1115990572371	-18.3823736427454
			48.1352876830653	-18.3823736427454
			48.1589763088936	-18.4060622685737
			48.1826649347219	-18.4060622685737
			48.2063535605502	-18.4060622685737
			48.2300421863784	-18.429750894402
			48.2537308122067	-18.429750894402
			48.277419438035	-18.4534395202303
			48.3011080638633	-18.4534395202303
			48.3247966896916	-18.4771281460585
			48.3484853155199	-18.4771281460585
			48.3721739413481	-18.4771281460585
			48.3958625671764	-18.5008167718868
			48.4195511930047	-18.5008167718868
			48.443239818833	-18.5245053977151
			48.4669284446612	-18.5245053977151
			48.4906170704895	-18.5481940235434
			48.5143056963178	-18.5481940235434
			48.5379943221461	-18.5481940235434
			48.5616829479744	-18.5718826493717
			48.5853715738027	-18.5718826493717
			48.6090601996309	-18.5955712751999
			48.6327488254592	-18.5955712751999
			48.6564374512875	-18.6192599010282
			48.6801260771158	-18.6192599010282
			48.7038147029441	-18.6429485268565
			48.7275033287723	-18.6429485268565
			48.7511919546006	-18.6666371526848
			48.7748805804289	-18.6666371526848
			48.7985692062572	-18.6903257785131
			48.8222578320855	-18.6903257785131
			48.8459464579137	-18.6903257785131
			48.869635083742	-18.7140144043413
			48.8933237095703	-18.7140144043413
			48.9170123353986	-18.7377030301696
			48.9407009612269	-18.7377030301696
			48.9643895870551	-18.7377030301696
			48.9880782128834	-18.7613916559979
			49.0117668387117	-18.7850802818262
			49.03545546454	-18.7850802818262
			49.0591440903683	-18.7850802818262
			49.0828327161965	-18.8087689076545
			49.1065213420248	-18.8087689076545
			49.1302099678531	-18.8324575334827
			49.1538985936814	-18.8324575334827
			49.1775872195097	-18.8324575334827
			49.1775872195097	-18.856146159311
			49.2012758453379	-18.856146159311
			49.2249644711662	-18.8798347851393
			49.2486530969945	-18.8798347851393
			49.2723417228228	-18.9035234109676
			49.2960303486511	-18.9035234109676
			49.3197189744793	-18.9272120367959
			49.3434076003076	-18.9272120367959
			49.3670962261359	-18.9272120367959
			49.3907848519642	-18.9509006626241
			49.4144734777925	-18.9509006626241
			49.4381621036207	-18.9745892884524
			49.461850729449	-18.9982779142807
			49.4855393552773	-18.9982779142807
			49.5092279811056	-18.9982779142807
			49.5092279811056	-19.021966540109
			49.5329166069339	-19.021966540109
			49.5566052327621	-19.021966540109
			49.5566052327621	-19.0456551659373
			49.5802938585904	-19.0456551659373
			49.6039824844187	-19.0456551659373
			49.6039824844187	-19.0693437917655
			49.627671110247	-19.0693437917655
			49.6513597360753	-19.0693437917655
			49.6513597360753	-19.0930324175938
			49.6750483619035	-19.0930324175938
			49.6987369877318	-19.0930324175938
			49.6987369877318	-19.1167210434221
			49.7224256135601	-19.1167210434221
			49.7461142393884	-19.1167210434221
			49.7461142393884	-19.1404096692504
			49.7698028652167	-19.1404096692504
			49.7934914910449	-19.1404096692504
			49.7934914910449	-19.1640982950787
			49.8171801168732	-19.1640982950787
			49.8408687427015	-19.1640982950787
			49.8645573685298	-19.1877869209069
			49.8882459943581	-19.1877869209069
			49.9119346201863	-19.2114755467352
			49.9356232460146	-19.2114755467352
			49.9593118718429	-19.2351641725635
			49.9830004976712	-19.2351641725635
			49.9830004976712	-19.2588527983918
			50.0066891234995	-19.2588527983918
			50.0303777493277	-19.2588527983918
			50.054066375156	-19.2825414242201
			50.0777550009843	-19.2825414242201
			50.1014436268126	-19.3062300500483
			50.1251322526409	-19.3062300500483
			50.1488208784691	-19.3299186758766
			50.1725095042974	-19.3299186758766
			50.1961981301257	-19.3536073017049
			50.219886755954	-19.3772959275332
			50.2435753817823	-19.3772959275332
			50.2672640076105	-19.4009845533615
			50.2909526334388	-19.4009845533615
			50.3146412592671	-19.4246731791897
			50.3383298850954	-19.4246731791897
			50.3620185109237	-19.448361805018
			50.3857071367519	-19.448361805018
			50.4093957625802	-19.4720504308463
			50.4330843884085	-19.4720504308463
			50.4567730142368	-19.4957390566746
			50.4804616400651	-19.4957390566746
			50.5041502658934	-19.5194276825029
			50.5278388917216	-19.5194276825029
			50.5515275175499	-19.5431163083312
			50.5752161433782	-19.5431163083312
			50.5989047692065	-19.5668049341594
			50.6225933950347	-19.5668049341594
			50.646282020863	-19.5904935599877
			50.6699706466913	-19.5904935599877
			50.6936592725196	-19.614182185816
			50.7173478983479	-19.6378708116443
			50.7410365241762	-19.6378708116443
			50.7647251500044	-19.6615594374726
			50.7884137758327	-19.6615594374726
			50.812102401661	-19.6852480633008
			50.8357910274893	-19.6852480633008
			50.8594796533175	-19.7089366891291
			50.8831682791458	-19.7089366891291
			50.9068569049741	-19.7326253149574
			50.9305455308024	-19.7563139407857
			50.9542341566307	-19.7563139407857
			50.977922782459	-19.780002566614
			51.0016114082872	-19.780002566614
			51.0253000341155	-19.8036911924422
			51.0489886599438	-19.8036911924422
			51.0726772857721	-19.8273798182705
			51.0963659116004	-19.8273798182705
			51.1200545374286	-19.8510684440988
			51.1437431632569	-19.8510684440988
			51.1674317890852	-19.8747570699271
			51.1911204149135	-19.8747570699271
			51.1911204149135	-19.8984456957554
			51.2148090407418	-19.8984456957554
			51.23849766657	-19.8984456957554
			51.2621862923983	-19.9221343215836
			51.2858749182266	-19.9221343215836
			51.3095635440549	-19.9458229474119
			51.3332521698832	-19.9458229474119
			51.3569407957114	-19.9458229474119
			51.3806294215397	-19.9458229474119
			51.404318047368	-19.9695115732402
			51.4280066731963	-19.9695115732402
			51.4516952990246	-19.9695115732402
			51.4753839248528	-19.9932001990685
			51.4990725506811	-19.9932001990685
			51.5227611765094	-19.9932001990685
			51.5464498023377	-20.0168888248968
			51.570138428166	-20.0168888248968
			51.5938270539942	-20.0168888248968
			51.6175156798225	-20.040577450725
			51.6412043056508	-20.040577450725
			51.6648929314791	-20.040577450725
			51.6885815573074	-20.040577450725
			51.7122701831356	-20.0642660765533
			51.7359588089639	-20.0642660765533
			51.7596474347922	-20.0642660765533
			51.7833360606205	-20.0879547023816
			51.8070246864488	-20.0879547023816
			51.830713312277	-20.0879547023816
			51.8544019381053	-20.0879547023816
			51.8780905639336	-20.1116433282099
			51.9017791897619	-20.1116433282099
			51.9254678155902	-20.1116433282099
			51.9491564414184	-20.1116433282099
			51.9728450672467	-20.1353319540382
			51.996533693075	-20.1353319540382
			52.0202223189033	-20.1353319540382
			52.0439109447316	-20.1353319540382
			52.0675995705598	-20.1590205798664
			52.0912881963881	-20.1590205798664
			52.1149768222164	-20.1590205798664
			52.1386654480447	-20.1827092056947
			52.162354073873	-20.1827092056947
			52.1860426997012	-20.1827092056947
			52.2097313255295	-20.1827092056947
			52.2334199513578	-20.206397831523
			52.2571085771861	-20.206397831523
			52.2807972030144	-20.206397831523
			52.3044858288426	-20.206397831523
			52.3281744546709	-20.2300864573513
			52.3518630804992	-20.2300864573513
			52.3755517063275	-20.2300864573513
			52.3992403321558	-20.2300864573513
			52.422928957984	-20.2300864573513
			52.4466175838123	-20.2537750831796
			52.4703062096406	-20.2537750831796
			52.4939948354689	-20.2537750831796
			52.5176834612972	-20.2537750831796
			52.5413720871254	-20.2774637090078
			52.5650607129537	-20.2774637090078
			52.588749338782	-20.2774637090078
			52.6124379646103	-20.2774637090078
			52.6361265904386	-20.3011523348361
			52.6598152162668	-20.3011523348361
			52.6835038420951	-20.3011523348361
			52.7071924679234	-20.3011523348361
			52.7308810937517	-20.3011523348361
			52.75456971958	-20.3248409606644
			52.7782583454082	-20.3248409606644
			52.8019469712365	-20.3248409606644
			52.8256355970648	-20.3248409606644
			52.8493242228931	-20.3485295864927
			52.8730128487214	-20.3485295864927
			52.8967014745496	-20.3485295864927
			52.9203901003779	-20.3485295864927
			52.9440787262062	-20.3485295864927
			52.9677673520345	-20.372218212321
			52.9914559778628	-20.372218212321
			53.015144603691	-20.372218212321
			53.0388332295193	-20.372218212321
			53.0625218553476	-20.372218212321
			53.0862104811759	-20.3959068381492
			53.1098991070042	-20.3959068381492
			53.1335877328324	-20.3959068381492
			53.1572763586607	-20.3959068381492
			53.180964984489	-20.3959068381492
			53.2046536103173	-20.4195954639775
			53.2283422361456	-20.4195954639775
			53.2520308619739	-20.4195954639775
			53.2757194878021	-20.4195954639775
			53.2994081136304	-20.4195954639775
			53.3230967394587	-20.4432840898058
			53.346785365287	-20.4432840898058
			53.3704739911152	-20.4432840898058
			53.3941626169435	-20.4432840898058
			53.4178512427718	-20.4432840898058
			53.4415398686001	-20.4432840898058
			53.4652284944284	-20.4669727156341
			53.4889171202567	-20.4669727156341
			53.5126057460849	-20.4669727156341
			53.5362943719132	-20.4669727156341
			53.5599829977415	-20.4669727156341
			53.5836716235698	-20.4906613414624
			53.607360249398	-20.4906613414624
			53.6310488752263	-20.4906613414624
			53.6547375010546	-20.4906613414624
			53.6784261268829	-20.4906613414624
			53.7021147527112	-20.4906613414624
			53.7258033785395	-20.5143499672906
			53.7494920043677	-20.5143499672906
			53.773180630196	-20.5143499672906
			53.7968692560243	-20.5143499672906
			53.8205578818526	-20.5143499672906
			53.8442465076809	-20.5380385931189
			53.8679351335091	-20.5380385931189
			53.8916237593374	-20.5380385931189
			53.9153123851657	-20.5380385931189
			53.939001010994	-20.5380385931189
			53.9626896368223	-20.5380385931189
			53.9863782626505	-20.5617272189472
			54.0100668884788	-20.5617272189472
			54.0337555143071	-20.5617272189472
			54.0574441401354	-20.5617272189472
			54.0811327659637	-20.5617272189472
			54.1048213917919	-20.5617272189472
			54.1285100176202	-20.5854158447755
			54.1521986434485	-20.5854158447755
			54.1758872692768	-20.5854158447755
			54.1995758951051	-20.5854158447755
			54.2232645209333	-20.5854158447755
			54.2469531467616	-20.5854158447755
			54.2706417725899	-20.5854158447755
			54.2943303984182	-20.6091044706038
			54.3180190242465	-20.6091044706038
			54.3417076500747	-20.6091044706038
			54.365396275903	-20.6091044706038
			54.3890849017313	-20.6091044706038
			54.4127735275596	-20.6091044706038
			54.4364621533879	-20.6091044706038
			54.4601507792161	-20.632793096432
			54.4838394050444	-20.632793096432
			54.5075280308727	-20.632793096432
			54.531216656701	-20.632793096432
			54.5549052825293	-20.632793096432
			54.5785939083575	-20.632793096432
			54.6022825341858	-20.6564817222603
			54.6259711600141	-20.6564817222603
			54.6496597858424	-20.6564817222603
			54.6733484116707	-20.6564817222603
			54.6970370374989	-20.6564817222603
		</Dorsal_adipose>
		<Adipose_caudal type=matrix rownames=FALSE colnames=FALSE nrow=223 ncol=2 as.numeric=TRUE >
			54.6970370374989	-20.6564817222603
			54.7207256633272	-20.6564817222603
			54.7444142891555	-20.6564817222603
			54.7681029149838	-20.6564817222603
			54.7917915408121	-20.6564817222603
			54.8154801666403	-20.6564817222603
			54.8391687924686	-20.6564817222603
			54.8628574182969	-20.6564817222603
			54.8865460441252	-20.6564817222603
			54.9102346699535	-20.6564817222603
			54.9339232957817	-20.6564817222603
			54.95761192161	-20.6564817222603
			54.9813005474383	-20.6564817222603
			55.0049891732666	-20.6564817222603
			55.0286777990949	-20.6564817222603
			55.0523664249231	-20.6801703480886
			55.0760550507514	-20.6801703480886
			55.0997436765797	-20.6801703480886
			55.123432302408	-20.6801703480886
			55.1471209282363	-20.6801703480886
			55.1708095540645	-20.7038589739169
			55.1944981798928	-20.7038589739169
			55.2181868057211	-20.7275475997452
			55.2418754315494	-20.7275475997452
			55.2655640573777	-20.7512362255734
			55.2892526832059	-20.7512362255734
			55.3129413090342	-20.7512362255734
			55.3366299348625	-20.7749248514017
			55.3366299348625	-20.79861347723
			55.3603185606908	-20.79861347723
			55.3840071865191	-20.8223021030583
			55.4076958123473	-20.8223021030583
			55.4076958123473	-20.8459907288866
			55.4313844381756	-20.8696793547148
			55.4550730640039	-20.8696793547148
			55.4550730640039	-20.8933679805431
			55.4787616898322	-20.9170566063714
			55.5024503156605	-20.9407452321997
			55.5024503156605	-20.964433858028
			55.5261389414887	-20.964433858028
			55.5261389414887	-20.9881224838562
			55.549827567317	-20.9881224838562
			55.5735161931453	-21.0118111096845
			55.5972048189736	-21.0118111096845
			55.6208934448019	-21.0118111096845
			55.6445820706302	-21.0354997355128
			55.6682706964584	-21.0354997355128
			55.6919593222867	-21.0354997355128
			55.715647948115	-21.0354997355128
			55.7393365739433	-21.0591883613411
			55.7630251997715	-21.0591883613411
			55.7867138255998	-21.0591883613411
			55.8104024514281	-21.0828769871694
			55.8340910772564	-21.0828769871694
			55.8577797030847	-21.0828769871694
			55.881468328913	-21.1065656129976
			55.9051569547412	-21.1065656129976
			55.9288455805695	-21.1065656129976
			55.9525342063978	-21.1302542388259
			55.9762228322261	-21.1302542388259
			55.9999114580543	-21.1302542388259
			56.0236000838826	-21.1302542388259
			56.0236000838826	-21.1539428646542
			56.0472887097109	-21.1539428646542
			56.0709773355392	-21.1539428646542
			56.0946659613675	-21.1539428646542
			56.1183545871958	-21.1776314904825
			56.142043213024	-21.1776314904825
			56.1657318388523	-21.1776314904825
			56.1894204646806	-21.1776314904825
			56.1894204646806	-21.2013201163108
			56.2131090905089	-21.2013201163108
			56.2367977163372	-21.2013201163108
			56.2604863421654	-21.2013201163108
			56.2604863421654	-21.225008742139
			56.2841749679937	-21.225008742139
			56.307863593822	-21.225008742139
			56.3315522196503	-21.225008742139
			56.3552408454786	-21.2486973679673
			56.3789294713068	-21.2486973679673
			56.4026180971351	-21.2486973679673
			56.4263067229634	-21.2723859937956
			56.4499953487917	-21.2723859937956
			56.47368397462	-21.2723859937956
			56.4973726004482	-21.2960746196239
			56.5210612262765	-21.2960746196239
			56.5447498521048	-21.2960746196239
			56.5684384779331	-21.2960746196239
			56.5921271037614	-21.3197632454522
			56.6158157295896	-21.3197632454522
			56.6395043554179	-21.3197632454522
			56.6631929812462	-21.3197632454522
			56.6631929812462	-21.3434518712804
			56.6868816070745	-21.3434518712804
			56.7105702329028	-21.3434518712804
			56.734258858731	-21.3434518712804
			56.7579474845593	-21.3671404971087
			56.7816361103876	-21.3671404971087
			56.8053247362159	-21.3671404971087
			56.8290133620442	-21.390829122937
			56.8527019878724	-21.390829122937
			56.8763906137007	-21.390829122937
			56.900079239529	-21.390829122937
			56.9237678653573	-21.4145177487653
			56.9474564911856	-21.4145177487653
			56.9711451170138	-21.4145177487653
			56.9948337428421	-21.4382063745936
			57.0185223686704	-21.4382063745936
			57.0422109944987	-21.4382063745936
			57.065899620327	-21.4382063745936
			57.0895882461552	-21.4618950004218
			57.1132768719835	-21.4618950004218
			57.1369654978118	-21.4618950004218
			57.1606541236401	-21.4855836262501
			57.1843427494684	-21.4855836262501
			57.2080313752966	-21.4855836262501
			57.2317200011249	-21.4855836262501
			57.2554086269532	-21.5092722520784
			57.2790972527815	-21.5092722520784
			57.3027858786098	-21.5092722520784
			57.326474504438	-21.5329608779067
			57.3501631302663	-21.5329608779067
			57.3738517560946	-21.5329608779067
			57.3975403819229	-21.5329608779067
			57.4212290077512	-21.556649503735
			57.4449176335794	-21.556649503735
			57.4686062594077	-21.556649503735
			57.492294885236	-21.556649503735
			57.5159835110643	-21.5803381295632
			57.5396721368926	-21.5803381295632
			57.5633607627208	-21.5803381295632
			57.5870493885491	-21.6040267553915
			57.6107380143774	-21.6040267553915
			57.6344266402057	-21.6040267553915
			57.658115266034	-21.6040267553915
			57.6818038918622	-21.6277153812198
			57.7054925176905	-21.6277153812198
			57.7291811435188	-21.6277153812198
			57.7528697693471	-21.6277153812198
			57.7765583951754	-21.6514040070481
			57.8002470210036	-21.6514040070481
			57.8239356468319	-21.6514040070481
			57.8476242726602	-21.6514040070481
			57.8713128984885	-21.6750926328764
			57.8950015243168	-21.6750926328764
			57.918690150145	-21.6750926328764
			57.9423787759733	-21.6750926328764
			57.9660674018016	-21.6987812587046
			57.9897560276299	-21.6987812587046
			58.0134446534582	-21.6987812587046
			58.0371332792864	-21.7224698845329
			58.0608219051147	-21.7224698845329
			58.084510530943	-21.7224698845329
			58.1081991567713	-21.7224698845329
			58.1318877825996	-21.7224698845329
			58.1318877825996	-21.7461585103612
			58.1555764084278	-21.7461585103612
			58.1792650342561	-21.7461585103612
			58.2029536600844	-21.7461585103612
			58.2266422859127	-21.7461585103612
			58.250330911741	-21.7698471361895
			58.2740195375692	-21.7698471361895
			58.2977081633975	-21.7698471361895
			58.3213967892258	-21.7698471361895
			58.3450854150541	-21.7935357620178
			58.3687740408824	-21.7935357620178
			58.3924626667106	-21.7935357620178
			58.4161512925389	-21.7935357620178
			58.4398399183672	-21.7935357620178
			58.4635285441955	-21.817224387846
			58.4872171700238	-21.817224387846
			58.510905795852	-21.817224387846
			58.5345944216803	-21.817224387846
			58.5582830475086	-21.8409130136743
			58.5819716733369	-21.8409130136743
			58.6056602991652	-21.8409130136743
			58.6293489249935	-21.8409130136743
			58.6530375508217	-21.8409130136743
			58.67672617665	-21.8409130136743
			58.7004148024783	-21.8646016395026
			58.7241034283066	-21.8646016395026
			58.7477920541348	-21.8646016395026
			58.7714806799631	-21.8646016395026
			58.7951693057914	-21.8646016395026
			58.8188579316197	-21.8646016395026
			58.842546557448	-21.8882902653309
			58.8662351832763	-21.8882902653309
			58.8899238091045	-21.8882902653309
			58.9136124349328	-21.8882902653309
			58.9373010607611	-21.8882902653309
			58.9609896865894	-21.8882902653309
			58.9846783124176	-21.8882902653309
			59.0083669382459	-21.8882902653309
			59.0320555640742	-21.8882902653309
			59.0557441899025	-21.8882902653309
			59.0794328157308	-21.9119788911592
			59.1031214415591	-21.9119788911592
			59.1268100673873	-21.9119788911592
			59.1504986932156	-21.9119788911592
			59.1741873190439	-21.9119788911592
			59.1978759448722	-21.9119788911592
			59.2215645707005	-21.9119788911592
			59.2452531965287	-21.9356675169874
			59.268941822357	-21.9356675169874
			59.2926304481853	-21.9356675169874
			59.3163190740136	-21.9356675169874
			59.3400076998419	-21.9356675169874
			59.3400076998419	-21.9593561428157
			59.3636963256701	-21.9593561428157
			59.3873849514984	-21.9593561428157
			59.4110735773267	-21.983044768644
			59.434762203155	-21.983044768644
			59.4584508289833	-21.983044768644
			59.4821394548115	-22.0067333944723
			59.5058280806398	-22.0067333944723
			59.5295167064681	-22.0304220203006
			59.5532053322964	-22.0304220203006
			59.5768939581247	-22.0541106461288
			59.6005825839529	-22.0777992719571
			59.6242712097812	-22.0777992719571
			59.6479598356095	-22.1014878977854
			59.6716484614378	-22.1251765236137
			59.6953370872661	-22.148865149442
		</Adipose_caudal>
		<Caudal_anal type=matrix rownames=FALSE colnames=FALSE nrow=357 ncol=2 as.numeric=TRUE >
			59.0083669382459	-25.1336320038053
			58.9846783124176	-25.1336320038053
			58.9609896865894	-25.1336320038053
			58.9373010607611	-25.1336320038053
			58.9136124349328	-25.1573206296336
			58.8899238091045	-25.1573206296336
			58.8662351832763	-25.1573206296336
			58.842546557448	-25.1573206296336
			58.8188579316197	-25.1573206296336
			58.7951693057914	-25.1573206296336
			58.7714806799631	-25.1573206296336
			58.7477920541348	-25.1573206296336
			58.7241034283066	-25.1573206296336
			58.7004148024783	-25.1573206296336
			58.67672617665	-25.1573206296336
			58.6530375508217	-25.1573206296336
			58.6293489249935	-25.1573206296336
			58.6056602991652	-25.1336320038053
			58.5819716733369	-25.1336320038053
			58.5582830475086	-25.1336320038053
			58.5345944216803	-25.1336320038053
			58.510905795852	-25.1336320038053
			58.4872171700238	-25.1336320038053
			58.4635285441955	-25.1336320038053
			58.4398399183672	-25.109943377977
			58.4161512925389	-25.109943377977
			58.3924626667106	-25.109943377977
			58.3687740408824	-25.109943377977
			58.3450854150541	-25.0862547521487
			58.3213967892258	-25.0862547521487
			58.2977081633975	-25.0862547521487
			58.2740195375692	-25.0862547521487
			58.250330911741	-25.0625661263204
			58.2266422859127	-25.0625661263204
			58.2029536600844	-25.0625661263204
			58.1792650342561	-25.0388775004922
			58.1555764084278	-25.0388775004922
			58.1318877825996	-25.0388775004922
			58.1081991567713	-25.0151888746639
			58.084510530943	-25.0151888746639
			58.0608219051147	-24.9915002488356
			58.0371332792864	-24.9915002488356
			58.0134446534582	-24.9915002488356
			57.9897560276299	-24.9915002488356
			57.9660674018016	-24.9915002488356
			57.9660674018016	-24.9678116230073
			57.9423787759733	-24.9678116230073
			57.918690150145	-24.9678116230073
			57.8950015243168	-24.9678116230073
			57.8713128984885	-24.944122997179
			57.8476242726602	-24.944122997179
			57.8239356468319	-24.944122997179
			57.8002470210036	-24.944122997179
			57.7765583951754	-24.944122997179
			57.7765583951754	-24.9204343713508
			57.7528697693471	-24.9204343713508
			57.7291811435188	-24.9204343713508
			57.7054925176905	-24.9204343713508
			57.6818038918622	-24.9204343713508
			57.658115266034	-24.8967457455225
			57.6344266402057	-24.8967457455225
			57.6107380143774	-24.8967457455225
			57.5870493885491	-24.8967457455225
			57.5633607627208	-24.8730571196942
			57.5396721368926	-24.8730571196942
			57.5159835110643	-24.8730571196942
			57.492294885236	-24.8730571196942
			57.4686062594077	-24.8730571196942
			57.4449176335794	-24.8493684938659
			57.4212290077512	-24.8493684938659
			57.3975403819229	-24.8493684938659
			57.3738517560946	-24.8493684938659
			57.3501631302663	-24.8493684938659
			57.326474504438	-24.8256798680376
			57.3027858786098	-24.8256798680376
			57.2790972527815	-24.8256798680376
			57.2554086269532	-24.8256798680376
			57.2317200011249	-24.8256798680376
			57.2080313752966	-24.8019912422094
			57.1843427494684	-24.8019912422094
			57.1606541236401	-24.8019912422094
			57.1369654978118	-24.8019912422094
			57.1132768719835	-24.8019912422094
			57.0895882461552	-24.7783026163811
			57.065899620327	-24.7783026163811
			57.0422109944987	-24.7783026163811
			57.0185223686704	-24.7783026163811
			56.9948337428421	-24.7783026163811
			56.9711451170138	-24.7783026163811
			56.9474564911856	-24.7546139905528
			56.9237678653573	-24.7546139905528
			56.900079239529	-24.7546139905528
			56.8763906137007	-24.7546139905528
			56.8527019878724	-24.7546139905528
			56.8290133620442	-24.7546139905528
			56.8053247362159	-24.7546139905528
			56.7816361103876	-24.7309253647245
			56.7579474845593	-24.7309253647245
			56.734258858731	-24.7309253647245
			56.7105702329028	-24.7309253647245
			56.6868816070745	-24.7309253647245
			56.6631929812462	-24.7309253647245
			56.6395043554179	-24.7072367388962
			56.6158157295896	-24.7072367388962
			56.5921271037614	-24.7072367388962
			56.5684384779331	-24.7072367388962
			56.5447498521048	-24.7072367388962
			56.5210612262765	-24.7072367388962
			56.4973726004482	-24.7072367388962
			56.47368397462	-24.7072367388962
			56.4499953487917	-24.6835481130679
			56.4263067229634	-24.6835481130679
			56.4026180971351	-24.6835481130679
			56.3789294713068	-24.6835481130679
			56.3552408454786	-24.6835481130679
			56.3315522196503	-24.6835481130679
			56.307863593822	-24.6835481130679
			56.2841749679937	-24.6835481130679
			56.2604863421654	-24.6835481130679
			56.2367977163372	-24.6835481130679
			56.2131090905089	-24.6598594872397
			56.1894204646806	-24.6598594872397
			56.1657318388523	-24.6598594872397
			56.142043213024	-24.6598594872397
			56.1183545871958	-24.6598594872397
			56.0946659613675	-24.6598594872397
			56.0709773355392	-24.6598594872397
			56.0472887097109	-24.6598594872397
			56.0236000838826	-24.6598594872397
			55.9999114580543	-24.6598594872397
			55.9762228322261	-24.6598594872397
			55.9525342063978	-24.6598594872397
			55.9288455805695	-24.6598594872397
			55.9051569547412	-24.6361708614114
			55.881468328913	-24.6361708614114
			55.8577797030847	-24.6361708614114
			55.8340910772564	-24.6361708614114
			55.8104024514281	-24.6361708614114
			55.7867138255998	-24.6361708614114
			55.7630251997715	-24.6361708614114
			55.7393365739433	-24.6361708614114
			55.715647948115	-24.6361708614114
			55.6919593222867	-24.6361708614114
			55.6682706964584	-24.6361708614114
			55.6445820706302	-24.6361708614114
			55.6208934448019	-24.6361708614114
			55.5972048189736	-24.6361708614114
			55.5735161931453	-24.6361708614114
			55.549827567317	-24.6361708614114
			55.5261389414887	-24.6361708614114
			55.5024503156605	-24.6361708614114
			55.4787616898322	-24.6361708614114
			55.4550730640039	-24.6361708614114
			55.4313844381756	-24.6361708614114
			55.4076958123473	-24.6361708614114
			55.3840071865191	-24.6361708614114
			55.3603185606908	-24.6361708614114
			55.3366299348625	-24.6361708614114
			55.3129413090342	-24.6361708614114
			55.2892526832059	-24.6361708614114
			55.2655640573777	-24.6361708614114
			55.2418754315494	-24.6361708614114
			55.2181868057211	-24.6361708614114
			55.1944981798928	-24.6361708614114
			55.1708095540645	-24.6361708614114
			55.1471209282363	-24.6361708614114
			55.123432302408	-24.6361708614114
			55.0997436765797	-24.6361708614114
			55.0760550507514	-24.6361708614114
			55.0523664249231	-24.6361708614114
			55.0286777990949	-24.6361708614114
			55.0049891732666	-24.6598594872397
			54.9813005474383	-24.6598594872397
			54.95761192161	-24.6598594872397
			54.9339232957817	-24.6598594872397
			54.9102346699535	-24.6598594872397
			54.8865460441252	-24.6598594872397
			54.8628574182969	-24.6835481130679
			54.8391687924686	-24.6835481130679
			54.8154801666403	-24.6835481130679
			54.7917915408121	-24.6835481130679
			54.7681029149838	-24.6835481130679
			54.7444142891555	-24.6835481130679
			54.7207256633272	-24.7072367388962
			54.6970370374989	-24.7072367388962
			54.6733484116707	-24.7072367388962
			54.6496597858424	-24.7072367388962
			54.6259711600141	-24.7072367388962
			54.6022825341858	-24.7072367388962
			54.5785939083575	-24.7072367388962
			54.5549052825293	-24.7309253647245
			54.531216656701	-24.7309253647245
			54.5075280308727	-24.7309253647245
			54.4838394050444	-24.7309253647245
			54.4601507792161	-24.7309253647245
			54.4364621533879	-24.7309253647245
			54.4127735275596	-24.7309253647245
			54.3890849017313	-24.7309253647245
			54.365396275903	-24.7309253647245
			54.3417076500747	-24.7546139905528
			54.3180190242465	-24.7546139905528
			54.2943303984182	-24.7546139905528
			54.2706417725899	-24.7546139905528
			54.2469531467616	-24.7546139905528
			54.2232645209333	-24.7546139905528
			54.1995758951051	-24.7546139905528
			54.1758872692768	-24.7546139905528
			54.1521986434485	-24.7546139905528
			54.1285100176202	-24.7546139905528
			54.1048213917919	-24.7783026163811
			54.0811327659637	-24.7783026163811
			54.0574441401354	-24.7783026163811
			54.0337555143071	-24.7783026163811
			54.0100668884788	-24.7783026163811
			53.9863782626505	-24.7783026163811
			53.9626896368223	-24.7783026163811
			53.939001010994	-24.7783026163811
			53.9153123851657	-24.7783026163811
			53.8916237593374	-24.7783026163811
			53.8679351335091	-24.7783026163811
			53.8442465076809	-24.7783026163811
			53.8205578818526	-24.7783026163811
			53.7968692560243	-24.8019912422094
			53.773180630196	-24.8019912422094
			53.7494920043677	-24.8019912422094
			53.7258033785395	-24.8019912422094
			53.7021147527112	-24.8019912422094
			53.6784261268829	-24.8019912422094
			53.6547375010546	-24.8019912422094
			53.6310488752263	-24.8019912422094
			53.607360249398	-24.8019912422094
			53.5836716235698	-24.8019912422094
			53.5599829977415	-24.8019912422094
			53.5362943719132	-24.8019912422094
			53.5126057460849	-24.8019912422094
			53.4889171202567	-24.8019912422094
			53.4652284944284	-24.8019912422094
			53.4415398686001	-24.8019912422094
			53.4178512427718	-24.8019912422094
			53.4178512427718	-24.8256798680376
			53.3941626169435	-24.8256798680376
			53.3704739911152	-24.8256798680376
			53.346785365287	-24.8256798680376
			53.3230967394587	-24.8256798680376
			53.2994081136304	-24.8256798680376
			53.2757194878021	-24.8256798680376
			53.2520308619739	-24.8256798680376
			53.2283422361456	-24.8256798680376
			53.2046536103173	-24.8256798680376
			53.180964984489	-24.8256798680376
			53.1572763586607	-24.8256798680376
			53.1335877328324	-24.8256798680376
			53.1098991070042	-24.8256798680376
			53.0862104811759	-24.8256798680376
			53.0625218553476	-24.8256798680376
			53.0388332295193	-24.8256798680376
			53.015144603691	-24.8256798680376
			52.9914559778628	-24.8256798680376
			52.9677673520345	-24.8256798680376
			52.9440787262062	-24.8256798680376
			52.9203901003779	-24.8256798680376
			52.8967014745496	-24.8256798680376
			52.8730128487214	-24.8256798680376
			52.8493242228931	-24.8493684938659
			52.8256355970648	-24.8493684938659
			52.8019469712365	-24.8493684938659
			52.7782583454082	-24.8493684938659
			52.75456971958	-24.8493684938659
			52.7308810937517	-24.8493684938659
			52.7071924679234	-24.8493684938659
			52.6835038420951	-24.8493684938659
			52.6598152162668	-24.8493684938659
			52.6361265904386	-24.8493684938659
			52.6124379646103	-24.8493684938659
			52.588749338782	-24.8493684938659
			52.5650607129537	-24.8493684938659
			52.5413720871254	-24.8493684938659
			52.5176834612972	-24.8493684938659
			52.4939948354689	-24.8493684938659
			52.4703062096406	-24.8493684938659
			52.4466175838123	-24.8493684938659
			52.422928957984	-24.8493684938659
			52.3992403321558	-24.8493684938659
			52.3755517063275	-24.8493684938659
			52.3518630804992	-24.8493684938659
			52.3281744546709	-24.8493684938659
			52.3044858288426	-24.8493684938659
			52.2807972030144	-24.8493684938659
			52.2571085771861	-24.8493684938659
			52.2334199513578	-24.8493684938659
			52.2097313255295	-24.8493684938659
			52.1860426997012	-24.8493684938659
			52.162354073873	-24.8493684938659
			52.1386654480447	-24.8493684938659
			52.1149768222164	-24.8493684938659
			52.0912881963881	-24.8493684938659
			52.0675995705598	-24.8493684938659
			52.0439109447316	-24.8493684938659
			52.0202223189033	-24.8493684938659
			51.996533693075	-24.8493684938659
			51.9728450672467	-24.8493684938659
			51.9491564414184	-24.8493684938659
			51.9254678155902	-24.8493684938659
			51.9017791897619	-24.8493684938659
			51.8780905639336	-24.8493684938659
			51.8544019381053	-24.8493684938659
			51.830713312277	-24.8493684938659
			51.8070246864488	-24.8493684938659
			51.7833360606205	-24.8493684938659
			51.7596474347922	-24.8493684938659
			51.7359588089639	-24.8493684938659
			51.7122701831356	-24.8493684938659
			51.6885815573074	-24.8493684938659
			51.6648929314791	-24.8493684938659
			51.6412043056508	-24.8493684938659
			51.6175156798225	-24.8493684938659
			51.5938270539942	-24.8493684938659
			51.570138428166	-24.8493684938659
			51.5464498023377	-24.8493684938659
			51.5227611765094	-24.8493684938659
			51.4990725506811	-24.8493684938659
			51.4753839248528	-24.8493684938659
			51.4516952990246	-24.8493684938659
			51.4280066731963	-24.8493684938659
			51.404318047368	-24.8493684938659
			51.3806294215397	-24.8493684938659
			51.3569407957114	-24.8493684938659
			51.3332521698832	-24.8493684938659
			51.3095635440549	-24.8493684938659
			51.2858749182266	-24.8493684938659
			51.2621862923983	-24.8493684938659
			51.23849766657	-24.8493684938659
			51.2148090407418	-24.8493684938659
			51.1911204149135	-24.8493684938659
			51.1674317890852	-24.8493684938659
			51.1437431632569	-24.8493684938659
			51.1200545374286	-24.8493684938659
			51.0963659116004	-24.8493684938659
			51.0726772857721	-24.8493684938659
			51.0489886599438	-24.8493684938659
			51.0253000341155	-24.8493684938659
			51.0016114082872	-24.8493684938659
			50.977922782459	-24.8493684938659
			50.9542341566307	-24.8493684938659
			50.9305455308024	-24.8493684938659
			50.9068569049741	-24.8493684938659
			50.8831682791458	-24.8493684938659
			50.8594796533175	-24.8493684938659
			50.8357910274893	-24.8493684938659
			50.812102401661	-24.8493684938659
			50.7884137758327	-24.8493684938659
			50.7647251500044	-24.8493684938659
			50.7410365241762	-24.8493684938659
			50.7173478983479	-24.8493684938659
			50.6936592725196	-24.8493684938659
			50.6699706466913	-24.8493684938659
			50.646282020863	-24.8493684938659
		</Caudal_anal>
	</curves.scaled>
	<ruler.points type=matrix rownames=TRUE colnames=FALSE nrow=3 ncol=2 as.numeric=TRUE >
		Ruler point 1	3211	2269
		Ruler point 2	3422	2265
		Ruler point 3	3633	2258
	</ruler.points>
</shapes>

