<shapes type=list>
	<ruler.pixel type=vector names=FALSE length=1 as.numeric=TRUE >131.507036035409</ruler.pixel>
	<ruler.interval type=vector names=FALSE length=1 as.numeric=TRUE >5</ruler.interval>
	<scaling.units type=vector names=FALSE length=1 as.numeric=FALSE >mm</scaling.units>
	<scaling type=vector names=FALSE length=1 as.numeric=TRUE >0.0380207793494313</scaling>
	<landmarks.pixel type=matrix rownames=TRUE colnames=FALSE nrow=11 ncol=2 as.numeric=TRUE >
		Anterior_eye	485	558
		Posterior_eye	590	558
		Posterior_Maxilla	642	648
		Anterior_Maxilla	465	589
		Dorsal_fin_insertion	896	428
		Adipose_fin_insertion	1135	482
		Dorsal_caudal	1262	514
		Ventral_caudal	1256	640
		Anal_fin_insertion	1021	661
		Pelvic_fin_insertion	857	653
		Pectoral_fin_insertion	745	626
	</landmarks.pixel>
	<landmarks.scaled type=matrix rownames=TRUE colnames=FALSE nrow=11 ncol=2 as.numeric=TRUE >
		Anterior_eye	18.4400779844742	-21.2155948769827
		Posterior_eye	22.4322598161645	-21.2155948769827
		Posterior_Maxilla	24.4093403423349	-24.6374650184315
		Anterior_Maxilla	17.6796623974856	-22.3942390368151
		Dorsal_fin_insertion	34.0666182970905	-16.2728935615566
		Adipose_fin_insertion	43.1535845616046	-18.3260156464259
		Dorsal_caudal	47.9822235389824	-19.5426805856077
		Ventral_caudal	47.7540988628858	-24.3332987836361
		Anal_fin_insertion	38.8192157157694	-25.1317351499741
		Pelvic_fin_insertion	32.5838079024627	-24.8275689151787
		Pectoral_fin_insertion	28.3254806153263	-23.801007872744
	</landmarks.scaled>
	<curves.control type=list>
		<Snout_dorsal type=matrix rownames=FALSE colnames=FALSE nrow=5 ncol=2 as.numeric=TRUE >
			465	589
			440	517
			572	457
			739	424
			896	428
		</Snout_dorsal>
		<Dorsal_adipose type=matrix rownames=FALSE colnames=FALSE nrow=7 ncol=2 as.numeric=TRUE >
			896	428
			951	442
			1008	458
			1023	468
			1083	475
			1111	482
			1135	482
		</Dorsal_adipose>
		<Adipose_caudal type=matrix rownames=FALSE colnames=FALSE nrow=5 ncol=2 as.numeric=TRUE >
			1135	482
			1155	487
			1159	496
			1200	510
			1262	514
		</Adipose_caudal>
		<Caudal_anal type=matrix rownames=FALSE colnames=FALSE nrow=7 ncol=2 as.numeric=TRUE >
			1256	640
			1241	636
			1221	632
			1154	631
			1146	640
			1067	653
			1021	661
		</Caudal_anal>
	</curves.control>
	<curves.pixel type=list>
		<Snout_dorsal type=matrix rownames=FALSE colnames=FALSE nrow=497 ncol=2 as.numeric=TRUE >
			465	589
			465	588
			464	587
			464	586
			464	585
			463	584
			463	583
			463	582
			463	581
			462	580
			462	579
			462	578
			462	577
			462	576
			462	575
			461	574
			461	573
			461	572
			461	571
			461	570
			461	569
			461	568
			461	567
			461	566
			461	565
			461	564
			461	563
			461	562
			461	561
			461	560
			461	559
			462	559
			462	558
			462	557
			462	556
			462	555
			462	554
			462	553
			463	552
			463	551
			463	550
			463	549
			464	548
			464	547
			464	546
			465	546
			465	545
			465	544
			466	543
			466	542
			466	541
			467	540
			467	539
			468	538
			468	537
			468	536
			469	535
			470	534
			471	533
			471	532
			471	531
			472	531
			472	530
			473	529
			473	528
			474	527
			475	526
			475	525
			476	524
			477	523
			478	522
			478	521
			479	520
			480	519
			481	518
			482	517
			482	516
			483	515
			484	515
			485	514
			486	513
			487	512
			487	511
			488	510
			489	509
			490	508
			491	507
			492	506
			493	505
			494	505
			495	504
			496	503
			497	502
			498	501
			499	500
			500	499
			501	499
			502	498
			503	497
			504	496
			505	495
			506	495
			507	494
			508	493
			509	493
			510	492
			510	491
			511	491
			512	490
			513	490
			514	489
			515	488
			516	488
			517	487
			518	486
			519	486
			520	485
			521	484
			522	484
			523	483
			524	483
			525	482
			526	481
			527	481
			528	480
			529	479
			530	479
			531	478
			532	478
			533	477
			534	476
			535	476
			536	475
			537	474
			538	474
			539	473
			540	473
			541	472
			542	472
			543	471
			544	471
			545	470
			546	470
			547	469
			548	469
			549	468
			550	467
			551	467
			552	466
			553	466
			554	466
			555	465
			556	465
			557	464
			558	464
			559	463
			560	463
			560	462
			561	462
			562	462
			563	461
			564	461
			565	460
			566	460
			567	459
			568	459
			569	458
			570	458
			571	457
			572	457
			573	457
			574	457
			575	456
			576	456
			577	456
			578	456
			579	456
			580	455
			581	455
			582	455
			583	455
			584	455
			585	455
			585	454
			586	454
			587	454
			588	454
			589	454
			590	454
			591	453
			592	453
			593	453
			594	453
			595	453
			596	452
			597	452
			598	452
			599	452
			600	452
			601	451
			602	451
			603	451
			604	451
			605	451
			606	451
			607	450
			608	450
			609	450
			610	450
			611	450
			612	450
			613	449
			614	449
			615	449
			616	449
			617	449
			618	449
			619	448
			620	448
			621	448
			622	448
			623	448
			624	448
			625	447
			626	447
			627	447
			628	447
			629	447
			630	447
			631	446
			632	446
			633	446
			634	446
			635	446
			636	446
			637	446
			638	445
			639	445
			640	445
			641	445
			642	445
			643	445
			644	444
			645	444
			646	444
			647	444
			648	444
			649	444
			650	444
			651	443
			652	443
			653	443
			654	443
			655	443
			656	443
			657	442
			658	442
			659	442
			660	442
			661	442
			662	442
			663	442
			664	442
			665	441
			666	441
			667	441
			668	441
			669	441
			670	441
			671	441
			672	440
			673	440
			674	440
			675	440
			676	440
			677	440
			678	440
			679	440
			680	439
			681	439
			682	439
			683	439
			684	439
			685	439
			686	439
			687	439
			688	438
			689	438
			690	438
			691	438
			692	438
			693	438
			694	438
			695	438
			696	437
			697	437
			698	437
			699	437
			700	437
			701	437
			702	437
			703	437
			704	437
			705	436
			706	436
			707	436
			708	436
			709	436
			710	436
			711	436
			712	436
			713	436
			714	435
			715	435
			716	435
			717	435
			718	435
			719	435
			720	435
			721	435
			722	435
			723	434
			724	434
			725	434
			726	434
			727	434
			728	434
			729	434
			730	434
			731	434
			732	434
			733	434
			734	433
			735	433
			736	433
			737	433
			738	433
			739	433
			740	433
			741	433
			742	433
			743	433
			744	433
			745	433
			746	432
			747	432
			748	432
			749	432
			750	432
			751	432
			752	432
			753	432
			754	432
			755	432
			756	432
			757	432
			758	431
			759	431
			760	431
			761	431
			762	431
			763	431
			764	431
			765	431
			766	431
			767	431
			768	431
			769	431
			770	431
			771	431
			772	431
			772	430
			773	430
			774	430
			775	430
			776	430
			777	430
			778	430
			779	430
			780	430
			781	430
			782	430
			783	430
			784	430
			785	430
			786	430
			787	430
			788	430
			789	430
			789	429
			790	429
			791	429
			792	429
			793	429
			794	429
			795	429
			796	429
			797	429
			798	429
			799	429
			800	429
			801	429
			802	429
			803	429
			804	429
			805	429
			806	429
			807	429
			808	429
			809	429
			810	429
			811	429
			812	428
			813	428
			814	428
			815	428
			816	428
			817	428
			818	428
			819	428
			820	428
			821	428
			822	428
			823	428
			824	428
			825	428
			826	428
			827	428
			828	428
			829	428
			830	428
			831	428
			832	428
			833	428
			834	428
			835	428
			836	428
			837	428
			838	428
			839	428
			840	428
			841	428
			842	428
			843	428
			844	428
			845	428
			846	428
			847	428
			848	428
			849	428
			850	428
			851	428
			852	428
			853	428
			854	428
			855	428
			856	428
			857	428
			858	428
			859	428
			860	428
			861	428
			862	428
			863	428
			864	428
			865	428
			866	428
			867	428
			868	428
			869	428
			870	428
			871	428
			872	428
			873	428
			874	428
			875	428
			876	428
			877	428
			878	428
			879	428
			880	428
			881	428
			882	428
			883	428
			884	428
			885	428
			886	428
			887	428
			888	428
			889	428
			890	428
			891	428
			892	428
			893	428
			894	428
			895	428
			896	428
		</Snout_dorsal>
		<Dorsal_adipose type=matrix rownames=FALSE colnames=FALSE nrow=244 ncol=2 as.numeric=TRUE >
			896	428
			897	428
			898	429
			899	429
			900	429
			901	429
			902	430
			903	430
			904	430
			905	430
			906	431
			907	431
			908	431
			909	431
			910	432
			911	432
			912	432
			913	432
			914	433
			915	433
			916	433
			917	433
			918	434
			919	434
			920	434
			921	434
			922	435
			923	435
			924	435
			925	435
			926	436
			927	436
			928	436
			929	436
			930	437
			931	437
			932	437
			933	438
			934	438
			935	438
			936	438
			937	439
			938	439
			939	439
			940	440
			941	440
			942	440
			943	440
			944	441
			945	441
			946	441
			947	441
			948	442
			949	442
			950	442
			951	442
			952	443
			953	443
			954	443
			955	443
			956	444
			957	444
			958	444
			959	445
			960	445
			961	445
			962	445
			963	446
			964	446
			965	446
			966	446
			967	447
			968	447
			969	447
			970	448
			971	448
			972	448
			973	448
			974	449
			975	449
			976	449
			977	449
			978	450
			979	450
			980	450
			981	450
			981	451
			982	451
			983	451
			984	451
			985	452
			986	452
			987	452
			988	452
			989	453
			990	453
			991	453
			992	453
			993	454
			994	454
			995	455
			996	455
			997	455
			998	455
			999	455
			1000	456
			1001	456
			1002	456
			1003	456
			1003	457
			1004	457
			1005	457
			1006	457
			1007	458
			1008	458
			1009	459
			1010	459
			1011	460
			1012	460
			1013	461
			1014	461
			1015	462
			1016	462
			1017	462
			1018	463
			1019	463
			1020	463
			1020	464
			1021	464
			1022	464
			1023	464
			1024	465
			1025	465
			1026	465
			1027	465
			1028	466
			1029	466
			1030	466
			1031	466
			1032	467
			1033	467
			1034	467
			1035	468
			1036	468
			1037	468
			1038	468
			1039	468
			1040	468
			1041	469
			1042	469
			1043	469
			1044	469
			1045	469
			1046	470
			1047	470
			1048	470
			1049	470
			1050	470
			1051	471
			1052	471
			1053	471
			1054	471
			1055	471
			1056	471
			1057	472
			1058	472
			1059	472
			1060	472
			1061	472
			1062	472
			1063	472
			1064	473
			1065	473
			1066	473
			1067	473
			1068	473
			1069	473
			1070	473
			1071	474
			1072	474
			1073	474
			1074	474
			1075	474
			1076	474
			1077	474
			1078	474
			1079	474
			1079	475
			1080	475
			1081	475
			1082	475
			1083	475
			1084	475
			1085	476
			1086	476
			1087	476
			1088	476
			1089	476
			1090	477
			1091	477
			1092	477
			1093	477
			1094	478
			1095	478
			1096	478
			1097	478
			1098	478
			1099	478
			1100	479
			1101	479
			1102	479
			1103	479
			1104	479
			1105	479
			1106	480
			1107	480
			1108	480
			1109	480
			1110	480
			1111	480
			1112	481
			1113	481
			1114	481
			1115	481
			1116	481
			1117	481
			1118	481
			1119	481
			1120	481
			1121	481
			1122	482
			1123	482
			1124	482
			1125	482
			1126	482
			1127	482
			1128	482
			1129	482
			1130	482
			1131	482
			1132	482
			1133	482
			1134	482
			1135	482
		</Dorsal_adipose>
		<Adipose_caudal type=matrix rownames=FALSE colnames=FALSE nrow=129 ncol=2 as.numeric=TRUE >
			1135	482
			1136	482
			1137	482
			1138	483
			1139	483
			1140	483
			1141	484
			1142	484
			1143	484
			1144	485
			1145	485
			1146	486
			1147	486
			1148	486
			1149	487
			1150	488
			1151	488
			1152	489
			1153	489
			1153	490
			1154	490
			1155	491
			1156	492
			1157	493
			1158	494
			1159	495
			1160	496
			1161	497
			1162	497
			1163	497
			1164	498
			1165	498
			1166	498
			1167	499
			1168	499
			1169	499
			1170	500
			1171	500
			1172	500
			1173	500
			1174	501
			1175	501
			1176	501
			1177	501
			1178	502
			1179	502
			1180	502
			1181	502
			1182	503
			1183	503
			1184	503
			1185	503
			1186	504
			1187	504
			1188	504
			1189	504
			1190	505
			1191	505
			1192	505
			1193	505
			1194	505
			1195	506
			1196	506
			1197	506
			1198	506
			1199	506
			1200	507
			1201	507
			1202	507
			1203	507
			1204	507
			1205	507
			1206	508
			1207	508
			1208	508
			1209	508
			1210	508
			1211	508
			1212	509
			1213	509
			1214	509
			1215	509
			1216	509
			1217	509
			1218	510
			1219	510
			1220	510
			1221	510
			1222	510
			1223	510
			1224	510
			1225	510
			1226	511
			1227	511
			1228	511
			1229	511
			1230	511
			1231	511
			1232	511
			1233	511
			1234	512
			1235	512
			1236	512
			1237	512
			1238	512
			1239	512
			1240	512
			1241	512
			1242	512
			1243	512
			1244	513
			1245	513
			1246	513
			1247	513
			1248	513
			1249	513
			1250	513
			1251	513
			1252	513
			1253	513
			1254	513
			1255	513
			1256	514
			1257	514
			1258	514
			1259	514
			1260	514
			1261	514
			1262	514
		</Adipose_caudal>
		<Caudal_anal type=matrix rownames=FALSE colnames=FALSE nrow=238 ncol=2 as.numeric=TRUE >
			1256	640
			1255	640
			1254	640
			1254	639
			1253	639
			1252	639
			1251	639
			1250	638
			1249	638
			1248	638
			1247	638
			1246	637
			1245	637
			1244	637
			1243	637
			1242	636
			1241	636
			1240	636
			1239	636
			1238	636
			1237	635
			1236	635
			1235	635
			1234	635
			1233	634
			1232	634
			1231	634
			1230	634
			1229	634
			1228	633
			1227	633
			1226	633
			1225	633
			1224	633
			1223	632
			1222	632
			1221	632
			1220	632
			1219	632
			1218	632
			1217	632
			1216	632
			1215	632
			1214	632
			1213	632
			1212	632
			1211	632
			1210	632
			1209	632
			1208	632
			1207	632
			1206	632
			1205	632
			1204	632
			1203	632
			1202	632
			1201	632
			1200	632
			1199	632
			1198	632
			1197	632
			1196	632
			1195	632
			1194	632
			1193	632
			1192	632
			1191	632
			1190	632
			1189	632
			1188	632
			1187	632
			1186	632
			1185	632
			1184	632
			1183	632
			1182	633
			1181	633
			1180	633
			1179	633
			1178	633
			1177	633
			1176	633
			1175	633
			1174	633
			1173	633
			1172	633
			1171	633
			1170	633
			1169	633
			1168	634
			1167	634
			1166	634
			1165	634
			1164	634
			1163	634
			1162	634
			1161	635
			1160	635
			1159	635
			1158	635
			1157	635
			1156	636
			1155	636
			1154	636
			1153	636
			1152	637
			1151	637
			1150	637
			1149	638
			1148	638
			1147	639
			1146	640
			1145	640
			1144	640
			1143	640
			1142	641
			1141	641
			1140	641
			1139	641
			1138	641
			1137	642
			1136	642
			1135	642
			1134	642
			1133	642
			1132	642
			1131	643
			1130	643
			1129	643
			1128	643
			1127	643
			1126	643
			1125	643
			1124	644
			1123	644
			1122	644
			1121	644
			1120	644
			1119	644
			1118	645
			1117	645
			1116	645
			1115	645
			1114	645
			1113	646
			1112	646
			1111	646
			1110	646
			1109	646
			1108	646
			1107	646
			1106	647
			1105	647
			1104	647
			1103	647
			1102	647
			1101	647
			1100	648
			1099	648
			1098	648
			1097	648
			1096	648
			1095	649
			1094	649
			1093	649
			1092	649
			1091	649
			1090	649
			1089	649
			1088	650
			1087	650
			1086	650
			1085	650
			1084	650
			1083	650
			1082	651
			1081	651
			1080	651
			1079	651
			1078	651
			1077	652
			1076	652
			1075	652
			1074	652
			1073	652
			1072	652
			1071	653
			1070	653
			1069	653
			1068	653
			1067	653
			1066	653
			1065	653
			1064	654
			1063	654
			1062	654
			1061	654
			1060	654
			1059	655
			1058	655
			1057	655
			1056	655
			1055	655
			1054	655
			1053	656
			1052	656
			1051	656
			1050	656
			1049	656
			1048	656
			1047	657
			1046	657
			1045	657
			1044	657
			1043	657
			1042	657
			1041	658
			1040	658
			1039	658
			1038	658
			1037	658
			1036	658
			1035	659
			1034	659
			1033	659
			1032	659
			1031	659
			1030	659
			1029	660
			1028	660
			1027	660
			1026	660
			1025	660
			1024	660
			1024	661
			1023	661
			1022	661
			1021	661
		</Caudal_anal>
	</curves.pixel>
	<curves.scaled type=list>
		<Snout_dorsal type=matrix rownames=FALSE colnames=FALSE nrow=497 ncol=2 as.numeric=TRUE >
			17.6796623974856	-22.3942390368151
			17.6796623974856	-22.3562182574656
			17.6416416181361	-22.3181974781162
			17.6416416181361	-22.2801766987668
			17.6416416181361	-22.2421559194173
			17.6036208387867	-22.2041351400679
			17.6036208387867	-22.1661143607185
			17.6036208387867	-22.128093581369
			17.6036208387867	-22.0900728020196
			17.5656000594373	-22.0520520226702
			17.5656000594373	-22.0140312433207
			17.5656000594373	-21.9760104639713
			17.5656000594373	-21.9379896846219
			17.5656000594373	-21.8999689052725
			17.5656000594373	-21.861948125923
			17.5275792800878	-21.8239273465736
			17.5275792800878	-21.7859065672242
			17.5275792800878	-21.7478857878747
			17.5275792800878	-21.7098650085253
			17.5275792800878	-21.6718442291759
			17.5275792800878	-21.6338234498264
			17.5275792800878	-21.595802670477
			17.5275792800878	-21.5577818911276
			17.5275792800878	-21.5197611117781
			17.5275792800878	-21.4817403324287
			17.5275792800878	-21.4437195530793
			17.5275792800878	-21.4056987737298
			17.5275792800878	-21.3676779943804
			17.5275792800878	-21.329657215031
			17.5275792800878	-21.2916364356816
			17.5275792800878	-21.2536156563321
			17.5656000594373	-21.2536156563321
			17.5656000594373	-21.2155948769827
			17.5656000594373	-21.1775740976333
			17.5656000594373	-21.1395533182838
			17.5656000594373	-21.1015325389344
			17.5656000594373	-21.063511759585
			17.5656000594373	-21.0254909802355
			17.6036208387867	-20.9874702008861
			17.6036208387867	-20.9494494215367
			17.6036208387867	-20.9114286421872
			17.6036208387867	-20.8734078628378
			17.6416416181361	-20.8353870834884
			17.6416416181361	-20.7973663041389
			17.6416416181361	-20.7593455247895
			17.6796623974856	-20.7593455247895
			17.6796623974856	-20.7213247454401
			17.6796623974856	-20.6833039660907
			17.717683176835	-20.6452831867412
			17.717683176835	-20.6072624073918
			17.717683176835	-20.5692416280424
			17.7557039561844	-20.5312208486929
			17.7557039561844	-20.4932000693435
			17.7937247355339	-20.4551792899941
			17.7937247355339	-20.4171585106446
			17.7937247355339	-20.3791377312952
			17.8317455148833	-20.3411169519458
			17.8697662942327	-20.3030961725963
			17.9077870735822	-20.2650753932469
			17.9077870735822	-20.2270546138975
			17.9077870735822	-20.189033834548
			17.9458078529316	-20.189033834548
			17.9458078529316	-20.1510130551986
			17.983828632281	-20.1129922758492
			17.983828632281	-20.0749714964997
			18.0218494116305	-20.0369507171503
			18.0598701909799	-19.9989299378009
			18.0598701909799	-19.9609091584515
			18.0978909703293	-19.922888379102
			18.1359117496788	-19.8848675997526
			18.1739325290282	-19.8468468204032
			18.1739325290282	-19.8088260410537
			18.2119533083776	-19.7708052617043
			18.249974087727	-19.7327844823549
			18.2879948670765	-19.6947637030054
			18.3260156464259	-19.656742923656
			18.3260156464259	-19.6187221443066
			18.3640364257753	-19.5807013649571
			18.4020572051248	-19.5807013649571
			18.4400779844742	-19.5426805856077
			18.4780987638236	-19.5046598062583
			18.5161195431731	-19.4666390269088
			18.5161195431731	-19.4286182475594
			18.5541403225225	-19.39059746821
			18.5921611018719	-19.3525766888606
			18.6301818812214	-19.3145559095111
			18.6682026605708	-19.2765351301617
			18.7062234399202	-19.2385143508123
			18.7442442192697	-19.2004935714628
			18.7822649986191	-19.2004935714628
			18.8202857779685	-19.1624727921134
			18.8583065573179	-19.124452012764
			18.8963273366674	-19.0864312334145
			18.9343481160168	-19.0484104540651
			18.9723688953662	-19.0103896747157
			19.0103896747157	-18.9723688953662
			19.0484104540651	-18.9723688953662
			19.0864312334145	-18.9343481160168
			19.124452012764	-18.8963273366674
			19.1624727921134	-18.8583065573179
			19.2004935714628	-18.8202857779685
			19.2385143508123	-18.8202857779685
			19.2765351301617	-18.7822649986191
			19.3145559095111	-18.7442442192697
			19.3525766888606	-18.7442442192697
			19.39059746821	-18.7062234399202
			19.39059746821	-18.6682026605708
			19.4286182475594	-18.6682026605708
			19.4666390269088	-18.6301818812214
			19.5046598062583	-18.6301818812214
			19.5426805856077	-18.5921611018719
			19.5807013649571	-18.5541403225225
			19.6187221443066	-18.5541403225225
			19.656742923656	-18.5161195431731
			19.6947637030054	-18.4780987638236
			19.7327844823549	-18.4780987638236
			19.7708052617043	-18.4400779844742
			19.8088260410537	-18.4020572051248
			19.8468468204032	-18.4020572051248
			19.8848675997526	-18.3640364257753
			19.922888379102	-18.3640364257753
			19.9609091584515	-18.3260156464259
			19.9989299378009	-18.2879948670765
			20.0369507171503	-18.2879948670765
			20.0749714964997	-18.249974087727
			20.1129922758492	-18.2119533083776
			20.1510130551986	-18.2119533083776
			20.189033834548	-18.1739325290282
			20.2270546138975	-18.1739325290282
			20.2650753932469	-18.1359117496788
			20.3030961725963	-18.0978909703293
			20.3411169519458	-18.0978909703293
			20.3791377312952	-18.0598701909799
			20.4171585106446	-18.0218494116305
			20.4551792899941	-18.0218494116305
			20.4932000693435	-17.983828632281
			20.5312208486929	-17.983828632281
			20.5692416280424	-17.9458078529316
			20.6072624073918	-17.9458078529316
			20.6452831867412	-17.9077870735822
			20.6833039660907	-17.9077870735822
			20.7213247454401	-17.8697662942327
			20.7593455247895	-17.8697662942327
			20.7973663041389	-17.8317455148833
			20.8353870834884	-17.8317455148833
			20.8734078628378	-17.7937247355339
			20.9114286421872	-17.7557039561844
			20.9494494215367	-17.7557039561844
			20.9874702008861	-17.717683176835
			21.0254909802355	-17.717683176835
			21.063511759585	-17.717683176835
			21.1015325389344	-17.6796623974856
			21.1395533182838	-17.6796623974856
			21.1775740976333	-17.6416416181361
			21.2155948769827	-17.6416416181361
			21.2536156563321	-17.6036208387867
			21.2916364356816	-17.6036208387867
			21.2916364356816	-17.5656000594373
			21.329657215031	-17.5656000594373
			21.3676779943804	-17.5656000594373
			21.4056987737298	-17.5275792800878
			21.4437195530793	-17.5275792800878
			21.4817403324287	-17.4895585007384
			21.5197611117781	-17.4895585007384
			21.5577818911276	-17.451537721389
			21.595802670477	-17.451537721389
			21.6338234498264	-17.4135169420396
			21.6718442291759	-17.4135169420396
			21.7098650085253	-17.3754961626901
			21.7478857878747	-17.3754961626901
			21.7859065672242	-17.3754961626901
			21.8239273465736	-17.3754961626901
			21.861948125923	-17.3374753833407
			21.8999689052725	-17.3374753833407
			21.9379896846219	-17.3374753833407
			21.9760104639713	-17.3374753833407
			22.0140312433207	-17.3374753833407
			22.0520520226702	-17.2994546039913
			22.0900728020196	-17.2994546039913
			22.128093581369	-17.2994546039913
			22.1661143607185	-17.2994546039913
			22.2041351400679	-17.2994546039913
			22.2421559194173	-17.2994546039913
			22.2421559194173	-17.2614338246418
			22.2801766987668	-17.2614338246418
			22.3181974781162	-17.2614338246418
			22.3562182574656	-17.2614338246418
			22.3942390368151	-17.2614338246418
			22.4322598161645	-17.2614338246418
			22.4702805955139	-17.2234130452924
			22.5083013748634	-17.2234130452924
			22.5463221542128	-17.2234130452924
			22.5843429335622	-17.2234130452924
			22.6223637129116	-17.2234130452924
			22.6603844922611	-17.185392265943
			22.6984052716105	-17.185392265943
			22.7364260509599	-17.185392265943
			22.7744468303094	-17.185392265943
			22.8124676096588	-17.185392265943
			22.8504883890082	-17.1473714865935
			22.8885091683577	-17.1473714865935
			22.9265299477071	-17.1473714865935
			22.9645507270565	-17.1473714865935
			23.002571506406	-17.1473714865935
			23.0405922857554	-17.1473714865935
			23.0786130651048	-17.1093507072441
			23.1166338444543	-17.1093507072441
			23.1546546238037	-17.1093507072441
			23.1926754031531	-17.1093507072441
			23.2306961825026	-17.1093507072441
			23.268716961852	-17.1093507072441
			23.3067377412014	-17.0713299278947
			23.3447585205508	-17.0713299278947
			23.3827792999003	-17.0713299278947
			23.4208000792497	-17.0713299278947
			23.4588208585991	-17.0713299278947
			23.4968416379486	-17.0713299278947
			23.534862417298	-17.0333091485452
			23.5728831966474	-17.0333091485452
			23.6109039759969	-17.0333091485452
			23.6489247553463	-17.0333091485452
			23.6869455346957	-17.0333091485452
			23.7249663140452	-17.0333091485452
			23.7629870933946	-16.9952883691958
			23.801007872744	-16.9952883691958
			23.8390286520935	-16.9952883691958
			23.8770494314429	-16.9952883691958
			23.9150702107923	-16.9952883691958
			23.9530909901417	-16.9952883691958
			23.9911117694912	-16.9572675898464
			24.0291325488406	-16.9572675898464
			24.06715332819	-16.9572675898464
			24.1051741075395	-16.9572675898464
			24.1431948868889	-16.9572675898464
			24.1812156662383	-16.9572675898464
			24.2192364455878	-16.9572675898464
			24.2572572249372	-16.9192468104969
			24.2952780042866	-16.9192468104969
			24.3332987836361	-16.9192468104969
			24.3713195629855	-16.9192468104969
			24.4093403423349	-16.9192468104969
			24.4473611216844	-16.9192468104969
			24.4853819010338	-16.8812260311475
			24.5234026803832	-16.8812260311475
			24.5614234597326	-16.8812260311475
			24.5994442390821	-16.8812260311475
			24.6374650184315	-16.8812260311475
			24.6754857977809	-16.8812260311475
			24.7135065771304	-16.8812260311475
			24.7515273564798	-16.8432052517981
			24.7895481358292	-16.8432052517981
			24.8275689151787	-16.8432052517981
			24.8655896945281	-16.8432052517981
			24.9036104738775	-16.8432052517981
			24.941631253227	-16.8432052517981
			24.9796520325764	-16.8051844724487
			25.0176728119258	-16.8051844724487
			25.0556935912753	-16.8051844724487
			25.0937143706247	-16.8051844724487
			25.1317351499741	-16.8051844724487
			25.1697559293235	-16.8051844724487
			25.207776708673	-16.8051844724487
			25.2457974880224	-16.8051844724487
			25.2838182673718	-16.7671636930992
			25.3218390467213	-16.7671636930992
			25.3598598260707	-16.7671636930992
			25.3978806054201	-16.7671636930992
			25.4359013847696	-16.7671636930992
			25.473922164119	-16.7671636930992
			25.5119429434684	-16.7671636930992
			25.5499637228179	-16.7291429137498
			25.5879845021673	-16.7291429137498
			25.6260052815167	-16.7291429137498
			25.6640260608662	-16.7291429137498
			25.7020468402156	-16.7291429137498
			25.740067619565	-16.7291429137498
			25.7780883989145	-16.7291429137498
			25.8161091782639	-16.7291429137498
			25.8541299576133	-16.6911221344004
			25.8921507369627	-16.6911221344004
			25.9301715163122	-16.6911221344004
			25.9681922956616	-16.6911221344004
			26.006213075011	-16.6911221344004
			26.0442338543605	-16.6911221344004
			26.0822546337099	-16.6911221344004
			26.1202754130593	-16.6911221344004
			26.1582961924088	-16.6531013550509
			26.1963169717582	-16.6531013550509
			26.2343377511076	-16.6531013550509
			26.2723585304571	-16.6531013550509
			26.3103793098065	-16.6531013550509
			26.3484000891559	-16.6531013550509
			26.3864208685054	-16.6531013550509
			26.4244416478548	-16.6531013550509
			26.4624624272042	-16.6150805757015
			26.5004832065536	-16.6150805757015
			26.5385039859031	-16.6150805757015
			26.5765247652525	-16.6150805757015
			26.6145455446019	-16.6150805757015
			26.6525663239514	-16.6150805757015
			26.6905871033008	-16.6150805757015
			26.7286078826502	-16.6150805757015
			26.7666286619997	-16.6150805757015
			26.8046494413491	-16.5770597963521
			26.8426702206985	-16.5770597963521
			26.880691000048	-16.5770597963521
			26.9187117793974	-16.5770597963521
			26.9567325587468	-16.5770597963521
			26.9947533380963	-16.5770597963521
			27.0327741174457	-16.5770597963521
			27.0707948967951	-16.5770597963521
			27.1088156761445	-16.5770597963521
			27.146836455494	-16.5390390170026
			27.1848572348434	-16.5390390170026
			27.2228780141928	-16.5390390170026
			27.2608987935423	-16.5390390170026
			27.2989195728917	-16.5390390170026
			27.3369403522411	-16.5390390170026
			27.3749611315906	-16.5390390170026
			27.41298191094	-16.5390390170026
			27.4510026902894	-16.5390390170026
			27.4890234696389	-16.5010182376532
			27.5270442489883	-16.5010182376532
			27.5650650283377	-16.5010182376532
			27.6030858076872	-16.5010182376532
			27.6411065870366	-16.5010182376532
			27.679127366386	-16.5010182376532
			27.7171481457355	-16.5010182376532
			27.7551689250849	-16.5010182376532
			27.7931897044343	-16.5010182376532
			27.8312104837837	-16.5010182376532
			27.8692312631332	-16.5010182376532
			27.9072520424826	-16.4629974583038
			27.945272821832	-16.4629974583038
			27.9832936011815	-16.4629974583038
			28.0213143805309	-16.4629974583038
			28.0593351598803	-16.4629974583038
			28.0973559392298	-16.4629974583038
			28.1353767185792	-16.4629974583038
			28.1733974979286	-16.4629974583038
			28.2114182772781	-16.4629974583038
			28.2494390566275	-16.4629974583038
			28.2874598359769	-16.4629974583038
			28.3254806153263	-16.4629974583038
			28.3635013946758	-16.4249766789543
			28.4015221740252	-16.4249766789543
			28.4395429533746	-16.4249766789543
			28.4775637327241	-16.4249766789543
			28.5155845120735	-16.4249766789543
			28.5536052914229	-16.4249766789543
			28.5916260707724	-16.4249766789543
			28.6296468501218	-16.4249766789543
			28.6676676294712	-16.4249766789543
			28.7056884088207	-16.4249766789543
			28.7437091881701	-16.4249766789543
			28.7817299675195	-16.4249766789543
			28.819750746869	-16.3869558996049
			28.8577715262184	-16.3869558996049
			28.8957923055678	-16.3869558996049
			28.9338130849173	-16.3869558996049
			28.9718338642667	-16.3869558996049
			29.0098546436161	-16.3869558996049
			29.0478754229655	-16.3869558996049
			29.085896202315	-16.3869558996049
			29.1239169816644	-16.3869558996049
			29.1619377610138	-16.3869558996049
			29.1999585403633	-16.3869558996049
			29.2379793197127	-16.3869558996049
			29.2760000990621	-16.3869558996049
			29.3140208784116	-16.3869558996049
			29.352041657761	-16.3869558996049
			29.352041657761	-16.3489351202555
			29.3900624371104	-16.3489351202555
			29.4280832164599	-16.3489351202555
			29.4661039958093	-16.3489351202555
			29.5041247751587	-16.3489351202555
			29.5421455545082	-16.3489351202555
			29.5801663338576	-16.3489351202555
			29.618187113207	-16.3489351202555
			29.6562078925564	-16.3489351202555
			29.6942286719059	-16.3489351202555
			29.7322494512553	-16.3489351202555
			29.7702702306047	-16.3489351202555
			29.8082910099542	-16.3489351202555
			29.8463117893036	-16.3489351202555
			29.884332568653	-16.3489351202555
			29.9223533480025	-16.3489351202555
			29.9603741273519	-16.3489351202555
			29.9983949067013	-16.3489351202555
			29.9983949067013	-16.310914340906
			30.0364156860508	-16.310914340906
			30.0744364654002	-16.310914340906
			30.1124572447496	-16.310914340906
			30.1504780240991	-16.310914340906
			30.1884988034485	-16.310914340906
			30.2265195827979	-16.310914340906
			30.2645403621473	-16.310914340906
			30.3025611414968	-16.310914340906
			30.3405819208462	-16.310914340906
			30.3786027001956	-16.310914340906
			30.4166234795451	-16.310914340906
			30.4546442588945	-16.310914340906
			30.4926650382439	-16.310914340906
			30.5306858175934	-16.310914340906
			30.5687065969428	-16.310914340906
			30.6067273762922	-16.310914340906
			30.6447481556417	-16.310914340906
			30.6827689349911	-16.310914340906
			30.7207897143405	-16.310914340906
			30.75881049369	-16.310914340906
			30.7968312730394	-16.310914340906
			30.8348520523888	-16.310914340906
			30.8728728317382	-16.2728935615566
			30.9108936110877	-16.2728935615566
			30.9489143904371	-16.2728935615566
			30.9869351697865	-16.2728935615566
			31.024955949136	-16.2728935615566
			31.0629767284854	-16.2728935615566
			31.1009975078348	-16.2728935615566
			31.1390182871843	-16.2728935615566
			31.1770390665337	-16.2728935615566
			31.2150598458831	-16.2728935615566
			31.2530806252326	-16.2728935615566
			31.291101404582	-16.2728935615566
			31.3291221839314	-16.2728935615566
			31.3671429632809	-16.2728935615566
			31.4051637426303	-16.2728935615566
			31.4431845219797	-16.2728935615566
			31.4812053013292	-16.2728935615566
			31.5192260806786	-16.2728935615566
			31.557246860028	-16.2728935615566
			31.5952676393774	-16.2728935615566
			31.6332884187269	-16.2728935615566
			31.6713091980763	-16.2728935615566
			31.7093299774257	-16.2728935615566
			31.7473507567752	-16.2728935615566
			31.7853715361246	-16.2728935615566
			31.823392315474	-16.2728935615566
			31.8614130948235	-16.2728935615566
			31.8994338741729	-16.2728935615566
			31.9374546535223	-16.2728935615566
			31.9754754328718	-16.2728935615566
			32.0134962122212	-16.2728935615566
			32.0515169915706	-16.2728935615566
			32.0895377709201	-16.2728935615566
			32.1275585502695	-16.2728935615566
			32.1655793296189	-16.2728935615566
			32.2036001089683	-16.2728935615566
			32.2416208883178	-16.2728935615566
			32.2796416676672	-16.2728935615566
			32.3176624470166	-16.2728935615566
			32.3556832263661	-16.2728935615566
			32.3937040057155	-16.2728935615566
			32.4317247850649	-16.2728935615566
			32.4697455644144	-16.2728935615566
			32.5077663437638	-16.2728935615566
			32.5457871231132	-16.2728935615566
			32.5838079024627	-16.2728935615566
			32.6218286818121	-16.2728935615566
			32.6598494611615	-16.2728935615566
			32.697870240511	-16.2728935615566
			32.7358910198604	-16.2728935615566
			32.7739117992098	-16.2728935615566
			32.8119325785593	-16.2728935615566
			32.8499533579087	-16.2728935615566
			32.8879741372581	-16.2728935615566
			32.9259949166075	-16.2728935615566
			32.964015695957	-16.2728935615566
			33.0020364753064	-16.2728935615566
			33.0400572546558	-16.2728935615566
			33.0780780340053	-16.2728935615566
			33.1160988133547	-16.2728935615566
			33.1541195927041	-16.2728935615566
			33.1921403720536	-16.2728935615566
			33.230161151403	-16.2728935615566
			33.2681819307524	-16.2728935615566
			33.3062027101019	-16.2728935615566
			33.3442234894513	-16.2728935615566
			33.3822442688007	-16.2728935615566
			33.4202650481501	-16.2728935615566
			33.4582858274996	-16.2728935615566
			33.496306606849	-16.2728935615566
			33.5343273861984	-16.2728935615566
			33.5723481655479	-16.2728935615566
			33.6103689448973	-16.2728935615566
			33.6483897242467	-16.2728935615566
			33.6864105035962	-16.2728935615566
			33.7244312829456	-16.2728935615566
			33.762452062295	-16.2728935615566
			33.8004728416445	-16.2728935615566
			33.8384936209939	-16.2728935615566
			33.8765144003433	-16.2728935615566
			33.9145351796928	-16.2728935615566
			33.9525559590422	-16.2728935615566
			33.9905767383916	-16.2728935615566
			34.0285975177411	-16.2728935615566
			34.0666182970905	-16.2728935615566
		</Snout_dorsal>
		<Dorsal_adipose type=matrix rownames=FALSE colnames=FALSE nrow=244 ncol=2 as.numeric=TRUE >
			34.0666182970905	-16.2728935615566
			34.1046390764399	-16.2728935615566
			34.1426598557893	-16.310914340906
			34.1806806351388	-16.310914340906
			34.2187014144882	-16.310914340906
			34.2567221938376	-16.310914340906
			34.2947429731871	-16.3489351202555
			34.3327637525365	-16.3489351202555
			34.3707845318859	-16.3489351202555
			34.4088053112354	-16.3489351202555
			34.4468260905848	-16.3869558996049
			34.4848468699342	-16.3869558996049
			34.5228676492837	-16.3869558996049
			34.5608884286331	-16.3869558996049
			34.5989092079825	-16.4249766789543
			34.636929987332	-16.4249766789543
			34.6749507666814	-16.4249766789543
			34.7129715460308	-16.4249766789543
			34.7509923253802	-16.4629974583038
			34.7890131047297	-16.4629974583038
			34.8270338840791	-16.4629974583038
			34.8650546634285	-16.4629974583038
			34.903075442778	-16.5010182376532
			34.9410962221274	-16.5010182376532
			34.9791170014768	-16.5010182376532
			35.0171377808263	-16.5010182376532
			35.0551585601757	-16.5390390170026
			35.0931793395251	-16.5390390170026
			35.1312001188746	-16.5390390170026
			35.169220898224	-16.5390390170026
			35.2072416775734	-16.5770597963521
			35.2452624569229	-16.5770597963521
			35.2832832362723	-16.5770597963521
			35.3213040156217	-16.5770597963521
			35.3593247949712	-16.6150805757015
			35.3973455743206	-16.6150805757015
			35.43536635367	-16.6150805757015
			35.4733871330194	-16.6531013550509
			35.5114079123689	-16.6531013550509
			35.5494286917183	-16.6531013550509
			35.5874494710677	-16.6531013550509
			35.6254702504172	-16.6911221344004
			35.6634910297666	-16.6911221344004
			35.701511809116	-16.6911221344004
			35.7395325884655	-16.7291429137498
			35.7775533678149	-16.7291429137498
			35.8155741471643	-16.7291429137498
			35.8535949265138	-16.7291429137498
			35.8916157058632	-16.7671636930992
			35.9296364852126	-16.7671636930992
			35.967657264562	-16.7671636930992
			36.0056780439115	-16.7671636930992
			36.0436988232609	-16.8051844724487
			36.0817196026103	-16.8051844724487
			36.1197403819598	-16.8051844724487
			36.1577611613092	-16.8051844724487
			36.1957819406586	-16.8432052517981
			36.2338027200081	-16.8432052517981
			36.2718234993575	-16.8432052517981
			36.3098442787069	-16.8432052517981
			36.3478650580564	-16.8812260311475
			36.3858858374058	-16.8812260311475
			36.4239066167552	-16.8812260311475
			36.4619273961047	-16.9192468104969
			36.4999481754541	-16.9192468104969
			36.5379689548035	-16.9192468104969
			36.5759897341529	-16.9192468104969
			36.6140105135024	-16.9572675898464
			36.6520312928518	-16.9572675898464
			36.6900520722012	-16.9572675898464
			36.7280728515507	-16.9572675898464
			36.7660936309001	-16.9952883691958
			36.8041144102495	-16.9952883691958
			36.842135189599	-16.9952883691958
			36.8801559689484	-17.0333091485452
			36.9181767482978	-17.0333091485452
			36.9561975276473	-17.0333091485452
			36.9942183069967	-17.0333091485452
			37.0322390863461	-17.0713299278947
			37.0702598656956	-17.0713299278947
			37.108280645045	-17.0713299278947
			37.1463014243944	-17.0713299278947
			37.1843222037439	-17.1093507072441
			37.2223429830933	-17.1093507072441
			37.2603637624427	-17.1093507072441
			37.2983845417921	-17.1093507072441
			37.2983845417921	-17.1473714865935
			37.3364053211416	-17.1473714865935
			37.374426100491	-17.1473714865935
			37.4124468798404	-17.1473714865935
			37.4504676591899	-17.185392265943
			37.4884884385393	-17.185392265943
			37.5265092178887	-17.185392265943
			37.5645299972382	-17.185392265943
			37.6025507765876	-17.2234130452924
			37.640571555937	-17.2234130452924
			37.6785923352865	-17.2234130452924
			37.7166131146359	-17.2234130452924
			37.7546338939853	-17.2614338246418
			37.7926546733348	-17.2614338246418
			37.8306754526842	-17.2994546039913
			37.8686962320336	-17.2994546039913
			37.9067170113831	-17.2994546039913
			37.9447377907325	-17.2994546039913
			37.9827585700819	-17.2994546039913
			38.0207793494313	-17.3374753833407
			38.0588001287808	-17.3374753833407
			38.0968209081302	-17.3374753833407
			38.1348416874796	-17.3374753833407
			38.1348416874796	-17.3754961626901
			38.1728624668291	-17.3754961626901
			38.2108832461785	-17.3754961626901
			38.2489040255279	-17.3754961626901
			38.2869248048774	-17.4135169420396
			38.3249455842268	-17.4135169420396
			38.3629663635762	-17.451537721389
			38.4009871429257	-17.451537721389
			38.4390079222751	-17.4895585007384
			38.4770287016245	-17.4895585007384
			38.5150494809739	-17.5275792800878
			38.5530702603234	-17.5275792800878
			38.5910910396728	-17.5656000594373
			38.6291118190222	-17.5656000594373
			38.6671325983717	-17.5656000594373
			38.7051533777211	-17.6036208387867
			38.7431741570705	-17.6036208387867
			38.78119493642	-17.6036208387867
			38.78119493642	-17.6416416181361
			38.8192157157694	-17.6416416181361
			38.8572364951188	-17.6416416181361
			38.8952572744683	-17.6416416181361
			38.9332780538177	-17.6796623974856
			38.9712988331671	-17.6796623974856
			39.0093196125166	-17.6796623974856
			39.047340391866	-17.6796623974856
			39.0853611712154	-17.717683176835
			39.1233819505648	-17.717683176835
			39.1614027299143	-17.717683176835
			39.1994235092637	-17.717683176835
			39.2374442886131	-17.7557039561844
			39.2754650679626	-17.7557039561844
			39.313485847312	-17.7557039561844
			39.3515066266614	-17.7937247355339
			39.3895274060109	-17.7937247355339
			39.4275481853603	-17.7937247355339
			39.4655689647097	-17.7937247355339
			39.5035897440592	-17.7937247355339
			39.5416105234086	-17.7937247355339
			39.579631302758	-17.8317455148833
			39.6176520821075	-17.8317455148833
			39.6556728614569	-17.8317455148833
			39.6936936408063	-17.8317455148833
			39.7317144201558	-17.8317455148833
			39.7697351995052	-17.8697662942327
			39.8077559788546	-17.8697662942327
			39.845776758204	-17.8697662942327
			39.8837975375535	-17.8697662942327
			39.9218183169029	-17.8697662942327
			39.9598390962523	-17.9077870735822
			39.9978598756018	-17.9077870735822
			40.0358806549512	-17.9077870735822
			40.0739014343006	-17.9077870735822
			40.1119222136501	-17.9077870735822
			40.1499429929995	-17.9077870735822
			40.1879637723489	-17.9458078529316
			40.2259845516984	-17.9458078529316
			40.2640053310478	-17.9458078529316
			40.3020261103972	-17.9458078529316
			40.3400468897467	-17.9458078529316
			40.3780676690961	-17.9458078529316
			40.4160884484455	-17.9458078529316
			40.454109227795	-17.983828632281
			40.4921300071444	-17.983828632281
			40.5301507864938	-17.983828632281
			40.5681715658432	-17.983828632281
			40.6061923451927	-17.983828632281
			40.6442131245421	-17.983828632281
			40.6822339038915	-17.983828632281
			40.720254683241	-18.0218494116305
			40.7582754625904	-18.0218494116305
			40.7962962419398	-18.0218494116305
			40.8343170212893	-18.0218494116305
			40.8723378006387	-18.0218494116305
			40.9103585799881	-18.0218494116305
			40.9483793593376	-18.0218494116305
			40.986400138687	-18.0218494116305
			41.0244209180364	-18.0218494116305
			41.0244209180364	-18.0598701909799
			41.0624416973859	-18.0598701909799
			41.1004624767353	-18.0598701909799
			41.1384832560847	-18.0598701909799
			41.1765040354341	-18.0598701909799
			41.2145248147836	-18.0598701909799
			41.252545594133	-18.0978909703293
			41.2905663734824	-18.0978909703293
			41.3285871528319	-18.0978909703293
			41.3666079321813	-18.0978909703293
			41.4046287115307	-18.0978909703293
			41.4426494908802	-18.1359117496788
			41.4806702702296	-18.1359117496788
			41.518691049579	-18.1359117496788
			41.5567118289285	-18.1359117496788
			41.5947326082779	-18.1739325290282
			41.6327533876273	-18.1739325290282
			41.6707741669767	-18.1739325290282
			41.7087949463262	-18.1739325290282
			41.7468157256756	-18.1739325290282
			41.784836505025	-18.1739325290282
			41.8228572843745	-18.2119533083776
			41.8608780637239	-18.2119533083776
			41.8988988430733	-18.2119533083776
			41.9369196224228	-18.2119533083776
			41.9749404017722	-18.2119533083776
			42.0129611811216	-18.2119533083776
			42.0509819604711	-18.249974087727
			42.0890027398205	-18.249974087727
			42.1270235191699	-18.249974087727
			42.1650442985194	-18.249974087727
			42.2030650778688	-18.249974087727
			42.2410858572182	-18.249974087727
			42.2791066365677	-18.2879948670765
			42.3171274159171	-18.2879948670765
			42.3551481952665	-18.2879948670765
			42.3931689746159	-18.2879948670765
			42.4311897539654	-18.2879948670765
			42.4692105333148	-18.2879948670765
			42.5072313126642	-18.2879948670765
			42.5452520920137	-18.2879948670765
			42.5832728713631	-18.2879948670765
			42.6212936507125	-18.2879948670765
			42.659314430062	-18.3260156464259
			42.6973352094114	-18.3260156464259
			42.7353559887608	-18.3260156464259
			42.7733767681103	-18.3260156464259
			42.8113975474597	-18.3260156464259
			42.8494183268091	-18.3260156464259
			42.8874391061586	-18.3260156464259
			42.925459885508	-18.3260156464259
			42.9634806648574	-18.3260156464259
			43.0015014442069	-18.3260156464259
			43.0395222235563	-18.3260156464259
			43.0775430029057	-18.3260156464259
			43.1155637822551	-18.3260156464259
			43.1535845616046	-18.3260156464259
		</Dorsal_adipose>
		<Adipose_caudal type=matrix rownames=FALSE colnames=FALSE nrow=129 ncol=2 as.numeric=TRUE >
			43.1535845616046	-18.3260156464259
			43.191605340954	-18.3260156464259
			43.2296261203034	-18.3260156464259
			43.2676468996529	-18.3640364257753
			43.3056676790023	-18.3640364257753
			43.3436884583517	-18.3640364257753
			43.3817092377012	-18.4020572051248
			43.4197300170506	-18.4020572051248
			43.4577507964	-18.4020572051248
			43.4957715757495	-18.4400779844742
			43.5337923550989	-18.4400779844742
			43.5718131344483	-18.4780987638236
			43.6098339137978	-18.4780987638236
			43.6478546931472	-18.4780987638236
			43.6858754724966	-18.5161195431731
			43.723896251846	-18.5541403225225
			43.7619170311955	-18.5541403225225
			43.7999378105449	-18.5921611018719
			43.8379585898943	-18.5921611018719
			43.8379585898943	-18.6301818812214
			43.8759793692438	-18.6301818812214
			43.9140001485932	-18.6682026605708
			43.9520209279426	-18.7062234399202
			43.9900417072921	-18.7442442192697
			44.0280624866415	-18.7822649986191
			44.0660832659909	-18.8202857779685
			44.1041040453404	-18.8583065573179
			44.1421248246898	-18.8963273366674
			44.1801456040392	-18.8963273366674
			44.2181663833886	-18.8963273366674
			44.2561871627381	-18.9343481160168
			44.2942079420875	-18.9343481160168
			44.3322287214369	-18.9343481160168
			44.3702495007864	-18.9723688953662
			44.4082702801358	-18.9723688953662
			44.4462910594852	-18.9723688953662
			44.4843118388347	-19.0103896747157
			44.5223326181841	-19.0103896747157
			44.5603533975335	-19.0103896747157
			44.598374176883	-19.0103896747157
			44.6363949562324	-19.0484104540651
			44.6744157355818	-19.0484104540651
			44.7124365149313	-19.0484104540651
			44.7504572942807	-19.0484104540651
			44.7884780736301	-19.0864312334145
			44.8264988529796	-19.0864312334145
			44.864519632329	-19.0864312334145
			44.9025404116784	-19.0864312334145
			44.9405611910278	-19.124452012764
			44.9785819703773	-19.124452012764
			45.0166027497267	-19.124452012764
			45.0546235290761	-19.124452012764
			45.0926443084256	-19.1624727921134
			45.130665087775	-19.1624727921134
			45.1686858671244	-19.1624727921134
			45.2067066464739	-19.1624727921134
			45.2447274258233	-19.2004935714628
			45.2827482051727	-19.2004935714628
			45.3207689845222	-19.2004935714628
			45.3587897638716	-19.2004935714628
			45.396810543221	-19.2004935714628
			45.4348313225705	-19.2385143508123
			45.4728521019199	-19.2385143508123
			45.5108728812693	-19.2385143508123
			45.5488936606187	-19.2385143508123
			45.5869144399682	-19.2385143508123
			45.6249352193176	-19.2765351301617
			45.662955998667	-19.2765351301617
			45.7009767780165	-19.2765351301617
			45.7389975573659	-19.2765351301617
			45.7770183367153	-19.2765351301617
			45.8150391160648	-19.2765351301617
			45.8530598954142	-19.3145559095111
			45.8910806747636	-19.3145559095111
			45.9291014541131	-19.3145559095111
			45.9671222334625	-19.3145559095111
			46.0051430128119	-19.3145559095111
			46.0431637921614	-19.3145559095111
			46.0811845715108	-19.3525766888606
			46.1192053508602	-19.3525766888606
			46.1572261302097	-19.3525766888606
			46.1952469095591	-19.3525766888606
			46.2332676889085	-19.3525766888606
			46.2712884682579	-19.3525766888606
			46.3093092476074	-19.39059746821
			46.3473300269568	-19.39059746821
			46.3853508063062	-19.39059746821
			46.4233715856557	-19.39059746821
			46.4613923650051	-19.39059746821
			46.4994131443545	-19.39059746821
			46.537433923704	-19.39059746821
			46.5754547030534	-19.39059746821
			46.6134754824028	-19.4286182475594
			46.6514962617523	-19.4286182475594
			46.6895170411017	-19.4286182475594
			46.7275378204511	-19.4286182475594
			46.7655585998005	-19.4286182475594
			46.80357937915	-19.4286182475594
			46.8416001584994	-19.4286182475594
			46.8796209378488	-19.4286182475594
			46.9176417171983	-19.4666390269088
			46.9556624965477	-19.4666390269088
			46.9936832758971	-19.4666390269088
			47.0317040552466	-19.4666390269088
			47.069724834596	-19.4666390269088
			47.1077456139454	-19.4666390269088
			47.1457663932949	-19.4666390269088
			47.1837871726443	-19.4666390269088
			47.2218079519937	-19.4666390269088
			47.2598287313432	-19.4666390269088
			47.2978495106926	-19.5046598062583
			47.335870290042	-19.5046598062583
			47.3738910693915	-19.5046598062583
			47.4119118487409	-19.5046598062583
			47.4499326280903	-19.5046598062583
			47.4879534074397	-19.5046598062583
			47.5259741867892	-19.5046598062583
			47.5639949661386	-19.5046598062583
			47.602015745488	-19.5046598062583
			47.6400365248375	-19.5046598062583
			47.6780573041869	-19.5046598062583
			47.7160780835363	-19.5046598062583
			47.7540988628858	-19.5426805856077
			47.7921196422352	-19.5426805856077
			47.8301404215846	-19.5426805856077
			47.8681612009341	-19.5426805856077
			47.9061819802835	-19.5426805856077
			47.9442027596329	-19.5426805856077
			47.9822235389824	-19.5426805856077
		</Adipose_caudal>
		<Caudal_anal type=matrix rownames=FALSE colnames=FALSE nrow=238 ncol=2 as.numeric=TRUE >
			47.7540988628858	-24.3332987836361
			47.7160780835363	-24.3332987836361
			47.6780573041869	-24.3332987836361
			47.6780573041869	-24.2952780042866
			47.6400365248375	-24.2952780042866
			47.602015745488	-24.2952780042866
			47.5639949661386	-24.2952780042866
			47.5259741867892	-24.2572572249372
			47.4879534074397	-24.2572572249372
			47.4499326280903	-24.2572572249372
			47.4119118487409	-24.2572572249372
			47.3738910693915	-24.2192364455878
			47.335870290042	-24.2192364455878
			47.2978495106926	-24.2192364455878
			47.2598287313432	-24.2192364455878
			47.2218079519937	-24.1812156662383
			47.1837871726443	-24.1812156662383
			47.1457663932949	-24.1812156662383
			47.1077456139454	-24.1812156662383
			47.069724834596	-24.1812156662383
			47.0317040552466	-24.1431948868889
			46.9936832758971	-24.1431948868889
			46.9556624965477	-24.1431948868889
			46.9176417171983	-24.1431948868889
			46.8796209378488	-24.1051741075395
			46.8416001584994	-24.1051741075395
			46.80357937915	-24.1051741075395
			46.7655585998005	-24.1051741075395
			46.7275378204511	-24.1051741075395
			46.6895170411017	-24.06715332819
			46.6514962617523	-24.06715332819
			46.6134754824028	-24.06715332819
			46.5754547030534	-24.06715332819
			46.537433923704	-24.06715332819
			46.4994131443545	-24.0291325488406
			46.4613923650051	-24.0291325488406
			46.4233715856557	-24.0291325488406
			46.3853508063062	-24.0291325488406
			46.3473300269568	-24.0291325488406
			46.3093092476074	-24.0291325488406
			46.2712884682579	-24.0291325488406
			46.2332676889085	-24.0291325488406
			46.1952469095591	-24.0291325488406
			46.1572261302097	-24.0291325488406
			46.1192053508602	-24.0291325488406
			46.0811845715108	-24.0291325488406
			46.0431637921614	-24.0291325488406
			46.0051430128119	-24.0291325488406
			45.9671222334625	-24.0291325488406
			45.9291014541131	-24.0291325488406
			45.8910806747636	-24.0291325488406
			45.8530598954142	-24.0291325488406
			45.8150391160648	-24.0291325488406
			45.7770183367153	-24.0291325488406
			45.7389975573659	-24.0291325488406
			45.7009767780165	-24.0291325488406
			45.662955998667	-24.0291325488406
			45.6249352193176	-24.0291325488406
			45.5869144399682	-24.0291325488406
			45.5488936606187	-24.0291325488406
			45.5108728812693	-24.0291325488406
			45.4728521019199	-24.0291325488406
			45.4348313225705	-24.0291325488406
			45.396810543221	-24.0291325488406
			45.3587897638716	-24.0291325488406
			45.3207689845222	-24.0291325488406
			45.2827482051727	-24.0291325488406
			45.2447274258233	-24.0291325488406
			45.2067066464739	-24.0291325488406
			45.1686858671244	-24.0291325488406
			45.130665087775	-24.0291325488406
			45.0926443084256	-24.0291325488406
			45.0546235290761	-24.0291325488406
			45.0166027497267	-24.0291325488406
			44.9785819703773	-24.0291325488406
			44.9405611910278	-24.06715332819
			44.9025404116784	-24.06715332819
			44.864519632329	-24.06715332819
			44.8264988529796	-24.06715332819
			44.7884780736301	-24.06715332819
			44.7504572942807	-24.06715332819
			44.7124365149313	-24.06715332819
			44.6744157355818	-24.06715332819
			44.6363949562324	-24.06715332819
			44.598374176883	-24.06715332819
			44.5603533975335	-24.06715332819
			44.5223326181841	-24.06715332819
			44.4843118388347	-24.06715332819
			44.4462910594852	-24.06715332819
			44.4082702801358	-24.1051741075395
			44.3702495007864	-24.1051741075395
			44.3322287214369	-24.1051741075395
			44.2942079420875	-24.1051741075395
			44.2561871627381	-24.1051741075395
			44.2181663833886	-24.1051741075395
			44.1801456040392	-24.1051741075395
			44.1421248246898	-24.1431948868889
			44.1041040453404	-24.1431948868889
			44.0660832659909	-24.1431948868889
			44.0280624866415	-24.1431948868889
			43.9900417072921	-24.1431948868889
			43.9520209279426	-24.1812156662383
			43.9140001485932	-24.1812156662383
			43.8759793692438	-24.1812156662383
			43.8379585898943	-24.1812156662383
			43.7999378105449	-24.2192364455878
			43.7619170311955	-24.2192364455878
			43.723896251846	-24.2192364455878
			43.6858754724966	-24.2572572249372
			43.6478546931472	-24.2572572249372
			43.6098339137978	-24.2952780042866
			43.5718131344483	-24.3332987836361
			43.5337923550989	-24.3332987836361
			43.4957715757495	-24.3332987836361
			43.4577507964	-24.3332987836361
			43.4197300170506	-24.3713195629855
			43.3817092377012	-24.3713195629855
			43.3436884583517	-24.3713195629855
			43.3056676790023	-24.3713195629855
			43.2676468996529	-24.3713195629855
			43.2296261203034	-24.4093403423349
			43.191605340954	-24.4093403423349
			43.1535845616046	-24.4093403423349
			43.1155637822551	-24.4093403423349
			43.0775430029057	-24.4093403423349
			43.0395222235563	-24.4093403423349
			43.0015014442069	-24.4473611216844
			42.9634806648574	-24.4473611216844
			42.925459885508	-24.4473611216844
			42.8874391061586	-24.4473611216844
			42.8494183268091	-24.4473611216844
			42.8113975474597	-24.4473611216844
			42.7733767681103	-24.4473611216844
			42.7353559887608	-24.4853819010338
			42.6973352094114	-24.4853819010338
			42.659314430062	-24.4853819010338
			42.6212936507125	-24.4853819010338
			42.5832728713631	-24.4853819010338
			42.5452520920137	-24.4853819010338
			42.5072313126642	-24.5234026803832
			42.4692105333148	-24.5234026803832
			42.4311897539654	-24.5234026803832
			42.3931689746159	-24.5234026803832
			42.3551481952665	-24.5234026803832
			42.3171274159171	-24.5614234597326
			42.2791066365677	-24.5614234597326
			42.2410858572182	-24.5614234597326
			42.2030650778688	-24.5614234597326
			42.1650442985194	-24.5614234597326
			42.1270235191699	-24.5614234597326
			42.0890027398205	-24.5614234597326
			42.0509819604711	-24.5994442390821
			42.0129611811216	-24.5994442390821
			41.9749404017722	-24.5994442390821
			41.9369196224228	-24.5994442390821
			41.8988988430733	-24.5994442390821
			41.8608780637239	-24.5994442390821
			41.8228572843745	-24.6374650184315
			41.784836505025	-24.6374650184315
			41.7468157256756	-24.6374650184315
			41.7087949463262	-24.6374650184315
			41.6707741669767	-24.6374650184315
			41.6327533876273	-24.6754857977809
			41.5947326082779	-24.6754857977809
			41.5567118289285	-24.6754857977809
			41.518691049579	-24.6754857977809
			41.4806702702296	-24.6754857977809
			41.4426494908802	-24.6754857977809
			41.4046287115307	-24.6754857977809
			41.3666079321813	-24.7135065771304
			41.3285871528319	-24.7135065771304
			41.2905663734824	-24.7135065771304
			41.252545594133	-24.7135065771304
			41.2145248147836	-24.7135065771304
			41.1765040354341	-24.7135065771304
			41.1384832560847	-24.7515273564798
			41.1004624767353	-24.7515273564798
			41.0624416973859	-24.7515273564798
			41.0244209180364	-24.7515273564798
			40.986400138687	-24.7515273564798
			40.9483793593376	-24.7895481358292
			40.9103585799881	-24.7895481358292
			40.8723378006387	-24.7895481358292
			40.8343170212893	-24.7895481358292
			40.7962962419398	-24.7895481358292
			40.7582754625904	-24.7895481358292
			40.720254683241	-24.8275689151787
			40.6822339038915	-24.8275689151787
			40.6442131245421	-24.8275689151787
			40.6061923451927	-24.8275689151787
			40.5681715658432	-24.8275689151787
			40.5301507864938	-24.8275689151787
			40.4921300071444	-24.8275689151787
			40.454109227795	-24.8655896945281
			40.4160884484455	-24.8655896945281
			40.3780676690961	-24.8655896945281
			40.3400468897467	-24.8655896945281
			40.3020261103972	-24.8655896945281
			40.2640053310478	-24.9036104738775
			40.2259845516984	-24.9036104738775
			40.1879637723489	-24.9036104738775
			40.1499429929995	-24.9036104738775
			40.1119222136501	-24.9036104738775
			40.0739014343006	-24.9036104738775
			40.0358806549512	-24.941631253227
			39.9978598756018	-24.941631253227
			39.9598390962523	-24.941631253227
			39.9218183169029	-24.941631253227
			39.8837975375535	-24.941631253227
			39.845776758204	-24.941631253227
			39.8077559788546	-24.9796520325764
			39.7697351995052	-24.9796520325764
			39.7317144201558	-24.9796520325764
			39.6936936408063	-24.9796520325764
			39.6556728614569	-24.9796520325764
			39.6176520821075	-24.9796520325764
			39.579631302758	-25.0176728119258
			39.5416105234086	-25.0176728119258
			39.5035897440592	-25.0176728119258
			39.4655689647097	-25.0176728119258
			39.4275481853603	-25.0176728119258
			39.3895274060109	-25.0176728119258
			39.3515066266614	-25.0556935912753
			39.313485847312	-25.0556935912753
			39.2754650679626	-25.0556935912753
			39.2374442886131	-25.0556935912753
			39.1994235092637	-25.0556935912753
			39.1614027299143	-25.0556935912753
			39.1233819505648	-25.0937143706247
			39.0853611712154	-25.0937143706247
			39.047340391866	-25.0937143706247
			39.0093196125166	-25.0937143706247
			38.9712988331671	-25.0937143706247
			38.9332780538177	-25.0937143706247
			38.9332780538177	-25.1317351499741
			38.8952572744683	-25.1317351499741
			38.8572364951188	-25.1317351499741
			38.8192157157694	-25.1317351499741
		</Caudal_anal>
	</curves.scaled>
	<ruler.points type=matrix rownames=TRUE colnames=FALSE nrow=3 ncol=2 as.numeric=TRUE >
		Ruler point 1	458	737
		Ruler point 2	590	735
		Ruler point 3	721	733
	</ruler.points>
</shapes>

