<shapes type=list>
	<ruler.pixel type=vector names=FALSE length=1 as.numeric=TRUE >129.096862858863</ruler.pixel>
	<ruler.interval type=vector names=FALSE length=1 as.numeric=TRUE >5</ruler.interval>
	<scaling.units type=vector names=FALSE length=1 as.numeric=FALSE >mm</scaling.units>
	<scaling type=vector names=FALSE length=1 as.numeric=TRUE >0.0387306080819821</scaling>
	<landmarks.pixel type=matrix rownames=TRUE colnames=FALSE nrow=11 ncol=2 as.numeric=TRUE >
		Anterior_eye	561	654
		Posterior_eye	663	651
		Posterior_Maxilla	701	753
		Anterior_Maxilla	542	681
		Dorsal_fin_insertion	940	540
		Adipose_fin_insertion	1206	594
		Dorsal_caudal	1356	622
		Ventral_caudal	1348	743
		Anal_fin_insertion	1115	768
		Pelvic_fin_insertion	941	753
		Pectoral_fin_insertion	809	734
	</landmarks.pixel>
	<landmarks.scaled type=matrix rownames=TRUE colnames=FALSE nrow=11 ncol=2 as.numeric=TRUE >
		Anterior_eye	21.7278711339919	-25.3298176856163
		Posterior_eye	25.6783931583541	-25.2136258613703
		Posterior_Maxilla	27.1501562654694	-29.1641478857325
		Anterior_Maxilla	20.9919895804343	-26.3755441038298
		Dorsal_fin_insertion	36.4067715970632	-20.9145283642703
		Adipose_fin_insertion	46.7091133468704	-23.0059812006974
		Dorsal_caudal	52.5187045591677	-24.0904382269929
		Ventral_caudal	52.2088596945118	-28.7768418049127
		Anal_fin_insertion	43.18462801141	-29.7451070069622
		Pelvic_fin_insertion	36.4455022051451	-29.1641478857325
		Pectoral_fin_insertion	31.3330619383235	-28.4282663321748
	</landmarks.scaled>
	<curves.control type=list>
		<Snout_dorsal type=matrix rownames=FALSE colnames=FALSE nrow=7 ncol=2 as.numeric=TRUE >
			542	681
			529	603
			614	567
			681	535
			777	545
			911	545
			940	540
		</Snout_dorsal>
		<Dorsal_adipose type=matrix rownames=FALSE colnames=FALSE nrow=7 ncol=2 as.numeric=TRUE >
			940	540
			1022	558
			1104	580
			1141	589
			1172	595
			1187	592
			1206	594
		</Dorsal_adipose>
		<Adipose_caudal type=matrix rownames=FALSE colnames=FALSE nrow=7 ncol=2 as.numeric=TRUE >
			1206	594
			1225	600
			1228	609
			1305	625
			1322	623
			1344	618
			1356	622
		</Adipose_caudal>
		<Caudal_anal type=matrix rownames=FALSE colnames=FALSE nrow=7 ncol=2 as.numeric=TRUE >
			1348	743
			1337	747
			1317	739
			1296	735
			1269	741
			1181	762
			1115	768
		</Caudal_anal>
	</curves.control>
	<curves.pixel type=list>
		<Snout_dorsal type=matrix rownames=FALSE colnames=FALSE nrow=467 ncol=2 as.numeric=TRUE >
			542	681
			542	680
			542	679
			542	678
			541	677
			541	676
			541	675
			541	674
			541	673
			541	672
			541	671
			541	670
			541	669
			540	668
			540	667
			540	666
			540	665
			540	664
			540	663
			540	662
			540	661
			540	660
			540	659
			540	658
			540	657
			540	656
			540	655
			540	654
			541	653
			541	652
			541	651
			541	650
			541	649
			541	648
			541	647
			541	646
			542	645
			542	644
			542	643
			542	642
			542	641
			543	640
			543	639
			543	638
			543	637
			543	636
			544	636
			544	635
			544	634
			544	633
			545	632
			545	631
			545	630
			546	630
			546	629
			546	628
			547	627
			547	626
			547	625
			548	625
			548	624
			548	623
			549	622
			549	621
			550	620
			550	619
			551	618
			551	617
			552	616
			553	615
			553	614
			554	613
			554	612
			555	611
			555	610
			556	610
			557	609
			557	608
			558	607
			559	606
			559	605
			560	604
			561	603
			562	603
			562	602
			563	601
			564	600
			565	599
			566	598
			567	597
			568	596
			569	595
			570	594
			571	593
			572	592
			573	591
			574	590
			575	590
			576	589
			577	588
			578	587
			579	586
			580	586
			581	585
			582	585
			583	584
			584	583
			585	583
			585	582
			586	581
			587	581
			588	580
			589	580
			590	579
			591	578
			592	578
			593	577
			594	577
			595	576
			596	576
			597	575
			598	574
			599	574
			600	573
			601	573
			602	573
			603	572
			604	571
			605	571
			606	571
			607	570
			608	570
			609	569
			610	569
			611	568
			612	568
			613	567
			614	567
			615	567
			616	566
			617	566
			617	565
			618	565
			619	565
			620	564
			621	564
			622	564
			622	563
			623	563
			624	562
			625	562
			626	562
			627	561
			628	561
			629	560
			630	560
			631	560
			632	559
			633	559
			634	558
			635	558
			636	558
			637	558
			638	557
			639	557
			640	557
			641	556
			642	556
			643	556
			644	555
			645	555
			646	555
			647	554
			648	554
			649	554
			650	553
			651	553
			652	553
			653	552
			654	552
			655	552
			656	552
			657	552
			658	551
			659	551
			660	551
			661	550
			662	550
			663	550
			664	550
			665	550
			666	549
			667	549
			668	549
			669	549
			670	549
			671	548
			672	548
			673	548
			674	548
			675	548
			676	547
			677	547
			678	547
			679	547
			680	547
			681	547
			682	546
			683	546
			684	546
			685	546
			686	546
			687	546
			688	546
			689	545
			690	545
			691	545
			692	545
			693	545
			694	545
			695	545
			696	545
			697	544
			698	544
			699	544
			700	544
			701	544
			702	544
			703	544
			704	544
			705	544
			706	544
			707	544
			708	543
			709	543
			710	543
			711	543
			712	543
			713	543
			714	543
			715	543
			716	543
			717	543
			718	543
			719	543
			720	543
			721	543
			722	543
			723	543
			724	543
			725	543
			726	543
			727	543
			728	543
			729	543
			730	543
			731	543
			732	543
			733	543
			734	543
			735	543
			736	543
			737	543
			738	543
			739	543
			740	543
			741	543
			742	543
			743	543
			744	543
			745	543
			746	543
			747	543
			748	543
			749	543
			750	543
			751	543
			752	543
			753	543
			754	543
			755	543
			756	543
			757	543
			758	543
			759	543
			760	544
			761	544
			762	544
			763	544
			764	544
			765	544
			766	544
			767	544
			768	544
			769	544
			770	544
			771	544
			772	545
			773	545
			774	545
			775	545
			776	545
			777	545
			778	545
			779	545
			780	545
			781	545
			782	545
			783	545
			784	545
			785	545
			786	545
			787	545
			788	545
			789	545
			790	545
			791	545
			792	545
			793	545
			794	545
			795	545
			796	545
			797	545
			798	545
			799	545
			800	545
			801	545
			802	545
			803	545
			804	545
			805	545
			806	545
			807	545
			808	545
			809	545
			810	545
			811	545
			812	545
			813	545
			814	545
			815	545
			816	545
			817	545
			818	545
			819	545
			820	545
			821	545
			822	545
			823	545
			824	545
			825	545
			826	545
			827	545
			828	545
			829	545
			830	545
			831	545
			832	545
			833	545
			834	545
			835	545
			836	545
			837	545
			838	545
			839	545
			840	545
			841	545
			842	545
			843	545
			844	545
			845	545
			846	545
			847	545
			848	545
			849	545
			850	545
			851	545
			852	544
			853	544
			854	544
			855	544
			856	544
			857	544
			858	544
			859	544
			860	544
			861	544
			862	544
			863	544
			864	544
			865	544
			866	544
			867	544
			868	544
			869	544
			870	544
			871	544
			872	544
			873	544
			874	544
			875	544
			876	544
			877	544
			878	544
			879	544
			880	544
			881	544
			882	544
			883	544
			884	544
			885	544
			886	544
			887	544
			888	544
			889	544
			890	544
			891	544
			892	544
			893	543
			894	543
			895	543
			896	543
			897	543
			898	543
			899	543
			900	543
			901	543
			902	543
			903	543
			904	543
			905	543
			906	543
			907	543
			908	543
			909	543
			910	543
			911	543
			912	543
			913	543
			914	543
			915	542
			916	542
			917	542
			918	542
			919	542
			920	542
			921	542
			922	542
			923	542
			924	542
			925	542
			926	542
			927	542
			928	542
			928	541
			929	541
			930	541
			931	541
			932	541
			933	541
			934	541
			935	541
			936	541
			937	540
			938	540
			939	540
			940	540
		</Snout_dorsal>
		<Dorsal_adipose type=matrix rownames=FALSE colnames=FALSE nrow=271 ncol=2 as.numeric=TRUE >
			940	540
			941	540
			942	540
			943	541
			944	541
			945	541
			946	541
			947	542
			948	542
			949	542
			950	542
			951	542
			952	543
			953	543
			954	543
			955	543
			956	544
			957	544
			958	544
			959	544
			960	544
			961	545
			962	545
			963	545
			964	545
			965	546
			966	546
			967	546
			968	546
			969	547
			970	547
			971	547
			972	547
			973	547
			974	548
			975	548
			976	548
			977	548
			978	549
			979	549
			980	549
			981	549
			982	549
			983	550
			984	550
			985	550
			986	550
			987	551
			988	551
			989	551
			990	551
			991	551
			992	552
			993	552
			994	552
			995	552
			995	553
			996	553
			997	553
			998	553
			999	554
			1000	554
			1001	554
			1002	554
			1003	554
			1004	555
			1005	555
			1006	555
			1007	555
			1008	556
			1009	556
			1010	556
			1011	556
			1012	557
			1013	557
			1014	557
			1015	557
			1016	558
			1017	558
			1018	558
			1019	558
			1020	558
			1021	559
			1022	559
			1023	559
			1024	559
			1025	560
			1026	560
			1027	560
			1028	561
			1029	561
			1030	561
			1031	561
			1032	561
			1033	562
			1034	562
			1035	562
			1036	562
			1037	563
			1038	563
			1039	563
			1040	563
			1041	564
			1042	564
			1043	564
			1044	564
			1045	565
			1046	565
			1047	565
			1048	566
			1049	566
			1050	566
			1051	566
			1052	567
			1053	567
			1054	567
			1055	567
			1056	568
			1057	568
			1058	568
			1059	568
			1060	569
			1061	569
			1062	569
			1063	569
			1064	570
			1065	570
			1066	570
			1067	570
			1068	571
			1069	571
			1070	571
			1071	571
			1072	572
			1073	572
			1074	572
			1075	572
			1076	573
			1077	573
			1078	573
			1079	573
			1080	574
			1081	574
			1082	574
			1083	575
			1084	575
			1085	575
			1086	575
			1087	576
			1088	576
			1089	576
			1090	576
			1091	576
			1091	577
			1092	577
			1093	577
			1094	577
			1095	578
			1096	578
			1097	578
			1098	578
			1099	579
			1100	579
			1101	579
			1102	580
			1103	580
			1104	580
			1105	580
			1106	580
			1106	581
			1107	581
			1108	581
			1109	581
			1110	581
			1110	582
			1111	582
			1112	582
			1113	582
			1114	582
			1115	583
			1116	583
			1117	583
			1118	583
			1119	584
			1120	584
			1121	584
			1122	584
			1123	585
			1124	585
			1125	585
			1126	585
			1127	586
			1128	586
			1129	586
			1130	586
			1131	586
			1132	587
			1133	587
			1134	587
			1135	587
			1136	587
			1137	588
			1138	588
			1139	588
			1140	588
			1141	589
			1142	589
			1143	589
			1144	589
			1145	589
			1146	590
			1147	590
			1148	590
			1149	590
			1150	590
			1151	591
			1152	591
			1153	591
			1154	591
			1155	592
			1156	592
			1157	592
			1158	592
			1159	592
			1160	593
			1161	593
			1162	593
			1163	593
			1164	593
			1165	594
			1166	594
			1167	594
			1168	594
			1169	594
			1170	595
			1171	595
			1172	595
			1173	595
			1174	595
			1175	594
			1176	594
			1177	594
			1178	594
			1179	594
			1180	594
			1181	594
			1182	594
			1183	593
			1184	593
			1185	593
			1186	593
			1187	593
			1188	593
			1189	593
			1190	593
			1191	593
			1192	593
			1193	593
			1194	593
			1195	593
			1196	593
			1197	593
			1198	593
			1199	593
			1200	593
			1201	594
			1202	594
			1203	594
			1204	594
			1205	594
			1206	594
		</Dorsal_adipose>
		<Adipose_caudal type=matrix rownames=FALSE colnames=FALSE nrow=160 ncol=2 as.numeric=TRUE >
			1206	594
			1207	594
			1208	595
			1209	595
			1210	595
			1211	596
			1212	596
			1213	596
			1213	597
			1214	597
			1215	597
			1215	598
			1216	598
			1217	598
			1217	599
			1218	599
			1219	600
			1220	600
			1221	601
			1222	602
			1223	602
			1224	603
			1225	604
			1226	605
			1227	606
			1227	607
			1228	608
			1228	609
			1229	609
			1230	609
			1231	610
			1232	610
			1233	610
			1234	610
			1235	610
			1235	611
			1236	611
			1237	611
			1238	611
			1239	611
			1240	611
			1241	612
			1242	612
			1243	612
			1244	612
			1245	613
			1246	613
			1247	613
			1248	613
			1249	613
			1250	614
			1251	614
			1252	614
			1253	614
			1254	614
			1255	614
			1256	615
			1257	615
			1258	615
			1259	615
			1260	615
			1261	616
			1262	616
			1263	616
			1264	616
			1265	616
			1266	616
			1266	617
			1267	617
			1268	617
			1269	617
			1270	617
			1271	617
			1272	617
			1272	618
			1273	618
			1274	618
			1275	618
			1276	618
			1277	618
			1278	619
			1279	619
			1280	619
			1281	619
			1282	619
			1283	619
			1284	620
			1285	620
			1286	620
			1287	620
			1288	620
			1289	620
			1290	621
			1291	621
			1292	621
			1293	621
			1294	621
			1295	621
			1296	621
			1297	621
			1298	622
			1299	622
			1300	622
			1301	622
			1302	622
			1303	622
			1304	622
			1305	622
			1306	623
			1307	623
			1308	623
			1309	623
			1310	623
			1311	623
			1312	623
			1313	623
			1314	623
			1315	623
			1316	623
			1317	623
			1318	623
			1319	623
			1320	623
			1321	623
			1322	623
			1323	623
			1324	623
			1325	622
			1326	622
			1327	622
			1328	622
			1329	622
			1330	621
			1331	621
			1332	621
			1333	621
			1334	621
			1335	621
			1336	621
			1337	620
			1338	620
			1339	620
			1340	620
			1341	620
			1342	620
			1343	620
			1344	620
			1345	620
			1346	620
			1347	620
			1348	620
			1349	621
			1350	621
			1351	621
			1352	621
			1353	621
			1354	621
			1354	622
			1355	622
			1356	622
		</Adipose_caudal>
		<Caudal_anal type=matrix rownames=FALSE colnames=FALSE nrow=237 ncol=2 as.numeric=TRUE >
			1348	743
			1347	743
			1346	744
			1345	744
			1344	744
			1343	744
			1342	744
			1341	744
			1340	744
			1339	744
			1338	744
			1337	744
			1336	744
			1335	744
			1334	744
			1333	744
			1332	744
			1331	743
			1330	743
			1329	743
			1328	743
			1327	742
			1326	742
			1325	742
			1324	742
			1323	741
			1322	741
			1321	741
			1320	740
			1319	740
			1318	739
			1317	739
			1316	739
			1315	739
			1314	738
			1313	738
			1312	738
			1311	738
			1310	738
			1309	738
			1308	738
			1307	738
			1306	738
			1305	738
			1304	738
			1304	737
			1303	737
			1302	737
			1301	737
			1300	737
			1299	737
			1298	737
			1297	737
			1296	737
			1295	737
			1294	738
			1293	738
			1292	738
			1291	738
			1290	738
			1289	738
			1288	738
			1287	738
			1286	738
			1285	738
			1284	738
			1283	739
			1282	739
			1281	739
			1280	739
			1279	739
			1278	739
			1277	739
			1276	740
			1275	740
			1274	740
			1273	740
			1272	740
			1271	741
			1270	741
			1269	741
			1268	741
			1267	742
			1266	742
			1265	742
			1264	742
			1263	742
			1262	743
			1261	743
			1260	743
			1259	743
			1258	744
			1257	744
			1256	744
			1255	744
			1254	745
			1253	745
			1252	745
			1251	745
			1250	745
			1249	746
			1248	746
			1247	746
			1246	746
			1245	746
			1244	747
			1243	747
			1242	747
			1241	748
			1240	748
			1239	748
			1238	748
			1237	748
			1236	749
			1235	749
			1234	749
			1233	749
			1232	749
			1231	750
			1230	750
			1229	750
			1228	750
			1227	750
			1226	751
			1225	751
			1224	751
			1223	751
			1222	751
			1222	752
			1221	752
			1220	752
			1219	752
			1218	752
			1217	752
			1216	753
			1215	753
			1214	753
			1213	753
			1212	753
			1211	754
			1210	754
			1209	754
			1208	754
			1207	755
			1206	755
			1205	755
			1204	755
			1203	755
			1202	755
			1201	756
			1200	756
			1199	756
			1198	756
			1197	756
			1196	757
			1195	757
			1194	757
			1193	757
			1192	757
			1191	757
			1190	758
			1189	758
			1188	758
			1187	758
			1186	758
			1185	759
			1184	759
			1183	759
			1182	759
			1181	759
			1180	759
			1179	760
			1178	760
			1177	760
			1176	760
			1175	760
			1174	760
			1173	760
			1172	761
			1171	761
			1170	761
			1169	761
			1168	761
			1167	761
			1166	762
			1165	762
			1164	762
			1163	762
			1162	762
			1161	762
			1160	763
			1159	763
			1158	763
			1157	763
			1156	763
			1155	763
			1154	763
			1153	763
			1153	764
			1152	764
			1151	764
			1150	764
			1149	764
			1148	764
			1147	764
			1146	764
			1145	765
			1144	765
			1143	765
			1142	765
			1141	765
			1140	765
			1139	765
			1138	766
			1137	766
			1136	766
			1135	766
			1134	766
			1133	766
			1132	766
			1131	766
			1130	766
			1129	767
			1128	767
			1127	767
			1126	767
			1125	767
			1124	767
			1123	767
			1122	767
			1121	767
			1120	768
			1119	768
			1118	768
			1117	768
			1116	768
			1115	768
		</Caudal_anal>
	</curves.pixel>
	<curves.scaled type=list>
		<Snout_dorsal type=matrix rownames=FALSE colnames=FALSE nrow=467 ncol=2 as.numeric=TRUE >
			20.9919895804343	-26.3755441038298
			20.9919895804343	-26.3368134957478
			20.9919895804343	-26.2980828876658
			20.9919895804343	-26.2593522795839
			20.9532589723523	-26.2206216715019
			20.9532589723523	-26.1818910634199
			20.9532589723523	-26.1431604553379
			20.9532589723523	-26.1044298472559
			20.9532589723523	-26.0656992391739
			20.9532589723523	-26.026968631092
			20.9532589723523	-25.98823802301
			20.9532589723523	-25.949507414928
			20.9532589723523	-25.910776806846
			20.9145283642703	-25.872046198764
			20.9145283642703	-25.833315590682
			20.9145283642703	-25.7945849826001
			20.9145283642703	-25.7558543745181
			20.9145283642703	-25.7171237664361
			20.9145283642703	-25.6783931583541
			20.9145283642703	-25.6396625502721
			20.9145283642703	-25.6009319421902
			20.9145283642703	-25.5622013341082
			20.9145283642703	-25.5234707260262
			20.9145283642703	-25.4847401179442
			20.9145283642703	-25.4460095098622
			20.9145283642703	-25.4072789017802
			20.9145283642703	-25.3685482936983
			20.9145283642703	-25.3298176856163
			20.9532589723523	-25.2910870775343
			20.9532589723523	-25.2523564694523
			20.9532589723523	-25.2136258613703
			20.9532589723523	-25.1748952532884
			20.9532589723523	-25.1361646452064
			20.9532589723523	-25.0974340371244
			20.9532589723523	-25.0587034290424
			20.9532589723523	-25.0199728209604
			20.9919895804343	-24.9812422128784
			20.9919895804343	-24.9425116047965
			20.9919895804343	-24.9037809967145
			20.9919895804343	-24.8650503886325
			20.9919895804343	-24.8263197805505
			21.0307201885163	-24.7875891724685
			21.0307201885163	-24.7488585643865
			21.0307201885163	-24.7101279563046
			21.0307201885163	-24.6713973482226
			21.0307201885163	-24.6326667401406
			21.0694507965983	-24.6326667401406
			21.0694507965983	-24.5939361320586
			21.0694507965983	-24.5552055239766
			21.0694507965983	-24.5164749158947
			21.1081814046802	-24.4777443078127
			21.1081814046802	-24.4390136997307
			21.1081814046802	-24.4002830916487
			21.1469120127622	-24.4002830916487
			21.1469120127622	-24.3615524835667
			21.1469120127622	-24.3228218754847
			21.1856426208442	-24.2840912674028
			21.1856426208442	-24.2453606593208
			21.1856426208442	-24.2066300512388
			21.2243732289262	-24.2066300512388
			21.2243732289262	-24.1678994431568
			21.2243732289262	-24.1291688350748
			21.2631038370082	-24.0904382269929
			21.2631038370082	-24.0517076189109
			21.3018344450901	-24.0129770108289
			21.3018344450901	-23.9742464027469
			21.3405650531721	-23.9355157946649
			21.3405650531721	-23.8967851865829
			21.3792956612541	-23.858054578501
			21.4180262693361	-23.819323970419
			21.4180262693361	-23.780593362337
			21.4567568774181	-23.741862754255
			21.4567568774181	-23.703132146173
			21.4954874855001	-23.6644015380911
			21.4954874855001	-23.6256709300091
			21.534218093582	-23.6256709300091
			21.572948701664	-23.5869403219271
			21.572948701664	-23.5482097138451
			21.611679309746	-23.5094791057631
			21.650409917828	-23.4707484976811
			21.650409917828	-23.4320178895992
			21.68914052591	-23.3932872815172
			21.7278711339919	-23.3545566734352
			21.7666017420739	-23.3545566734352
			21.7666017420739	-23.3158260653532
			21.8053323501559	-23.2770954572712
			21.8440629582379	-23.2383648491892
			21.8827935663199	-23.1996342411073
			21.9215241744019	-23.1609036330253
			21.9602547824838	-23.1221730249433
			21.9989853905658	-23.0834424168613
			22.0377159986478	-23.0447118087793
			22.0764466067298	-23.0059812006974
			22.1151772148118	-22.9672505926154
			22.1539078228937	-22.9285199845334
			22.1926384309757	-22.8897893764514
			22.2313690390577	-22.8510587683694
			22.2700996471397	-22.8510587683694
			22.3088302552217	-22.8123281602874
			22.3475608633037	-22.7735975522055
			22.3862914713856	-22.7348669441235
			22.4250220794676	-22.6961363360415
			22.4637526875496	-22.6961363360415
			22.5024832956316	-22.6574057279595
			22.5412139037136	-22.6574057279595
			22.5799445117956	-22.6186751198775
			22.6186751198775	-22.5799445117956
			22.6574057279595	-22.5799445117956
			22.6574057279595	-22.5412139037136
			22.6961363360415	-22.5024832956316
			22.7348669441235	-22.5024832956316
			22.7735975522055	-22.4637526875496
			22.8123281602874	-22.4637526875496
			22.8510587683694	-22.4250220794676
			22.8897893764514	-22.3862914713856
			22.9285199845334	-22.3862914713856
			22.9672505926154	-22.3475608633037
			23.0059812006974	-22.3475608633037
			23.0447118087793	-22.3088302552217
			23.0834424168613	-22.3088302552217
			23.1221730249433	-22.2700996471397
			23.1609036330253	-22.2313690390577
			23.1996342411073	-22.2313690390577
			23.2383648491892	-22.1926384309757
			23.2770954572712	-22.1926384309757
			23.3158260653532	-22.1926384309757
			23.3545566734352	-22.1539078228937
			23.3932872815172	-22.1151772148118
			23.4320178895992	-22.1151772148118
			23.4707484976811	-22.1151772148118
			23.5094791057631	-22.0764466067298
			23.5482097138451	-22.0764466067298
			23.5869403219271	-22.0377159986478
			23.6256709300091	-22.0377159986478
			23.6644015380911	-21.9989853905658
			23.703132146173	-21.9989853905658
			23.741862754255	-21.9602547824838
			23.780593362337	-21.9602547824838
			23.819323970419	-21.9602547824838
			23.858054578501	-21.9215241744019
			23.8967851865829	-21.9215241744019
			23.8967851865829	-21.8827935663199
			23.9355157946649	-21.8827935663199
			23.9742464027469	-21.8827935663199
			24.0129770108289	-21.8440629582379
			24.0517076189109	-21.8440629582379
			24.0904382269929	-21.8440629582379
			24.0904382269929	-21.8053323501559
			24.1291688350748	-21.8053323501559
			24.1678994431568	-21.7666017420739
			24.2066300512388	-21.7666017420739
			24.2453606593208	-21.7666017420739
			24.2840912674028	-21.7278711339919
			24.3228218754847	-21.7278711339919
			24.3615524835667	-21.68914052591
			24.4002830916487	-21.68914052591
			24.4390136997307	-21.68914052591
			24.4777443078127	-21.650409917828
			24.5164749158947	-21.650409917828
			24.5552055239766	-21.611679309746
			24.5939361320586	-21.611679309746
			24.6326667401406	-21.611679309746
			24.6713973482226	-21.611679309746
			24.7101279563046	-21.572948701664
			24.7488585643865	-21.572948701664
			24.7875891724685	-21.572948701664
			24.8263197805505	-21.534218093582
			24.8650503886325	-21.534218093582
			24.9037809967145	-21.534218093582
			24.9425116047965	-21.4954874855001
			24.9812422128784	-21.4954874855001
			25.0199728209604	-21.4954874855001
			25.0587034290424	-21.4567568774181
			25.0974340371244	-21.4567568774181
			25.1361646452064	-21.4567568774181
			25.1748952532884	-21.4180262693361
			25.2136258613703	-21.4180262693361
			25.2523564694523	-21.4180262693361
			25.2910870775343	-21.3792956612541
			25.3298176856163	-21.3792956612541
			25.3685482936983	-21.3792956612541
			25.4072789017802	-21.3792956612541
			25.4460095098622	-21.3792956612541
			25.4847401179442	-21.3405650531721
			25.5234707260262	-21.3405650531721
			25.5622013341082	-21.3405650531721
			25.6009319421902	-21.3018344450901
			25.6396625502721	-21.3018344450901
			25.6783931583541	-21.3018344450901
			25.7171237664361	-21.3018344450901
			25.7558543745181	-21.3018344450901
			25.7945849826001	-21.2631038370082
			25.833315590682	-21.2631038370082
			25.872046198764	-21.2631038370082
			25.910776806846	-21.2631038370082
			25.949507414928	-21.2631038370082
			25.98823802301	-21.2243732289262
			26.026968631092	-21.2243732289262
			26.0656992391739	-21.2243732289262
			26.1044298472559	-21.2243732289262
			26.1431604553379	-21.2243732289262
			26.1818910634199	-21.1856426208442
			26.2206216715019	-21.1856426208442
			26.2593522795839	-21.1856426208442
			26.2980828876658	-21.1856426208442
			26.3368134957478	-21.1856426208442
			26.3755441038298	-21.1856426208442
			26.4142747119118	-21.1469120127622
			26.4530053199938	-21.1469120127622
			26.4917359280757	-21.1469120127622
			26.5304665361577	-21.1469120127622
			26.5691971442397	-21.1469120127622
			26.6079277523217	-21.1469120127622
			26.6466583604037	-21.1469120127622
			26.6853889684857	-21.1081814046802
			26.7241195765676	-21.1081814046802
			26.7628501846496	-21.1081814046802
			26.8015807927316	-21.1081814046802
			26.8403114008136	-21.1081814046802
			26.8790420088956	-21.1081814046802
			26.9177726169775	-21.1081814046802
			26.9565032250595	-21.1081814046802
			26.9952338331415	-21.0694507965983
			27.0339644412235	-21.0694507965983
			27.0726950493055	-21.0694507965983
			27.1114256573875	-21.0694507965983
			27.1501562654694	-21.0694507965983
			27.1888868735514	-21.0694507965983
			27.2276174816334	-21.0694507965983
			27.2663480897154	-21.0694507965983
			27.3050786977974	-21.0694507965983
			27.3438093058794	-21.0694507965983
			27.3825399139613	-21.0694507965983
			27.4212705220433	-21.0307201885163
			27.4600011301253	-21.0307201885163
			27.4987317382073	-21.0307201885163
			27.5374623462893	-21.0307201885163
			27.5761929543712	-21.0307201885163
			27.6149235624532	-21.0307201885163
			27.6536541705352	-21.0307201885163
			27.6923847786172	-21.0307201885163
			27.7311153866992	-21.0307201885163
			27.7698459947812	-21.0307201885163
			27.8085766028631	-21.0307201885163
			27.8473072109451	-21.0307201885163
			27.8860378190271	-21.0307201885163
			27.9247684271091	-21.0307201885163
			27.9634990351911	-21.0307201885163
			28.002229643273	-21.0307201885163
			28.040960251355	-21.0307201885163
			28.079690859437	-21.0307201885163
			28.118421467519	-21.0307201885163
			28.157152075601	-21.0307201885163
			28.195882683683	-21.0307201885163
			28.2346132917649	-21.0307201885163
			28.2733438998469	-21.0307201885163
			28.3120745079289	-21.0307201885163
			28.3508051160109	-21.0307201885163
			28.3895357240929	-21.0307201885163
			28.4282663321748	-21.0307201885163
			28.4669969402568	-21.0307201885163
			28.5057275483388	-21.0307201885163
			28.5444581564208	-21.0307201885163
			28.5831887645028	-21.0307201885163
			28.6219193725848	-21.0307201885163
			28.6606499806667	-21.0307201885163
			28.6993805887487	-21.0307201885163
			28.7381111968307	-21.0307201885163
			28.7768418049127	-21.0307201885163
			28.8155724129947	-21.0307201885163
			28.8543030210766	-21.0307201885163
			28.8930336291586	-21.0307201885163
			28.9317642372406	-21.0307201885163
			28.9704948453226	-21.0307201885163
			29.0092254534046	-21.0307201885163
			29.0479560614866	-21.0307201885163
			29.0866866695685	-21.0307201885163
			29.1254172776505	-21.0307201885163
			29.1641478857325	-21.0307201885163
			29.2028784938145	-21.0307201885163
			29.2416091018965	-21.0307201885163
			29.2803397099785	-21.0307201885163
			29.3190703180604	-21.0307201885163
			29.3578009261424	-21.0307201885163
			29.3965315342244	-21.0307201885163
			29.4352621423064	-21.0694507965983
			29.4739927503884	-21.0694507965983
			29.5127233584703	-21.0694507965983
			29.5514539665523	-21.0694507965983
			29.5901845746343	-21.0694507965983
			29.6289151827163	-21.0694507965983
			29.6676457907983	-21.0694507965983
			29.7063763988803	-21.0694507965983
			29.7451070069622	-21.0694507965983
			29.7838376150442	-21.0694507965983
			29.8225682231262	-21.0694507965983
			29.8612988312082	-21.0694507965983
			29.9000294392902	-21.1081814046802
			29.9387600473721	-21.1081814046802
			29.9774906554541	-21.1081814046802
			30.0162212635361	-21.1081814046802
			30.0549518716181	-21.1081814046802
			30.0936824797001	-21.1081814046802
			30.1324130877821	-21.1081814046802
			30.171143695864	-21.1081814046802
			30.209874303946	-21.1081814046802
			30.248604912028	-21.1081814046802
			30.28733552011	-21.1081814046802
			30.326066128192	-21.1081814046802
			30.364796736274	-21.1081814046802
			30.4035273443559	-21.1081814046802
			30.4422579524379	-21.1081814046802
			30.4809885605199	-21.1081814046802
			30.5197191686019	-21.1081814046802
			30.5584497766839	-21.1081814046802
			30.5971803847658	-21.1081814046802
			30.6359109928478	-21.1081814046802
			30.6746416009298	-21.1081814046802
			30.7133722090118	-21.1081814046802
			30.7521028170938	-21.1081814046802
			30.7908334251758	-21.1081814046802
			30.8295640332577	-21.1081814046802
			30.8682946413397	-21.1081814046802
			30.9070252494217	-21.1081814046802
			30.9457558575037	-21.1081814046802
			30.9844864655857	-21.1081814046802
			31.0232170736676	-21.1081814046802
			31.0619476817496	-21.1081814046802
			31.1006782898316	-21.1081814046802
			31.1394088979136	-21.1081814046802
			31.1781395059956	-21.1081814046802
			31.2168701140776	-21.1081814046802
			31.2556007221595	-21.1081814046802
			31.2943313302415	-21.1081814046802
			31.3330619383235	-21.1081814046802
			31.3717925464055	-21.1081814046802
			31.4105231544875	-21.1081814046802
			31.4492537625694	-21.1081814046802
			31.4879843706514	-21.1081814046802
			31.5267149787334	-21.1081814046802
			31.5654455868154	-21.1081814046802
			31.6041761948974	-21.1081814046802
			31.6429068029794	-21.1081814046802
			31.6816374110613	-21.1081814046802
			31.7203680191433	-21.1081814046802
			31.7590986272253	-21.1081814046802
			31.7978292353073	-21.1081814046802
			31.8365598433893	-21.1081814046802
			31.8752904514713	-21.1081814046802
			31.9140210595532	-21.1081814046802
			31.9527516676352	-21.1081814046802
			31.9914822757172	-21.1081814046802
			32.0302128837992	-21.1081814046802
			32.0689434918812	-21.1081814046802
			32.1076740999631	-21.1081814046802
			32.1464047080451	-21.1081814046802
			32.1851353161271	-21.1081814046802
			32.2238659242091	-21.1081814046802
			32.2625965322911	-21.1081814046802
			32.3013271403731	-21.1081814046802
			32.340057748455	-21.1081814046802
			32.378788356537	-21.1081814046802
			32.417518964619	-21.1081814046802
			32.456249572701	-21.1081814046802
			32.494980180783	-21.1081814046802
			32.5337107888649	-21.1081814046802
			32.5724413969469	-21.1081814046802
			32.6111720050289	-21.1081814046802
			32.6499026131109	-21.1081814046802
			32.6886332211929	-21.1081814046802
			32.7273638292749	-21.1081814046802
			32.7660944373568	-21.1081814046802
			32.8048250454388	-21.1081814046802
			32.8435556535208	-21.1081814046802
			32.8822862616028	-21.1081814046802
			32.9210168696848	-21.1081814046802
			32.9597474777667	-21.1081814046802
			32.9984780858487	-21.0694507965983
			33.0372086939307	-21.0694507965983
			33.0759393020127	-21.0694507965983
			33.1146699100947	-21.0694507965983
			33.1534005181767	-21.0694507965983
			33.1921311262586	-21.0694507965983
			33.2308617343406	-21.0694507965983
			33.2695923424226	-21.0694507965983
			33.3083229505046	-21.0694507965983
			33.3470535585866	-21.0694507965983
			33.3857841666686	-21.0694507965983
			33.4245147747505	-21.0694507965983
			33.4632453828325	-21.0694507965983
			33.5019759909145	-21.0694507965983
			33.5407065989965	-21.0694507965983
			33.5794372070785	-21.0694507965983
			33.6181678151604	-21.0694507965983
			33.6568984232424	-21.0694507965983
			33.6956290313244	-21.0694507965983
			33.7343596394064	-21.0694507965983
			33.7730902474884	-21.0694507965983
			33.8118208555704	-21.0694507965983
			33.8505514636523	-21.0694507965983
			33.8892820717343	-21.0694507965983
			33.9280126798163	-21.0694507965983
			33.9667432878983	-21.0694507965983
			34.0054738959803	-21.0694507965983
			34.0442045040623	-21.0694507965983
			34.0829351121442	-21.0694507965983
			34.1216657202262	-21.0694507965983
			34.1603963283082	-21.0694507965983
			34.1991269363902	-21.0694507965983
			34.2378575444722	-21.0694507965983
			34.2765881525541	-21.0694507965983
			34.3153187606361	-21.0694507965983
			34.3540493687181	-21.0694507965983
			34.3927799768001	-21.0694507965983
			34.4315105848821	-21.0694507965983
			34.4702411929641	-21.0694507965983
			34.508971801046	-21.0694507965983
			34.547702409128	-21.0694507965983
			34.58643301721	-21.0307201885163
			34.625163625292	-21.0307201885163
			34.663894233374	-21.0307201885163
			34.7026248414559	-21.0307201885163
			34.7413554495379	-21.0307201885163
			34.7800860576199	-21.0307201885163
			34.8188166657019	-21.0307201885163
			34.8575472737839	-21.0307201885163
			34.8962778818659	-21.0307201885163
			34.9350084899478	-21.0307201885163
			34.9737390980298	-21.0307201885163
			35.0124697061118	-21.0307201885163
			35.0512003141938	-21.0307201885163
			35.0899309222758	-21.0307201885163
			35.1286615303577	-21.0307201885163
			35.1673921384397	-21.0307201885163
			35.2061227465217	-21.0307201885163
			35.2448533546037	-21.0307201885163
			35.2835839626857	-21.0307201885163
			35.3223145707677	-21.0307201885163
			35.3610451788496	-21.0307201885163
			35.3997757869316	-21.0307201885163
			35.4385063950136	-20.9919895804343
			35.4772370030956	-20.9919895804343
			35.5159676111776	-20.9919895804343
			35.5546982192595	-20.9919895804343
			35.5934288273415	-20.9919895804343
			35.6321594354235	-20.9919895804343
			35.6708900435055	-20.9919895804343
			35.7096206515875	-20.9919895804343
			35.7483512596695	-20.9919895804343
			35.7870818677514	-20.9919895804343
			35.8258124758334	-20.9919895804343
			35.8645430839154	-20.9919895804343
			35.9032736919974	-20.9919895804343
			35.9420043000794	-20.9919895804343
			35.9420043000794	-20.9532589723523
			35.9807349081614	-20.9532589723523
			36.0194655162433	-20.9532589723523
			36.0581961243253	-20.9532589723523
			36.0969267324073	-20.9532589723523
			36.1356573404893	-20.9532589723523
			36.1743879485713	-20.9532589723523
			36.2131185566532	-20.9532589723523
			36.2518491647352	-20.9532589723523
			36.2905797728172	-20.9145283642703
			36.3293103808992	-20.9145283642703
			36.3680409889812	-20.9145283642703
			36.4067715970632	-20.9145283642703
		</Snout_dorsal>
		<Dorsal_adipose type=matrix rownames=FALSE colnames=FALSE nrow=271 ncol=2 as.numeric=TRUE >
			36.4067715970632	-20.9145283642703
			36.4455022051451	-20.9145283642703
			36.4842328132271	-20.9145283642703
			36.5229634213091	-20.9532589723523
			36.5616940293911	-20.9532589723523
			36.6004246374731	-20.9532589723523
			36.639155245555	-20.9532589723523
			36.677885853637	-20.9919895804343
			36.716616461719	-20.9919895804343
			36.755347069801	-20.9919895804343
			36.794077677883	-20.9919895804343
			36.832808285965	-20.9919895804343
			36.8715388940469	-21.0307201885163
			36.9102695021289	-21.0307201885163
			36.9490001102109	-21.0307201885163
			36.9877307182929	-21.0307201885163
			37.0264613263749	-21.0694507965983
			37.0651919344568	-21.0694507965983
			37.1039225425388	-21.0694507965983
			37.1426531506208	-21.0694507965983
			37.1813837587028	-21.0694507965983
			37.2201143667848	-21.1081814046802
			37.2588449748668	-21.1081814046802
			37.2975755829487	-21.1081814046802
			37.3363061910307	-21.1081814046802
			37.3750367991127	-21.1469120127622
			37.4137674071947	-21.1469120127622
			37.4524980152767	-21.1469120127622
			37.4912286233587	-21.1469120127622
			37.5299592314406	-21.1856426208442
			37.5686898395226	-21.1856426208442
			37.6074204476046	-21.1856426208442
			37.6461510556866	-21.1856426208442
			37.6848816637686	-21.1856426208442
			37.7236122718505	-21.2243732289262
			37.7623428799325	-21.2243732289262
			37.8010734880145	-21.2243732289262
			37.8398040960965	-21.2243732289262
			37.8785347041785	-21.2631038370082
			37.9172653122605	-21.2631038370082
			37.9559959203424	-21.2631038370082
			37.9947265284244	-21.2631038370082
			38.0334571365064	-21.2631038370082
			38.0721877445884	-21.3018344450901
			38.1109183526704	-21.3018344450901
			38.1496489607524	-21.3018344450901
			38.1883795688343	-21.3018344450901
			38.2271101769163	-21.3405650531721
			38.2658407849983	-21.3405650531721
			38.3045713930803	-21.3405650531721
			38.3433020011623	-21.3405650531721
			38.3820326092442	-21.3405650531721
			38.4207632173262	-21.3792956612541
			38.4594938254082	-21.3792956612541
			38.4982244334902	-21.3792956612541
			38.5369550415722	-21.3792956612541
			38.5369550415722	-21.4180262693361
			38.5756856496542	-21.4180262693361
			38.6144162577361	-21.4180262693361
			38.6531468658181	-21.4180262693361
			38.6918774739001	-21.4567568774181
			38.7306080819821	-21.4567568774181
			38.7693386900641	-21.4567568774181
			38.808069298146	-21.4567568774181
			38.846799906228	-21.4567568774181
			38.88553051431	-21.4954874855001
			38.924261122392	-21.4954874855001
			38.962991730474	-21.4954874855001
			39.001722338556	-21.4954874855001
			39.0404529466379	-21.534218093582
			39.0791835547199	-21.534218093582
			39.1179141628019	-21.534218093582
			39.1566447708839	-21.534218093582
			39.1953753789659	-21.572948701664
			39.2341059870478	-21.572948701664
			39.2728365951298	-21.572948701664
			39.3115672032118	-21.572948701664
			39.3502978112938	-21.611679309746
			39.3890284193758	-21.611679309746
			39.4277590274578	-21.611679309746
			39.4664896355397	-21.611679309746
			39.5052202436217	-21.611679309746
			39.5439508517037	-21.650409917828
			39.5826814597857	-21.650409917828
			39.6214120678677	-21.650409917828
			39.6601426759497	-21.650409917828
			39.6988732840316	-21.68914052591
			39.7376038921136	-21.68914052591
			39.7763345001956	-21.68914052591
			39.8150651082776	-21.7278711339919
			39.8537957163596	-21.7278711339919
			39.8925263244415	-21.7278711339919
			39.9312569325235	-21.7278711339919
			39.9699875406055	-21.7278711339919
			40.0087181486875	-21.7666017420739
			40.0474487567695	-21.7666017420739
			40.0861793648515	-21.7666017420739
			40.1249099729334	-21.7666017420739
			40.1636405810154	-21.8053323501559
			40.2023711890974	-21.8053323501559
			40.2411017971794	-21.8053323501559
			40.2798324052614	-21.8053323501559
			40.3185630133433	-21.8440629582379
			40.3572936214253	-21.8440629582379
			40.3960242295073	-21.8440629582379
			40.4347548375893	-21.8440629582379
			40.4734854456713	-21.8827935663199
			40.5122160537533	-21.8827935663199
			40.5509466618352	-21.8827935663199
			40.5896772699172	-21.9215241744019
			40.6284078779992	-21.9215241744019
			40.6671384860812	-21.9215241744019
			40.7058690941632	-21.9215241744019
			40.7445997022451	-21.9602547824838
			40.7833303103271	-21.9602547824838
			40.8220609184091	-21.9602547824838
			40.8607915264911	-21.9602547824838
			40.8995221345731	-21.9989853905658
			40.9382527426551	-21.9989853905658
			40.976983350737	-21.9989853905658
			41.015713958819	-21.9989853905658
			41.054444566901	-22.0377159986478
			41.093175174983	-22.0377159986478
			41.131905783065	-22.0377159986478
			41.1706363911469	-22.0377159986478
			41.2093669992289	-22.0764466067298
			41.2480976073109	-22.0764466067298
			41.2868282153929	-22.0764466067298
			41.3255588234749	-22.0764466067298
			41.3642894315569	-22.1151772148118
			41.4030200396388	-22.1151772148118
			41.4417506477208	-22.1151772148118
			41.4804812558028	-22.1151772148118
			41.5192118638848	-22.1539078228937
			41.5579424719668	-22.1539078228937
			41.5966730800488	-22.1539078228937
			41.6354036881307	-22.1539078228937
			41.6741342962127	-22.1926384309757
			41.7128649042947	-22.1926384309757
			41.7515955123767	-22.1926384309757
			41.7903261204587	-22.1926384309757
			41.8290567285406	-22.2313690390577
			41.8677873366226	-22.2313690390577
			41.9065179447046	-22.2313690390577
			41.9452485527866	-22.2700996471397
			41.9839791608686	-22.2700996471397
			42.0227097689506	-22.2700996471397
			42.0614403770325	-22.2700996471397
			42.1001709851145	-22.3088302552217
			42.1389015931965	-22.3088302552217
			42.1776322012785	-22.3088302552217
			42.2163628093605	-22.3088302552217
			42.2550934174425	-22.3088302552217
			42.2550934174425	-22.3475608633037
			42.2938240255244	-22.3475608633037
			42.3325546336064	-22.3475608633037
			42.3712852416884	-22.3475608633037
			42.4100158497704	-22.3862914713856
			42.4487464578524	-22.3862914713856
			42.4874770659343	-22.3862914713856
			42.5262076740163	-22.3862914713856
			42.5649382820983	-22.4250220794676
			42.6036688901803	-22.4250220794676
			42.6423994982623	-22.4250220794676
			42.6811301063443	-22.4637526875496
			42.7198607144262	-22.4637526875496
			42.7585913225082	-22.4637526875496
			42.7973219305902	-22.4637526875496
			42.8360525386722	-22.4637526875496
			42.8360525386722	-22.5024832956316
			42.8747831467542	-22.5024832956316
			42.9135137548361	-22.5024832956316
			42.9522443629181	-22.5024832956316
			42.9909749710001	-22.5024832956316
			42.9909749710001	-22.5412139037136
			43.0297055790821	-22.5412139037136
			43.0684361871641	-22.5412139037136
			43.1071667952461	-22.5412139037136
			43.145897403328	-22.5412139037136
			43.18462801141	-22.5799445117956
			43.223358619492	-22.5799445117956
			43.262089227574	-22.5799445117956
			43.300819835656	-22.5799445117956
			43.3395504437379	-22.6186751198775
			43.3782810518199	-22.6186751198775
			43.4170116599019	-22.6186751198775
			43.4557422679839	-22.6186751198775
			43.4944728760659	-22.6574057279595
			43.5332034841479	-22.6574057279595
			43.5719340922298	-22.6574057279595
			43.6106647003118	-22.6574057279595
			43.6493953083938	-22.6961363360415
			43.6881259164758	-22.6961363360415
			43.7268565245578	-22.6961363360415
			43.7655871326398	-22.6961363360415
			43.8043177407217	-22.6961363360415
			43.8430483488037	-22.7348669441235
			43.8817789568857	-22.7348669441235
			43.9205095649677	-22.7348669441235
			43.9592401730497	-22.7348669441235
			43.9979707811316	-22.7348669441235
			44.0367013892136	-22.7735975522055
			44.0754319972956	-22.7735975522055
			44.1141626053776	-22.7735975522055
			44.1528932134596	-22.7735975522055
			44.1916238215416	-22.8123281602874
			44.2303544296235	-22.8123281602874
			44.2690850377055	-22.8123281602874
			44.3078156457875	-22.8123281602874
			44.3465462538695	-22.8123281602874
			44.3852768619515	-22.8510587683694
			44.4240074700334	-22.8510587683694
			44.4627380781154	-22.8510587683694
			44.5014686861974	-22.8510587683694
			44.5401992942794	-22.8510587683694
			44.5789299023614	-22.8897893764514
			44.6176605104434	-22.8897893764514
			44.6563911185253	-22.8897893764514
			44.6951217266073	-22.8897893764514
			44.7338523346893	-22.9285199845334
			44.7725829427713	-22.9285199845334
			44.8113135508533	-22.9285199845334
			44.8500441589352	-22.9285199845334
			44.8887747670172	-22.9285199845334
			44.9275053750992	-22.9672505926154
			44.9662359831812	-22.9672505926154
			45.0049665912632	-22.9672505926154
			45.0436971993452	-22.9672505926154
			45.0824278074271	-22.9672505926154
			45.1211584155091	-23.0059812006974
			45.1598890235911	-23.0059812006974
			45.1986196316731	-23.0059812006974
			45.2373502397551	-23.0059812006974
			45.2760808478371	-23.0059812006974
			45.314811455919	-23.0447118087793
			45.353542064001	-23.0447118087793
			45.392272672083	-23.0447118087793
			45.431003280165	-23.0447118087793
			45.469733888247	-23.0447118087793
			45.5084644963289	-23.0059812006974
			45.5471951044109	-23.0059812006974
			45.5859257124929	-23.0059812006974
			45.6246563205749	-23.0059812006974
			45.6633869286569	-23.0059812006974
			45.7021175367389	-23.0059812006974
			45.7408481448208	-23.0059812006974
			45.7795787529028	-23.0059812006974
			45.8183093609848	-22.9672505926154
			45.8570399690668	-22.9672505926154
			45.8957705771488	-22.9672505926154
			45.9345011852308	-22.9672505926154
			45.9732317933127	-22.9672505926154
			46.0119624013947	-22.9672505926154
			46.0506930094767	-22.9672505926154
			46.0894236175587	-22.9672505926154
			46.1281542256407	-22.9672505926154
			46.1668848337226	-22.9672505926154
			46.2056154418046	-22.9672505926154
			46.2443460498866	-22.9672505926154
			46.2830766579686	-22.9672505926154
			46.3218072660506	-22.9672505926154
			46.3605378741326	-22.9672505926154
			46.3992684822145	-22.9672505926154
			46.4379990902965	-22.9672505926154
			46.4767296983785	-22.9672505926154
			46.5154603064605	-23.0059812006974
			46.5541909145425	-23.0059812006974
			46.5929215226244	-23.0059812006974
			46.6316521307064	-23.0059812006974
			46.6703827387884	-23.0059812006974
			46.7091133468704	-23.0059812006974
		</Dorsal_adipose>
		<Adipose_caudal type=matrix rownames=FALSE colnames=FALSE nrow=160 ncol=2 as.numeric=TRUE >
			46.7091133468704	-23.0059812006974
			46.7478439549524	-23.0059812006974
			46.7865745630344	-23.0447118087793
			46.8253051711163	-23.0447118087793
			46.8640357791983	-23.0447118087793
			46.9027663872803	-23.0834424168613
			46.9414969953623	-23.0834424168613
			46.9802276034443	-23.0834424168613
			46.9802276034443	-23.1221730249433
			47.0189582115262	-23.1221730249433
			47.0576888196082	-23.1221730249433
			47.0576888196082	-23.1609036330253
			47.0964194276902	-23.1609036330253
			47.1351500357722	-23.1609036330253
			47.1351500357722	-23.1996342411073
			47.1738806438542	-23.1996342411073
			47.2126112519362	-23.2383648491892
			47.2513418600181	-23.2383648491892
			47.2900724681001	-23.2770954572712
			47.3288030761821	-23.3158260653532
			47.3675336842641	-23.3158260653532
			47.4062642923461	-23.3545566734352
			47.444994900428	-23.3932872815172
			47.48372550851	-23.4320178895992
			47.522456116592	-23.4707484976811
			47.522456116592	-23.5094791057631
			47.561186724674	-23.5482097138451
			47.561186724674	-23.5869403219271
			47.599917332756	-23.5869403219271
			47.638647940838	-23.5869403219271
			47.6773785489199	-23.6256709300091
			47.7161091570019	-23.6256709300091
			47.7548397650839	-23.6256709300091
			47.7935703731659	-23.6256709300091
			47.8323009812479	-23.6256709300091
			47.8323009812479	-23.6644015380911
			47.8710315893299	-23.6644015380911
			47.9097621974118	-23.6644015380911
			47.9484928054938	-23.6644015380911
			47.9872234135758	-23.6644015380911
			48.0259540216578	-23.6644015380911
			48.0646846297398	-23.703132146173
			48.1034152378217	-23.703132146173
			48.1421458459037	-23.703132146173
			48.1808764539857	-23.703132146173
			48.2196070620677	-23.741862754255
			48.2583376701497	-23.741862754255
			48.2970682782317	-23.741862754255
			48.3357988863136	-23.741862754255
			48.3745294943956	-23.741862754255
			48.4132601024776	-23.780593362337
			48.4519907105596	-23.780593362337
			48.4907213186416	-23.780593362337
			48.5294519267235	-23.780593362337
			48.5681825348055	-23.780593362337
			48.6069131428875	-23.780593362337
			48.6456437509695	-23.819323970419
			48.6843743590515	-23.819323970419
			48.7231049671335	-23.819323970419
			48.7618355752154	-23.819323970419
			48.8005661832974	-23.819323970419
			48.8392967913794	-23.858054578501
			48.8780273994614	-23.858054578501
			48.9167580075434	-23.858054578501
			48.9554886156253	-23.858054578501
			48.9942192237073	-23.858054578501
			49.0329498317893	-23.858054578501
			49.0329498317893	-23.8967851865829
			49.0716804398713	-23.8967851865829
			49.1104110479533	-23.8967851865829
			49.1491416560353	-23.8967851865829
			49.1878722641172	-23.8967851865829
			49.2266028721992	-23.8967851865829
			49.2653334802812	-23.8967851865829
			49.2653334802812	-23.9355157946649
			49.3040640883632	-23.9355157946649
			49.3427946964452	-23.9355157946649
			49.3815253045272	-23.9355157946649
			49.4202559126091	-23.9355157946649
			49.4589865206911	-23.9355157946649
			49.4977171287731	-23.9742464027469
			49.5364477368551	-23.9742464027469
			49.5751783449371	-23.9742464027469
			49.613908953019	-23.9742464027469
			49.652639561101	-23.9742464027469
			49.691370169183	-23.9742464027469
			49.730100777265	-24.0129770108289
			49.768831385347	-24.0129770108289
			49.807561993429	-24.0129770108289
			49.8462926015109	-24.0129770108289
			49.8850232095929	-24.0129770108289
			49.9237538176749	-24.0129770108289
			49.9624844257569	-24.0517076189109
			50.0012150338389	-24.0517076189109
			50.0399456419208	-24.0517076189109
			50.0786762500028	-24.0517076189109
			50.1174068580848	-24.0517076189109
			50.1561374661668	-24.0517076189109
			50.1948680742488	-24.0517076189109
			50.2335986823308	-24.0517076189109
			50.2723292904127	-24.0904382269929
			50.3110598984947	-24.0904382269929
			50.3497905065767	-24.0904382269929
			50.3885211146587	-24.0904382269929
			50.4272517227407	-24.0904382269929
			50.4659823308226	-24.0904382269929
			50.5047129389046	-24.0904382269929
			50.5434435469866	-24.0904382269929
			50.5821741550686	-24.1291688350748
			50.6209047631506	-24.1291688350748
			50.6596353712326	-24.1291688350748
			50.6983659793145	-24.1291688350748
			50.7370965873965	-24.1291688350748
			50.7758271954785	-24.1291688350748
			50.8145578035605	-24.1291688350748
			50.8532884116425	-24.1291688350748
			50.8920190197245	-24.1291688350748
			50.9307496278064	-24.1291688350748
			50.9694802358884	-24.1291688350748
			51.0082108439704	-24.1291688350748
			51.0469414520524	-24.1291688350748
			51.0856720601344	-24.1291688350748
			51.1244026682163	-24.1291688350748
			51.1631332762983	-24.1291688350748
			51.2018638843803	-24.1291688350748
			51.2405944924623	-24.1291688350748
			51.2793251005443	-24.1291688350748
			51.3180557086263	-24.0904382269929
			51.3567863167082	-24.0904382269929
			51.3955169247902	-24.0904382269929
			51.4342475328722	-24.0904382269929
			51.4729781409542	-24.0904382269929
			51.5117087490362	-24.0517076189109
			51.5504393571182	-24.0517076189109
			51.5891699652001	-24.0517076189109
			51.6279005732821	-24.0517076189109
			51.6666311813641	-24.0517076189109
			51.7053617894461	-24.0517076189109
			51.7440923975281	-24.0517076189109
			51.78282300561	-24.0129770108289
			51.821553613692	-24.0129770108289
			51.860284221774	-24.0129770108289
			51.899014829856	-24.0129770108289
			51.937745437938	-24.0129770108289
			51.97647604602	-24.0129770108289
			52.0152066541019	-24.0129770108289
			52.0539372621839	-24.0129770108289
			52.0926678702659	-24.0129770108289
			52.1313984783479	-24.0129770108289
			52.1701290864299	-24.0129770108289
			52.2088596945118	-24.0129770108289
			52.2475903025938	-24.0517076189109
			52.2863209106758	-24.0517076189109
			52.3250515187578	-24.0517076189109
			52.3637821268398	-24.0517076189109
			52.4025127349218	-24.0517076189109
			52.4412433430037	-24.0517076189109
			52.4412433430037	-24.0904382269929
			52.4799739510857	-24.0904382269929
			52.5187045591677	-24.0904382269929
		</Adipose_caudal>
		<Caudal_anal type=matrix rownames=FALSE colnames=FALSE nrow=237 ncol=2 as.numeric=TRUE >
			52.2088596945118	-28.7768418049127
			52.1701290864299	-28.7768418049127
			52.1313984783479	-28.8155724129947
			52.0926678702659	-28.8155724129947
			52.0539372621839	-28.8155724129947
			52.0152066541019	-28.8155724129947
			51.97647604602	-28.8155724129947
			51.937745437938	-28.8155724129947
			51.899014829856	-28.8155724129947
			51.860284221774	-28.8155724129947
			51.821553613692	-28.8155724129947
			51.78282300561	-28.8155724129947
			51.7440923975281	-28.8155724129947
			51.7053617894461	-28.8155724129947
			51.6666311813641	-28.8155724129947
			51.6279005732821	-28.8155724129947
			51.5891699652001	-28.8155724129947
			51.5504393571182	-28.7768418049127
			51.5117087490362	-28.7768418049127
			51.4729781409542	-28.7768418049127
			51.4342475328722	-28.7768418049127
			51.3955169247902	-28.7381111968307
			51.3567863167082	-28.7381111968307
			51.3180557086263	-28.7381111968307
			51.2793251005443	-28.7381111968307
			51.2405944924623	-28.6993805887487
			51.2018638843803	-28.6993805887487
			51.1631332762983	-28.6993805887487
			51.1244026682163	-28.6606499806667
			51.0856720601344	-28.6606499806667
			51.0469414520524	-28.6219193725848
			51.0082108439704	-28.6219193725848
			50.9694802358884	-28.6219193725848
			50.9307496278064	-28.6219193725848
			50.8920190197245	-28.5831887645028
			50.8532884116425	-28.5831887645028
			50.8145578035605	-28.5831887645028
			50.7758271954785	-28.5831887645028
			50.7370965873965	-28.5831887645028
			50.6983659793145	-28.5831887645028
			50.6596353712326	-28.5831887645028
			50.6209047631506	-28.5831887645028
			50.5821741550686	-28.5831887645028
			50.5434435469866	-28.5831887645028
			50.5047129389046	-28.5831887645028
			50.5047129389046	-28.5444581564208
			50.4659823308226	-28.5444581564208
			50.4272517227407	-28.5444581564208
			50.3885211146587	-28.5444581564208
			50.3497905065767	-28.5444581564208
			50.3110598984947	-28.5444581564208
			50.2723292904127	-28.5444581564208
			50.2335986823308	-28.5444581564208
			50.1948680742488	-28.5444581564208
			50.1561374661668	-28.5444581564208
			50.1174068580848	-28.5831887645028
			50.0786762500028	-28.5831887645028
			50.0399456419208	-28.5831887645028
			50.0012150338389	-28.5831887645028
			49.9624844257569	-28.5831887645028
			49.9237538176749	-28.5831887645028
			49.8850232095929	-28.5831887645028
			49.8462926015109	-28.5831887645028
			49.807561993429	-28.5831887645028
			49.768831385347	-28.5831887645028
			49.730100777265	-28.5831887645028
			49.691370169183	-28.6219193725848
			49.652639561101	-28.6219193725848
			49.613908953019	-28.6219193725848
			49.5751783449371	-28.6219193725848
			49.5364477368551	-28.6219193725848
			49.4977171287731	-28.6219193725848
			49.4589865206911	-28.6219193725848
			49.4202559126091	-28.6606499806667
			49.3815253045272	-28.6606499806667
			49.3427946964452	-28.6606499806667
			49.3040640883632	-28.6606499806667
			49.2653334802812	-28.6606499806667
			49.2266028721992	-28.6993805887487
			49.1878722641172	-28.6993805887487
			49.1491416560353	-28.6993805887487
			49.1104110479533	-28.6993805887487
			49.0716804398713	-28.7381111968307
			49.0329498317893	-28.7381111968307
			48.9942192237073	-28.7381111968307
			48.9554886156253	-28.7381111968307
			48.9167580075434	-28.7381111968307
			48.8780273994614	-28.7768418049127
			48.8392967913794	-28.7768418049127
			48.8005661832974	-28.7768418049127
			48.7618355752154	-28.7768418049127
			48.7231049671335	-28.8155724129947
			48.6843743590515	-28.8155724129947
			48.6456437509695	-28.8155724129947
			48.6069131428875	-28.8155724129947
			48.5681825348055	-28.8543030210766
			48.5294519267235	-28.8543030210766
			48.4907213186416	-28.8543030210766
			48.4519907105596	-28.8543030210766
			48.4132601024776	-28.8543030210766
			48.3745294943956	-28.8930336291586
			48.3357988863136	-28.8930336291586
			48.2970682782317	-28.8930336291586
			48.2583376701497	-28.8930336291586
			48.2196070620677	-28.8930336291586
			48.1808764539857	-28.9317642372406
			48.1421458459037	-28.9317642372406
			48.1034152378217	-28.9317642372406
			48.0646846297398	-28.9704948453226
			48.0259540216578	-28.9704948453226
			47.9872234135758	-28.9704948453226
			47.9484928054938	-28.9704948453226
			47.9097621974118	-28.9704948453226
			47.8710315893299	-29.0092254534046
			47.8323009812479	-29.0092254534046
			47.7935703731659	-29.0092254534046
			47.7548397650839	-29.0092254534046
			47.7161091570019	-29.0092254534046
			47.6773785489199	-29.0479560614866
			47.638647940838	-29.0479560614866
			47.599917332756	-29.0479560614866
			47.561186724674	-29.0479560614866
			47.522456116592	-29.0479560614866
			47.48372550851	-29.0866866695685
			47.444994900428	-29.0866866695685
			47.4062642923461	-29.0866866695685
			47.3675336842641	-29.0866866695685
			47.3288030761821	-29.0866866695685
			47.3288030761821	-29.1254172776505
			47.2900724681001	-29.1254172776505
			47.2513418600181	-29.1254172776505
			47.2126112519362	-29.1254172776505
			47.1738806438542	-29.1254172776505
			47.1351500357722	-29.1254172776505
			47.0964194276902	-29.1641478857325
			47.0576888196082	-29.1641478857325
			47.0189582115262	-29.1641478857325
			46.9802276034443	-29.1641478857325
			46.9414969953623	-29.1641478857325
			46.9027663872803	-29.2028784938145
			46.8640357791983	-29.2028784938145
			46.8253051711163	-29.2028784938145
			46.7865745630344	-29.2028784938145
			46.7478439549524	-29.2416091018965
			46.7091133468704	-29.2416091018965
			46.6703827387884	-29.2416091018965
			46.6316521307064	-29.2416091018965
			46.5929215226244	-29.2416091018965
			46.5541909145425	-29.2416091018965
			46.5154603064605	-29.2803397099785
			46.4767296983785	-29.2803397099785
			46.4379990902965	-29.2803397099785
			46.3992684822145	-29.2803397099785
			46.3605378741326	-29.2803397099785
			46.3218072660506	-29.3190703180604
			46.2830766579686	-29.3190703180604
			46.2443460498866	-29.3190703180604
			46.2056154418046	-29.3190703180604
			46.1668848337226	-29.3190703180604
			46.1281542256407	-29.3190703180604
			46.0894236175587	-29.3578009261424
			46.0506930094767	-29.3578009261424
			46.0119624013947	-29.3578009261424
			45.9732317933127	-29.3578009261424
			45.9345011852308	-29.3578009261424
			45.8957705771488	-29.3965315342244
			45.8570399690668	-29.3965315342244
			45.8183093609848	-29.3965315342244
			45.7795787529028	-29.3965315342244
			45.7408481448208	-29.3965315342244
			45.7021175367389	-29.3965315342244
			45.6633869286569	-29.4352621423064
			45.6246563205749	-29.4352621423064
			45.5859257124929	-29.4352621423064
			45.5471951044109	-29.4352621423064
			45.5084644963289	-29.4352621423064
			45.469733888247	-29.4352621423064
			45.431003280165	-29.4352621423064
			45.392272672083	-29.4739927503884
			45.353542064001	-29.4739927503884
			45.314811455919	-29.4739927503884
			45.2760808478371	-29.4739927503884
			45.2373502397551	-29.4739927503884
			45.1986196316731	-29.4739927503884
			45.1598890235911	-29.5127233584703
			45.1211584155091	-29.5127233584703
			45.0824278074271	-29.5127233584703
			45.0436971993452	-29.5127233584703
			45.0049665912632	-29.5127233584703
			44.9662359831812	-29.5127233584703
			44.9275053750992	-29.5514539665523
			44.8887747670172	-29.5514539665523
			44.8500441589352	-29.5514539665523
			44.8113135508533	-29.5514539665523
			44.7725829427713	-29.5514539665523
			44.7338523346893	-29.5514539665523
			44.6951217266073	-29.5514539665523
			44.6563911185253	-29.5514539665523
			44.6563911185253	-29.5901845746343
			44.6176605104434	-29.5901845746343
			44.5789299023614	-29.5901845746343
			44.5401992942794	-29.5901845746343
			44.5014686861974	-29.5901845746343
			44.4627380781154	-29.5901845746343
			44.4240074700334	-29.5901845746343
			44.3852768619515	-29.5901845746343
			44.3465462538695	-29.6289151827163
			44.3078156457875	-29.6289151827163
			44.2690850377055	-29.6289151827163
			44.2303544296235	-29.6289151827163
			44.1916238215416	-29.6289151827163
			44.1528932134596	-29.6289151827163
			44.1141626053776	-29.6289151827163
			44.0754319972956	-29.6676457907983
			44.0367013892136	-29.6676457907983
			43.9979707811316	-29.6676457907983
			43.9592401730497	-29.6676457907983
			43.9205095649677	-29.6676457907983
			43.8817789568857	-29.6676457907983
			43.8430483488037	-29.6676457907983
			43.8043177407217	-29.6676457907983
			43.7655871326398	-29.6676457907983
			43.7268565245578	-29.7063763988803
			43.6881259164758	-29.7063763988803
			43.6493953083938	-29.7063763988803
			43.6106647003118	-29.7063763988803
			43.5719340922298	-29.7063763988803
			43.5332034841479	-29.7063763988803
			43.4944728760659	-29.7063763988803
			43.4557422679839	-29.7063763988803
			43.4170116599019	-29.7063763988803
			43.3782810518199	-29.7451070069622
			43.3395504437379	-29.7451070069622
			43.300819835656	-29.7451070069622
			43.262089227574	-29.7451070069622
			43.223358619492	-29.7451070069622
			43.18462801141	-29.7451070069622
		</Caudal_anal>
	</curves.scaled>
	<ruler.points type=matrix rownames=TRUE colnames=FALSE nrow=3 ncol=2 as.numeric=TRUE >
		Ruler point 1	868	892
		Ruler point 2	997	897
		Ruler point 3	1126	902
	</ruler.points>
</shapes>

