<shapes type=list>
	<ruler.pixel type=vector names=FALSE length=1 as.numeric=TRUE >118.509112869829</ruler.pixel>
	<ruler.interval type=vector names=FALSE length=1 as.numeric=TRUE >5</ruler.interval>
	<scaling.units type=vector names=FALSE length=1 as.numeric=FALSE >mm</scaling.units>
	<scaling type=vector names=FALSE length=1 as.numeric=TRUE >0.0421908482725038</scaling>
	<landmarks.pixel type=matrix rownames=TRUE colnames=FALSE nrow=11 ncol=2 as.numeric=TRUE >
		Anterior_eye	231	586
		Posterior_eye	323	590
		Posterior_Maxilla	360	679
		Anterior_Maxilla	218	621
		Dorsal_fin_insertion	634	486
		Adipose_fin_insertion	957	535
		Dorsal_caudal	1136	553
		Ventral_caudal	1131	657
		Anal_fin_insertion	829	691
		Pelvic_fin_insertion	622	689
		Pectoral_fin_insertion	484	659
	</landmarks.pixel>
	<landmarks.scaled type=matrix rownames=TRUE colnames=FALSE nrow=11 ncol=2 as.numeric=TRUE >
		Anterior_eye	9.74608595094838	-24.7238370876872
		Posterior_eye	13.6276439920187	-24.8926004807772
		Posterior_Maxilla	15.1887053781014	-28.6475859770301
		Anterior_Maxilla	9.19760492340583	-26.2005167772249
		Dorsal_fin_insertion	26.7489978047674	-20.5047522604368
		Adipose_fin_insertion	40.3766417967861	-22.5721038257895
		Dorsal_caudal	47.9288036375643	-23.3315390946946
		Ventral_caudal	47.7178493962018	-27.719387315035
		Anal_fin_insertion	34.9762132179056	-29.1538761563001
		Pelvic_fin_insertion	26.2427076254974	-29.0694944597551
		Pectoral_fin_insertion	20.4203705638918	-27.80376901158
	</landmarks.scaled>
	<curves.control type=list>
		<Snout_dorsal type=matrix rownames=FALSE colnames=FALSE nrow=7 ncol=2 as.numeric=TRUE >
			218	621
			194	525
			332	492
			406	485
			512	487
			597	488
			634	486
		</Snout_dorsal>
		<Dorsal_adipose type=matrix rownames=FALSE colnames=FALSE nrow=5 ncol=2 as.numeric=TRUE >
			634	486
			715	512
			807	529
			893	541
			957	535
		</Dorsal_adipose>
		<Adipose_caudal type=matrix rownames=FALSE colnames=FALSE nrow=7 ncol=2 as.numeric=TRUE >
			957	535
			980	534
			982	545
			1072	558
			1094	552
			1125	546
			1136	553
		</Adipose_caudal>
		<Caudal_anal type=matrix rownames=FALSE colnames=FALSE nrow=7 ncol=2 as.numeric=TRUE >
			1131	657
			1121	661
			1096	654
			1071	650
			1008	663
			920	678
			829	691
		</Caudal_anal>
	</curves.control>
	<curves.pixel type=list>
		<Snout_dorsal type=matrix rownames=FALSE colnames=FALSE nrow=489 ncol=2 as.numeric=TRUE >
			218	621
			218	620
			217	619
			217	618
			217	617
			217	616
			217	615
			216	614
			216	613
			216	612
			216	611
			216	610
			216	609
			215	608
			215	607
			215	606
			215	605
			215	604
			215	603
			215	602
			215	601
			215	600
			215	599
			215	598
			214	597
			214	596
			214	595
			214	594
			214	593
			214	592
			214	591
			215	590
			215	589
			215	588
			215	587
			215	586
			215	585
			215	584
			215	583
			215	582
			215	581
			216	580
			216	579
			216	578
			216	577
			216	576
			216	575
			217	575
			217	574
			217	573
			217	572
			218	571
			218	570
			218	569
			219	568
			219	567
			219	566
			220	565
			220	564
			220	563
			221	562
			221	561
			222	560
			222	559
			223	558
			223	557
			224	556
			224	555
			225	554
			226	553
			226	552
			227	551
			227	550
			228	549
			229	548
			229	547
			230	546
			231	546
			231	545
			232	544
			233	543
			233	542
			234	541
			235	540
			236	539
			237	538
			238	537
			239	536
			240	535
			241	534
			242	533
			243	532
			244	532
			244	531
			245	530
			246	530
			246	529
			247	529
			248	528
			249	528
			249	527
			250	527
			251	526
			252	525
			253	524
			254	524
			255	523
			256	522
			257	522
			258	521
			259	521
			260	520
			261	519
			262	519
			263	518
			264	517
			265	517
			266	516
			267	516
			268	515
			269	514
			270	514
			271	513
			272	513
			273	512
			274	512
			275	511
			276	511
			277	511
			278	510
			279	510
			279	509
			280	509
			281	509
			282	508
			283	508
			284	508
			285	507
			286	507
			286	506
			287	506
			288	506
			289	505
			290	505
			291	505
			292	504
			293	504
			294	503
			295	503
			296	503
			297	502
			298	502
			299	502
			300	501
			301	501
			302	501
			303	500
			304	500
			305	500
			306	499
			307	499
			308	499
			309	498
			310	498
			311	498
			312	497
			313	497
			314	497
			315	496
			316	496
			317	496
			318	496
			319	495
			320	495
			321	495
			322	495
			323	494
			324	494
			325	494
			326	493
			327	493
			328	493
			329	493
			330	492
			331	492
			332	492
			333	492
			334	492
			335	492
			336	492
			337	492
			338	491
			339	491
			340	491
			341	491
			342	491
			343	491
			344	491
			345	491
			346	491
			347	491
			348	491
			349	491
			350	490
			351	490
			352	490
			353	490
			354	490
			355	490
			356	490
			357	490
			358	490
			359	490
			360	490
			361	490
			362	490
			363	490
			364	489
			365	489
			366	489
			367	489
			368	489
			369	489
			370	489
			371	489
			372	489
			373	489
			374	489
			375	489
			376	489
			377	489
			378	489
			379	489
			380	489
			381	489
			382	488
			383	488
			384	488
			385	488
			386	488
			387	488
			388	488
			389	488
			390	488
			391	488
			392	488
			393	488
			394	488
			395	488
			396	488
			397	488
			398	488
			399	488
			400	488
			401	488
			402	488
			403	488
			404	488
			405	488
			406	487
			407	487
			408	487
			409	487
			410	487
			411	487
			412	487
			413	487
			414	487
			415	487
			416	487
			417	487
			418	487
			419	487
			420	487
			421	487
			422	487
			423	487
			424	487
			425	487
			426	487
			427	487
			428	487
			429	487
			430	487
			431	487
			432	487
			433	487
			434	487
			435	487
			436	487
			437	487
			438	487
			439	487
			440	487
			441	487
			442	487
			443	487
			444	487
			445	487
			446	487
			447	487
			448	487
			449	487
			450	487
			451	487
			452	487
			453	487
			454	487
			455	487
			456	487
			457	487
			458	487
			459	487
			460	487
			461	487
			462	487
			463	487
			464	487
			465	487
			466	487
			467	487
			468	487
			469	487
			470	487
			471	487
			472	487
			473	487
			474	487
			475	487
			476	487
			477	487
			478	487
			479	487
			480	487
			481	487
			482	487
			483	487
			484	487
			485	487
			486	487
			487	487
			488	487
			489	487
			490	487
			491	487
			492	487
			493	487
			494	487
			495	487
			496	487
			497	487
			498	487
			499	487
			500	487
			501	487
			502	487
			503	487
			504	487
			505	487
			506	487
			507	487
			508	487
			509	487
			510	487
			511	487
			512	487
			513	487
			514	487
			515	487
			516	487
			517	487
			518	487
			519	487
			520	487
			521	487
			522	487
			523	487
			524	487
			525	487
			526	487
			527	487
			528	487
			529	487
			530	487
			531	487
			532	487
			533	487
			534	487
			535	487
			536	487
			537	487
			538	487
			539	487
			540	487
			541	487
			542	487
			543	487
			544	487
			545	487
			546	487
			547	487
			548	487
			549	487
			550	487
			551	487
			552	487
			553	487
			554	487
			555	487
			556	487
			557	487
			558	487
			559	487
			560	487
			561	487
			562	487
			563	487
			564	487
			565	487
			566	487
			567	487
			568	487
			569	487
			570	487
			571	487
			572	487
			573	487
			574	487
			575	487
			576	487
			577	487
			578	487
			579	487
			580	487
			581	487
			582	487
			583	487
			584	487
			585	487
			586	487
			587	487
			588	487
			589	487
			590	487
			591	487
			592	487
			593	487
			594	487
			595	487
			596	487
			597	487
			598	487
			599	487
			600	487
			601	487
			602	487
			603	487
			604	487
			605	487
			606	487
			607	487
			608	487
			609	487
			610	487
			611	487
			612	487
			613	487
			614	487
			615	487
			616	487
			617	487
			618	487
			619	487
			620	487
			621	487
			622	487
			623	487
			623	486
			624	486
			625	486
			626	486
			627	486
			628	486
			629	486
			630	486
			631	486
			632	486
			633	486
			634	486
		</Snout_dorsal>
		<Dorsal_adipose type=matrix rownames=FALSE colnames=FALSE nrow=327 ncol=2 as.numeric=TRUE >
			634	486
			635	486
			636	487
			637	487
			638	487
			639	488
			640	488
			641	488
			642	489
			643	489
			644	489
			645	489
			646	490
			647	490
			648	490
			649	491
			650	491
			651	491
			652	492
			653	492
			654	492
			655	492
			656	493
			657	493
			658	493
			659	494
			660	494
			661	494
			662	495
			663	495
			664	495
			665	495
			666	496
			667	496
			668	496
			669	497
			670	497
			671	497
			672	498
			673	498
			674	498
			675	498
			676	499
			677	499
			678	499
			679	500
			680	500
			681	500
			682	500
			683	501
			684	501
			685	501
			686	502
			687	502
			688	502
			689	502
			690	503
			691	503
			692	503
			693	503
			694	504
			695	504
			696	504
			697	504
			698	505
			699	505
			700	505
			701	505
			702	506
			703	506
			704	506
			705	506
			706	507
			707	507
			708	507
			709	508
			710	508
			711	508
			712	508
			713	509
			714	509
			715	509
			716	509
			717	510
			718	510
			719	510
			720	510
			721	511
			722	511
			723	511
			724	511
			725	511
			726	512
			727	512
			728	512
			729	512
			730	513
			731	513
			732	513
			733	513
			733	514
			734	514
			735	514
			736	514
			737	514
			738	515
			739	515
			740	515
			741	515
			742	515
			742	516
			743	516
			744	516
			745	516
			746	516
			747	517
			748	517
			749	517
			750	517
			751	518
			752	518
			753	518
			754	518
			755	519
			756	519
			757	519
			758	519
			759	519
			760	520
			761	520
			762	520
			763	520
			764	521
			765	521
			766	521
			767	521
			768	521
			769	522
			770	522
			771	522
			772	522
			773	522
			774	523
			775	523
			776	523
			777	523
			778	523
			779	524
			780	524
			781	524
			782	524
			783	524
			784	525
			785	525
			786	525
			787	525
			788	525
			789	526
			790	526
			791	526
			792	526
			793	526
			794	527
			795	527
			796	527
			797	527
			798	527
			799	528
			800	528
			801	528
			802	528
			803	528
			804	528
			805	529
			806	529
			807	529
			808	529
			809	529
			810	529
			811	530
			812	530
			813	530
			814	530
			815	530
			816	530
			817	530
			818	530
			819	531
			820	531
			821	531
			822	531
			823	531
			824	531
			825	531
			826	532
			827	532
			828	532
			829	532
			830	532
			831	532
			832	532
			833	532
			834	532
			835	532
			836	533
			837	533
			838	533
			839	533
			840	533
			841	533
			842	533
			843	533
			844	533
			845	534
			846	534
			847	534
			848	534
			849	534
			850	534
			851	534
			852	534
			853	534
			854	534
			855	534
			856	535
			857	535
			858	535
			859	535
			860	535
			861	535
			862	535
			863	535
			864	535
			865	535
			866	535
			867	535
			868	535
			869	535
			870	536
			871	536
			872	536
			873	536
			874	536
			875	536
			876	536
			877	536
			878	536
			879	536
			880	536
			881	536
			882	536
			883	536
			884	536
			885	536
			886	536
			887	536
			888	537
			889	537
			890	537
			891	537
			892	537
			893	537
			894	537
			895	537
			896	537
			897	537
			898	537
			899	537
			900	537
			901	537
			902	537
			903	537
			904	537
			905	537
			906	537
			907	537
			908	537
			909	537
			910	537
			911	537
			912	537
			913	537
			914	537
			915	537
			916	537
			917	537
			918	537
			919	537
			920	537
			921	537
			922	537
			923	537
			924	537
			925	537
			926	537
			927	537
			928	537
			929	537
			930	537
			931	537
			932	537
			933	537
			934	537
			935	536
			936	536
			937	536
			938	536
			939	536
			940	536
			941	536
			942	536
			943	536
			944	536
			945	536
			946	536
			947	536
			948	536
			949	536
			950	536
			951	536
			951	535
			952	535
			953	535
			954	535
			955	535
			956	535
			957	535
		</Dorsal_adipose>
		<Adipose_caudal type=matrix rownames=FALSE colnames=FALSE nrow=186 ncol=2 as.numeric=TRUE >
			957	535
			958	535
			959	535
			960	535
			961	535
			962	535
			963	535
			964	535
			965	535
			966	535
			967	535
			968	535
			969	536
			970	536
			971	536
			972	536
			973	536
			973	537
			974	537
			975	537
			976	537
			976	538
			977	538
			978	539
			979	540
			980	540
			981	541
			981	542
			982	543
			982	544
			982	545
			983	545
			984	545
			985	545
			986	546
			987	546
			988	546
			989	546
			990	546
			991	546
			992	546
			993	547
			994	547
			995	547
			996	547
			997	547
			998	547
			999	547
			1000	548
			1001	548
			1002	548
			1003	548
			1004	548
			1005	548
			1006	548
			1007	548
			1008	549
			1009	549
			1010	549
			1011	549
			1012	549
			1013	549
			1014	549
			1015	549
			1016	550
			1017	550
			1018	550
			1019	550
			1020	550
			1021	550
			1022	550
			1023	550
			1024	550
			1025	551
			1026	551
			1027	551
			1028	551
			1029	551
			1030	551
			1031	551
			1032	551
			1033	551
			1034	552
			1035	552
			1036	552
			1037	552
			1038	552
			1039	552
			1040	552
			1041	552
			1042	552
			1043	552
			1044	552
			1045	553
			1046	553
			1047	553
			1048	553
			1049	553
			1050	553
			1051	553
			1052	553
			1053	553
			1054	553
			1055	553
			1056	553
			1057	553
			1058	553
			1059	553
			1060	554
			1061	554
			1062	554
			1063	554
			1064	554
			1065	554
			1066	554
			1067	554
			1068	554
			1069	554
			1070	554
			1071	554
			1072	554
			1073	554
			1074	554
			1075	554
			1076	554
			1077	554
			1078	554
			1079	554
			1080	554
			1081	554
			1082	554
			1083	554
			1084	554
			1085	553
			1086	553
			1087	553
			1088	553
			1089	553
			1090	553
			1091	553
			1092	552
			1093	552
			1094	552
			1095	552
			1096	552
			1097	551
			1098	551
			1099	551
			1100	551
			1101	551
			1102	551
			1103	550
			1104	550
			1105	550
			1106	550
			1107	550
			1108	550
			1109	550
			1110	550
			1111	550
			1112	550
			1112	549
			1113	549
			1114	549
			1115	549
			1116	549
			1117	549
			1118	549
			1119	549
			1120	549
			1121	549
			1122	549
			1123	549
			1124	549
			1125	550
			1126	550
			1127	550
			1128	550
			1129	550
			1130	551
			1131	551
			1132	551
			1133	551
			1134	552
			1135	552
			1136	553
		</Adipose_caudal>
		<Caudal_anal type=matrix rownames=FALSE colnames=FALSE nrow=304 ncol=2 as.numeric=TRUE >
			1131	657
			1130	657
			1129	658
			1128	658
			1127	658
			1126	658
			1125	658
			1124	658
			1123	658
			1122	658
			1121	658
			1120	658
			1119	658
			1118	658
			1117	658
			1116	658
			1115	658
			1114	658
			1113	658
			1112	658
			1111	657
			1110	657
			1109	657
			1108	657
			1107	657
			1106	656
			1105	656
			1104	656
			1103	656
			1102	656
			1101	655
			1100	655
			1099	655
			1098	655
			1097	654
			1096	654
			1095	654
			1094	654
			1093	654
			1092	653
			1091	653
			1090	653
			1089	653
			1088	653
			1087	653
			1086	653
			1085	653
			1084	653
			1083	653
			1082	653
			1081	653
			1080	653
			1079	653
			1078	653
			1077	653
			1076	653
			1075	653
			1074	653
			1073	653
			1072	653
			1071	653
			1070	654
			1069	654
			1068	654
			1067	654
			1066	654
			1065	654
			1064	654
			1063	654
			1062	654
			1061	654
			1060	654
			1059	655
			1058	655
			1057	655
			1056	655
			1055	655
			1054	655
			1053	655
			1052	655
			1051	656
			1050	656
			1049	656
			1048	656
			1047	656
			1046	656
			1045	656
			1044	657
			1043	657
			1042	657
			1041	657
			1040	657
			1039	657
			1038	657
			1037	658
			1036	658
			1035	658
			1034	658
			1033	658
			1032	659
			1031	659
			1030	659
			1029	659
			1028	659
			1027	659
			1026	659
			1025	660
			1024	660
			1023	660
			1022	660
			1021	660
			1020	661
			1019	661
			1018	661
			1017	661
			1016	661
			1015	662
			1014	662
			1013	662
			1012	662
			1011	662
			1010	663
			1009	663
			1008	663
			1007	663
			1006	663
			1005	664
			1004	664
			1003	664
			1002	664
			1001	664
			1000	664
			999	665
			998	665
			997	665
			996	665
			995	665
			994	665
			993	666
			992	666
			991	666
			990	666
			989	666
			988	666
			987	667
			986	667
			985	667
			984	667
			983	667
			982	667
			981	668
			980	668
			979	668
			978	668
			977	668
			976	668
			975	669
			974	669
			973	669
			972	669
			971	669
			970	669
			969	670
			968	670
			967	670
			966	670
			965	670
			964	670
			963	670
			962	671
			961	671
			960	671
			959	671
			958	671
			957	671
			956	672
			955	672
			954	672
			953	672
			952	672
			951	673
			950	673
			949	673
			948	673
			947	673
			946	673
			945	673
			944	674
			943	674
			942	674
			941	674
			940	674
			939	674
			938	675
			937	675
			936	675
			935	675
			934	675
			933	675
			932	675
			931	676
			930	676
			929	676
			928	676
			927	676
			926	676
			925	677
			924	677
			923	677
			922	677
			921	677
			920	677
			919	678
			918	678
			917	678
			916	678
			915	678
			914	678
			913	678
			912	679
			911	679
			910	679
			909	679
			908	679
			907	679
			906	680
			905	680
			904	680
			903	680
			902	680
			901	680
			900	681
			899	681
			898	681
			897	681
			896	681
			895	681
			894	681
			893	682
			892	682
			891	682
			890	682
			889	682
			888	682
			887	682
			886	683
			885	683
			884	683
			883	683
			882	683
			881	683
			880	683
			880	684
			879	684
			878	684
			877	684
			876	684
			875	684
			874	684
			873	685
			872	685
			871	685
			870	685
			869	685
			868	685
			867	685
			866	686
			865	686
			864	686
			863	686
			862	686
			861	686
			860	687
			859	687
			858	687
			857	687
			856	687
			855	687
			854	687
			853	688
			852	688
			851	688
			850	688
			849	688
			848	688
			847	688
			846	689
			845	689
			844	689
			843	689
			842	689
			841	689
			840	689
			839	690
			838	690
			837	690
			836	690
			835	690
			834	690
			833	690
			832	691
			831	691
			830	691
			829	691
		</Caudal_anal>
	</curves.pixel>
	<curves.scaled type=list>
		<Snout_dorsal type=matrix rownames=FALSE colnames=FALSE nrow=489 ncol=2 as.numeric=TRUE >
			9.19760492340583	-26.2005167772249
			9.19760492340583	-26.1583259289524
			9.15541407513332	-26.1161350806798
			9.15541407513332	-26.0739442324073
			9.15541407513332	-26.0317533841348
			9.15541407513332	-25.9895625358623
			9.15541407513332	-25.9473716875898
			9.11322322686082	-25.9051808393173
			9.11322322686082	-25.8629899910448
			9.11322322686082	-25.8207991427723
			9.11322322686082	-25.7786082944998
			9.11322322686082	-25.7364174462273
			9.11322322686082	-25.6942265979548
			9.07103237858832	-25.6520357496823
			9.07103237858832	-25.6098449014098
			9.07103237858832	-25.5676540531373
			9.07103237858832	-25.5254632048648
			9.07103237858832	-25.4832723565923
			9.07103237858832	-25.4410815083198
			9.07103237858832	-25.3988906600473
			9.07103237858832	-25.3566998117748
			9.07103237858832	-25.3145089635023
			9.07103237858832	-25.2723181152298
			9.07103237858832	-25.2301272669573
			9.02884153031581	-25.1879364186848
			9.02884153031581	-25.1457455704123
			9.02884153031581	-25.1035547221398
			9.02884153031581	-25.0613638738673
			9.02884153031581	-25.0191730255947
			9.02884153031581	-24.9769821773222
			9.02884153031581	-24.9347913290497
			9.07103237858832	-24.8926004807772
			9.07103237858832	-24.8504096325047
			9.07103237858832	-24.8082187842322
			9.07103237858832	-24.7660279359597
			9.07103237858832	-24.7238370876872
			9.07103237858832	-24.6816462394147
			9.07103237858832	-24.6394553911422
			9.07103237858832	-24.5972645428697
			9.07103237858832	-24.5550736945972
			9.07103237858832	-24.5128828463247
			9.11322322686082	-24.4706919980522
			9.11322322686082	-24.4285011497797
			9.11322322686082	-24.3863103015072
			9.11322322686082	-24.3441194532347
			9.11322322686082	-24.3019286049622
			9.11322322686082	-24.2597377566897
			9.15541407513332	-24.2597377566897
			9.15541407513332	-24.2175469084172
			9.15541407513332	-24.1753560601447
			9.15541407513332	-24.1331652118722
			9.19760492340583	-24.0909743635997
			9.19760492340583	-24.0487835153272
			9.19760492340583	-24.0065926670547
			9.23979577167833	-23.9644018187822
			9.23979577167833	-23.9222109705096
			9.23979577167833	-23.8800201222371
			9.28198661995084	-23.8378292739646
			9.28198661995084	-23.7956384256921
			9.28198661995084	-23.7534475774196
			9.32417746822334	-23.7112567291471
			9.32417746822334	-23.6690658808746
			9.36636831649584	-23.6268750326021
			9.36636831649584	-23.5846841843296
			9.40855916476835	-23.5424933360571
			9.40855916476835	-23.5003024877846
			9.45075001304085	-23.4581116395121
			9.45075001304085	-23.4159207912396
			9.49294086131335	-23.3737299429671
			9.53513170958586	-23.3315390946946
			9.53513170958586	-23.2893482464221
			9.57732255785836	-23.2471573981496
			9.57732255785836	-23.2049665498771
			9.61951340613087	-23.1627757016046
			9.66170425440337	-23.1205848533321
			9.66170425440337	-23.0783940050596
			9.70389510267587	-23.0362031567871
			9.74608595094838	-23.0362031567871
			9.74608595094838	-22.9940123085146
			9.78827679922088	-22.9518214602421
			9.83046764749338	-22.9096306119696
			9.83046764749338	-22.8674397636971
			9.87265849576589	-22.8252489154246
			9.91484934403839	-22.783058067152
			9.9570401923109	-22.7408672188795
			9.9992310405834	-22.698676370607
			10.0414218888559	-22.6564855223345
			10.0836127371284	-22.614294674062
			10.1258035854009	-22.5721038257895
			10.1679944336734	-22.529912977517
			10.2101852819459	-22.4877221292445
			10.2523761302184	-22.445531280972
			10.2945669784909	-22.445531280972
			10.2945669784909	-22.4033404326995
			10.3367578267634	-22.361149584427
			10.3789486750359	-22.361149584427
			10.3789486750359	-22.3189587361545
			10.4211395233084	-22.3189587361545
			10.4633303715809	-22.276767887882
			10.5055212198534	-22.276767887882
			10.5055212198534	-22.2345770396095
			10.5477120681259	-22.2345770396095
			10.5899029163985	-22.192386191337
			10.632093764671	-22.1501953430645
			10.6742846129435	-22.108004494792
			10.716475461216	-22.108004494792
			10.7586663094885	-22.0658136465195
			10.800857157761	-22.023622798247
			10.8430480060335	-22.023622798247
			10.885238854306	-21.9814319499745
			10.9274297025785	-21.9814319499745
			10.969620550851	-21.939241101702
			11.0118113991235	-21.8970502534295
			11.054002247396	-21.8970502534295
			11.0961930956685	-21.854859405157
			11.138383943941	-21.8126685568845
			11.1805747922135	-21.8126685568845
			11.222765640486	-21.770477708612
			11.2649564887585	-21.770477708612
			11.307147337031	-21.7282868603395
			11.3493381853035	-21.686096012067
			11.391529033576	-21.686096012067
			11.4337198818485	-21.6439051637944
			11.475910730121	-21.6439051637944
			11.5181015783935	-21.6017143155219
			11.560292426666	-21.6017143155219
			11.6024832749385	-21.5595234672494
			11.644674123211	-21.5595234672494
			11.6868649714836	-21.5595234672494
			11.7290558197561	-21.5173326189769
			11.7712466680286	-21.5173326189769
			11.7712466680286	-21.4751417707044
			11.8134375163011	-21.4751417707044
			11.8556283645736	-21.4751417707044
			11.8978192128461	-21.4329509224319
			11.9400100611186	-21.4329509224319
			11.9822009093911	-21.4329509224319
			12.0243917576636	-21.3907600741594
			12.0665826059361	-21.3907600741594
			12.0665826059361	-21.3485692258869
			12.1087734542086	-21.3485692258869
			12.1509643024811	-21.3485692258869
			12.1931551507536	-21.3063783776144
			12.2353459990261	-21.3063783776144
			12.2775368472986	-21.3063783776144
			12.3197276955711	-21.2641875293419
			12.3619185438436	-21.2641875293419
			12.4041093921161	-21.2219966810694
			12.4463002403886	-21.2219966810694
			12.4884910886611	-21.2219966810694
			12.5306819369336	-21.1798058327969
			12.5728727852061	-21.1798058327969
			12.6150636334786	-21.1798058327969
			12.6572544817511	-21.1376149845244
			12.6994453300236	-21.1376149845244
			12.7416361782961	-21.1376149845244
			12.7838270265686	-21.0954241362519
			12.8260178748412	-21.0954241362519
			12.8682087231137	-21.0954241362519
			12.9103995713862	-21.0532332879794
			12.9525904196587	-21.0532332879794
			12.9947812679312	-21.0532332879794
			13.0369721162037	-21.0110424397069
			13.0791629644762	-21.0110424397069
			13.1213538127487	-21.0110424397069
			13.1635446610212	-20.9688515914344
			13.2057355092937	-20.9688515914344
			13.2479263575662	-20.9688515914344
			13.2901172058387	-20.9266607431619
			13.3323080541112	-20.9266607431619
			13.3744989023837	-20.9266607431619
			13.4166897506562	-20.9266607431619
			13.4588805989287	-20.8844698948894
			13.5010714472012	-20.8844698948894
			13.5432622954737	-20.8844698948894
			13.5854531437462	-20.8844698948894
			13.6276439920187	-20.8422790466169
			13.6698348402912	-20.8422790466169
			13.7120256885637	-20.8422790466169
			13.7542165368362	-20.8000881983444
			13.7964073851087	-20.8000881983444
			13.8385982333812	-20.8000881983444
			13.8807890816537	-20.8000881983444
			13.9229799299263	-20.7578973500719
			13.9651707781988	-20.7578973500719
			14.0073616264713	-20.7578973500719
			14.0495524747438	-20.7578973500719
			14.0917433230163	-20.7578973500719
			14.1339341712888	-20.7578973500719
			14.1761250195613	-20.7578973500719
			14.2183158678338	-20.7578973500719
			14.2605067161063	-20.7157065017994
			14.3026975643788	-20.7157065017994
			14.3448884126513	-20.7157065017994
			14.3870792609238	-20.7157065017994
			14.4292701091963	-20.7157065017994
			14.4714609574688	-20.7157065017994
			14.5136518057413	-20.7157065017994
			14.5558426540138	-20.7157065017994
			14.5980335022863	-20.7157065017994
			14.6402243505588	-20.7157065017994
			14.6824151988313	-20.7157065017994
			14.7246060471038	-20.7157065017994
			14.7667968953763	-20.6735156535269
			14.8089877436488	-20.6735156535269
			14.8511785919213	-20.6735156535269
			14.8933694401938	-20.6735156535269
			14.9355602884663	-20.6735156535269
			14.9777511367388	-20.6735156535269
			15.0199419850114	-20.6735156535269
			15.0621328332839	-20.6735156535269
			15.1043236815564	-20.6735156535269
			15.1465145298289	-20.6735156535269
			15.1887053781014	-20.6735156535269
			15.2308962263739	-20.6735156535269
			15.2730870746464	-20.6735156535269
			15.3152779229189	-20.6735156535269
			15.3574687711914	-20.6313248052544
			15.3996596194639	-20.6313248052544
			15.4418504677364	-20.6313248052544
			15.4840413160089	-20.6313248052544
			15.5262321642814	-20.6313248052544
			15.5684230125539	-20.6313248052544
			15.6106138608264	-20.6313248052544
			15.6528047090989	-20.6313248052544
			15.6949955573714	-20.6313248052544
			15.7371864056439	-20.6313248052544
			15.7793772539164	-20.6313248052544
			15.8215681021889	-20.6313248052544
			15.8637589504614	-20.6313248052544
			15.9059497987339	-20.6313248052544
			15.9481406470064	-20.6313248052544
			15.9903314952789	-20.6313248052544
			16.0325223435514	-20.6313248052544
			16.0747131918239	-20.6313248052544
			16.1169040400965	-20.5891339569819
			16.159094888369	-20.5891339569819
			16.2012857366415	-20.5891339569819
			16.243476584914	-20.5891339569819
			16.2856674331865	-20.5891339569819
			16.327858281459	-20.5891339569819
			16.3700491297315	-20.5891339569819
			16.412239978004	-20.5891339569819
			16.4544308262765	-20.5891339569819
			16.496621674549	-20.5891339569819
			16.5388125228215	-20.5891339569819
			16.581003371094	-20.5891339569819
			16.6231942193665	-20.5891339569819
			16.665385067639	-20.5891339569819
			16.7075759159115	-20.5891339569819
			16.749766764184	-20.5891339569819
			16.7919576124565	-20.5891339569819
			16.834148460729	-20.5891339569819
			16.8763393090015	-20.5891339569819
			16.918530157274	-20.5891339569819
			16.9607210055465	-20.5891339569819
			17.002911853819	-20.5891339569819
			17.0451027020915	-20.5891339569819
			17.087293550364	-20.5891339569819
			17.1294843986365	-20.5469431087093
			17.171675246909	-20.5469431087093
			17.2138660951815	-20.5469431087093
			17.2560569434541	-20.5469431087093
			17.2982477917266	-20.5469431087093
			17.3404386399991	-20.5469431087093
			17.3826294882716	-20.5469431087093
			17.4248203365441	-20.5469431087093
			17.4670111848166	-20.5469431087093
			17.5092020330891	-20.5469431087093
			17.5513928813616	-20.5469431087093
			17.5935837296341	-20.5469431087093
			17.6357745779066	-20.5469431087093
			17.6779654261791	-20.5469431087093
			17.7201562744516	-20.5469431087093
			17.7623471227241	-20.5469431087093
			17.8045379709966	-20.5469431087093
			17.8467288192691	-20.5469431087093
			17.8889196675416	-20.5469431087093
			17.9311105158141	-20.5469431087093
			17.9733013640866	-20.5469431087093
			18.0154922123591	-20.5469431087093
			18.0576830606316	-20.5469431087093
			18.0998739089041	-20.5469431087093
			18.1420647571766	-20.5469431087093
			18.1842556054491	-20.5469431087093
			18.2264464537216	-20.5469431087093
			18.2686373019941	-20.5469431087093
			18.3108281502666	-20.5469431087093
			18.3530189985391	-20.5469431087093
			18.3952098468117	-20.5469431087093
			18.4374006950842	-20.5469431087093
			18.4795915433567	-20.5469431087093
			18.5217823916292	-20.5469431087093
			18.5639732399017	-20.5469431087093
			18.6061640881742	-20.5469431087093
			18.6483549364467	-20.5469431087093
			18.6905457847192	-20.5469431087093
			18.7327366329917	-20.5469431087093
			18.7749274812642	-20.5469431087093
			18.8171183295367	-20.5469431087093
			18.8593091778092	-20.5469431087093
			18.9015000260817	-20.5469431087093
			18.9436908743542	-20.5469431087093
			18.9858817226267	-20.5469431087093
			19.0280725708992	-20.5469431087093
			19.0702634191717	-20.5469431087093
			19.1124542674442	-20.5469431087093
			19.1546451157167	-20.5469431087093
			19.1968359639892	-20.5469431087093
			19.2390268122617	-20.5469431087093
			19.2812176605342	-20.5469431087093
			19.3234085088067	-20.5469431087093
			19.3655993570792	-20.5469431087093
			19.4077902053517	-20.5469431087093
			19.4499810536242	-20.5469431087093
			19.4921719018968	-20.5469431087093
			19.5343627501693	-20.5469431087093
			19.5765535984418	-20.5469431087093
			19.6187444467143	-20.5469431087093
			19.6609352949868	-20.5469431087093
			19.7031261432593	-20.5469431087093
			19.7453169915318	-20.5469431087093
			19.7875078398043	-20.5469431087093
			19.8296986880768	-20.5469431087093
			19.8718895363493	-20.5469431087093
			19.9140803846218	-20.5469431087093
			19.9562712328943	-20.5469431087093
			19.9984620811668	-20.5469431087093
			20.0406529294393	-20.5469431087093
			20.0828437777118	-20.5469431087093
			20.1250346259843	-20.5469431087093
			20.1672254742568	-20.5469431087093
			20.2094163225293	-20.5469431087093
			20.2516071708018	-20.5469431087093
			20.2937980190743	-20.5469431087093
			20.3359888673468	-20.5469431087093
			20.3781797156193	-20.5469431087093
			20.4203705638918	-20.5469431087093
			20.4625614121643	-20.5469431087093
			20.5047522604368	-20.5469431087093
			20.5469431087093	-20.5469431087093
			20.5891339569819	-20.5469431087093
			20.6313248052544	-20.5469431087093
			20.6735156535269	-20.5469431087093
			20.7157065017994	-20.5469431087093
			20.7578973500719	-20.5469431087093
			20.8000881983444	-20.5469431087093
			20.8422790466169	-20.5469431087093
			20.8844698948894	-20.5469431087093
			20.9266607431619	-20.5469431087093
			20.9688515914344	-20.5469431087093
			21.0110424397069	-20.5469431087093
			21.0532332879794	-20.5469431087093
			21.0954241362519	-20.5469431087093
			21.1376149845244	-20.5469431087093
			21.1798058327969	-20.5469431087093
			21.2219966810694	-20.5469431087093
			21.2641875293419	-20.5469431087093
			21.3063783776144	-20.5469431087093
			21.3485692258869	-20.5469431087093
			21.3907600741594	-20.5469431087093
			21.4329509224319	-20.5469431087093
			21.4751417707044	-20.5469431087093
			21.5173326189769	-20.5469431087093
			21.5595234672494	-20.5469431087093
			21.6017143155219	-20.5469431087093
			21.6439051637944	-20.5469431087093
			21.686096012067	-20.5469431087093
			21.7282868603395	-20.5469431087093
			21.770477708612	-20.5469431087093
			21.8126685568845	-20.5469431087093
			21.854859405157	-20.5469431087093
			21.8970502534295	-20.5469431087093
			21.939241101702	-20.5469431087093
			21.9814319499745	-20.5469431087093
			22.023622798247	-20.5469431087093
			22.0658136465195	-20.5469431087093
			22.108004494792	-20.5469431087093
			22.1501953430645	-20.5469431087093
			22.192386191337	-20.5469431087093
			22.2345770396095	-20.5469431087093
			22.276767887882	-20.5469431087093
			22.3189587361545	-20.5469431087093
			22.361149584427	-20.5469431087093
			22.4033404326995	-20.5469431087093
			22.445531280972	-20.5469431087093
			22.4877221292445	-20.5469431087093
			22.529912977517	-20.5469431087093
			22.5721038257895	-20.5469431087093
			22.614294674062	-20.5469431087093
			22.6564855223345	-20.5469431087093
			22.698676370607	-20.5469431087093
			22.7408672188795	-20.5469431087093
			22.783058067152	-20.5469431087093
			22.8252489154246	-20.5469431087093
			22.8674397636971	-20.5469431087093
			22.9096306119696	-20.5469431087093
			22.9518214602421	-20.5469431087093
			22.9940123085146	-20.5469431087093
			23.0362031567871	-20.5469431087093
			23.0783940050596	-20.5469431087093
			23.1205848533321	-20.5469431087093
			23.1627757016046	-20.5469431087093
			23.2049665498771	-20.5469431087093
			23.2471573981496	-20.5469431087093
			23.2893482464221	-20.5469431087093
			23.3315390946946	-20.5469431087093
			23.3737299429671	-20.5469431087093
			23.4159207912396	-20.5469431087093
			23.4581116395121	-20.5469431087093
			23.5003024877846	-20.5469431087093
			23.5424933360571	-20.5469431087093
			23.5846841843296	-20.5469431087093
			23.6268750326021	-20.5469431087093
			23.6690658808746	-20.5469431087093
			23.7112567291471	-20.5469431087093
			23.7534475774196	-20.5469431087093
			23.7956384256921	-20.5469431087093
			23.8378292739646	-20.5469431087093
			23.8800201222371	-20.5469431087093
			23.9222109705096	-20.5469431087093
			23.9644018187822	-20.5469431087093
			24.0065926670547	-20.5469431087093
			24.0487835153272	-20.5469431087093
			24.0909743635997	-20.5469431087093
			24.1331652118722	-20.5469431087093
			24.1753560601447	-20.5469431087093
			24.2175469084172	-20.5469431087093
			24.2597377566897	-20.5469431087093
			24.3019286049622	-20.5469431087093
			24.3441194532347	-20.5469431087093
			24.3863103015072	-20.5469431087093
			24.4285011497797	-20.5469431087093
			24.4706919980522	-20.5469431087093
			24.5128828463247	-20.5469431087093
			24.5550736945972	-20.5469431087093
			24.5972645428697	-20.5469431087093
			24.6394553911422	-20.5469431087093
			24.6816462394147	-20.5469431087093
			24.7238370876872	-20.5469431087093
			24.7660279359597	-20.5469431087093
			24.8082187842322	-20.5469431087093
			24.8504096325047	-20.5469431087093
			24.8926004807772	-20.5469431087093
			24.9347913290497	-20.5469431087093
			24.9769821773222	-20.5469431087093
			25.0191730255947	-20.5469431087093
			25.0613638738673	-20.5469431087093
			25.1035547221398	-20.5469431087093
			25.1457455704123	-20.5469431087093
			25.1879364186848	-20.5469431087093
			25.2301272669573	-20.5469431087093
			25.2723181152298	-20.5469431087093
			25.3145089635023	-20.5469431087093
			25.3566998117748	-20.5469431087093
			25.3988906600473	-20.5469431087093
			25.4410815083198	-20.5469431087093
			25.4832723565923	-20.5469431087093
			25.5254632048648	-20.5469431087093
			25.5676540531373	-20.5469431087093
			25.6098449014098	-20.5469431087093
			25.6520357496823	-20.5469431087093
			25.6942265979548	-20.5469431087093
			25.7364174462273	-20.5469431087093
			25.7786082944998	-20.5469431087093
			25.8207991427723	-20.5469431087093
			25.8629899910448	-20.5469431087093
			25.9051808393173	-20.5469431087093
			25.9473716875898	-20.5469431087093
			25.9895625358623	-20.5469431087093
			26.0317533841348	-20.5469431087093
			26.0739442324073	-20.5469431087093
			26.1161350806798	-20.5469431087093
			26.1583259289524	-20.5469431087093
			26.2005167772249	-20.5469431087093
			26.2427076254974	-20.5469431087093
			26.2848984737699	-20.5469431087093
			26.2848984737699	-20.5047522604368
			26.3270893220424	-20.5047522604368
			26.3692801703149	-20.5047522604368
			26.4114710185874	-20.5047522604368
			26.4536618668599	-20.5047522604368
			26.4958527151324	-20.5047522604368
			26.5380435634049	-20.5047522604368
			26.5802344116774	-20.5047522604368
			26.6224252599499	-20.5047522604368
			26.6646161082224	-20.5047522604368
			26.7068069564949	-20.5047522604368
			26.7489978047674	-20.5047522604368
		</Snout_dorsal>
		<Dorsal_adipose type=matrix rownames=FALSE colnames=FALSE nrow=327 ncol=2 as.numeric=TRUE >
			26.7489978047674	-20.5047522604368
			26.7911886530399	-20.5047522604368
			26.8333795013124	-20.5469431087093
			26.8755703495849	-20.5469431087093
			26.9177611978574	-20.5469431087093
			26.9599520461299	-20.5891339569819
			27.0021428944024	-20.5891339569819
			27.0443337426749	-20.5891339569819
			27.0865245909474	-20.6313248052544
			27.1287154392199	-20.6313248052544
			27.1709062874924	-20.6313248052544
			27.2130971357649	-20.6313248052544
			27.2552879840375	-20.6735156535269
			27.29747883231	-20.6735156535269
			27.3396696805825	-20.6735156535269
			27.381860528855	-20.7157065017994
			27.4240513771275	-20.7157065017994
			27.4662422254	-20.7157065017994
			27.5084330736725	-20.7578973500719
			27.550623921945	-20.7578973500719
			27.5928147702175	-20.7578973500719
			27.63500561849	-20.7578973500719
			27.6771964667625	-20.8000881983444
			27.719387315035	-20.8000881983444
			27.7615781633075	-20.8000881983444
			27.80376901158	-20.8422790466169
			27.8459598598525	-20.8422790466169
			27.888150708125	-20.8422790466169
			27.9303415563975	-20.8844698948894
			27.97253240467	-20.8844698948894
			28.0147232529425	-20.8844698948894
			28.056914101215	-20.8844698948894
			28.0991049494875	-20.9266607431619
			28.14129579776	-20.9266607431619
			28.1834866460325	-20.9266607431619
			28.225677494305	-20.9688515914344
			28.2678683425775	-20.9688515914344
			28.31005919085	-20.9688515914344
			28.3522500391225	-21.0110424397069
			28.3944408873951	-21.0110424397069
			28.4366317356676	-21.0110424397069
			28.4788225839401	-21.0110424397069
			28.5210134322126	-21.0532332879794
			28.5632042804851	-21.0532332879794
			28.6053951287576	-21.0532332879794
			28.6475859770301	-21.0954241362519
			28.6897768253026	-21.0954241362519
			28.7319676735751	-21.0954241362519
			28.7741585218476	-21.0954241362519
			28.8163493701201	-21.1376149845244
			28.8585402183926	-21.1376149845244
			28.9007310666651	-21.1376149845244
			28.9429219149376	-21.1798058327969
			28.9851127632101	-21.1798058327969
			29.0273036114826	-21.1798058327969
			29.0694944597551	-21.1798058327969
			29.1116853080276	-21.2219966810694
			29.1538761563001	-21.2219966810694
			29.1960670045726	-21.2219966810694
			29.2382578528451	-21.2219966810694
			29.2804487011176	-21.2641875293419
			29.3226395493901	-21.2641875293419
			29.3648303976626	-21.2641875293419
			29.4070212459351	-21.2641875293419
			29.4492120942076	-21.3063783776144
			29.4914029424801	-21.3063783776144
			29.5335937907527	-21.3063783776144
			29.5757846390252	-21.3063783776144
			29.6179754872977	-21.3485692258869
			29.6601663355702	-21.3485692258869
			29.7023571838427	-21.3485692258869
			29.7445480321152	-21.3485692258869
			29.7867388803877	-21.3907600741594
			29.8289297286602	-21.3907600741594
			29.8711205769327	-21.3907600741594
			29.9133114252052	-21.4329509224319
			29.9555022734777	-21.4329509224319
			29.9976931217502	-21.4329509224319
			30.0398839700227	-21.4329509224319
			30.0820748182952	-21.4751417707044
			30.1242656665677	-21.4751417707044
			30.1664565148402	-21.4751417707044
			30.2086473631127	-21.4751417707044
			30.2508382113852	-21.5173326189769
			30.2930290596577	-21.5173326189769
			30.3352199079302	-21.5173326189769
			30.3774107562027	-21.5173326189769
			30.4196016044752	-21.5595234672494
			30.4617924527477	-21.5595234672494
			30.5039833010202	-21.5595234672494
			30.5461741492927	-21.5595234672494
			30.5883649975653	-21.5595234672494
			30.6305558458378	-21.6017143155219
			30.6727466941103	-21.6017143155219
			30.7149375423828	-21.6017143155219
			30.7571283906553	-21.6017143155219
			30.7993192389278	-21.6439051637944
			30.8415100872003	-21.6439051637944
			30.8837009354728	-21.6439051637944
			30.9258917837453	-21.6439051637944
			30.9258917837453	-21.686096012067
			30.9680826320178	-21.686096012067
			31.0102734802903	-21.686096012067
			31.0524643285628	-21.686096012067
			31.0946551768353	-21.686096012067
			31.1368460251078	-21.7282868603395
			31.1790368733803	-21.7282868603395
			31.2212277216528	-21.7282868603395
			31.2634185699253	-21.7282868603395
			31.3056094181978	-21.7282868603395
			31.3056094181978	-21.770477708612
			31.3478002664703	-21.770477708612
			31.3899911147428	-21.770477708612
			31.4321819630153	-21.770477708612
			31.4743728112878	-21.770477708612
			31.5165636595603	-21.8126685568845
			31.5587545078328	-21.8126685568845
			31.6009453561053	-21.8126685568845
			31.6431362043778	-21.8126685568845
			31.6853270526503	-21.854859405157
			31.7275179009229	-21.854859405157
			31.7697087491954	-21.854859405157
			31.8118995974679	-21.854859405157
			31.8540904457404	-21.8970502534295
			31.8962812940129	-21.8970502534295
			31.9384721422854	-21.8970502534295
			31.9806629905579	-21.8970502534295
			32.0228538388304	-21.8970502534295
			32.0650446871029	-21.939241101702
			32.1072355353754	-21.939241101702
			32.1494263836479	-21.939241101702
			32.1916172319204	-21.939241101702
			32.2338080801929	-21.9814319499745
			32.2759989284654	-21.9814319499745
			32.3181897767379	-21.9814319499745
			32.3603806250104	-21.9814319499745
			32.4025714732829	-21.9814319499745
			32.4447623215554	-22.023622798247
			32.4869531698279	-22.023622798247
			32.5291440181004	-22.023622798247
			32.5713348663729	-22.023622798247
			32.6135257146454	-22.023622798247
			32.6557165629179	-22.0658136465195
			32.6979074111904	-22.0658136465195
			32.7400982594629	-22.0658136465195
			32.7822891077354	-22.0658136465195
			32.8244799560079	-22.0658136465195
			32.8666708042805	-22.108004494792
			32.908861652553	-22.108004494792
			32.9510525008255	-22.108004494792
			32.993243349098	-22.108004494792
			33.0354341973705	-22.108004494792
			33.077625045643	-22.1501953430645
			33.1198158939155	-22.1501953430645
			33.162006742188	-22.1501953430645
			33.2041975904605	-22.1501953430645
			33.246388438733	-22.1501953430645
			33.2885792870055	-22.192386191337
			33.330770135278	-22.192386191337
			33.3729609835505	-22.192386191337
			33.415151831823	-22.192386191337
			33.4573426800955	-22.192386191337
			33.499533528368	-22.2345770396095
			33.5417243766405	-22.2345770396095
			33.583915224913	-22.2345770396095
			33.6261060731855	-22.2345770396095
			33.668296921458	-22.2345770396095
			33.7104877697305	-22.276767887882
			33.752678618003	-22.276767887882
			33.7948694662755	-22.276767887882
			33.837060314548	-22.276767887882
			33.8792511628205	-22.276767887882
			33.921442011093	-22.276767887882
			33.9636328593656	-22.3189587361545
			34.0058237076381	-22.3189587361545
			34.0480145559106	-22.3189587361545
			34.0902054041831	-22.3189587361545
			34.1323962524556	-22.3189587361545
			34.1745871007281	-22.3189587361545
			34.2167779490006	-22.361149584427
			34.2589687972731	-22.361149584427
			34.3011596455456	-22.361149584427
			34.3433504938181	-22.361149584427
			34.3855413420906	-22.361149584427
			34.4277321903631	-22.361149584427
			34.4699230386356	-22.361149584427
			34.5121138869081	-22.361149584427
			34.5543047351806	-22.4033404326995
			34.5964955834531	-22.4033404326995
			34.6386864317256	-22.4033404326995
			34.6808772799981	-22.4033404326995
			34.7230681282706	-22.4033404326995
			34.7652589765431	-22.4033404326995
			34.8074498248156	-22.4033404326995
			34.8496406730881	-22.445531280972
			34.8918315213606	-22.445531280972
			34.9340223696331	-22.445531280972
			34.9762132179056	-22.445531280972
			35.0184040661781	-22.445531280972
			35.0605949144507	-22.445531280972
			35.1027857627232	-22.445531280972
			35.1449766109957	-22.445531280972
			35.1871674592682	-22.445531280972
			35.2293583075407	-22.445531280972
			35.2715491558132	-22.4877221292445
			35.3137400040857	-22.4877221292445
			35.3559308523582	-22.4877221292445
			35.3981217006307	-22.4877221292445
			35.4403125489032	-22.4877221292445
			35.4825033971757	-22.4877221292445
			35.5246942454482	-22.4877221292445
			35.5668850937207	-22.4877221292445
			35.6090759419932	-22.4877221292445
			35.6512667902657	-22.529912977517
			35.6934576385382	-22.529912977517
			35.7356484868107	-22.529912977517
			35.7778393350832	-22.529912977517
			35.8200301833557	-22.529912977517
			35.8622210316282	-22.529912977517
			35.9044118799007	-22.529912977517
			35.9466027281732	-22.529912977517
			35.9887935764457	-22.529912977517
			36.0309844247182	-22.529912977517
			36.0731752729907	-22.529912977517
			36.1153661212632	-22.5721038257895
			36.1575569695358	-22.5721038257895
			36.1997478178083	-22.5721038257895
			36.2419386660808	-22.5721038257895
			36.2841295143533	-22.5721038257895
			36.3263203626258	-22.5721038257895
			36.3685112108983	-22.5721038257895
			36.4107020591708	-22.5721038257895
			36.4528929074433	-22.5721038257895
			36.4950837557158	-22.5721038257895
			36.5372746039883	-22.5721038257895
			36.5794654522608	-22.5721038257895
			36.6216563005333	-22.5721038257895
			36.6638471488058	-22.5721038257895
			36.7060379970783	-22.614294674062
			36.7482288453508	-22.614294674062
			36.7904196936233	-22.614294674062
			36.8326105418958	-22.614294674062
			36.8748013901683	-22.614294674062
			36.9169922384408	-22.614294674062
			36.9591830867133	-22.614294674062
			37.0013739349858	-22.614294674062
			37.0435647832583	-22.614294674062
			37.0857556315308	-22.614294674062
			37.1279464798033	-22.614294674062
			37.1701373280758	-22.614294674062
			37.2123281763483	-22.614294674062
			37.2545190246208	-22.614294674062
			37.2967098728934	-22.614294674062
			37.3389007211659	-22.614294674062
			37.3810915694384	-22.614294674062
			37.4232824177109	-22.614294674062
			37.4654732659834	-22.6564855223345
			37.5076641142559	-22.6564855223345
			37.5498549625284	-22.6564855223345
			37.5920458108009	-22.6564855223345
			37.6342366590734	-22.6564855223345
			37.6764275073459	-22.6564855223345
			37.7186183556184	-22.6564855223345
			37.7608092038909	-22.6564855223345
			37.8030000521634	-22.6564855223345
			37.8451909004359	-22.6564855223345
			37.8873817487084	-22.6564855223345
			37.9295725969809	-22.6564855223345
			37.9717634452534	-22.6564855223345
			38.0139542935259	-22.6564855223345
			38.0561451417984	-22.6564855223345
			38.0983359900709	-22.6564855223345
			38.1405268383434	-22.6564855223345
			38.1827176866159	-22.6564855223345
			38.2249085348884	-22.6564855223345
			38.2670993831609	-22.6564855223345
			38.3092902314334	-22.6564855223345
			38.3514810797059	-22.6564855223345
			38.3936719279785	-22.6564855223345
			38.435862776251	-22.6564855223345
			38.4780536245235	-22.6564855223345
			38.520244472796	-22.6564855223345
			38.5624353210685	-22.6564855223345
			38.604626169341	-22.6564855223345
			38.6468170176135	-22.6564855223345
			38.689007865886	-22.6564855223345
			38.7311987141585	-22.6564855223345
			38.773389562431	-22.6564855223345
			38.8155804107035	-22.6564855223345
			38.857771258976	-22.6564855223345
			38.8999621072485	-22.6564855223345
			38.942152955521	-22.6564855223345
			38.9843438037935	-22.6564855223345
			39.026534652066	-22.6564855223345
			39.0687255003385	-22.6564855223345
			39.110916348611	-22.6564855223345
			39.1531071968835	-22.6564855223345
			39.195298045156	-22.6564855223345
			39.2374888934285	-22.6564855223345
			39.279679741701	-22.6564855223345
			39.3218705899735	-22.6564855223345
			39.364061438246	-22.6564855223345
			39.4062522865185	-22.6564855223345
			39.448443134791	-22.614294674062
			39.4906339830636	-22.614294674062
			39.5328248313361	-22.614294674062
			39.5750156796086	-22.614294674062
			39.6172065278811	-22.614294674062
			39.6593973761536	-22.614294674062
			39.7015882244261	-22.614294674062
			39.7437790726986	-22.614294674062
			39.7859699209711	-22.614294674062
			39.8281607692436	-22.614294674062
			39.8703516175161	-22.614294674062
			39.9125424657886	-22.614294674062
			39.9547333140611	-22.614294674062
			39.9969241623336	-22.614294674062
			40.0391150106061	-22.614294674062
			40.0813058588786	-22.614294674062
			40.1234967071511	-22.614294674062
			40.1234967071511	-22.5721038257895
			40.1656875554236	-22.5721038257895
			40.2078784036961	-22.5721038257895
			40.2500692519686	-22.5721038257895
			40.2922601002411	-22.5721038257895
			40.3344509485136	-22.5721038257895
			40.3766417967861	-22.5721038257895
		</Dorsal_adipose>
		<Adipose_caudal type=matrix rownames=FALSE colnames=FALSE nrow=186 ncol=2 as.numeric=TRUE >
			40.3766417967861	-22.5721038257895
			40.4188326450586	-22.5721038257895
			40.4610234933311	-22.5721038257895
			40.5032143416036	-22.5721038257895
			40.5454051898761	-22.5721038257895
			40.5875960381486	-22.5721038257895
			40.6297868864212	-22.5721038257895
			40.6719777346937	-22.5721038257895
			40.7141685829662	-22.5721038257895
			40.7563594312387	-22.5721038257895
			40.7985502795112	-22.5721038257895
			40.8407411277837	-22.5721038257895
			40.8829319760562	-22.614294674062
			40.9251228243287	-22.614294674062
			40.9673136726012	-22.614294674062
			41.0095045208737	-22.614294674062
			41.0516953691462	-22.614294674062
			41.0516953691462	-22.6564855223345
			41.0938862174187	-22.6564855223345
			41.1360770656912	-22.6564855223345
			41.1782679139637	-22.6564855223345
			41.1782679139637	-22.698676370607
			41.2204587622362	-22.698676370607
			41.2626496105087	-22.7408672188795
			41.3048404587812	-22.783058067152
			41.3470313070537	-22.783058067152
			41.3892221553262	-22.8252489154246
			41.3892221553262	-22.8674397636971
			41.4314130035987	-22.9096306119696
			41.4314130035987	-22.9518214602421
			41.4314130035987	-22.9940123085146
			41.4736038518712	-22.9940123085146
			41.5157947001437	-22.9940123085146
			41.5579855484162	-22.9940123085146
			41.6001763966887	-23.0362031567871
			41.6423672449612	-23.0362031567871
			41.6845580932337	-23.0362031567871
			41.7267489415063	-23.0362031567871
			41.7689397897788	-23.0362031567871
			41.8111306380513	-23.0362031567871
			41.8533214863238	-23.0362031567871
			41.8955123345963	-23.0783940050596
			41.9377031828688	-23.0783940050596
			41.9798940311413	-23.0783940050596
			42.0220848794138	-23.0783940050596
			42.0642757276863	-23.0783940050596
			42.1064665759588	-23.0783940050596
			42.1486574242313	-23.0783940050596
			42.1908482725038	-23.1205848533321
			42.2330391207763	-23.1205848533321
			42.2752299690488	-23.1205848533321
			42.3174208173213	-23.1205848533321
			42.3596116655938	-23.1205848533321
			42.4018025138663	-23.1205848533321
			42.4439933621388	-23.1205848533321
			42.4861842104113	-23.1205848533321
			42.5283750586838	-23.1627757016046
			42.5705659069563	-23.1627757016046
			42.6127567552288	-23.1627757016046
			42.6549476035013	-23.1627757016046
			42.6971384517738	-23.1627757016046
			42.7393293000463	-23.1627757016046
			42.7815201483188	-23.1627757016046
			42.8237109965914	-23.1627757016046
			42.8659018448639	-23.2049665498771
			42.9080926931364	-23.2049665498771
			42.9502835414089	-23.2049665498771
			42.9924743896814	-23.2049665498771
			43.0346652379539	-23.2049665498771
			43.0768560862264	-23.2049665498771
			43.1190469344989	-23.2049665498771
			43.1612377827714	-23.2049665498771
			43.2034286310439	-23.2049665498771
			43.2456194793164	-23.2471573981496
			43.2878103275889	-23.2471573981496
			43.3300011758614	-23.2471573981496
			43.3721920241339	-23.2471573981496
			43.4143828724064	-23.2471573981496
			43.4565737206789	-23.2471573981496
			43.4987645689514	-23.2471573981496
			43.5409554172239	-23.2471573981496
			43.5831462654964	-23.2471573981496
			43.6253371137689	-23.2893482464221
			43.6675279620414	-23.2893482464221
			43.7097188103139	-23.2893482464221
			43.7519096585864	-23.2893482464221
			43.7941005068589	-23.2893482464221
			43.8362913551314	-23.2893482464221
			43.8784822034039	-23.2893482464221
			43.9206730516765	-23.2893482464221
			43.9628638999489	-23.2893482464221
			44.0050547482215	-23.2893482464221
			44.047245596494	-23.2893482464221
			44.0894364447665	-23.3315390946946
			44.131627293039	-23.3315390946946
			44.1738181413115	-23.3315390946946
			44.216008989584	-23.3315390946946
			44.2581998378565	-23.3315390946946
			44.300390686129	-23.3315390946946
			44.3425815344015	-23.3315390946946
			44.384772382674	-23.3315390946946
			44.4269632309465	-23.3315390946946
			44.469154079219	-23.3315390946946
			44.5113449274915	-23.3315390946946
			44.553535775764	-23.3315390946946
			44.5957266240365	-23.3315390946946
			44.637917472309	-23.3315390946946
			44.6801083205815	-23.3315390946946
			44.722299168854	-23.3737299429671
			44.7644900171265	-23.3737299429671
			44.806680865399	-23.3737299429671
			44.8488717136715	-23.3737299429671
			44.891062561944	-23.3737299429671
			44.9332534102165	-23.3737299429671
			44.975444258489	-23.3737299429671
			45.0176351067615	-23.3737299429671
			45.0598259550341	-23.3737299429671
			45.1020168033066	-23.3737299429671
			45.1442076515791	-23.3737299429671
			45.1863984998516	-23.3737299429671
			45.2285893481241	-23.3737299429671
			45.2707801963966	-23.3737299429671
			45.3129710446691	-23.3737299429671
			45.3551618929416	-23.3737299429671
			45.3973527412141	-23.3737299429671
			45.4395435894866	-23.3737299429671
			45.4817344377591	-23.3737299429671
			45.5239252860316	-23.3737299429671
			45.5661161343041	-23.3737299429671
			45.6083069825766	-23.3737299429671
			45.6504978308491	-23.3737299429671
			45.6926886791216	-23.3737299429671
			45.7348795273941	-23.3737299429671
			45.7770703756666	-23.3315390946946
			45.8192612239391	-23.3315390946946
			45.8614520722116	-23.3315390946946
			45.9036429204841	-23.3315390946946
			45.9458337687566	-23.3315390946946
			45.9880246170291	-23.3315390946946
			46.0302154653016	-23.3315390946946
			46.0724063135741	-23.2893482464221
			46.1145971618466	-23.2893482464221
			46.1567880101192	-23.2893482464221
			46.1989788583917	-23.2893482464221
			46.2411697066642	-23.2893482464221
			46.2833605549367	-23.2471573981496
			46.3255514032092	-23.2471573981496
			46.3677422514817	-23.2471573981496
			46.4099330997542	-23.2471573981496
			46.4521239480267	-23.2471573981496
			46.4943147962992	-23.2471573981496
			46.5365056445717	-23.2049665498771
			46.5786964928442	-23.2049665498771
			46.6208873411167	-23.2049665498771
			46.6630781893892	-23.2049665498771
			46.7052690376617	-23.2049665498771
			46.7474598859342	-23.2049665498771
			46.7896507342067	-23.2049665498771
			46.8318415824792	-23.2049665498771
			46.8740324307517	-23.2049665498771
			46.9162232790242	-23.2049665498771
			46.9162232790242	-23.1627757016046
			46.9584141272967	-23.1627757016046
			47.0006049755692	-23.1627757016046
			47.0427958238417	-23.1627757016046
			47.0849866721142	-23.1627757016046
			47.1271775203867	-23.1627757016046
			47.1693683686592	-23.1627757016046
			47.2115592169317	-23.1627757016046
			47.2537500652043	-23.1627757016046
			47.2959409134768	-23.1627757016046
			47.3381317617493	-23.1627757016046
			47.3803226100218	-23.1627757016046
			47.4225134582943	-23.1627757016046
			47.4647043065668	-23.2049665498771
			47.5068951548393	-23.2049665498771
			47.5490860031118	-23.2049665498771
			47.5912768513843	-23.2049665498771
			47.6334676996568	-23.2049665498771
			47.6756585479293	-23.2471573981496
			47.7178493962018	-23.2471573981496
			47.7600402444743	-23.2471573981496
			47.8022310927468	-23.2471573981496
			47.8444219410193	-23.2893482464221
			47.8866127892918	-23.2893482464221
			47.9288036375643	-23.3315390946946
		</Adipose_caudal>
		<Caudal_anal type=matrix rownames=FALSE colnames=FALSE nrow=304 ncol=2 as.numeric=TRUE >
			47.7178493962018	-27.719387315035
			47.6756585479293	-27.719387315035
			47.6334676996568	-27.7615781633075
			47.5912768513843	-27.7615781633075
			47.5490860031118	-27.7615781633075
			47.5068951548393	-27.7615781633075
			47.4647043065668	-27.7615781633075
			47.4225134582943	-27.7615781633075
			47.3803226100218	-27.7615781633075
			47.3381317617493	-27.7615781633075
			47.2959409134768	-27.7615781633075
			47.2537500652043	-27.7615781633075
			47.2115592169317	-27.7615781633075
			47.1693683686592	-27.7615781633075
			47.1271775203867	-27.7615781633075
			47.0849866721142	-27.7615781633075
			47.0427958238417	-27.7615781633075
			47.0006049755692	-27.7615781633075
			46.9584141272967	-27.7615781633075
			46.9162232790242	-27.7615781633075
			46.8740324307517	-27.719387315035
			46.8318415824792	-27.719387315035
			46.7896507342067	-27.719387315035
			46.7474598859342	-27.719387315035
			46.7052690376617	-27.719387315035
			46.6630781893892	-27.6771964667625
			46.6208873411167	-27.6771964667625
			46.5786964928442	-27.6771964667625
			46.5365056445717	-27.6771964667625
			46.4943147962992	-27.6771964667625
			46.4521239480267	-27.63500561849
			46.4099330997542	-27.63500561849
			46.3677422514817	-27.63500561849
			46.3255514032092	-27.63500561849
			46.2833605549367	-27.5928147702175
			46.2411697066642	-27.5928147702175
			46.1989788583917	-27.5928147702175
			46.1567880101192	-27.5928147702175
			46.1145971618466	-27.5928147702175
			46.0724063135741	-27.550623921945
			46.0302154653016	-27.550623921945
			45.9880246170291	-27.550623921945
			45.9458337687566	-27.550623921945
			45.9036429204841	-27.550623921945
			45.8614520722116	-27.550623921945
			45.8192612239391	-27.550623921945
			45.7770703756666	-27.550623921945
			45.7348795273941	-27.550623921945
			45.6926886791216	-27.550623921945
			45.6504978308491	-27.550623921945
			45.6083069825766	-27.550623921945
			45.5661161343041	-27.550623921945
			45.5239252860316	-27.550623921945
			45.4817344377591	-27.550623921945
			45.4395435894866	-27.550623921945
			45.3973527412141	-27.550623921945
			45.3551618929416	-27.550623921945
			45.3129710446691	-27.550623921945
			45.2707801963966	-27.550623921945
			45.2285893481241	-27.550623921945
			45.1863984998516	-27.550623921945
			45.1442076515791	-27.5928147702175
			45.1020168033066	-27.5928147702175
			45.0598259550341	-27.5928147702175
			45.0176351067615	-27.5928147702175
			44.975444258489	-27.5928147702175
			44.9332534102165	-27.5928147702175
			44.891062561944	-27.5928147702175
			44.8488717136715	-27.5928147702175
			44.806680865399	-27.5928147702175
			44.7644900171265	-27.5928147702175
			44.722299168854	-27.5928147702175
			44.6801083205815	-27.63500561849
			44.637917472309	-27.63500561849
			44.5957266240365	-27.63500561849
			44.553535775764	-27.63500561849
			44.5113449274915	-27.63500561849
			44.469154079219	-27.63500561849
			44.4269632309465	-27.63500561849
			44.384772382674	-27.63500561849
			44.3425815344015	-27.6771964667625
			44.300390686129	-27.6771964667625
			44.2581998378565	-27.6771964667625
			44.216008989584	-27.6771964667625
			44.1738181413115	-27.6771964667625
			44.131627293039	-27.6771964667625
			44.0894364447665	-27.6771964667625
			44.047245596494	-27.719387315035
			44.0050547482215	-27.719387315035
			43.9628638999489	-27.719387315035
			43.9206730516765	-27.719387315035
			43.8784822034039	-27.719387315035
			43.8362913551314	-27.719387315035
			43.7941005068589	-27.719387315035
			43.7519096585864	-27.7615781633075
			43.7097188103139	-27.7615781633075
			43.6675279620414	-27.7615781633075
			43.6253371137689	-27.7615781633075
			43.5831462654964	-27.7615781633075
			43.5409554172239	-27.80376901158
			43.4987645689514	-27.80376901158
			43.4565737206789	-27.80376901158
			43.4143828724064	-27.80376901158
			43.3721920241339	-27.80376901158
			43.3300011758614	-27.80376901158
			43.2878103275889	-27.80376901158
			43.2456194793164	-27.8459598598525
			43.2034286310439	-27.8459598598525
			43.1612377827714	-27.8459598598525
			43.1190469344989	-27.8459598598525
			43.0768560862264	-27.8459598598525
			43.0346652379539	-27.888150708125
			42.9924743896814	-27.888150708125
			42.9502835414089	-27.888150708125
			42.9080926931364	-27.888150708125
			42.8659018448639	-27.888150708125
			42.8237109965914	-27.9303415563975
			42.7815201483188	-27.9303415563975
			42.7393293000463	-27.9303415563975
			42.6971384517738	-27.9303415563975
			42.6549476035013	-27.9303415563975
			42.6127567552288	-27.97253240467
			42.5705659069563	-27.97253240467
			42.5283750586838	-27.97253240467
			42.4861842104113	-27.97253240467
			42.4439933621388	-27.97253240467
			42.4018025138663	-28.0147232529425
			42.3596116655938	-28.0147232529425
			42.3174208173213	-28.0147232529425
			42.2752299690488	-28.0147232529425
			42.2330391207763	-28.0147232529425
			42.1908482725038	-28.0147232529425
			42.1486574242313	-28.056914101215
			42.1064665759588	-28.056914101215
			42.0642757276863	-28.056914101215
			42.0220848794138	-28.056914101215
			41.9798940311413	-28.056914101215
			41.9377031828688	-28.056914101215
			41.8955123345963	-28.0991049494875
			41.8533214863238	-28.0991049494875
			41.8111306380513	-28.0991049494875
			41.7689397897788	-28.0991049494875
			41.7267489415063	-28.0991049494875
			41.6845580932337	-28.0991049494875
			41.6423672449612	-28.14129579776
			41.6001763966887	-28.14129579776
			41.5579855484162	-28.14129579776
			41.5157947001437	-28.14129579776
			41.4736038518712	-28.14129579776
			41.4314130035987	-28.14129579776
			41.3892221553262	-28.1834866460325
			41.3470313070537	-28.1834866460325
			41.3048404587812	-28.1834866460325
			41.2626496105087	-28.1834866460325
			41.2204587622362	-28.1834866460325
			41.1782679139637	-28.1834866460325
			41.1360770656912	-28.225677494305
			41.0938862174187	-28.225677494305
			41.0516953691462	-28.225677494305
			41.0095045208737	-28.225677494305
			40.9673136726012	-28.225677494305
			40.9251228243287	-28.225677494305
			40.8829319760562	-28.2678683425775
			40.8407411277837	-28.2678683425775
			40.7985502795112	-28.2678683425775
			40.7563594312387	-28.2678683425775
			40.7141685829662	-28.2678683425775
			40.6719777346937	-28.2678683425775
			40.6297868864212	-28.2678683425775
			40.5875960381486	-28.31005919085
			40.5454051898761	-28.31005919085
			40.5032143416036	-28.31005919085
			40.4610234933311	-28.31005919085
			40.4188326450586	-28.31005919085
			40.3766417967861	-28.31005919085
			40.3344509485136	-28.3522500391225
			40.2922601002411	-28.3522500391225
			40.2500692519686	-28.3522500391225
			40.2078784036961	-28.3522500391225
			40.1656875554236	-28.3522500391225
			40.1234967071511	-28.3944408873951
			40.0813058588786	-28.3944408873951
			40.0391150106061	-28.3944408873951
			39.9969241623336	-28.3944408873951
			39.9547333140611	-28.3944408873951
			39.9125424657886	-28.3944408873951
			39.8703516175161	-28.3944408873951
			39.8281607692436	-28.4366317356676
			39.7859699209711	-28.4366317356676
			39.7437790726986	-28.4366317356676
			39.7015882244261	-28.4366317356676
			39.6593973761536	-28.4366317356676
			39.6172065278811	-28.4366317356676
			39.5750156796086	-28.4788225839401
			39.5328248313361	-28.4788225839401
			39.4906339830636	-28.4788225839401
			39.448443134791	-28.4788225839401
			39.4062522865185	-28.4788225839401
			39.364061438246	-28.4788225839401
			39.3218705899735	-28.4788225839401
			39.279679741701	-28.5210134322126
			39.2374888934285	-28.5210134322126
			39.195298045156	-28.5210134322126
			39.1531071968835	-28.5210134322126
			39.110916348611	-28.5210134322126
			39.0687255003385	-28.5210134322126
			39.026534652066	-28.5632042804851
			38.9843438037935	-28.5632042804851
			38.942152955521	-28.5632042804851
			38.8999621072485	-28.5632042804851
			38.857771258976	-28.5632042804851
			38.8155804107035	-28.5632042804851
			38.773389562431	-28.6053951287576
			38.7311987141585	-28.6053951287576
			38.689007865886	-28.6053951287576
			38.6468170176135	-28.6053951287576
			38.604626169341	-28.6053951287576
			38.5624353210685	-28.6053951287576
			38.520244472796	-28.6053951287576
			38.4780536245235	-28.6475859770301
			38.435862776251	-28.6475859770301
			38.3936719279785	-28.6475859770301
			38.3514810797059	-28.6475859770301
			38.3092902314334	-28.6475859770301
			38.2670993831609	-28.6475859770301
			38.2249085348884	-28.6897768253026
			38.1827176866159	-28.6897768253026
			38.1405268383434	-28.6897768253026
			38.0983359900709	-28.6897768253026
			38.0561451417984	-28.6897768253026
			38.0139542935259	-28.6897768253026
			37.9717634452534	-28.7319676735751
			37.9295725969809	-28.7319676735751
			37.8873817487084	-28.7319676735751
			37.8451909004359	-28.7319676735751
			37.8030000521634	-28.7319676735751
			37.7608092038909	-28.7319676735751
			37.7186183556184	-28.7319676735751
			37.6764275073459	-28.7741585218476
			37.6342366590734	-28.7741585218476
			37.5920458108009	-28.7741585218476
			37.5498549625284	-28.7741585218476
			37.5076641142559	-28.7741585218476
			37.4654732659834	-28.7741585218476
			37.4232824177109	-28.7741585218476
			37.3810915694384	-28.8163493701201
			37.3389007211659	-28.8163493701201
			37.2967098728934	-28.8163493701201
			37.2545190246208	-28.8163493701201
			37.2123281763483	-28.8163493701201
			37.1701373280758	-28.8163493701201
			37.1279464798033	-28.8163493701201
			37.1279464798033	-28.8585402183926
			37.0857556315308	-28.8585402183926
			37.0435647832583	-28.8585402183926
			37.0013739349858	-28.8585402183926
			36.9591830867133	-28.8585402183926
			36.9169922384408	-28.8585402183926
			36.8748013901683	-28.8585402183926
			36.8326105418958	-28.9007310666651
			36.7904196936233	-28.9007310666651
			36.7482288453508	-28.9007310666651
			36.7060379970783	-28.9007310666651
			36.6638471488058	-28.9007310666651
			36.6216563005333	-28.9007310666651
			36.5794654522608	-28.9007310666651
			36.5372746039883	-28.9429219149376
			36.4950837557158	-28.9429219149376
			36.4528929074433	-28.9429219149376
			36.4107020591708	-28.9429219149376
			36.3685112108983	-28.9429219149376
			36.3263203626258	-28.9429219149376
			36.2841295143533	-28.9851127632101
			36.2419386660808	-28.9851127632101
			36.1997478178083	-28.9851127632101
			36.1575569695358	-28.9851127632101
			36.1153661212632	-28.9851127632101
			36.0731752729907	-28.9851127632101
			36.0309844247182	-28.9851127632101
			35.9887935764457	-29.0273036114826
			35.9466027281732	-29.0273036114826
			35.9044118799007	-29.0273036114826
			35.8622210316282	-29.0273036114826
			35.8200301833557	-29.0273036114826
			35.7778393350832	-29.0273036114826
			35.7356484868107	-29.0273036114826
			35.6934576385382	-29.0694944597551
			35.6512667902657	-29.0694944597551
			35.6090759419932	-29.0694944597551
			35.5668850937207	-29.0694944597551
			35.5246942454482	-29.0694944597551
			35.4825033971757	-29.0694944597551
			35.4403125489032	-29.0694944597551
			35.3981217006307	-29.1116853080276
			35.3559308523582	-29.1116853080276
			35.3137400040857	-29.1116853080276
			35.2715491558132	-29.1116853080276
			35.2293583075407	-29.1116853080276
			35.1871674592682	-29.1116853080276
			35.1449766109957	-29.1116853080276
			35.1027857627232	-29.1538761563001
			35.0605949144507	-29.1538761563001
			35.0184040661781	-29.1538761563001
			34.9762132179056	-29.1538761563001
		</Caudal_anal>
	</curves.scaled>
	<ruler.points type=matrix rownames=TRUE colnames=FALSE nrow=3 ncol=2 as.numeric=TRUE >
		Ruler point 1	637	786
		Ruler point 2	756	784
		Ruler point 3	874	783
	</ruler.points>
</shapes>

