<shapes type=list>
	<ruler.pixel type=vector names=FALSE length=1 as.numeric=TRUE >211.005318761242</ruler.pixel>
	<ruler.interval type=vector names=FALSE length=1 as.numeric=TRUE >5</ruler.interval>
	<scaling.units type=vector names=FALSE length=1 as.numeric=FALSE >mm</scaling.units>
	<scaling type=vector names=FALSE length=1 as.numeric=TRUE >0.0236960851477759</scaling>
	<landmarks.pixel type=matrix rownames=TRUE colnames=FALSE nrow=11 ncol=2 as.numeric=TRUE >
		Anterior_eye	2606	3121
		Posterior_eye	2741	3061
		Posterior_Maxilla	2838	3148
		Anterior_Maxilla	2589	3170
		Dorsal_fin_insertion	3040	2774
		Adipose_fin_insertion	3361	2729
		Dorsal_caudal	3552	2669
		Ventral_caudal	3619	2787
		Anal_fin_insertion	3306	2973
		Pelvic_fin_insertion	3134	3037
		Pectoral_fin_insertion	2939	3061
	</landmarks.pixel>
	<landmarks.scaled type=matrix rownames=TRUE colnames=FALSE nrow=11 ncol=2 as.numeric=TRUE >
		Anterior_eye	61.751997895104	-73.9554817462086
		Posterior_eye	64.9509693900538	-72.5337166373421
		Posterior_Maxilla	67.2494896493881	-74.5952760451986
		Anterior_Maxilla	61.3491644475919	-75.1165899184497
		Dorsal_fin_insertion	72.0360988492388	-65.7329401999304
		Adipose_fin_insertion	79.6425421816749	-64.6666163682805
		Dorsal_caudal	84.1684944449001	-63.2448512594139
		Ventral_caudal	85.756132149801	-66.0409893068515
		Anal_fin_insertion	78.3392574985472	-70.4484611443378
		Pelvic_fin_insertion	74.2635308531297	-71.9650105937955
		Pectoral_fin_insertion	69.6427942493134	-72.5337166373421
	</landmarks.scaled>
	<curves.control type=list>
		<Snout_dorsal type=matrix rownames=FALSE colnames=FALSE nrow=7 ncol=2 as.numeric=TRUE >
			2589	3170
			2528	3081
			2600	2976
			2659	2909
			2825	2857
			2965	2811
			3040	2774
		</Snout_dorsal>
		<Dorsal_adipose type=matrix rownames=FALSE colnames=FALSE nrow=5 ncol=2 as.numeric=TRUE >
			3040	2774
			3114	2765
			3230	2774
			3331	2751
			3361	2729
		</Dorsal_adipose>
		<Adipose_caudal type=matrix rownames=FALSE colnames=FALSE nrow=7 ncol=2 as.numeric=TRUE >
			3361	2729
			3384	2714
			3392	2730
			3488	2706
			3525	2685
			3536	2673
			3552	2669
		</Adipose_caudal>
		<Caudal_anal type=matrix rownames=FALSE colnames=FALSE nrow=7 ncol=2 as.numeric=TRUE >
			3619	2787
			3597	2801
			3561	2809
			3504	2838
			3439	2880
			3397	2921
			3306	2973
		</Caudal_anal>
	</curves.control>
	<curves.pixel type=list>
		<Snout_dorsal type=matrix rownames=FALSE colnames=FALSE nrow=662 ncol=2 as.numeric=TRUE >
			2589	3170
			2588	3169
			2588	3168
			2587	3168
			2587	3167
			2586	3166
			2586	3165
			2585	3165
			2585	3164
			2584	3163
			2584	3162
			2583	3161
			2582	3160
			2582	3159
			2581	3158
			2581	3157
			2580	3156
			2580	3155
			2579	3154
			2579	3153
			2578	3152
			2578	3151
			2577	3150
			2576	3149
			2576	3148
			2576	3147
			2575	3147
			2575	3146
			2575	3145
			2574	3145
			2574	3144
			2574	3143
			2573	3142
			2573	3141
			2572	3140
			2572	3139
			2572	3138
			2571	3137
			2571	3136
			2570	3135
			2570	3134
			2570	3133
			2569	3132
			2569	3131
			2569	3130
			2568	3129
			2568	3128
			2568	3127
			2567	3126
			2567	3125
			2567	3124
			2566	3123
			2566	3122
			2566	3121
			2566	3120
			2565	3119
			2565	3118
			2565	3117
			2565	3116
			2564	3115
			2564	3114
			2564	3113
			2564	3112
			2563	3111
			2563	3110
			2563	3109
			2563	3108
			2563	3107
			2563	3106
			2562	3105
			2562	3104
			2562	3103
			2562	3102
			2562	3101
			2562	3100
			2562	3099
			2562	3098
			2562	3097
			2561	3096
			2561	3095
			2561	3094
			2561	3093
			2561	3092
			2561	3091
			2561	3090
			2561	3089
			2561	3088
			2561	3087
			2561	3086
			2561	3085
			2561	3084
			2561	3083
			2561	3082
			2561	3081
			2561	3080
			2561	3079
			2561	3078
			2561	3077
			2561	3076
			2561	3075
			2561	3074
			2562	3073
			2562	3072
			2562	3071
			2562	3070
			2562	3069
			2562	3068
			2562	3067
			2562	3066
			2562	3065
			2563	3064
			2563	3063
			2563	3062
			2563	3061
			2563	3060
			2563	3059
			2564	3058
			2564	3057
			2564	3056
			2564	3055
			2564	3054
			2564	3053
			2565	3053
			2565	3052
			2565	3051
			2565	3050
			2566	3049
			2566	3048
			2566	3047
			2566	3046
			2567	3045
			2567	3044
			2567	3043
			2567	3042
			2568	3041
			2568	3040
			2568	3039
			2569	3038
			2569	3037
			2569	3036
			2570	3035
			2570	3034
			2570	3033
			2571	3032
			2571	3031
			2571	3030
			2572	3029
			2572	3028
			2573	3027
			2573	3026
			2573	3025
			2574	3024
			2574	3023
			2575	3022
			2575	3021
			2575	3020
			2576	3019
			2576	3018
			2577	3017
			2577	3016
			2578	3015
			2578	3014
			2579	3013
			2579	3012
			2580	3011
			2580	3010
			2581	3009
			2581	3008
			2582	3007
			2582	3006
			2583	3005
			2583	3004
			2584	3003
			2584	3002
			2585	3001
			2585	3000
			2586	2999
			2586	2998
			2587	2997
			2587	2996
			2588	2996
			2588	2995
			2588	2994
			2589	2993
			2590	2992
			2590	2991
			2591	2990
			2591	2989
			2592	2988
			2593	2987
			2594	2986
			2594	2985
			2595	2984
			2595	2983
			2596	2983
			2596	2982
			2596	2981
			2597	2981
			2597	2980
			2598	2979
			2599	2978
			2599	2977
			2600	2976
			2601	2975
			2602	2974
			2603	2973
			2603	2972
			2604	2972
			2605	2971
			2606	2970
			2606	2969
			2607	2968
			2608	2967
			2609	2967
			2610	2966
			2611	2965
			2611	2964
			2612	2963
			2613	2963
			2614	2962
			2615	2961
			2616	2960
			2617	2959
			2618	2959
			2618	2958
			2619	2957
			2620	2956
			2621	2955
			2622	2954
			2623	2954
			2624	2953
			2625	2952
			2626	2951
			2627	2951
			2628	2950
			2629	2949
			2630	2948
			2631	2947
			2632	2947
			2633	2946
			2634	2945
			2635	2944
			2636	2943
			2637	2943
			2638	2942
			2639	2941
			2640	2941
			2641	2940
			2642	2939
			2643	2938
			2644	2938
			2645	2937
			2646	2937
			2647	2936
			2647	2935
			2648	2935
			2649	2934
			2650	2934
			2651	2933
			2652	2933
			2653	2932
			2654	2931
			2655	2930
			2656	2930
			2657	2929
			2658	2928
			2659	2928
			2660	2927
			2661	2927
			2662	2926
			2663	2925
			2664	2925
			2665	2924
			2666	2924
			2667	2923
			2668	2922
			2669	2922
			2670	2921
			2671	2921
			2672	2920
			2673	2920
			2674	2919
			2675	2919
			2676	2918
			2677	2917
			2678	2917
			2679	2916
			2680	2916
			2681	2915
			2682	2915
			2683	2914
			2684	2914
			2685	2913
			2686	2912
			2687	2912
			2688	2911
			2689	2911
			2690	2910
			2691	2910
			2692	2910
			2692	2909
			2693	2909
			2694	2909
			2694	2908
			2695	2908
			2696	2908
			2696	2907
			2697	2907
			2698	2907
			2698	2906
			2699	2906
			2700	2906
			2700	2905
			2701	2905
			2702	2905
			2702	2904
			2703	2904
			2704	2904
			2704	2903
			2705	2903
			2706	2903
			2706	2902
			2707	2902
			2708	2902
			2709	2901
			2710	2901
			2711	2900
			2712	2900
			2713	2899
			2714	2899
			2715	2898
			2716	2898
			2717	2897
			2718	2897
			2719	2896
			2720	2896
			2721	2895
			2722	2895
			2723	2895
			2724	2894
			2725	2894
			2726	2893
			2727	2893
			2728	2893
			2729	2892
			2730	2892
			2731	2891
			2732	2891
			2733	2890
			2734	2890
			2735	2890
			2736	2889
			2737	2889
			2738	2888
			2739	2888
			2740	2888
			2740	2887
			2741	2887
			2742	2886
			2743	2886
			2744	2886
			2745	2885
			2746	2885
			2747	2885
			2748	2884
			2749	2884
			2750	2883
			2751	2883
			2752	2883
			2753	2882
			2754	2882
			2755	2881
			2756	2881
			2757	2881
			2758	2880
			2759	2880
			2760	2880
			2761	2879
			2762	2879
			2763	2878
			2764	2878
			2765	2878
			2766	2877
			2767	2877
			2768	2877
			2769	2876
			2770	2876
			2771	2875
			2772	2875
			2773	2875
			2774	2874
			2775	2874
			2776	2874
			2777	2873
			2778	2873
			2779	2872
			2780	2872
			2781	2872
			2782	2871
			2783	2871
			2784	2871
			2785	2870
			2786	2870
			2787	2869
			2788	2869
			2789	2869
			2790	2869
			2791	2868
			2792	2868
			2793	2868
			2794	2867
			2795	2867
			2796	2866
			2797	2866
			2798	2866
			2799	2865
			2800	2865
			2801	2865
			2802	2865
			2803	2864
			2804	2864
			2805	2864
			2806	2863
			2807	2863
			2808	2862
			2809	2862
			2810	2862
			2811	2861
			2812	2861
			2813	2861
			2814	2861
			2814	2860
			2815	2860
			2816	2860
			2817	2860
			2818	2859
			2819	2859
			2820	2858
			2821	2858
			2822	2858
			2823	2858
			2824	2857
			2825	2857
			2826	2857
			2827	2856
			2828	2856
			2829	2856
			2830	2855
			2831	2855
			2832	2855
			2833	2854
			2834	2854
			2835	2854
			2836	2853
			2837	2853
			2838	2853
			2839	2852
			2840	2852
			2841	2852
			2842	2851
			2843	2851
			2844	2851
			2845	2850
			2846	2850
			2847	2850
			2848	2849
			2849	2849
			2850	2849
			2851	2848
			2852	2848
			2853	2848
			2854	2847
			2855	2847
			2856	2847
			2857	2846
			2858	2846
			2859	2846
			2860	2845
			2861	2845
			2862	2845
			2863	2844
			2864	2844
			2865	2843
			2866	2843
			2867	2843
			2868	2842
			2869	2842
			2870	2842
			2871	2841
			2872	2841
			2873	2841
			2874	2840
			2875	2840
			2876	2840
			2877	2839
			2878	2839
			2879	2839
			2880	2838
			2881	2838
			2882	2838
			2883	2837
			2884	2837
			2885	2837
			2886	2836
			2887	2836
			2888	2836
			2889	2835
			2890	2835
			2891	2835
			2892	2834
			2893	2834
			2894	2834
			2895	2833
			2896	2833
			2897	2832
			2898	2832
			2899	2832
			2900	2831
			2901	2831
			2902	2831
			2903	2830
			2904	2830
			2905	2829
			2906	2829
			2907	2829
			2908	2828
			2909	2828
			2910	2828
			2911	2827
			2912	2827
			2913	2827
			2914	2826
			2915	2826
			2916	2826
			2917	2825
			2918	2825
			2919	2824
			2920	2824
			2921	2824
			2922	2823
			2923	2823
			2924	2823
			2925	2822
			2926	2822
			2927	2822
			2927	2821
			2928	2821
			2929	2821
			2930	2820
			2931	2820
			2932	2820
			2933	2819
			2934	2819
			2935	2819
			2936	2818
			2937	2818
			2938	2817
			2939	2817
			2940	2817
			2940	2816
			2941	2816
			2942	2816
			2943	2815
			2944	2815
			2945	2815
			2946	2814
			2947	2814
			2948	2814
			2949	2813
			2950	2813
			2951	2812
			2952	2812
			2953	2811
			2954	2811
			2955	2811
			2956	2810
			2957	2810
			2958	2809
			2959	2809
			2960	2809
			2961	2809
			2961	2808
			2962	2808
			2963	2808
			2964	2807
			2965	2807
			2966	2806
			2967	2806
			2968	2806
			2969	2805
			2970	2805
			2971	2804
			2972	2804
			2973	2804
			2974	2803
			2975	2803
			2976	2802
			2977	2802
			2978	2801
			2979	2801
			2980	2801
			2981	2800
			2982	2800
			2983	2799
			2984	2799
			2985	2799
			2986	2798
			2987	2798
			2988	2797
			2989	2797
			2990	2797
			2991	2796
			2992	2796
			2993	2795
			2994	2795
			2995	2795
			2996	2794
			2997	2794
			2998	2793
			2999	2793
			3000	2792
			3001	2792
			3002	2792
			3003	2791
			3004	2790
			3005	2790
			3006	2790
			3007	2789
			3008	2789
			3009	2788
			3010	2788
			3011	2788
			3012	2787
			3013	2787
			3014	2786
			3015	2786
			3016	2785
			3017	2785
			3018	2785
			3019	2784
			3020	2784
			3020	2783
			3021	2783
			3022	2782
			3023	2782
			3024	2782
			3025	2781
			3026	2781
			3027	2780
			3028	2780
			3029	2779
			3030	2779
			3031	2778
			3032	2778
			3033	2777
			3034	2777
			3035	2776
			3036	2776
			3037	2775
			3038	2775
			3039	2774
			3040	2774
		</Snout_dorsal>
		<Dorsal_adipose type=matrix rownames=FALSE colnames=FALSE nrow=330 ncol=2 as.numeric=TRUE >
			3040	2774
			3041	2774
			3042	2774
			3043	2774
			3044	2774
			3045	2773
			3046	2773
			3047	2773
			3048	2773
			3049	2773
			3050	2773
			3051	2773
			3052	2773
			3053	2773
			3054	2773
			3055	2772
			3056	2772
			3057	2772
			3058	2772
			3059	2772
			3060	2772
			3061	2772
			3062	2772
			3063	2772
			3064	2772
			3065	2772
			3066	2771
			3067	2771
			3068	2771
			3069	2771
			3070	2771
			3071	2771
			3072	2771
			3073	2771
			3074	2771
			3075	2771
			3076	2771
			3077	2771
			3078	2771
			3079	2771
			3080	2771
			3081	2771
			3082	2771
			3083	2770
			3084	2770
			3085	2770
			3086	2770
			3087	2770
			3088	2770
			3089	2770
			3090	2770
			3091	2770
			3092	2770
			3093	2770
			3094	2770
			3095	2770
			3096	2770
			3097	2770
			3098	2770
			3099	2770
			3100	2770
			3101	2770
			3102	2770
			3103	2770
			3104	2770
			3105	2770
			3106	2770
			3107	2770
			3108	2770
			3109	2770
			3110	2770
			3111	2770
			3112	2770
			3113	2770
			3114	2770
			3115	2770
			3116	2770
			3117	2770
			3118	2770
			3119	2770
			3120	2770
			3121	2770
			3122	2770
			3123	2770
			3124	2770
			3125	2770
			3126	2770
			3127	2770
			3128	2770
			3129	2770
			3130	2770
			3131	2770
			3132	2770
			3133	2770
			3134	2770
			3135	2770
			3136	2770
			3137	2770
			3138	2770
			3139	2770
			3140	2770
			3141	2770
			3142	2770
			3143	2770
			3144	2770
			3145	2770
			3146	2770
			3147	2770
			3148	2770
			3149	2770
			3150	2770
			3151	2770
			3152	2770
			3153	2770
			3154	2770
			3155	2770
			3156	2770
			3157	2770
			3158	2770
			3159	2770
			3160	2770
			3161	2770
			3162	2770
			3163	2770
			3164	2770
			3165	2770
			3166	2770
			3167	2770
			3168	2770
			3169	2770
			3170	2770
			3171	2770
			3172	2771
			3173	2771
			3174	2771
			3175	2771
			3176	2771
			3177	2771
			3178	2771
			3179	2771
			3180	2771
			3181	2771
			3182	2771
			3183	2771
			3184	2771
			3185	2771
			3186	2771
			3187	2771
			3188	2771
			3189	2771
			3190	2771
			3191	2771
			3192	2771
			3193	2772
			3194	2772
			3195	2772
			3196	2772
			3197	2772
			3198	2772
			3199	2772
			3200	2772
			3201	2772
			3202	2772
			3203	2772
			3204	2772
			3205	2772
			3206	2772
			3207	2772
			3208	2772
			3209	2773
			3210	2773
			3211	2773
			3212	2773
			3213	2773
			3214	2773
			3215	2773
			3216	2773
			3217	2773
			3218	2773
			3219	2773
			3220	2773
			3221	2773
			3222	2773
			3223	2773
			3224	2774
			3225	2774
			3226	2774
			3227	2774
			3228	2774
			3229	2774
			3230	2774
			3231	2774
			3232	2774
			3232	2773
			3233	2773
			3234	2773
			3235	2773
			3236	2773
			3237	2772
			3238	2772
			3239	2772
			3240	2772
			3241	2771
			3242	2771
			3243	2771
			3244	2771
			3245	2770
			3246	2770
			3247	2770
			3248	2770
			3249	2770
			3249	2769
			3250	2769
			3251	2769
			3252	2769
			3253	2769
			3254	2768
			3255	2768
			3256	2768
			3257	2768
			3257	2767
			3258	2767
			3259	2767
			3260	2767
			3261	2767
			3262	2766
			3263	2766
			3264	2766
			3265	2766
			3266	2765
			3267	2765
			3268	2765
			3269	2764
			3270	2764
			3271	2764
			3272	2764
			3273	2763
			3274	2763
			3275	2763
			3276	2763
			3277	2762
			3278	2762
			3279	2762
			3280	2761
			3281	2761
			3282	2761
			3283	2761
			3284	2760
			3285	2760
			3286	2760
			3287	2760
			3287	2759
			3288	2759
			3289	2759
			3290	2759
			3291	2758
			3292	2758
			3293	2758
			3294	2758
			3295	2757
			3296	2757
			3297	2756
			3298	2756
			3299	2756
			3300	2755
			3301	2755
			3302	2755
			3303	2754
			3304	2754
			3305	2754
			3306	2754
			3307	2753
			3308	2753
			3309	2753
			3310	2752
			3311	2752
			3312	2752
			3313	2751
			3314	2751
			3315	2751
			3316	2750
			3317	2750
			3318	2750
			3318	2749
			3319	2749
			3320	2749
			3321	2749
			3322	2748
			3323	2748
			3324	2748
			3324	2747
			3325	2747
			3326	2747
			3327	2746
			3328	2746
			3329	2745
			3330	2745
			3331	2745
			3332	2744
			3333	2744
			3334	2743
			3335	2743
			3336	2743
			3336	2742
			3337	2742
			3338	2742
			3339	2741
			3340	2741
			3341	2740
			3342	2740
			3343	2739
			3344	2739
			3345	2738
			3346	2738
			3347	2738
			3348	2737
			3349	2737
			3349	2736
			3350	2736
			3351	2735
			3352	2735
			3353	2734
			3354	2733
			3355	2733
			3356	2732
			3357	2732
			3358	2731
			3359	2730
			3360	2730
			3361	2729
		</Dorsal_adipose>
		<Adipose_caudal type=matrix rownames=FALSE colnames=FALSE nrow=195 ncol=2 as.numeric=TRUE >
			3361	2729
			3362	2729
			3362	2728
			3363	2728
			3364	2727
			3365	2727
			3366	2726
			3367	2725
			3368	2725
			3369	2724
			3370	2724
			3371	2724
			3372	2723
			3373	2723
			3374	2722
			3375	2722
			3376	2722
			3377	2722
			3378	2722
			3379	2722
			3380	2722
			3381	2722
			3382	2722
			3383	2722
			3384	2723
			3385	2723
			3386	2723
			3387	2724
			3388	2725
			3389	2726
			3390	2727
			3391	2728
			3391	2729
			3392	2730
			3393	2730
			3394	2729
			3395	2729
			3396	2729
			3397	2729
			3398	2729
			3399	2728
			3400	2728
			3401	2728
			3402	2727
			3403	2727
			3404	2727
			3405	2727
			3406	2726
			3407	2726
			3408	2726
			3409	2726
			3410	2725
			3411	2725
			3412	2725
			3413	2724
			3414	2724
			3415	2724
			3416	2724
			3417	2723
			3418	2723
			3419	2723
			3420	2723
			3421	2722
			3422	2722
			3423	2722
			3424	2722
			3425	2721
			3426	2721
			3427	2721
			3428	2721
			3429	2720
			3430	2720
			3431	2720
			3432	2720
			3433	2719
			3434	2719
			3435	2719
			3436	2718
			3437	2718
			3438	2718
			3439	2717
			3440	2717
			3441	2717
			3442	2716
			3443	2716
			3444	2716
			3445	2716
			3446	2715
			3447	2715
			3448	2715
			3449	2714
			3450	2714
			3451	2714
			3452	2713
			3453	2713
			3454	2713
			3455	2713
			3456	2712
			3457	2712
			3458	2712
			3459	2711
			3460	2711
			3461	2711
			3462	2710
			3463	2710
			3464	2710
			3465	2709
			3466	2709
			3467	2709
			3468	2708
			3469	2708
			3470	2708
			3471	2707
			3472	2707
			3473	2707
			3474	2706
			3475	2706
			3476	2706
			3477	2705
			3478	2705
			3479	2705
			3480	2705
			3481	2704
			3482	2704
			3483	2703
			3484	2703
			3485	2702
			3486	2702
			3487	2702
			3488	2701
			3489	2701
			3490	2701
			3491	2700
			3492	2700
			3493	2700
			3494	2699
			3495	2699
			3496	2698
			3497	2698
			3498	2698
			3498	2697
			3499	2697
			3500	2697
			3501	2697
			3502	2696
			3503	2696
			3504	2695
			3505	2695
			3506	2694
			3507	2694
			3508	2694
			3509	2693
			3510	2692
			3511	2692
			3512	2692
			3513	2691
			3514	2691
			3515	2690
			3516	2690
			3517	2689
			3518	2689
			3519	2688
			3520	2688
			3521	2687
			3522	2687
			3523	2686
			3524	2685
			3525	2685
			3526	2684
			3527	2683
			3528	2682
			3529	2681
			3530	2680
			3531	2679
			3532	2679
			3533	2678
			3534	2677
			3535	2676
			3536	2676
			3537	2675
			3538	2675
			3539	2674
			3540	2673
			3541	2673
			3542	2672
			3543	2672
			3544	2671
			3545	2671
			3546	2671
			3547	2671
			3548	2670
			3549	2670
			3550	2669
			3551	2669
			3552	2669
		</Adipose_caudal>
		<Caudal_anal type=matrix rownames=FALSE colnames=FALSE nrow=326 ncol=2 as.numeric=TRUE >
			3619	2787
			3618	2787
			3618	2788
			3617	2788
			3616	2789
			3615	2789
			3615	2790
			3614	2790
			3613	2791
			3612	2791
			3611	2791
			3611	2792
			3610	2792
			3609	2793
			3608	2793
			3607	2794
			3606	2794
			3605	2795
			3604	2795
			3603	2796
			3602	2796
			3601	2796
			3601	2797
			3600	2797
			3599	2797
			3598	2798
			3597	2798
			3596	2799
			3595	2799
			3594	2799
			3593	2800
			3592	2800
			3591	2800
			3590	2801
			3589	2801
			3588	2802
			3587	2802
			3586	2802
			3585	2803
			3584	2803
			3583	2803
			3582	2803
			3581	2804
			3580	2804
			3579	2804
			3578	2805
			3577	2805
			3576	2805
			3575	2805
			3575	2806
			3574	2806
			3573	2806
			3572	2806
			3571	2807
			3570	2807
			3569	2807
			3568	2807
			3567	2808
			3566	2808
			3565	2808
			3564	2808
			3563	2809
			3562	2809
			3561	2809
			3560	2810
			3559	2810
			3558	2811
			3557	2811
			3556	2812
			3555	2812
			3554	2813
			3553	2813
			3552	2814
			3551	2814
			3550	2815
			3549	2815
			3548	2816
			3547	2816
			3546	2817
			3545	2817
			3544	2818
			3543	2819
			3542	2819
			3541	2820
			3540	2820
			3539	2821
			3538	2821
			3537	2821
			3537	2822
			3536	2822
			3535	2822
			3535	2823
			3534	2823
			3533	2824
			3532	2824
			3531	2825
			3530	2825
			3529	2826
			3528	2827
			3527	2827
			3526	2828
			3525	2828
			3524	2829
			3523	2829
			3522	2830
			3521	2831
			3520	2831
			3519	2832
			3518	2832
			3517	2833
			3516	2833
			3515	2834
			3514	2834
			3513	2835
			3512	2835
			3512	2836
			3511	2836
			3510	2837
			3509	2837
			3508	2838
			3507	2838
			3506	2839
			3505	2840
			3504	2840
			3503	2841
			3502	2841
			3501	2842
			3500	2842
			3499	2843
			3498	2844
			3497	2844
			3496	2845
			3495	2845
			3494	2846
			3493	2846
			3492	2847
			3491	2848
			3490	2848
			3489	2849
			3488	2849
			3487	2850
			3486	2850
			3485	2851
			3484	2852
			3483	2852
			3483	2853
			3482	2853
			3481	2854
			3480	2855
			3479	2855
			3478	2856
			3477	2856
			3476	2857
			3475	2858
			3474	2858
			3473	2859
			3472	2859
			3471	2860
			3470	2861
			3469	2861
			3468	2862
			3467	2862
			3466	2863
			3465	2864
			3464	2864
			3463	2865
			3462	2866
			3461	2866
			3460	2867
			3459	2867
			3458	2868
			3457	2869
			3456	2869
			3455	2870
			3454	2871
			3453	2871
			3452	2872
			3451	2873
			3450	2873
			3449	2874
			3448	2875
			3447	2875
			3446	2876
			3445	2876
			3444	2877
			3443	2878
			3442	2878
			3441	2879
			3440	2879
			3439	2880
			3438	2881
			3437	2882
			3436	2883
			3435	2883
			3434	2884
			3433	2885
			3432	2886
			3431	2887
			3430	2888
			3429	2889
			3428	2890
			3427	2891
			3426	2892
			3425	2893
			3424	2894
			3423	2895
			3422	2895
			3421	2896
			3420	2897
			3419	2898
			3418	2899
			3417	2900
			3416	2900
			3415	2901
			3414	2902
			3413	2902
			3412	2903
			3412	2904
			3411	2905
			3410	2905
			3409	2906
			3408	2907
			3407	2907
			3406	2908
			3405	2909
			3404	2910
			3403	2910
			3402	2911
			3401	2912
			3400	2913
			3399	2913
			3398	2914
			3397	2915
			3396	2916
			3395	2916
			3394	2917
			3393	2918
			3392	2919
			3391	2919
			3390	2920
			3389	2921
			3388	2922
			3387	2922
			3386	2923
			3385	2924
			3384	2924
			3383	2925
			3382	2926
			3381	2927
			3380	2927
			3379	2928
			3378	2928
			3377	2929
			3376	2930
			3375	2931
			3374	2931
			3373	2932
			3372	2933
			3371	2933
			3370	2934
			3369	2935
			3368	2935
			3367	2936
			3366	2937
			3365	2937
			3364	2938
			3363	2939
			3362	2939
			3361	2940
			3360	2940
			3359	2941
			3358	2942
			3357	2942
			3356	2943
			3355	2944
			3354	2944
			3353	2945
			3352	2945
			3351	2946
			3350	2947
			3349	2947
			3348	2948
			3347	2948
			3346	2949
			3345	2950
			3344	2950
			3343	2951
			3342	2951
			3341	2952
			3340	2953
			3339	2953
			3338	2954
			3337	2955
			3336	2955
			3335	2956
			3334	2956
			3333	2957
			3332	2958
			3331	2958
			3330	2959
			3329	2959
			3328	2960
			3327	2961
			3326	2961
			3325	2962
			3324	2963
			3323	2963
			3322	2964
			3321	2964
			3320	2965
			3319	2966
			3318	2966
			3317	2967
			3316	2968
			3315	2968
			3314	2968
			3314	2969
			3313	2969
			3312	2969
			3312	2970
			3311	2970
			3310	2971
			3309	2971
			3308	2972
			3307	2973
			3306	2973
		</Caudal_anal>
	</curves.pixel>
	<curves.scaled type=list>
		<Snout_dorsal type=matrix rownames=FALSE colnames=FALSE nrow=662 ncol=2 as.numeric=TRUE >
			61.3491644475919	-75.1165899184497
			61.3254683624441	-75.0928938333019
			61.3254683624441	-75.0691977481541
			61.3017722772963	-75.0691977481541
			61.3017722772963	-75.0455016630063
			61.2780761921485	-75.0218055778586
			61.2780761921485	-74.9981094927108
			61.2543801070007	-74.9981094927108
			61.2543801070007	-74.974413407563
			61.230684021853	-74.9507173224152
			61.230684021853	-74.9270212372675
			61.2069879367052	-74.9033251521197
			61.1832918515574	-74.8796290669719
			61.1832918515574	-74.8559329818241
			61.1595957664096	-74.8322368966763
			61.1595957664096	-74.8085408115286
			61.1358996812619	-74.7848447263808
			61.1358996812619	-74.761148641233
			61.1122035961141	-74.7374525560852
			61.1122035961141	-74.7137564709375
			61.0885075109663	-74.6900603857897
			61.0885075109663	-74.6663643006419
			61.0648114258185	-74.6426682154941
			61.0411153406708	-74.6189721303464
			61.0411153406708	-74.5952760451986
			61.0411153406708	-74.5715799600508
			61.017419255523	-74.5715799600508
			61.017419255523	-74.547883874903
			61.017419255523	-74.5241877897553
			60.9937231703752	-74.5241877897553
			60.9937231703752	-74.5004917046075
			60.9937231703752	-74.4767956194597
			60.9700270852274	-74.4530995343119
			60.9700270852274	-74.4294034491642
			60.9463310000797	-74.4057073640164
			60.9463310000797	-74.3820112788686
			60.9463310000797	-74.3583151937208
			60.9226349149319	-74.3346191085731
			60.9226349149319	-74.3109230234253
			60.8989388297841	-74.2872269382775
			60.8989388297841	-74.2635308531297
			60.8989388297841	-74.2398347679819
			60.8752427446363	-74.2161386828342
			60.8752427446363	-74.1924425976864
			60.8752427446363	-74.1687465125386
			60.8515466594886	-74.1450504273909
			60.8515466594886	-74.1213543422431
			60.8515466594886	-74.0976582570953
			60.8278505743408	-74.0739621719475
			60.8278505743408	-74.0502660867998
			60.8278505743408	-74.026570001652
			60.804154489193	-74.0028739165042
			60.804154489193	-73.9791778313564
			60.804154489193	-73.9554817462086
			60.804154489193	-73.9317856610609
			60.7804584040452	-73.9080895759131
			60.7804584040452	-73.8843934907653
			60.7804584040452	-73.8606974056175
			60.7804584040452	-73.8370013204698
			60.7567623188975	-73.813305235322
			60.7567623188975	-73.7896091501742
			60.7567623188975	-73.7659130650264
			60.7567623188975	-73.7422169798787
			60.7330662337497	-73.7185208947309
			60.7330662337497	-73.6948248095831
			60.7330662337497	-73.6711287244353
			60.7330662337497	-73.6474326392876
			60.7330662337497	-73.6237365541398
			60.7330662337497	-73.600040468992
			60.7093701486019	-73.5763443838442
			60.7093701486019	-73.5526482986965
			60.7093701486019	-73.5289522135487
			60.7093701486019	-73.5052561284009
			60.7093701486019	-73.4815600432531
			60.7093701486019	-73.4578639581053
			60.7093701486019	-73.4341678729576
			60.7093701486019	-73.4104717878098
			60.7093701486019	-73.386775702662
			60.6856740634541	-73.3630796175142
			60.6856740634541	-73.3393835323665
			60.6856740634541	-73.3156874472187
			60.6856740634541	-73.2919913620709
			60.6856740634541	-73.2682952769231
			60.6856740634541	-73.2445991917754
			60.6856740634541	-73.2209031066276
			60.6856740634541	-73.1972070214798
			60.6856740634541	-73.173510936332
			60.6856740634541	-73.1498148511843
			60.6856740634541	-73.1261187660365
			60.6856740634541	-73.1024226808887
			60.6856740634541	-73.0787265957409
			60.6856740634541	-73.0550305105932
			60.6856740634541	-73.0313344254454
			60.6856740634541	-73.0076383402976
			60.6856740634541	-72.9839422551498
			60.6856740634541	-72.9602461700021
			60.6856740634541	-72.9365500848543
			60.6856740634541	-72.9128539997065
			60.6856740634541	-72.8891579145587
			60.6856740634541	-72.8654618294109
			60.6856740634541	-72.8417657442632
			60.7093701486019	-72.8180696591154
			60.7093701486019	-72.7943735739676
			60.7093701486019	-72.7706774888198
			60.7093701486019	-72.7469814036721
			60.7093701486019	-72.7232853185243
			60.7093701486019	-72.6995892333765
			60.7093701486019	-72.6758931482287
			60.7093701486019	-72.652197063081
			60.7093701486019	-72.6285009779332
			60.7330662337497	-72.6048048927854
			60.7330662337497	-72.5811088076376
			60.7330662337497	-72.5574127224899
			60.7330662337497	-72.5337166373421
			60.7330662337497	-72.5100205521943
			60.7330662337497	-72.4863244670465
			60.7567623188975	-72.4626283818988
			60.7567623188975	-72.438932296751
			60.7567623188975	-72.4152362116032
			60.7567623188975	-72.3915401264554
			60.7567623188975	-72.3678440413076
			60.7567623188975	-72.3441479561599
			60.7804584040452	-72.3441479561599
			60.7804584040452	-72.3204518710121
			60.7804584040452	-72.2967557858643
			60.7804584040452	-72.2730597007166
			60.804154489193	-72.2493636155688
			60.804154489193	-72.225667530421
			60.804154489193	-72.2019714452732
			60.804154489193	-72.1782753601255
			60.8278505743408	-72.1545792749777
			60.8278505743408	-72.1308831898299
			60.8278505743408	-72.1071871046821
			60.8278505743408	-72.0834910195343
			60.8515466594886	-72.0597949343866
			60.8515466594886	-72.0360988492388
			60.8515466594886	-72.012402764091
			60.8752427446363	-71.9887066789432
			60.8752427446363	-71.9650105937955
			60.8752427446363	-71.9413145086477
			60.8989388297841	-71.9176184234999
			60.8989388297841	-71.8939223383521
			60.8989388297841	-71.8702262532044
			60.9226349149319	-71.8465301680566
			60.9226349149319	-71.8228340829088
			60.9226349149319	-71.799137997761
			60.9463310000797	-71.7754419126133
			60.9463310000797	-71.7517458274655
			60.9700270852274	-71.7280497423177
			60.9700270852274	-71.7043536571699
			60.9700270852274	-71.6806575720222
			60.9937231703752	-71.6569614868744
			60.9937231703752	-71.6332654017266
			61.017419255523	-71.6095693165788
			61.017419255523	-71.5858732314311
			61.017419255523	-71.5621771462833
			61.0411153406708	-71.5384810611355
			61.0411153406708	-71.5147849759877
			61.0648114258185	-71.4910888908399
			61.0648114258185	-71.4673928056922
			61.0885075109663	-71.4436967205444
			61.0885075109663	-71.4200006353966
			61.1122035961141	-71.3963045502488
			61.1122035961141	-71.3726084651011
			61.1358996812619	-71.3489123799533
			61.1358996812619	-71.3252162948055
			61.1595957664096	-71.3015202096577
			61.1595957664096	-71.27782412451
			61.1832918515574	-71.2541280393622
			61.1832918515574	-71.2304319542144
			61.2069879367052	-71.2067358690666
			61.2069879367052	-71.1830397839189
			61.230684021853	-71.1593436987711
			61.230684021853	-71.1356476136233
			61.2543801070007	-71.1119515284755
			61.2543801070007	-71.0882554433278
			61.2780761921485	-71.06455935818
			61.2780761921485	-71.0408632730322
			61.3017722772963	-71.0171671878844
			61.3017722772963	-70.9934711027366
			61.3254683624441	-70.9934711027366
			61.3254683624441	-70.9697750175889
			61.3254683624441	-70.9460789324411
			61.3491644475919	-70.9223828472933
			61.3728605327396	-70.8986867621455
			61.3728605327396	-70.8749906769978
			61.3965566178874	-70.85129459185
			61.3965566178874	-70.8275985067022
			61.4202527030352	-70.8039024215544
			61.443948788183	-70.7802063364067
			61.4676448733307	-70.7565102512589
			61.4676448733307	-70.7328141661111
			61.4913409584785	-70.7091180809633
			61.4913409584785	-70.6854219958156
			61.5150370436263	-70.6854219958156
			61.5150370436263	-70.6617259106678
			61.5150370436263	-70.63802982552
			61.5387331287741	-70.63802982552
			61.5387331287741	-70.6143337403722
			61.5624292139218	-70.5906376552245
			61.5861252990696	-70.5669415700767
			61.5861252990696	-70.5432454849289
			61.6098213842174	-70.5195493997811
			61.6335174693652	-70.4958533146334
			61.6572135545129	-70.4721572294856
			61.6809096396607	-70.4484611443378
			61.6809096396607	-70.42476505919
			61.7046057248085	-70.42476505919
			61.7283018099563	-70.4010689740423
			61.751997895104	-70.3773728888945
			61.751997895104	-70.3536768037467
			61.7756939802518	-70.3299807185989
			61.7993900653996	-70.3062846334512
			61.8230861505474	-70.3062846334512
			61.8467822356951	-70.2825885483034
			61.8704783208429	-70.2588924631556
			61.8704783208429	-70.2351963780078
			61.8941744059907	-70.2115002928601
			61.9178704911385	-70.2115002928601
			61.9415665762862	-70.1878042077123
			61.965262661434	-70.1641081225645
			61.9889587465818	-70.1404120374167
			62.0126548317296	-70.1167159522689
			62.0363509168774	-70.1167159522689
			62.0363509168774	-70.0930198671212
			62.0600470020251	-70.0693237819734
			62.0837430871729	-70.0456276968256
			62.1074391723207	-70.0219316116778
			62.1311352574685	-69.9982355265301
			62.1548313426162	-69.9982355265301
			62.178527427764	-69.9745394413823
			62.2022235129118	-69.9508433562345
			62.2259195980596	-69.9271472710867
			62.2496156832073	-69.9271472710867
			62.2733117683551	-69.903451185939
			62.2970078535029	-69.8797551007912
			62.3207039386507	-69.8560590156434
			62.3444000237984	-69.8323629304956
			62.3680961089462	-69.8323629304956
			62.391792194094	-69.8086668453479
			62.4154882792418	-69.7849707602001
			62.4391843643895	-69.7612746750523
			62.4628804495373	-69.7375785899045
			62.4865765346851	-69.7375785899045
			62.5102726198329	-69.7138825047568
			62.5339687049807	-69.690186419609
			62.5576647901284	-69.690186419609
			62.5813608752762	-69.6664903344612
			62.605056960424	-69.6427942493134
			62.6287530455718	-69.6190981641656
			62.6524491307195	-69.6190981641656
			62.6761452158673	-69.5954020790179
			62.6998413010151	-69.5954020790179
			62.7235373861629	-69.5717059938701
			62.7235373861629	-69.5480099087223
			62.7472334713106	-69.5480099087223
			62.7709295564584	-69.5243138235745
			62.7946256416062	-69.5243138235745
			62.818321726754	-69.5006177384268
			62.8420178119017	-69.5006177384268
			62.8657138970495	-69.476921653279
			62.8894099821973	-69.4532255681312
			62.9131060673451	-69.4295294829834
			62.9368021524928	-69.4295294829834
			62.9604982376406	-69.4058333978357
			62.9841943227884	-69.3821373126879
			63.0078904079362	-69.3821373126879
			63.0315864930839	-69.3584412275401
			63.0552825782317	-69.3584412275401
			63.0789786633795	-69.3347451423923
			63.1026747485273	-69.3110490572446
			63.126370833675	-69.3110490572446
			63.1500669188228	-69.2873529720968
			63.1737630039706	-69.2873529720968
			63.1974590891184	-69.263656886949
			63.2211551742662	-69.2399608018012
			63.2448512594139	-69.2399608018012
			63.2685473445617	-69.2162647166535
			63.2922434297095	-69.2162647166535
			63.3159395148573	-69.1925686315057
			63.339635600005	-69.1925686315057
			63.3633316851528	-69.1688725463579
			63.3870277703006	-69.1688725463579
			63.4107238554484	-69.1451764612101
			63.4344199405961	-69.1214803760624
			63.4581160257439	-69.1214803760624
			63.4818121108917	-69.0977842909146
			63.5055081960395	-69.0977842909146
			63.5292042811872	-69.0740882057668
			63.552900366335	-69.0740882057668
			63.5765964514828	-69.050392120619
			63.6002925366306	-69.050392120619
			63.6239886217783	-69.0266960354712
			63.6476847069261	-69.0029999503235
			63.6713807920739	-69.0029999503235
			63.6950768772217	-68.9793038651757
			63.7187729623694	-68.9793038651757
			63.7424690475172	-68.9556077800279
			63.766165132665	-68.9556077800279
			63.7898612178128	-68.9556077800279
			63.7898612178128	-68.9319116948801
			63.8135573029605	-68.9319116948801
			63.8372533881083	-68.9319116948801
			63.8372533881083	-68.9082156097324
			63.8609494732561	-68.9082156097324
			63.8846455584039	-68.9082156097324
			63.8846455584039	-68.8845195245846
			63.9083416435517	-68.8845195245846
			63.9320377286994	-68.8845195245846
			63.9320377286994	-68.8608234394368
			63.9557338138472	-68.8608234394368
			63.979429898995	-68.8608234394368
			63.979429898995	-68.837127354289
			64.0031259841428	-68.837127354289
			64.0268220692905	-68.837127354289
			64.0268220692905	-68.8134312691413
			64.0505181544383	-68.8134312691413
			64.0742142395861	-68.8134312691413
			64.0742142395861	-68.7897351839935
			64.0979103247339	-68.7897351839935
			64.1216064098816	-68.7897351839935
			64.1216064098816	-68.7660390988457
			64.1453024950294	-68.7660390988457
			64.1689985801772	-68.7660390988457
			64.192694665325	-68.7423430136979
			64.2163907504727	-68.7423430136979
			64.2400868356205	-68.7186469285502
			64.2637829207683	-68.7186469285502
			64.2874790059161	-68.6949508434024
			64.3111750910638	-68.6949508434024
			64.3348711762116	-68.6712547582546
			64.3585672613594	-68.6712547582546
			64.3822633465072	-68.6475586731068
			64.4059594316549	-68.6475586731068
			64.4296555168027	-68.6238625879591
			64.4533516019505	-68.6238625879591
			64.4770476870983	-68.6001665028113
			64.5007437722461	-68.6001665028113
			64.5244398573938	-68.6001665028113
			64.5481359425416	-68.5764704176635
			64.5718320276894	-68.5764704176635
			64.5955281128372	-68.5527743325157
			64.6192241979849	-68.5527743325157
			64.6429202831327	-68.5527743325157
			64.6666163682805	-68.529078247368
			64.6903124534283	-68.529078247368
			64.714008538576	-68.5053821622202
			64.7377046237238	-68.5053821622202
			64.7614007088716	-68.4816860770724
			64.7850967940194	-68.4816860770724
			64.8087928791671	-68.4816860770724
			64.8324889643149	-68.4579899919246
			64.8561850494627	-68.4579899919246
			64.8798811346105	-68.4342939067769
			64.9035772197582	-68.4342939067769
			64.927273304906	-68.4342939067769
			64.927273304906	-68.4105978216291
			64.9509693900538	-68.4105978216291
			64.9746654752016	-68.3869017364813
			64.9983615603494	-68.3869017364813
			65.0220576454971	-68.3869017364813
			65.0457537306449	-68.3632056513335
			65.0694498157927	-68.3632056513335
			65.0931459009404	-68.3632056513335
			65.1168419860882	-68.3395095661858
			65.140538071236	-68.3395095661858
			65.1642341563838	-68.315813481038
			65.1879302415315	-68.315813481038
			65.2116263266793	-68.315813481038
			65.2353224118271	-68.2921173958902
			65.2590184969749	-68.2921173958902
			65.2827145821227	-68.2684213107424
			65.3064106672704	-68.2684213107424
			65.3301067524182	-68.2684213107424
			65.353802837566	-68.2447252255946
			65.3774989227138	-68.2447252255946
			65.4011950078615	-68.2447252255946
			65.4248910930093	-68.2210291404469
			65.4485871781571	-68.2210291404469
			65.4722832633049	-68.1973330552991
			65.4959793484526	-68.1973330552991
			65.5196754336004	-68.1973330552991
			65.5433715187482	-68.1736369701513
			65.567067603896	-68.1736369701513
			65.5907636890437	-68.1736369701513
			65.6144597741915	-68.1499408850035
			65.6381558593393	-68.1499408850035
			65.6618519444871	-68.1262447998558
			65.6855480296348	-68.1262447998558
			65.7092441147826	-68.1262447998558
			65.7329401999304	-68.102548714708
			65.7566362850782	-68.102548714708
			65.7803323702259	-68.102548714708
			65.8040284553737	-68.0788526295602
			65.8277245405215	-68.0788526295602
			65.8514206256693	-68.0551565444124
			65.8751167108171	-68.0551565444124
			65.8988127959648	-68.0551565444124
			65.9225088811126	-68.0314604592647
			65.9462049662604	-68.0314604592647
			65.9699010514082	-68.0314604592647
			65.9935971365559	-68.0077643741169
			66.0172932217037	-68.0077643741169
			66.0409893068515	-67.9840682889691
			66.0646853919993	-67.9840682889691
			66.088381477147	-67.9840682889691
			66.1120775622948	-67.9840682889691
			66.1357736474426	-67.9603722038213
			66.1594697325904	-67.9603722038213
			66.1831658177381	-67.9603722038213
			66.2068619028859	-67.9366761186736
			66.2305579880337	-67.9366761186736
			66.2542540731815	-67.9129800335258
			66.2779501583292	-67.9129800335258
			66.301646243477	-67.9129800335258
			66.3253423286248	-67.889283948378
			66.3490384137726	-67.889283948378
			66.3727344989204	-67.889283948378
			66.3964305840681	-67.889283948378
			66.4201266692159	-67.8655878632302
			66.4438227543637	-67.8655878632302
			66.4675188395115	-67.8655878632302
			66.4912149246592	-67.8418917780825
			66.514911009807	-67.8418917780825
			66.5386070949548	-67.8181956929347
			66.5623031801026	-67.8181956929347
			66.5859992652503	-67.8181956929347
			66.6096953503981	-67.7944996077869
			66.6333914355459	-67.7944996077869
			66.6570875206937	-67.7944996077869
			66.6807836058414	-67.7944996077869
			66.6807836058414	-67.7708035226391
			66.7044796909892	-67.7708035226391
			66.728175776137	-67.7708035226391
			66.7518718612848	-67.7708035226391
			66.7755679464325	-67.7471074374914
			66.7992640315803	-67.7471074374914
			66.8229601167281	-67.7234113523436
			66.8466562018759	-67.7234113523436
			66.8703522870236	-67.7234113523436
			66.8940483721714	-67.7234113523436
			66.9177444573192	-67.6997152671958
			66.941440542467	-67.6997152671958
			66.9651366276147	-67.6997152671958
			66.9888327127625	-67.676019182048
			67.0125287979103	-67.676019182048
			67.0362248830581	-67.676019182048
			67.0599209682058	-67.6523230969002
			67.0836170533536	-67.6523230969002
			67.1073131385014	-67.6523230969002
			67.1310092236492	-67.6286270117525
			67.1547053087969	-67.6286270117525
			67.1784013939447	-67.6286270117525
			67.2020974790925	-67.6049309266047
			67.2257935642403	-67.6049309266047
			67.2494896493881	-67.6049309266047
			67.2731857345358	-67.5812348414569
			67.2968818196836	-67.5812348414569
			67.3205779048314	-67.5812348414569
			67.3442739899792	-67.5575387563091
			67.3679700751269	-67.5575387563091
			67.3916661602747	-67.5575387563091
			67.4153622454225	-67.5338426711614
			67.4390583305703	-67.5338426711614
			67.462754415718	-67.5338426711614
			67.4864505008658	-67.5101465860136
			67.5101465860136	-67.5101465860136
			67.5338426711614	-67.5101465860136
			67.5575387563091	-67.4864505008658
			67.5812348414569	-67.4864505008658
			67.6049309266047	-67.4864505008658
			67.6286270117525	-67.462754415718
			67.6523230969002	-67.462754415718
			67.676019182048	-67.462754415718
			67.6997152671958	-67.4390583305703
			67.7234113523436	-67.4390583305703
			67.7471074374914	-67.4390583305703
			67.7708035226391	-67.4153622454225
			67.7944996077869	-67.4153622454225
			67.8181956929347	-67.4153622454225
			67.8418917780825	-67.3916661602747
			67.8655878632302	-67.3916661602747
			67.889283948378	-67.3679700751269
			67.9129800335258	-67.3679700751269
			67.9366761186736	-67.3679700751269
			67.9603722038213	-67.3442739899792
			67.9840682889691	-67.3442739899792
			68.0077643741169	-67.3442739899792
			68.0314604592647	-67.3205779048314
			68.0551565444124	-67.3205779048314
			68.0788526295602	-67.3205779048314
			68.102548714708	-67.2968818196836
			68.1262447998558	-67.2968818196836
			68.1499408850035	-67.2968818196836
			68.1736369701513	-67.2731857345358
			68.1973330552991	-67.2731857345358
			68.2210291404469	-67.2731857345358
			68.2447252255946	-67.2494896493881
			68.2684213107424	-67.2494896493881
			68.2921173958902	-67.2494896493881
			68.315813481038	-67.2257935642403
			68.3395095661858	-67.2257935642403
			68.3632056513335	-67.2257935642403
			68.3869017364813	-67.2020974790925
			68.4105978216291	-67.2020974790925
			68.4342939067769	-67.2020974790925
			68.4579899919246	-67.1784013939447
			68.4816860770724	-67.1784013939447
			68.5053821622202	-67.1784013939447
			68.529078247368	-67.1547053087969
			68.5527743325157	-67.1547053087969
			68.5764704176635	-67.1547053087969
			68.6001665028113	-67.1310092236492
			68.6238625879591	-67.1310092236492
			68.6475586731068	-67.1073131385014
			68.6712547582546	-67.1073131385014
			68.6949508434024	-67.1073131385014
			68.7186469285502	-67.0836170533536
			68.7423430136979	-67.0836170533536
			68.7660390988457	-67.0836170533536
			68.7897351839935	-67.0599209682058
			68.8134312691413	-67.0599209682058
			68.837127354289	-67.0362248830581
			68.8608234394368	-67.0362248830581
			68.8845195245846	-67.0362248830581
			68.9082156097324	-67.0125287979103
			68.9319116948801	-67.0125287979103
			68.9556077800279	-67.0125287979103
			68.9793038651757	-66.9888327127625
			69.0029999503235	-66.9888327127625
			69.0266960354712	-66.9888327127625
			69.050392120619	-66.9651366276147
			69.0740882057668	-66.9651366276147
			69.0977842909146	-66.9651366276147
			69.1214803760624	-66.941440542467
			69.1451764612101	-66.941440542467
			69.1688725463579	-66.9177444573192
			69.1925686315057	-66.9177444573192
			69.2162647166535	-66.9177444573192
			69.2399608018012	-66.8940483721714
			69.263656886949	-66.8940483721714
			69.2873529720968	-66.8940483721714
			69.3110490572446	-66.8703522870236
			69.3347451423923	-66.8703522870236
			69.3584412275401	-66.8703522870236
			69.3584412275401	-66.8466562018759
			69.3821373126879	-66.8466562018759
			69.4058333978357	-66.8466562018759
			69.4295294829834	-66.8229601167281
			69.4532255681312	-66.8229601167281
			69.476921653279	-66.8229601167281
			69.5006177384268	-66.7992640315803
			69.5243138235745	-66.7992640315803
			69.5480099087223	-66.7992640315803
			69.5717059938701	-66.7755679464325
			69.5954020790179	-66.7755679464325
			69.6190981641656	-66.7518718612848
			69.6427942493134	-66.7518718612848
			69.6664903344612	-66.7518718612848
			69.6664903344612	-66.728175776137
			69.690186419609	-66.728175776137
			69.7138825047568	-66.728175776137
			69.7375785899045	-66.7044796909892
			69.7612746750523	-66.7044796909892
			69.7849707602001	-66.7044796909892
			69.8086668453479	-66.6807836058414
			69.8323629304956	-66.6807836058414
			69.8560590156434	-66.6807836058414
			69.8797551007912	-66.6570875206937
			69.903451185939	-66.6570875206937
			69.9271472710867	-66.6333914355459
			69.9508433562345	-66.6333914355459
			69.9745394413823	-66.6096953503981
			69.9982355265301	-66.6096953503981
			70.0219316116778	-66.6096953503981
			70.0456276968256	-66.5859992652503
			70.0693237819734	-66.5859992652503
			70.0930198671212	-66.5623031801026
			70.1167159522689	-66.5623031801026
			70.1404120374167	-66.5623031801026
			70.1641081225645	-66.5623031801026
			70.1641081225645	-66.5386070949548
			70.1878042077123	-66.5386070949548
			70.2115002928601	-66.5386070949548
			70.2351963780078	-66.514911009807
			70.2588924631556	-66.514911009807
			70.2825885483034	-66.4912149246592
			70.3062846334512	-66.4912149246592
			70.3299807185989	-66.4912149246592
			70.3536768037467	-66.4675188395115
			70.3773728888945	-66.4675188395115
			70.4010689740423	-66.4438227543637
			70.42476505919	-66.4438227543637
			70.4484611443378	-66.4438227543637
			70.4721572294856	-66.4201266692159
			70.4958533146334	-66.4201266692159
			70.5195493997811	-66.3964305840681
			70.5432454849289	-66.3964305840681
			70.5669415700767	-66.3727344989204
			70.5906376552245	-66.3727344989204
			70.6143337403722	-66.3727344989204
			70.63802982552	-66.3490384137726
			70.6617259106678	-66.3490384137726
			70.6854219958156	-66.3253423286248
			70.7091180809633	-66.3253423286248
			70.7328141661111	-66.3253423286248
			70.7565102512589	-66.301646243477
			70.7802063364067	-66.301646243477
			70.8039024215544	-66.2779501583292
			70.8275985067022	-66.2779501583292
			70.85129459185	-66.2779501583292
			70.8749906769978	-66.2542540731815
			70.8986867621455	-66.2542540731815
			70.9223828472933	-66.2305579880337
			70.9460789324411	-66.2305579880337
			70.9697750175889	-66.2305579880337
			70.9934711027366	-66.2068619028859
			71.0171671878844	-66.2068619028859
			71.0408632730322	-66.1831658177381
			71.06455935818	-66.1831658177381
			71.0882554433278	-66.1594697325904
			71.1119515284755	-66.1594697325904
			71.1356476136233	-66.1594697325904
			71.1593436987711	-66.1357736474426
			71.1830397839189	-66.1120775622948
			71.2067358690666	-66.1120775622948
			71.2304319542144	-66.1120775622948
			71.2541280393622	-66.088381477147
			71.27782412451	-66.088381477147
			71.3015202096577	-66.0646853919993
			71.3252162948055	-66.0646853919993
			71.3489123799533	-66.0646853919993
			71.3726084651011	-66.0409893068515
			71.3963045502488	-66.0409893068515
			71.4200006353966	-66.0172932217037
			71.4436967205444	-66.0172932217037
			71.4673928056922	-65.9935971365559
			71.4910888908399	-65.9935971365559
			71.5147849759877	-65.9935971365559
			71.5384810611355	-65.9699010514082
			71.5621771462833	-65.9699010514082
			71.5621771462833	-65.9462049662604
			71.5858732314311	-65.9462049662604
			71.6095693165788	-65.9225088811126
			71.6332654017266	-65.9225088811126
			71.6569614868744	-65.9225088811126
			71.6806575720222	-65.8988127959648
			71.7043536571699	-65.8988127959648
			71.7280497423177	-65.8751167108171
			71.7517458274655	-65.8751167108171
			71.7754419126133	-65.8514206256693
			71.799137997761	-65.8514206256693
			71.8228340829088	-65.8277245405215
			71.8465301680566	-65.8277245405215
			71.8702262532044	-65.8040284553737
			71.8939223383521	-65.8040284553737
			71.9176184234999	-65.7803323702259
			71.9413145086477	-65.7803323702259
			71.9650105937955	-65.7566362850782
			71.9887066789432	-65.7566362850782
			72.012402764091	-65.7329401999304
			72.0360988492388	-65.7329401999304
		</Snout_dorsal>
		<Dorsal_adipose type=matrix rownames=FALSE colnames=FALSE nrow=330 ncol=2 as.numeric=TRUE >
			72.0360988492388	-65.7329401999304
			72.0597949343866	-65.7329401999304
			72.0834910195343	-65.7329401999304
			72.1071871046821	-65.7329401999304
			72.1308831898299	-65.7329401999304
			72.1545792749777	-65.7092441147826
			72.1782753601255	-65.7092441147826
			72.2019714452732	-65.7092441147826
			72.225667530421	-65.7092441147826
			72.2493636155688	-65.7092441147826
			72.2730597007166	-65.7092441147826
			72.2967557858643	-65.7092441147826
			72.3204518710121	-65.7092441147826
			72.3441479561599	-65.7092441147826
			72.3678440413076	-65.7092441147826
			72.3915401264554	-65.6855480296348
			72.4152362116032	-65.6855480296348
			72.438932296751	-65.6855480296348
			72.4626283818988	-65.6855480296348
			72.4863244670465	-65.6855480296348
			72.5100205521943	-65.6855480296348
			72.5337166373421	-65.6855480296348
			72.5574127224899	-65.6855480296348
			72.5811088076376	-65.6855480296348
			72.6048048927854	-65.6855480296348
			72.6285009779332	-65.6855480296348
			72.652197063081	-65.6618519444871
			72.6758931482287	-65.6618519444871
			72.6995892333765	-65.6618519444871
			72.7232853185243	-65.6618519444871
			72.7469814036721	-65.6618519444871
			72.7706774888198	-65.6618519444871
			72.7943735739676	-65.6618519444871
			72.8180696591154	-65.6618519444871
			72.8417657442632	-65.6618519444871
			72.8654618294109	-65.6618519444871
			72.8891579145587	-65.6618519444871
			72.9128539997065	-65.6618519444871
			72.9365500848543	-65.6618519444871
			72.9602461700021	-65.6618519444871
			72.9839422551498	-65.6618519444871
			73.0076383402976	-65.6618519444871
			73.0313344254454	-65.6618519444871
			73.0550305105932	-65.6381558593393
			73.0787265957409	-65.6381558593393
			73.1024226808887	-65.6381558593393
			73.1261187660365	-65.6381558593393
			73.1498148511843	-65.6381558593393
			73.173510936332	-65.6381558593393
			73.1972070214798	-65.6381558593393
			73.2209031066276	-65.6381558593393
			73.2445991917754	-65.6381558593393
			73.2682952769231	-65.6381558593393
			73.2919913620709	-65.6381558593393
			73.3156874472187	-65.6381558593393
			73.3393835323665	-65.6381558593393
			73.3630796175142	-65.6381558593393
			73.386775702662	-65.6381558593393
			73.4104717878098	-65.6381558593393
			73.4341678729576	-65.6381558593393
			73.4578639581053	-65.6381558593393
			73.4815600432531	-65.6381558593393
			73.5052561284009	-65.6381558593393
			73.5289522135487	-65.6381558593393
			73.5526482986965	-65.6381558593393
			73.5763443838442	-65.6381558593393
			73.600040468992	-65.6381558593393
			73.6237365541398	-65.6381558593393
			73.6474326392876	-65.6381558593393
			73.6711287244353	-65.6381558593393
			73.6948248095831	-65.6381558593393
			73.7185208947309	-65.6381558593393
			73.7422169798787	-65.6381558593393
			73.7659130650264	-65.6381558593393
			73.7896091501742	-65.6381558593393
			73.813305235322	-65.6381558593393
			73.8370013204698	-65.6381558593393
			73.8606974056175	-65.6381558593393
			73.8843934907653	-65.6381558593393
			73.9080895759131	-65.6381558593393
			73.9317856610609	-65.6381558593393
			73.9554817462086	-65.6381558593393
			73.9791778313564	-65.6381558593393
			74.0028739165042	-65.6381558593393
			74.026570001652	-65.6381558593393
			74.0502660867998	-65.6381558593393
			74.0739621719475	-65.6381558593393
			74.0976582570953	-65.6381558593393
			74.1213543422431	-65.6381558593393
			74.1450504273909	-65.6381558593393
			74.1687465125386	-65.6381558593393
			74.1924425976864	-65.6381558593393
			74.2161386828342	-65.6381558593393
			74.2398347679819	-65.6381558593393
			74.2635308531297	-65.6381558593393
			74.2872269382775	-65.6381558593393
			74.3109230234253	-65.6381558593393
			74.3346191085731	-65.6381558593393
			74.3583151937208	-65.6381558593393
			74.3820112788686	-65.6381558593393
			74.4057073640164	-65.6381558593393
			74.4294034491642	-65.6381558593393
			74.4530995343119	-65.6381558593393
			74.4767956194597	-65.6381558593393
			74.5004917046075	-65.6381558593393
			74.5241877897553	-65.6381558593393
			74.547883874903	-65.6381558593393
			74.5715799600508	-65.6381558593393
			74.5952760451986	-65.6381558593393
			74.6189721303464	-65.6381558593393
			74.6426682154941	-65.6381558593393
			74.6663643006419	-65.6381558593393
			74.6900603857897	-65.6381558593393
			74.7137564709375	-65.6381558593393
			74.7374525560852	-65.6381558593393
			74.761148641233	-65.6381558593393
			74.7848447263808	-65.6381558593393
			74.8085408115286	-65.6381558593393
			74.8322368966763	-65.6381558593393
			74.8559329818241	-65.6381558593393
			74.8796290669719	-65.6381558593393
			74.9033251521197	-65.6381558593393
			74.9270212372675	-65.6381558593393
			74.9507173224152	-65.6381558593393
			74.974413407563	-65.6381558593393
			74.9981094927108	-65.6381558593393
			75.0218055778586	-65.6381558593393
			75.0455016630063	-65.6381558593393
			75.0691977481541	-65.6381558593393
			75.0928938333019	-65.6381558593393
			75.1165899184497	-65.6381558593393
			75.1402860035974	-65.6381558593393
			75.1639820887452	-65.6618519444871
			75.187678173893	-65.6618519444871
			75.2113742590408	-65.6618519444871
			75.2350703441885	-65.6618519444871
			75.2587664293363	-65.6618519444871
			75.2824625144841	-65.6618519444871
			75.3061585996319	-65.6618519444871
			75.3298546847796	-65.6618519444871
			75.3535507699274	-65.6618519444871
			75.3772468550752	-65.6618519444871
			75.400942940223	-65.6618519444871
			75.4246390253708	-65.6618519444871
			75.4483351105185	-65.6618519444871
			75.4720311956663	-65.6618519444871
			75.4957272808141	-65.6618519444871
			75.5194233659619	-65.6618519444871
			75.5431194511096	-65.6618519444871
			75.5668155362574	-65.6618519444871
			75.5905116214052	-65.6618519444871
			75.614207706553	-65.6618519444871
			75.6379037917007	-65.6618519444871
			75.6615998768485	-65.6855480296348
			75.6852959619963	-65.6855480296348
			75.7089920471441	-65.6855480296348
			75.7326881322918	-65.6855480296348
			75.7563842174396	-65.6855480296348
			75.7800803025874	-65.6855480296348
			75.8037763877352	-65.6855480296348
			75.8274724728829	-65.6855480296348
			75.8511685580307	-65.6855480296348
			75.8748646431785	-65.6855480296348
			75.8985607283263	-65.6855480296348
			75.922256813474	-65.6855480296348
			75.9459528986218	-65.6855480296348
			75.9696489837696	-65.6855480296348
			75.9933450689174	-65.6855480296348
			76.0170411540651	-65.6855480296348
			76.0407372392129	-65.7092441147826
			76.0644333243607	-65.7092441147826
			76.0881294095085	-65.7092441147826
			76.1118254946562	-65.7092441147826
			76.135521579804	-65.7092441147826
			76.1592176649518	-65.7092441147826
			76.1829137500996	-65.7092441147826
			76.2066098352473	-65.7092441147826
			76.2303059203951	-65.7092441147826
			76.2540020055429	-65.7092441147826
			76.2776980906907	-65.7092441147826
			76.3013941758385	-65.7092441147826
			76.3250902609862	-65.7092441147826
			76.348786346134	-65.7092441147826
			76.3724824312818	-65.7092441147826
			76.3961785164296	-65.7329401999304
			76.4198746015773	-65.7329401999304
			76.4435706867251	-65.7329401999304
			76.4672667718729	-65.7329401999304
			76.4909628570207	-65.7329401999304
			76.5146589421684	-65.7329401999304
			76.5383550273162	-65.7329401999304
			76.562051112464	-65.7329401999304
			76.5857471976118	-65.7329401999304
			76.5857471976118	-65.7092441147826
			76.6094432827595	-65.7092441147826
			76.6331393679073	-65.7092441147826
			76.6568354530551	-65.7092441147826
			76.6805315382029	-65.7092441147826
			76.7042276233506	-65.6855480296348
			76.7279237084984	-65.6855480296348
			76.7516197936462	-65.6855480296348
			76.775315878794	-65.6855480296348
			76.7990119639418	-65.6618519444871
			76.8227080490895	-65.6618519444871
			76.8464041342373	-65.6618519444871
			76.8701002193851	-65.6618519444871
			76.8937963045329	-65.6381558593393
			76.9174923896806	-65.6381558593393
			76.9411884748284	-65.6381558593393
			76.9648845599762	-65.6381558593393
			76.988580645124	-65.6381558593393
			76.988580645124	-65.6144597741915
			77.0122767302717	-65.6144597741915
			77.0359728154195	-65.6144597741915
			77.0596689005673	-65.6144597741915
			77.0833649857151	-65.6144597741915
			77.1070610708628	-65.5907636890437
			77.1307571560106	-65.5907636890437
			77.1544532411584	-65.5907636890437
			77.1781493263062	-65.5907636890437
			77.1781493263062	-65.567067603896
			77.2018454114539	-65.567067603896
			77.2255414966017	-65.567067603896
			77.2492375817495	-65.567067603896
			77.2729336668973	-65.567067603896
			77.296629752045	-65.5433715187482
			77.3203258371928	-65.5433715187482
			77.3440219223406	-65.5433715187482
			77.3677180074884	-65.5433715187482
			77.3914140926362	-65.5196754336004
			77.4151101777839	-65.5196754336004
			77.4388062629317	-65.5196754336004
			77.4625023480795	-65.4959793484526
			77.4861984332273	-65.4959793484526
			77.509894518375	-65.4959793484526
			77.5335906035228	-65.4959793484526
			77.5572866886706	-65.4722832633049
			77.5809827738184	-65.4722832633049
			77.6046788589661	-65.4722832633049
			77.6283749441139	-65.4722832633049
			77.6520710292617	-65.4485871781571
			77.6757671144095	-65.4485871781571
			77.6994631995572	-65.4485871781571
			77.723159284705	-65.4248910930093
			77.7468553698528	-65.4248910930093
			77.7705514550006	-65.4248910930093
			77.7942475401483	-65.4248910930093
			77.8179436252961	-65.4011950078615
			77.8416397104439	-65.4011950078615
			77.8653357955917	-65.4011950078615
			77.8890318807394	-65.4011950078615
			77.8890318807394	-65.3774989227138
			77.9127279658872	-65.3774989227138
			77.936424051035	-65.3774989227138
			77.9601201361828	-65.3774989227138
			77.9838162213305	-65.353802837566
			78.0075123064783	-65.353802837566
			78.0312083916261	-65.353802837566
			78.0549044767739	-65.353802837566
			78.0786005619216	-65.3301067524182
			78.1022966470694	-65.3301067524182
			78.1259927322172	-65.3064106672704
			78.149688817365	-65.3064106672704
			78.1733849025128	-65.3064106672704
			78.1970809876605	-65.2827145821227
			78.2207770728083	-65.2827145821227
			78.2444731579561	-65.2827145821227
			78.2681692431039	-65.2590184969749
			78.2918653282516	-65.2590184969749
			78.3155614133994	-65.2590184969749
			78.3392574985472	-65.2590184969749
			78.362953583695	-65.2353224118271
			78.3866496688427	-65.2353224118271
			78.4103457539905	-65.2353224118271
			78.4340418391383	-65.2116263266793
			78.4577379242861	-65.2116263266793
			78.4814340094338	-65.2116263266793
			78.5051300945816	-65.1879302415315
			78.5288261797294	-65.1879302415315
			78.5525222648772	-65.1879302415315
			78.5762183500249	-65.1642341563838
			78.5999144351727	-65.1642341563838
			78.6236105203205	-65.1642341563838
			78.6236105203205	-65.140538071236
			78.6473066054683	-65.140538071236
			78.671002690616	-65.140538071236
			78.6946987757638	-65.140538071236
			78.7183948609116	-65.1168419860882
			78.7420909460594	-65.1168419860882
			78.7657870312072	-65.1168419860882
			78.7657870312072	-65.0931459009404
			78.7894831163549	-65.0931459009404
			78.8131792015027	-65.0931459009404
			78.8368752866505	-65.0694498157927
			78.8605713717983	-65.0694498157927
			78.884267456946	-65.0457537306449
			78.9079635420938	-65.0457537306449
			78.9316596272416	-65.0457537306449
			78.9553557123894	-65.0220576454971
			78.9790517975371	-65.0220576454971
			79.0027478826849	-64.9983615603494
			79.0264439678327	-64.9983615603494
			79.0501400529805	-64.9983615603494
			79.0501400529805	-64.9746654752016
			79.0738361381282	-64.9746654752016
			79.097532223276	-64.9746654752016
			79.1212283084238	-64.9509693900538
			79.1449243935716	-64.9509693900538
			79.1686204787193	-64.927273304906
			79.1923165638671	-64.927273304906
			79.2160126490149	-64.9035772197582
			79.2397087341627	-64.9035772197582
			79.2634048193105	-64.8798811346105
			79.2871009044582	-64.8798811346105
			79.310796989606	-64.8798811346105
			79.3344930747538	-64.8561850494627
			79.3581891599016	-64.8561850494627
			79.3581891599016	-64.8324889643149
			79.3818852450493	-64.8324889643149
			79.4055813301971	-64.8087928791671
			79.4292774153449	-64.8087928791671
			79.4529735004927	-64.7850967940194
			79.4766695856404	-64.7614007088716
			79.5003656707882	-64.7614007088716
			79.524061755936	-64.7377046237238
			79.5477578410838	-64.7377046237238
			79.5714539262315	-64.714008538576
			79.5951500113793	-64.6903124534283
			79.6188460965271	-64.6903124534283
			79.6425421816749	-64.6666163682805
		</Dorsal_adipose>
		<Adipose_caudal type=matrix rownames=FALSE colnames=FALSE nrow=195 ncol=2 as.numeric=TRUE >
			79.6425421816749	-64.6666163682805
			79.6662382668226	-64.6666163682805
			79.6662382668226	-64.6429202831327
			79.6899343519704	-64.6429202831327
			79.7136304371182	-64.6192241979849
			79.737326522266	-64.6192241979849
			79.7610226074137	-64.5955281128372
			79.7847186925615	-64.5718320276894
			79.8084147777093	-64.5718320276894
			79.8321108628571	-64.5481359425416
			79.8558069480048	-64.5481359425416
			79.8795030331526	-64.5481359425416
			79.9031991183004	-64.5244398573938
			79.9268952034482	-64.5244398573938
			79.9505912885959	-64.5007437722461
			79.9742873737437	-64.5007437722461
			79.9979834588915	-64.5007437722461
			80.0216795440393	-64.5007437722461
			80.045375629187	-64.5007437722461
			80.0690717143348	-64.5007437722461
			80.0927677994826	-64.5007437722461
			80.1164638846304	-64.5007437722461
			80.1401599697782	-64.5007437722461
			80.1638560549259	-64.5007437722461
			80.1875521400737	-64.5244398573938
			80.2112482252215	-64.5244398573938
			80.2349443103693	-64.5244398573938
			80.258640395517	-64.5481359425416
			80.2823364806648	-64.5718320276894
			80.3060325658126	-64.5955281128372
			80.3297286509604	-64.6192241979849
			80.3534247361081	-64.6429202831327
			80.3534247361081	-64.6666163682805
			80.3771208212559	-64.6903124534283
			80.4008169064037	-64.6903124534283
			80.4245129915515	-64.6666163682805
			80.4482090766992	-64.6666163682805
			80.471905161847	-64.6666163682805
			80.4956012469948	-64.6666163682805
			80.5192973321426	-64.6666163682805
			80.5429934172903	-64.6429202831327
			80.5666895024381	-64.6429202831327
			80.5903855875859	-64.6429202831327
			80.6140816727337	-64.6192241979849
			80.6377777578815	-64.6192241979849
			80.6614738430292	-64.6192241979849
			80.685169928177	-64.6192241979849
			80.7088660133248	-64.5955281128372
			80.7325620984726	-64.5955281128372
			80.7562581836203	-64.5955281128372
			80.7799542687681	-64.5955281128372
			80.8036503539159	-64.5718320276894
			80.8273464390637	-64.5718320276894
			80.8510425242114	-64.5718320276894
			80.8747386093592	-64.5481359425416
			80.898434694507	-64.5481359425416
			80.9221307796548	-64.5481359425416
			80.9458268648025	-64.5481359425416
			80.9695229499503	-64.5244398573938
			80.9932190350981	-64.5244398573938
			81.0169151202459	-64.5244398573938
			81.0406112053936	-64.5244398573938
			81.0643072905414	-64.5007437722461
			81.0880033756892	-64.5007437722461
			81.111699460837	-64.5007437722461
			81.1353955459847	-64.5007437722461
			81.1590916311325	-64.4770476870983
			81.1827877162803	-64.4770476870983
			81.2064838014281	-64.4770476870983
			81.2301798865759	-64.4770476870983
			81.2538759717236	-64.4533516019505
			81.2775720568714	-64.4533516019505
			81.3012681420192	-64.4533516019505
			81.324964227167	-64.4533516019505
			81.3486603123147	-64.4296555168027
			81.3723563974625	-64.4296555168027
			81.3960524826103	-64.4296555168027
			81.4197485677581	-64.4059594316549
			81.4434446529058	-64.4059594316549
			81.4671407380536	-64.4059594316549
			81.4908368232014	-64.3822633465072
			81.5145329083492	-64.3822633465072
			81.5382289934969	-64.3822633465072
			81.5619250786447	-64.3585672613594
			81.5856211637925	-64.3585672613594
			81.6093172489403	-64.3585672613594
			81.633013334088	-64.3585672613594
			81.6567094192358	-64.3348711762116
			81.6804055043836	-64.3348711762116
			81.7041015895314	-64.3348711762116
			81.7277976746791	-64.3111750910638
			81.7514937598269	-64.3111750910638
			81.7751898449747	-64.3111750910638
			81.7988859301225	-64.2874790059161
			81.8225820152702	-64.2874790059161
			81.846278100418	-64.2874790059161
			81.8699741855658	-64.2874790059161
			81.8936702707136	-64.2637829207683
			81.9173663558613	-64.2637829207683
			81.9410624410091	-64.2637829207683
			81.9647585261569	-64.2400868356205
			81.9884546113047	-64.2400868356205
			82.0121506964525	-64.2400868356205
			82.0358467816002	-64.2163907504727
			82.059542866748	-64.2163907504727
			82.0832389518958	-64.2163907504727
			82.1069350370436	-64.192694665325
			82.1306311221913	-64.192694665325
			82.1543272073391	-64.192694665325
			82.1780232924869	-64.1689985801772
			82.2017193776347	-64.1689985801772
			82.2254154627824	-64.1689985801772
			82.2491115479302	-64.1453024950294
			82.272807633078	-64.1453024950294
			82.2965037182258	-64.1453024950294
			82.3201998033735	-64.1216064098816
			82.3438958885213	-64.1216064098816
			82.3675919736691	-64.1216064098816
			82.3912880588169	-64.0979103247339
			82.4149841439646	-64.0979103247339
			82.4386802291124	-64.0979103247339
			82.4623763142602	-64.0979103247339
			82.486072399408	-64.0742142395861
			82.5097684845557	-64.0742142395861
			82.5334645697035	-64.0505181544383
			82.5571606548513	-64.0505181544383
			82.5808567399991	-64.0268220692905
			82.6045528251469	-64.0268220692905
			82.6282489102946	-64.0268220692905
			82.6519449954424	-64.0031259841428
			82.6756410805902	-64.0031259841428
			82.699337165738	-64.0031259841428
			82.7230332508857	-63.979429898995
			82.7467293360335	-63.979429898995
			82.7704254211813	-63.979429898995
			82.7941215063291	-63.9557338138472
			82.8178175914768	-63.9557338138472
			82.8415136766246	-63.9320377286994
			82.8652097617724	-63.9320377286994
			82.8889058469202	-63.9320377286994
			82.8889058469202	-63.9083416435517
			82.9126019320679	-63.9083416435517
			82.9362980172157	-63.9083416435517
			82.9599941023635	-63.9083416435517
			82.9836901875113	-63.8846455584039
			83.007386272659	-63.8846455584039
			83.0310823578068	-63.8609494732561
			83.0547784429546	-63.8609494732561
			83.0784745281024	-63.8372533881083
			83.1021706132502	-63.8372533881083
			83.1258666983979	-63.8372533881083
			83.1495627835457	-63.8135573029605
			83.1732588686935	-63.7898612178128
			83.1969549538413	-63.7898612178128
			83.220651038989	-63.7898612178128
			83.2443471241368	-63.766165132665
			83.2680432092846	-63.766165132665
			83.2917392944324	-63.7424690475172
			83.3154353795801	-63.7424690475172
			83.3391314647279	-63.7187729623694
			83.3628275498757	-63.7187729623694
			83.3865236350235	-63.6950768772217
			83.4102197201712	-63.6950768772217
			83.433915805319	-63.6713807920739
			83.4576118904668	-63.6713807920739
			83.4813079756146	-63.6476847069261
			83.5050040607623	-63.6239886217783
			83.5287001459101	-63.6239886217783
			83.5523962310579	-63.6002925366306
			83.5760923162057	-63.5765964514828
			83.5997884013534	-63.552900366335
			83.6234844865012	-63.5292042811872
			83.647180571649	-63.5055081960395
			83.6708766567968	-63.4818121108917
			83.6945727419445	-63.4818121108917
			83.7182688270923	-63.4581160257439
			83.7419649122401	-63.4344199405961
			83.7656609973879	-63.4107238554484
			83.7893570825356	-63.4107238554484
			83.8130531676834	-63.3870277703006
			83.8367492528312	-63.3870277703006
			83.860445337979	-63.3633316851528
			83.8841414231267	-63.339635600005
			83.9078375082745	-63.339635600005
			83.9315335934223	-63.3159395148573
			83.9552296785701	-63.3159395148573
			83.9789257637179	-63.2922434297095
			84.0026218488656	-63.2922434297095
			84.0263179340134	-63.2922434297095
			84.0500140191612	-63.2922434297095
			84.073710104309	-63.2685473445617
			84.0974061894567	-63.2685473445617
			84.1211022746045	-63.2448512594139
			84.1447983597523	-63.2448512594139
			84.1684944449001	-63.2448512594139
		</Adipose_caudal>
		<Caudal_anal type=matrix rownames=FALSE colnames=FALSE nrow=326 ncol=2 as.numeric=TRUE >
			85.756132149801	-66.0409893068515
			85.7324360646533	-66.0409893068515
			85.7324360646533	-66.0646853919993
			85.7087399795055	-66.0646853919993
			85.6850438943577	-66.088381477147
			85.6613478092099	-66.088381477147
			85.6613478092099	-66.1120775622948
			85.6376517240622	-66.1120775622948
			85.6139556389144	-66.1357736474426
			85.5902595537666	-66.1357736474426
			85.5665634686188	-66.1357736474426
			85.5665634686188	-66.1594697325904
			85.5428673834711	-66.1594697325904
			85.5191712983233	-66.1831658177381
			85.4954752131755	-66.1831658177381
			85.4717791280277	-66.2068619028859
			85.44808304288	-66.2068619028859
			85.4243869577322	-66.2305579880337
			85.4006908725844	-66.2305579880337
			85.3769947874366	-66.2542540731815
			85.3532987022889	-66.2542540731815
			85.3296026171411	-66.2542540731815
			85.3296026171411	-66.2779501583292
			85.3059065319933	-66.2779501583292
			85.2822104468455	-66.2779501583292
			85.2585143616977	-66.301646243477
			85.23481827655	-66.301646243477
			85.2111221914022	-66.3253423286248
			85.1874261062544	-66.3253423286248
			85.1637300211066	-66.3253423286248
			85.1400339359589	-66.3490384137726
			85.1163378508111	-66.3490384137726
			85.0926417656633	-66.3490384137726
			85.0689456805156	-66.3727344989204
			85.0452495953678	-66.3727344989204
			85.02155351022	-66.3964305840681
			84.9978574250722	-66.3964305840681
			84.9741613399244	-66.3964305840681
			84.9504652547767	-66.4201266692159
			84.9267691696289	-66.4201266692159
			84.9030730844811	-66.4201266692159
			84.8793769993333	-66.4201266692159
			84.8556809141856	-66.4438227543637
			84.8319848290378	-66.4438227543637
			84.80828874389	-66.4438227543637
			84.7845926587422	-66.4675188395115
			84.7608965735945	-66.4675188395115
			84.7372004884467	-66.4675188395115
			84.7135044032989	-66.4675188395115
			84.7135044032989	-66.4912149246592
			84.6898083181511	-66.4912149246592
			84.6661122330034	-66.4912149246592
			84.6424161478556	-66.4912149246592
			84.6187200627078	-66.514911009807
			84.59502397756	-66.514911009807
			84.5713278924123	-66.514911009807
			84.5476318072645	-66.514911009807
			84.5239357221167	-66.5386070949548
			84.5002396369689	-66.5386070949548
			84.4765435518212	-66.5386070949548
			84.4528474666734	-66.5386070949548
			84.4291513815256	-66.5623031801026
			84.4054552963778	-66.5623031801026
			84.38175921123	-66.5623031801026
			84.3580631260823	-66.5859992652503
			84.3343670409345	-66.5859992652503
			84.3106709557867	-66.6096953503981
			84.2869748706389	-66.6096953503981
			84.2632787854912	-66.6333914355459
			84.2395827003434	-66.6333914355459
			84.2158866151956	-66.6570875206937
			84.1921905300478	-66.6570875206937
			84.1684944449001	-66.6807836058414
			84.1447983597523	-66.6807836058414
			84.1211022746045	-66.7044796909892
			84.0974061894567	-66.7044796909892
			84.073710104309	-66.728175776137
			84.0500140191612	-66.728175776137
			84.0263179340134	-66.7518718612848
			84.0026218488656	-66.7518718612848
			83.9789257637179	-66.7755679464325
			83.9552296785701	-66.7992640315803
			83.9315335934223	-66.7992640315803
			83.9078375082745	-66.8229601167281
			83.8841414231267	-66.8229601167281
			83.860445337979	-66.8466562018759
			83.8367492528312	-66.8466562018759
			83.8130531676834	-66.8466562018759
			83.8130531676834	-66.8703522870236
			83.7893570825356	-66.8703522870236
			83.7656609973879	-66.8703522870236
			83.7656609973879	-66.8940483721714
			83.7419649122401	-66.8940483721714
			83.7182688270923	-66.9177444573192
			83.6945727419445	-66.9177444573192
			83.6708766567968	-66.941440542467
			83.647180571649	-66.941440542467
			83.6234844865012	-66.9651366276147
			83.5997884013534	-66.9888327127625
			83.5760923162057	-66.9888327127625
			83.5523962310579	-67.0125287979103
			83.5287001459101	-67.0125287979103
			83.5050040607623	-67.0362248830581
			83.4813079756146	-67.0362248830581
			83.4576118904668	-67.0599209682058
			83.433915805319	-67.0836170533536
			83.4102197201712	-67.0836170533536
			83.3865236350235	-67.1073131385014
			83.3628275498757	-67.1073131385014
			83.3391314647279	-67.1310092236492
			83.3154353795801	-67.1310092236492
			83.2917392944324	-67.1547053087969
			83.2680432092846	-67.1547053087969
			83.2443471241368	-67.1784013939447
			83.220651038989	-67.1784013939447
			83.220651038989	-67.2020974790925
			83.1969549538413	-67.2020974790925
			83.1732588686935	-67.2257935642403
			83.1495627835457	-67.2257935642403
			83.1258666983979	-67.2494896493881
			83.1021706132502	-67.2494896493881
			83.0784745281024	-67.2731857345358
			83.0547784429546	-67.2968818196836
			83.0310823578068	-67.2968818196836
			83.007386272659	-67.3205779048314
			82.9836901875113	-67.3205779048314
			82.9599941023635	-67.3442739899792
			82.9362980172157	-67.3442739899792
			82.9126019320679	-67.3679700751269
			82.8889058469202	-67.3916661602747
			82.8652097617724	-67.3916661602747
			82.8415136766246	-67.4153622454225
			82.8178175914768	-67.4153622454225
			82.7941215063291	-67.4390583305703
			82.7704254211813	-67.4390583305703
			82.7467293360335	-67.462754415718
			82.7230332508857	-67.4864505008658
			82.699337165738	-67.4864505008658
			82.6756410805902	-67.5101465860136
			82.6519449954424	-67.5101465860136
			82.6282489102946	-67.5338426711614
			82.6045528251469	-67.5338426711614
			82.5808567399991	-67.5575387563091
			82.5571606548513	-67.5812348414569
			82.5334645697035	-67.5812348414569
			82.5334645697035	-67.6049309266047
			82.5097684845557	-67.6049309266047
			82.486072399408	-67.6286270117525
			82.4623763142602	-67.6523230969002
			82.4386802291124	-67.6523230969002
			82.4149841439646	-67.676019182048
			82.3912880588169	-67.676019182048
			82.3675919736691	-67.6997152671958
			82.3438958885213	-67.7234113523436
			82.3201998033735	-67.7234113523436
			82.2965037182258	-67.7471074374914
			82.272807633078	-67.7471074374914
			82.2491115479302	-67.7708035226391
			82.2254154627824	-67.7944996077869
			82.2017193776347	-67.7944996077869
			82.1780232924869	-67.8181956929347
			82.1543272073391	-67.8181956929347
			82.1306311221913	-67.8418917780825
			82.1069350370436	-67.8655878632302
			82.0832389518958	-67.8655878632302
			82.059542866748	-67.889283948378
			82.0358467816002	-67.9129800335258
			82.0121506964525	-67.9129800335258
			81.9884546113047	-67.9366761186736
			81.9647585261569	-67.9366761186736
			81.9410624410091	-67.9603722038213
			81.9173663558613	-67.9840682889691
			81.8936702707136	-67.9840682889691
			81.8699741855658	-68.0077643741169
			81.846278100418	-68.0314604592647
			81.8225820152702	-68.0314604592647
			81.7988859301225	-68.0551565444124
			81.7751898449747	-68.0788526295602
			81.7514937598269	-68.0788526295602
			81.7277976746791	-68.102548714708
			81.7041015895314	-68.1262447998558
			81.6804055043836	-68.1262447998558
			81.6567094192358	-68.1499408850035
			81.633013334088	-68.1499408850035
			81.6093172489403	-68.1736369701513
			81.5856211637925	-68.1973330552991
			81.5619250786447	-68.1973330552991
			81.5382289934969	-68.2210291404469
			81.5145329083492	-68.2210291404469
			81.4908368232014	-68.2447252255946
			81.4671407380536	-68.2684213107424
			81.4434446529058	-68.2921173958902
			81.4197485677581	-68.315813481038
			81.3960524826103	-68.315813481038
			81.3723563974625	-68.3395095661858
			81.3486603123147	-68.3632056513335
			81.324964227167	-68.3869017364813
			81.3012681420192	-68.4105978216291
			81.2775720568714	-68.4342939067769
			81.2538759717236	-68.4579899919246
			81.2301798865759	-68.4816860770724
			81.2064838014281	-68.5053821622202
			81.1827877162803	-68.529078247368
			81.1590916311325	-68.5527743325157
			81.1353955459847	-68.5764704176635
			81.111699460837	-68.6001665028113
			81.0880033756892	-68.6001665028113
			81.0643072905414	-68.6238625879591
			81.0406112053936	-68.6475586731068
			81.0169151202459	-68.6712547582546
			80.9932190350981	-68.6949508434024
			80.9695229499503	-68.7186469285502
			80.9458268648025	-68.7186469285502
			80.9221307796548	-68.7423430136979
			80.898434694507	-68.7660390988457
			80.8747386093592	-68.7660390988457
			80.8510425242114	-68.7897351839935
			80.8510425242114	-68.8134312691413
			80.8273464390637	-68.837127354289
			80.8036503539159	-68.837127354289
			80.7799542687681	-68.8608234394368
			80.7562581836203	-68.8845195245846
			80.7325620984726	-68.8845195245846
			80.7088660133248	-68.9082156097324
			80.685169928177	-68.9319116948801
			80.6614738430292	-68.9556077800279
			80.6377777578815	-68.9556077800279
			80.6140816727337	-68.9793038651757
			80.5903855875859	-69.0029999503235
			80.5666895024381	-69.0266960354712
			80.5429934172903	-69.0266960354712
			80.5192973321426	-69.050392120619
			80.4956012469948	-69.0740882057668
			80.471905161847	-69.0977842909146
			80.4482090766992	-69.0977842909146
			80.4245129915515	-69.1214803760624
			80.4008169064037	-69.1451764612101
			80.3771208212559	-69.1688725463579
			80.3534247361081	-69.1688725463579
			80.3297286509604	-69.1925686315057
			80.3060325658126	-69.2162647166535
			80.2823364806648	-69.2399608018012
			80.258640395517	-69.2399608018012
			80.2349443103693	-69.263656886949
			80.2112482252215	-69.2873529720968
			80.1875521400737	-69.2873529720968
			80.1638560549259	-69.3110490572446
			80.1401599697782	-69.3347451423923
			80.1164638846304	-69.3584412275401
			80.0927677994826	-69.3584412275401
			80.0690717143348	-69.3821373126879
			80.045375629187	-69.3821373126879
			80.0216795440393	-69.4058333978357
			79.9979834588915	-69.4295294829834
			79.9742873737437	-69.4532255681312
			79.9505912885959	-69.4532255681312
			79.9268952034482	-69.476921653279
			79.9031991183004	-69.5006177384268
			79.8795030331526	-69.5006177384268
			79.8558069480048	-69.5243138235745
			79.8321108628571	-69.5480099087223
			79.8084147777093	-69.5480099087223
			79.7847186925615	-69.5717059938701
			79.7610226074137	-69.5954020790179
			79.737326522266	-69.5954020790179
			79.7136304371182	-69.6190981641656
			79.6899343519704	-69.6427942493134
			79.6662382668226	-69.6427942493134
			79.6425421816749	-69.6664903344612
			79.6188460965271	-69.6664903344612
			79.5951500113793	-69.690186419609
			79.5714539262315	-69.7138825047568
			79.5477578410838	-69.7138825047568
			79.524061755936	-69.7375785899045
			79.5003656707882	-69.7612746750523
			79.4766695856404	-69.7612746750523
			79.4529735004927	-69.7849707602001
			79.4292774153449	-69.7849707602001
			79.4055813301971	-69.8086668453479
			79.3818852450493	-69.8323629304956
			79.3581891599016	-69.8323629304956
			79.3344930747538	-69.8560590156434
			79.310796989606	-69.8560590156434
			79.2871009044582	-69.8797551007912
			79.2634048193105	-69.903451185939
			79.2397087341627	-69.903451185939
			79.2160126490149	-69.9271472710867
			79.1923165638671	-69.9271472710867
			79.1686204787193	-69.9508433562345
			79.1449243935716	-69.9745394413823
			79.1212283084238	-69.9745394413823
			79.097532223276	-69.9982355265301
			79.0738361381282	-70.0219316116778
			79.0501400529805	-70.0219316116778
			79.0264439678327	-70.0456276968256
			79.0027478826849	-70.0456276968256
			78.9790517975371	-70.0693237819734
			78.9553557123894	-70.0930198671212
			78.9316596272416	-70.0930198671212
			78.9079635420938	-70.1167159522689
			78.884267456946	-70.1167159522689
			78.8605713717983	-70.1404120374167
			78.8368752866505	-70.1641081225645
			78.8131792015027	-70.1641081225645
			78.7894831163549	-70.1878042077123
			78.7657870312072	-70.2115002928601
			78.7420909460594	-70.2115002928601
			78.7183948609116	-70.2351963780078
			78.6946987757638	-70.2351963780078
			78.671002690616	-70.2588924631556
			78.6473066054683	-70.2825885483034
			78.6236105203205	-70.2825885483034
			78.5999144351727	-70.3062846334512
			78.5762183500249	-70.3299807185989
			78.5525222648772	-70.3299807185989
			78.5288261797294	-70.3299807185989
			78.5288261797294	-70.3536768037467
			78.5051300945816	-70.3536768037467
			78.4814340094338	-70.3536768037467
			78.4814340094338	-70.3773728888945
			78.4577379242861	-70.3773728888945
			78.4340418391383	-70.4010689740423
			78.4103457539905	-70.4010689740423
			78.3866496688427	-70.42476505919
			78.362953583695	-70.4484611443378
			78.3392574985472	-70.4484611443378
		</Caudal_anal>
	</curves.scaled>
	<ruler.points type=matrix rownames=TRUE colnames=FALSE nrow=3 ncol=2 as.numeric=TRUE >
		Ruler point 1	3210	2263
		Ruler point 2	3421	2259
		Ruler point 3	3632	2260
	</ruler.points>
</shapes>

