<shapes type=list>
	<ruler.pixel type=vector names=FALSE length=1 as.numeric=TRUE >121.58330475805</ruler.pixel>
	<ruler.interval type=vector names=FALSE length=1 as.numeric=TRUE >5</ruler.interval>
	<scaling.units type=vector names=FALSE length=1 as.numeric=FALSE >mm</scaling.units>
	<scaling type=vector names=FALSE length=1 as.numeric=TRUE >0.0411240672389187</scaling>
	<landmarks.pixel type=matrix rownames=TRUE colnames=FALSE nrow=11 ncol=2 as.numeric=TRUE >
		Anterior_eye	348	605
		Posterior_eye	469	606
		Posterior_Maxilla	518	710
		Anterior_Maxilla	314	629
		Dorsal_fin_insertion	890	453
		Adipose_fin_insertion	1283	534
		Dorsal_caudal	1484	568
		Ventral_caudal	1477	706
		Anal_fin_insertion	1109	733
		Pelvic_fin_insertion	847	709
		Pectoral_fin_insertion	678	685
	</landmarks.pixel>
	<landmarks.scaled type=matrix rownames=TRUE colnames=FALSE nrow=11 ncol=2 as.numeric=TRUE >
		Anterior_eye	14.3111753991437	-24.8800606795458
		Posterior_eye	19.2871875350529	-24.9211847467847
		Posterior_Maxilla	21.3022668297599	-29.1980877396323
		Anterior_Maxilla	12.9129571130205	-25.8670382932798
		Dorsal_fin_insertion	36.6004198426376	-18.6292024592302
		Adipose_fin_insertion	52.7621782675327	-21.9602519055826
		Dorsal_caudal	61.0281157825553	-23.3584701917058
		Ventral_caudal	60.7402473118829	-29.0335914706766
		Anal_fin_insertion	45.6065905679608	-30.1439412861274
		Pelvic_fin_insertion	34.8320849513641	-29.1569636723933
		Pectoral_fin_insertion	27.8821175879869	-28.1699860586593
	</landmarks.scaled>
	<curves.control type=list>
		<Snout_dorsal type=matrix rownames=FALSE colnames=FALSE nrow=7 ncol=2 as.numeric=TRUE >
			314	629
			313	532
			426	494
			509	454
			713	453
			820	454
			890	453
		</Snout_dorsal>
		<Dorsal_adipose type=matrix rownames=FALSE colnames=FALSE nrow=5 ncol=2 as.numeric=TRUE >
			890	453
			977	485
			1117	518
			1194	532
			1283	534
		</Dorsal_adipose>
		<Adipose_caudal type=matrix rownames=FALSE colnames=FALSE nrow=7 ncol=2 as.numeric=TRUE >
			1283	534
			1311	535
			1323	558
			1394	569
			1440	569
			1477	562
			1484	568
		</Adipose_caudal>
		<Caudal_anal type=matrix rownames=FALSE colnames=FALSE nrow=9 ncol=2 as.numeric=TRUE >
			1477	706
			1466	706
			1427	700
			1371	698
			1288	706
			1251	716
			1208	717
			1149	722
			1109	733
		</Caudal_anal>
	</curves.control>
	<curves.pixel type=list>
		<Snout_dorsal type=matrix rownames=FALSE colnames=FALSE nrow=646 ncol=2 as.numeric=TRUE >
			314	629
			314	628
			314	627
			314	626
			314	625
			314	624
			314	623
			314	622
			314	621
			314	620
			314	619
			314	618
			314	617
			314	616
			314	615
			315	614
			315	613
			315	612
			315	611
			315	610
			315	609
			315	608
			315	607
			315	606
			316	605
			316	604
			316	603
			316	602
			316	601
			317	600
			317	599
			317	598
			317	597
			317	596
			318	595
			318	594
			318	593
			318	592
			319	591
			319	590
			319	589
			319	588
			320	587
			320	586
			320	585
			321	584
			321	583
			321	582
			322	582
			322	581
			322	580
			323	579
			323	578
			323	577
			324	576
			324	575
			324	574
			325	573
			326	572
			326	571
			327	570
			327	569
			327	568
			328	568
			328	567
			328	566
			329	566
			329	565
			330	564
			330	563
			331	562
			331	561
			332	560
			332	559
			333	559
			333	558
			334	557
			335	556
			335	555
			336	554
			336	553
			337	553
			338	552
			338	551
			339	550
			339	549
			340	548
			341	548
			341	547
			342	546
			343	545
			344	544
			345	543
			346	542
			347	541
			347	540
			348	539
			349	538
			350	537
			351	536
			352	536
			353	535
			354	534
			355	533
			356	532
			357	531
			358	530
			359	530
			360	529
			361	528
			362	527
			363	526
			364	525
			365	525
			366	524
			367	523
			368	522
			369	521
			370	521
			371	521
			371	520
			372	520
			373	519
			374	519
			374	518
			375	518
			376	517
			377	516
			378	516
			379	515
			380	514
			381	514
			382	513
			383	513
			384	512
			385	512
			386	511
			387	511
			388	510
			389	509
			390	509
			391	509
			391	508
			392	508
			393	508
			393	507
			394	507
			395	507
			396	506
			397	506
			398	505
			399	505
			400	504
			401	504
			402	503
			403	503
			404	503
			405	502
			406	501
			407	501
			408	501
			409	500
			410	500
			411	499
			412	499
			413	499
			414	498
			415	498
			416	497
			417	497
			418	497
			419	496
			420	496
			421	496
			422	495
			423	495
			424	495
			425	494
			426	494
			427	494
			428	493
			429	493
			429	492
			430	492
			431	492
			432	491
			433	491
			434	490
			435	490
			436	489
			437	489
			438	489
			439	488
			440	488
			441	487
			442	487
			443	487
			444	486
			445	486
			446	485
			447	485
			448	485
			449	485
			449	484
			450	484
			451	484
			452	483
			453	483
			454	483
			455	482
			456	482
			457	482
			458	481
			459	481
			460	481
			461	480
			462	480
			463	480
			464	479
			465	479
			466	479
			467	479
			468	478
			469	478
			470	478
			471	477
			472	477
			473	477
			474	477
			475	476
			476	476
			477	476
			478	476
			479	475
			480	475
			481	475
			482	475
			483	474
			484	474
			485	474
			486	474
			487	473
			488	473
			489	473
			490	473
			491	473
			492	472
			493	472
			494	472
			495	472
			496	471
			497	471
			498	471
			499	471
			500	471
			501	470
			502	470
			503	470
			504	470
			505	470
			506	469
			507	469
			508	469
			509	469
			510	469
			511	468
			512	468
			513	468
			514	468
			515	468
			516	467
			517	467
			518	467
			519	467
			520	467
			521	467
			522	466
			523	466
			524	466
			525	466
			526	466
			527	466
			528	465
			529	465
			530	465
			531	465
			532	465
			533	465
			534	465
			535	464
			536	464
			537	464
			538	464
			539	464
			540	464
			541	464
			542	463
			543	463
			544	463
			545	463
			546	463
			547	463
			548	463
			549	462
			550	462
			551	462
			552	462
			553	462
			554	462
			555	462
			556	461
			557	461
			558	461
			559	461
			560	461
			561	461
			562	461
			563	461
			564	461
			565	460
			566	460
			567	460
			568	460
			569	460
			570	460
			571	460
			572	460
			573	460
			574	460
			575	459
			576	459
			577	459
			578	459
			579	459
			580	459
			581	459
			582	459
			583	459
			584	459
			585	458
			586	458
			587	458
			588	458
			589	458
			590	458
			591	458
			592	458
			593	458
			594	458
			595	458
			596	458
			597	457
			598	457
			599	457
			600	457
			601	457
			602	457
			603	457
			604	457
			605	457
			606	457
			607	457
			608	457
			609	457
			610	457
			610	456
			611	456
			612	456
			613	456
			614	456
			615	456
			616	456
			617	456
			618	456
			619	456
			620	456
			621	456
			622	456
			623	456
			624	456
			625	456
			626	456
			627	455
			628	455
			629	455
			630	455
			631	455
			632	455
			633	455
			634	455
			635	455
			636	455
			637	455
			638	455
			639	455
			640	455
			641	455
			642	455
			643	455
			644	455
			645	455
			646	454
			647	454
			648	454
			649	454
			650	454
			651	454
			652	454
			653	454
			654	454
			655	454
			656	454
			657	454
			658	454
			659	454
			660	454
			661	454
			662	454
			663	454
			664	454
			665	454
			666	454
			667	454
			668	454
			669	454
			670	454
			671	454
			672	454
			673	454
			674	454
			675	454
			676	454
			677	453
			678	453
			679	453
			680	453
			681	453
			682	453
			683	453
			684	453
			685	453
			686	453
			687	453
			688	453
			689	453
			690	453
			691	453
			692	453
			693	453
			694	453
			695	453
			696	453
			697	453
			698	453
			699	453
			700	453
			701	453
			702	453
			703	453
			704	453
			705	453
			706	453
			707	453
			708	453
			709	453
			710	453
			711	453
			712	453
			713	453
			714	453
			715	453
			716	453
			717	453
			718	453
			719	453
			720	453
			721	453
			722	453
			723	453
			724	453
			725	453
			726	453
			727	453
			728	453
			729	453
			730	453
			731	453
			732	453
			733	453
			734	453
			735	453
			736	453
			737	453
			738	453
			739	453
			740	453
			741	453
			742	453
			743	453
			744	453
			745	453
			746	453
			747	453
			748	453
			749	453
			750	453
			751	453
			752	453
			753	453
			754	453
			755	453
			756	453
			757	453
			758	453
			759	453
			760	453
			761	453
			762	453
			763	453
			764	453
			765	453
			766	453
			767	453
			768	453
			769	453
			770	453
			771	453
			772	453
			773	453
			774	453
			775	453
			776	453
			777	453
			778	453
			779	453
			780	453
			781	453
			782	453
			783	453
			784	453
			785	453
			786	453
			787	453
			788	453
			789	453
			790	453
			791	453
			792	453
			793	453
			794	453
			795	453
			796	453
			797	453
			798	453
			799	453
			800	453
			801	453
			802	453
			803	453
			804	453
			805	453
			806	453
			807	453
			808	453
			809	453
			810	453
			811	453
			812	453
			813	453
			814	453
			815	453
			816	453
			817	453
			818	453
			819	453
			820	453
			821	453
			822	453
			823	453
			824	453
			825	453
			826	453
			827	453
			828	453
			829	453
			830	453
			831	453
			832	453
			833	453
			834	453
			835	453
			836	453
			837	453
			838	453
			839	453
			840	453
			841	453
			842	453
			843	453
			844	453
			845	453
			846	453
			847	453
			848	453
			849	453
			850	453
			851	453
			852	453
			853	453
			854	453
			855	453
			856	453
			857	453
			858	453
			859	453
			860	453
			861	453
			862	453
			863	453
			864	453
			865	453
			866	453
			867	453
			868	453
			869	453
			870	453
			871	453
			872	453
			873	453
			874	453
			875	453
			876	453
			877	453
			878	453
			879	453
			880	453
			881	453
			882	453
			883	453
			884	453
			885	453
			886	453
			887	453
			888	453
			889	453
			890	453
		</Snout_dorsal>
		<Dorsal_adipose type=matrix rownames=FALSE colnames=FALSE nrow=401 ncol=2 as.numeric=TRUE >
			890	453
			891	453
			892	454
			893	454
			894	455
			895	455
			896	455
			897	456
			898	456
			899	456
			900	457
			901	457
			902	457
			903	458
			904	458
			905	458
			906	459
			907	459
			908	459
			909	460
			910	460
			911	460
			912	461
			913	461
			914	461
			915	462
			916	462
			917	462
			918	463
			919	463
			920	463
			921	464
			922	464
			923	464
			924	465
			925	465
			926	465
			927	466
			928	466
			929	467
			930	467
			931	467
			932	467
			932	468
			933	468
			934	468
			935	469
			936	469
			937	469
			938	469
			939	470
			940	470
			941	470
			941	471
			942	471
			943	471
			944	471
			945	472
			946	472
			947	472
			948	473
			949	473
			950	473
			951	473
			951	474
			952	474
			953	474
			954	475
			955	475
			956	475
			957	475
			958	476
			959	476
			960	476
			961	477
			962	477
			963	477
			964	477
			965	478
			966	478
			967	478
			968	479
			969	479
			970	479
			971	480
			972	480
			973	480
			974	481
			975	481
			976	481
			977	481
			978	482
			979	482
			980	482
			981	483
			982	483
			983	483
			984	484
			985	484
			986	484
			987	484
			988	485
			989	485
			990	485
			991	486
			992	486
			993	486
			994	486
			995	487
			996	487
			997	487
			998	487
			999	488
			1000	488
			1001	488
			1002	489
			1003	489
			1004	489
			1005	489
			1006	490
			1007	490
			1008	490
			1009	491
			1010	491
			1011	491
			1012	491
			1013	492
			1014	492
			1015	492
			1016	493
			1017	493
			1018	493
			1019	493
			1020	494
			1021	494
			1022	494
			1023	494
			1024	495
			1025	495
			1026	495
			1027	495
			1028	496
			1029	496
			1030	496
			1031	497
			1032	497
			1033	497
			1034	497
			1035	498
			1036	498
			1037	498
			1038	498
			1039	499
			1040	499
			1041	499
			1042	500
			1043	500
			1044	500
			1045	500
			1046	500
			1046	501
			1047	501
			1048	501
			1049	501
			1050	502
			1051	502
			1052	502
			1053	502
			1054	502
			1054	503
			1055	503
			1056	503
			1057	503
			1058	504
			1059	504
			1060	504
			1061	504
			1062	505
			1063	505
			1064	505
			1065	505
			1066	505
			1066	506
			1067	506
			1068	506
			1069	506
			1070	507
			1071	507
			1072	507
			1073	507
			1074	508
			1075	508
			1076	508
			1077	508
			1078	509
			1079	509
			1080	509
			1081	509
			1082	509
			1082	510
			1083	510
			1084	510
			1085	510
			1086	511
			1087	511
			1088	511
			1089	511
			1090	512
			1091	512
			1092	512
			1093	512
			1094	512
			1095	513
			1096	513
			1097	513
			1098	513
			1099	514
			1100	514
			1101	514
			1102	514
			1103	515
			1104	515
			1105	515
			1106	515
			1107	516
			1108	516
			1109	516
			1110	516
			1111	516
			1112	517
			1113	517
			1114	517
			1115	517
			1116	518
			1117	518
			1118	518
			1119	518
			1120	519
			1121	519
			1122	519
			1123	519
			1124	519
			1125	519
			1126	520
			1127	520
			1128	520
			1129	520
			1130	520
			1131	520
			1132	521
			1133	521
			1134	521
			1135	521
			1136	521
			1137	521
			1138	522
			1139	522
			1140	522
			1141	522
			1142	522
			1143	522
			1144	522
			1145	523
			1146	523
			1147	523
			1148	523
			1149	523
			1150	523
			1151	523
			1152	524
			1153	524
			1154	524
			1155	524
			1156	524
			1157	524
			1158	524
			1159	525
			1160	525
			1161	525
			1162	525
			1163	525
			1164	525
			1165	525
			1166	525
			1167	526
			1168	526
			1169	526
			1170	526
			1171	526
			1172	526
			1173	526
			1174	526
			1175	527
			1176	527
			1177	527
			1178	527
			1179	527
			1180	527
			1181	527
			1182	527
			1183	528
			1184	528
			1185	528
			1186	528
			1187	528
			1188	528
			1189	528
			1190	528
			1191	528
			1192	528
			1193	529
			1194	529
			1195	529
			1196	529
			1197	529
			1198	529
			1199	529
			1200	529
			1201	529
			1202	529
			1203	530
			1204	530
			1205	530
			1206	530
			1207	530
			1208	530
			1209	530
			1210	530
			1211	530
			1212	530
			1213	530
			1214	531
			1215	531
			1216	531
			1217	531
			1218	531
			1219	531
			1220	531
			1221	531
			1222	531
			1223	531
			1224	531
			1225	531
			1226	531
			1227	531
			1228	532
			1229	532
			1230	532
			1231	532
			1232	532
			1233	532
			1234	532
			1235	532
			1236	532
			1237	532
			1238	532
			1239	532
			1240	532
			1241	532
			1242	532
			1243	532
			1244	533
			1245	533
			1246	533
			1247	533
			1248	533
			1249	533
			1250	533
			1251	533
			1252	533
			1253	533
			1254	533
			1255	533
			1256	533
			1257	533
			1258	533
			1259	533
			1260	533
			1261	533
			1262	533
			1263	533
			1264	533
			1265	533
			1266	534
			1267	534
			1268	534
			1269	534
			1270	534
			1271	534
			1272	534
			1273	534
			1274	534
			1275	534
			1276	534
			1277	534
			1278	534
			1279	534
			1280	534
			1281	534
			1282	534
			1283	534
		</Dorsal_adipose>
		<Adipose_caudal type=matrix rownames=FALSE colnames=FALSE nrow=209 ncol=2 as.numeric=TRUE >
			1283	534
			1284	534
			1285	534
			1286	534
			1287	534
			1288	534
			1289	534
			1290	535
			1291	535
			1292	535
			1293	535
			1294	535
			1295	536
			1296	536
			1297	536
			1298	537
			1299	537
			1300	537
			1301	538
			1302	538
			1303	538
			1304	539
			1305	539
			1305	540
			1306	540
			1307	541
			1308	541
			1309	542
			1310	543
			1311	543
			1312	544
			1313	545
			1314	546
			1315	546
			1315	547
			1316	548
			1317	549
			1318	550
			1318	551
			1319	552
			1320	553
			1321	554
			1321	555
			1322	556
			1322	557
			1323	558
			1324	558
			1325	558
			1326	558
			1327	559
			1328	559
			1329	559
			1330	559
			1331	559
			1332	559
			1333	559
			1333	560
			1334	560
			1335	560
			1336	560
			1337	560
			1338	560
			1339	560
			1340	560
			1340	561
			1341	561
			1342	561
			1343	561
			1344	561
			1345	561
			1346	561
			1347	562
			1348	562
			1349	562
			1350	562
			1351	562
			1352	562
			1353	562
			1354	562
			1355	563
			1356	563
			1357	563
			1358	563
			1359	563
			1360	563
			1361	563
			1362	563
			1363	564
			1364	564
			1365	564
			1366	564
			1367	564
			1368	564
			1369	564
			1370	564
			1371	564
			1372	565
			1373	565
			1374	565
			1375	565
			1376	565
			1377	565
			1378	565
			1379	565
			1380	566
			1381	566
			1382	566
			1383	566
			1384	566
			1385	566
			1386	566
			1387	566
			1388	566
			1389	566
			1390	566
			1391	567
			1392	567
			1393	567
			1394	567
			1395	567
			1396	567
			1397	567
			1398	567
			1399	567
			1400	567
			1401	567
			1402	567
			1403	568
			1404	568
			1405	568
			1406	568
			1407	568
			1408	568
			1409	568
			1410	568
			1411	568
			1412	568
			1413	568
			1414	568
			1415	568
			1416	568
			1417	568
			1418	568
			1419	568
			1420	569
			1421	569
			1422	569
			1423	569
			1424	569
			1425	569
			1426	569
			1427	569
			1428	569
			1429	569
			1430	569
			1431	569
			1432	569
			1433	569
			1434	569
			1435	569
			1436	569
			1437	569
			1438	569
			1439	569
			1440	569
			1441	569
			1442	569
			1443	568
			1444	568
			1445	568
			1446	568
			1447	568
			1448	568
			1449	567
			1450	567
			1451	567
			1452	567
			1453	567
			1454	567
			1455	567
			1456	566
			1457	566
			1458	566
			1459	566
			1460	566
			1461	566
			1462	566
			1463	566
			1464	566
			1465	565
			1466	565
			1467	565
			1468	565
			1469	565
			1470	565
			1471	565
			1472	565
			1473	565
			1474	565
			1475	565
			1476	565
			1477	566
			1478	566
			1479	566
			1480	566
			1481	566
			1482	567
			1483	567
			1484	568
		</Adipose_caudal>
		<Caudal_anal type=matrix rownames=FALSE colnames=FALSE nrow=373 ncol=2 as.numeric=TRUE >
			1477	706
			1476	706
			1475	706
			1474	706
			1473	706
			1472	706
			1471	706
			1470	706
			1469	706
			1468	706
			1467	705
			1466	705
			1465	705
			1464	705
			1463	705
			1462	705
			1461	705
			1460	705
			1459	705
			1458	704
			1457	704
			1456	704
			1455	704
			1454	704
			1453	704
			1452	704
			1451	703
			1450	703
			1449	703
			1448	703
			1447	703
			1446	703
			1445	703
			1444	703
			1443	702
			1442	702
			1441	702
			1440	702
			1439	702
			1438	702
			1437	701
			1436	701
			1435	701
			1434	701
			1433	701
			1432	701
			1431	701
			1430	700
			1429	700
			1428	700
			1427	700
			1426	700
			1425	700
			1424	700
			1423	700
			1422	700
			1421	700
			1420	700
			1419	700
			1418	700
			1417	700
			1416	700
			1415	700
			1414	700
			1413	700
			1412	700
			1411	700
			1410	700
			1409	700
			1408	700
			1407	700
			1406	700
			1405	700
			1404	700
			1403	700
			1402	700
			1401	700
			1400	700
			1399	700
			1398	700
			1397	700
			1396	700
			1395	700
			1394	700
			1393	700
			1392	700
			1391	700
			1390	700
			1389	700
			1388	700
			1387	700
			1386	700
			1385	700
			1384	700
			1383	700
			1382	700
			1381	700
			1380	700
			1379	700
			1378	700
			1377	700
			1376	700
			1375	700
			1374	700
			1373	700
			1372	700
			1371	700
			1370	700
			1369	700
			1368	700
			1367	700
			1366	700
			1365	700
			1364	701
			1363	701
			1362	701
			1361	701
			1360	701
			1359	701
			1358	701
			1357	701
			1356	701
			1355	701
			1354	701
			1353	701
			1352	701
			1351	701
			1350	701
			1349	701
			1348	701
			1347	701
			1346	701
			1345	701
			1344	702
			1343	702
			1342	702
			1341	702
			1340	702
			1339	702
			1338	702
			1337	702
			1336	702
			1335	702
			1334	702
			1333	702
			1332	702
			1331	702
			1330	702
			1329	703
			1328	703
			1327	703
			1326	703
			1325	703
			1324	703
			1323	703
			1322	703
			1321	703
			1320	703
			1319	703
			1318	703
			1317	703
			1316	704
			1315	704
			1314	704
			1313	704
			1312	704
			1311	704
			1310	704
			1309	704
			1308	704
			1307	704
			1306	704
			1305	704
			1304	705
			1303	705
			1302	705
			1301	705
			1300	705
			1299	705
			1298	705
			1297	705
			1296	705
			1295	705
			1294	705
			1293	706
			1292	706
			1291	706
			1290	706
			1289	706
			1288	706
			1287	706
			1286	707
			1285	707
			1284	707
			1283	707
			1282	708
			1281	708
			1280	708
			1279	708
			1278	709
			1277	709
			1276	709
			1275	709
			1274	709
			1273	710
			1272	710
			1271	710
			1270	710
			1269	711
			1268	711
			1267	711
			1266	711
			1265	711
			1264	711
			1263	712
			1262	712
			1261	712
			1260	712
			1259	712
			1258	712
			1257	713
			1256	713
			1255	713
			1254	713
			1253	713
			1252	713
			1251	714
			1250	714
			1249	714
			1248	714
			1247	714
			1246	714
			1245	714
			1244	715
			1243	715
			1242	715
			1241	715
			1240	715
			1239	715
			1238	715
			1237	715
			1236	715
			1235	715
			1234	715
			1234	716
			1233	716
			1232	716
			1231	716
			1230	716
			1229	716
			1228	716
			1227	716
			1226	716
			1225	716
			1224	716
			1223	716
			1222	716
			1221	716
			1221	717
			1220	717
			1219	717
			1218	717
			1217	717
			1216	717
			1215	717
			1214	717
			1213	717
			1212	717
			1211	717
			1210	717
			1209	717
			1208	717
			1207	717
			1206	717
			1205	717
			1204	717
			1203	717
			1202	718
			1201	718
			1200	718
			1199	718
			1198	718
			1197	718
			1196	718
			1195	718
			1194	718
			1193	718
			1192	719
			1191	719
			1190	719
			1189	719
			1188	719
			1187	719
			1186	719
			1185	719
			1184	719
			1183	719
			1183	720
			1182	720
			1181	720
			1180	720
			1179	720
			1178	720
			1177	720
			1176	720
			1175	720
			1174	721
			1173	721
			1172	721
			1171	721
			1170	721
			1169	721
			1168	721
			1167	722
			1166	722
			1165	722
			1164	722
			1163	722
			1162	722
			1161	722
			1160	723
			1159	723
			1158	723
			1157	723
			1156	723
			1155	723
			1154	723
			1153	724
			1152	724
			1151	724
			1150	724
			1149	724
			1148	724
			1147	725
			1146	725
			1145	725
			1144	725
			1143	725
			1142	725
			1142	726
			1141	726
			1140	726
			1139	726
			1138	726
			1137	727
			1136	727
			1135	727
			1134	727
			1133	727
			1132	727
			1131	728
			1130	728
			1129	728
			1128	728
			1127	729
			1126	729
			1125	729
			1124	729
			1123	730
			1122	730
			1121	730
			1120	730
			1119	730
			1118	731
			1117	731
			1116	731
			1115	731
			1114	732
			1113	732
			1112	732
			1111	732
			1110	733
			1109	733
		</Caudal_anal>
	</curves.pixel>
	<curves.scaled type=list>
		<Snout_dorsal type=matrix rownames=FALSE colnames=FALSE nrow=646 ncol=2 as.numeric=TRUE >
			12.9129571130205	-25.8670382932798
			12.9129571130205	-25.8259142260409
			12.9129571130205	-25.784790158802
			12.9129571130205	-25.7436660915631
			12.9129571130205	-25.7025420243242
			12.9129571130205	-25.6614179570852
			12.9129571130205	-25.6202938898463
			12.9129571130205	-25.5791698226074
			12.9129571130205	-25.5380457553685
			12.9129571130205	-25.4969216881296
			12.9129571130205	-25.4557976208907
			12.9129571130205	-25.4146735536517
			12.9129571130205	-25.3735494864128
			12.9129571130205	-25.3324254191739
			12.9129571130205	-25.291301351935
			12.9540811802594	-25.2501772846961
			12.9540811802594	-25.2090532174571
			12.9540811802594	-25.1679291502182
			12.9540811802594	-25.1268050829793
			12.9540811802594	-25.0856810157404
			12.9540811802594	-25.0445569485015
			12.9540811802594	-25.0034328812626
			12.9540811802594	-24.9623088140236
			12.9540811802594	-24.9211847467847
			12.9952052474983	-24.8800606795458
			12.9952052474983	-24.8389366123069
			12.9952052474983	-24.797812545068
			12.9952052474983	-24.756688477829
			12.9952052474983	-24.7155644105901
			13.0363293147372	-24.6744403433512
			13.0363293147372	-24.6333162761123
			13.0363293147372	-24.5921922088734
			13.0363293147372	-24.5510681416344
			13.0363293147372	-24.5099440743955
			13.0774533819761	-24.4688200071566
			13.0774533819761	-24.4276959399177
			13.0774533819761	-24.3865718726788
			13.0774533819761	-24.3454478054399
			13.1185774492151	-24.3043237382009
			13.1185774492151	-24.263199670962
			13.1185774492151	-24.2220756037231
			13.1185774492151	-24.1809515364842
			13.159701516454	-24.1398274692453
			13.159701516454	-24.0987034020063
			13.159701516454	-24.0575793347674
			13.2008255836929	-24.0164552675285
			13.2008255836929	-23.9753312002896
			13.2008255836929	-23.9342071330507
			13.2419496509318	-23.9342071330507
			13.2419496509318	-23.8930830658117
			13.2419496509318	-23.8519589985728
			13.2830737181707	-23.8108349313339
			13.2830737181707	-23.769710864095
			13.2830737181707	-23.7285867968561
			13.3241977854096	-23.6874627296172
			13.3241977854096	-23.6463386623782
			13.3241977854096	-23.6052145951393
			13.3653218526486	-23.5640905279004
			13.4064459198875	-23.5229664606615
			13.4064459198875	-23.4818423934226
			13.4475699871264	-23.4407183261836
			13.4475699871264	-23.3995942589447
			13.4475699871264	-23.3584701917058
			13.4886940543653	-23.3584701917058
			13.4886940543653	-23.3173461244669
			13.4886940543653	-23.276222057228
			13.5298181216042	-23.276222057228
			13.5298181216042	-23.235097989989
			13.5709421888432	-23.1939739227501
			13.5709421888432	-23.1528498555112
			13.6120662560821	-23.1117257882723
			13.6120662560821	-23.0706017210334
			13.653190323321	-23.0294776537945
			13.653190323321	-22.9883535865555
			13.6943143905599	-22.9883535865555
			13.6943143905599	-22.9472295193166
			13.7354384577988	-22.9061054520777
			13.7765625250378	-22.8649813848388
			13.7765625250378	-22.8238573175999
			13.8176865922767	-22.7827332503609
			13.8176865922767	-22.741609183122
			13.8588106595156	-22.741609183122
			13.8999347267545	-22.7004851158831
			13.8999347267545	-22.6593610486442
			13.9410587939934	-22.6182369814053
			13.9410587939934	-22.5771129141663
			13.9821828612323	-22.5359888469274
			14.0233069284713	-22.5359888469274
			14.0233069284713	-22.4948647796885
			14.0644309957102	-22.4537407124496
			14.1055550629491	-22.4126166452107
			14.146679130188	-22.3714925779718
			14.1878031974269	-22.3303685107328
			14.2289272646659	-22.2892444434939
			14.2700513319048	-22.248120376255
			14.2700513319048	-22.2069963090161
			14.3111753991437	-22.1658722417772
			14.3522994663826	-22.1247481745382
			14.3934235336215	-22.0836241072993
			14.4345476008605	-22.0425000400604
			14.4756716680994	-22.0425000400604
			14.5167957353383	-22.0013759728215
			14.5579198025772	-21.9602519055826
			14.5990438698161	-21.9191278383437
			14.640167937055	-21.8780037711047
			14.681292004294	-21.8368797038658
			14.7224160715329	-21.7957556366269
			14.7635401387718	-21.7957556366269
			14.8046642060107	-21.754631569388
			14.8457882732496	-21.7135075021491
			14.8869123404886	-21.6723834349101
			14.9280364077275	-21.6312593676712
			14.9691604749664	-21.5901353004323
			15.0102845422053	-21.5901353004323
			15.0514086094442	-21.5490112331934
			15.0925326766832	-21.5078871659545
			15.1336567439221	-21.4667630987155
			15.174780811161	-21.4256390314766
			15.2159048783999	-21.4256390314766
			15.2570289456388	-21.4256390314766
			15.2570289456388	-21.3845149642377
			15.2981530128777	-21.3845149642377
			15.3392770801167	-21.3433908969988
			15.3804011473556	-21.3433908969988
			15.3804011473556	-21.3022668297599
			15.4215252145945	-21.3022668297599
			15.4626492818334	-21.261142762521
			15.5037733490723	-21.220018695282
			15.5448974163113	-21.220018695282
			15.5860214835502	-21.1788946280431
			15.6271455507891	-21.1377705608042
			15.668269618028	-21.1377705608042
			15.7093936852669	-21.0966464935653
			15.7505177525058	-21.0966464935653
			15.7916418197448	-21.0555224263264
			15.8327658869837	-21.0555224263264
			15.8738899542226	-21.0143983590874
			15.9150140214615	-21.0143983590874
			15.9561380887004	-20.9732742918485
			15.9972621559394	-20.9321502246096
			16.0383862231783	-20.9321502246096
			16.0795102904172	-20.9321502246096
			16.0795102904172	-20.8910261573707
			16.1206343576561	-20.8910261573707
			16.161758424895	-20.8910261573707
			16.161758424895	-20.8499020901318
			16.202882492134	-20.8499020901318
			16.2440065593729	-20.8499020901318
			16.2851306266118	-20.8087780228928
			16.3262546938507	-20.8087780228928
			16.3673787610896	-20.7676539556539
			16.4085028283286	-20.7676539556539
			16.4496268955675	-20.726529888415
			16.4907509628064	-20.726529888415
			16.5318750300453	-20.6854058211761
			16.5729990972842	-20.6854058211761
			16.6141231645231	-20.6854058211761
			16.6552472317621	-20.6442817539372
			16.696371299001	-20.6031576866983
			16.7374953662399	-20.6031576866983
			16.7786194334788	-20.6031576866983
			16.8197435007177	-20.5620336194593
			16.8608675679567	-20.5620336194593
			16.9019916351956	-20.5209095522204
			16.9431157024345	-20.5209095522204
			16.9842397696734	-20.5209095522204
			17.0253638369123	-20.4797854849815
			17.0664879041512	-20.4797854849815
			17.1076119713902	-20.4386614177426
			17.1487360386291	-20.4386614177426
			17.189860105868	-20.4386614177426
			17.2309841731069	-20.3975373505037
			17.2721082403458	-20.3975373505037
			17.3132323075848	-20.3975373505037
			17.3543563748237	-20.3564132832647
			17.3954804420626	-20.3564132832647
			17.4366045093015	-20.3564132832647
			17.4777285765404	-20.3152892160258
			17.5188526437794	-20.3152892160258
			17.5599767110183	-20.3152892160258
			17.6011007782572	-20.2741651487869
			17.6422248454961	-20.2741651487869
			17.6422248454961	-20.233041081548
			17.683348912735	-20.233041081548
			17.7244729799739	-20.233041081548
			17.7655970472129	-20.1919170143091
			17.8067211144518	-20.1919170143091
			17.8478451816907	-20.1507929470701
			17.8889692489296	-20.1507929470701
			17.9300933161685	-20.1096688798312
			17.9712173834075	-20.1096688798312
			18.0123414506464	-20.1096688798312
			18.0534655178853	-20.0685448125923
			18.0945895851242	-20.0685448125923
			18.1357136523631	-20.0274207453534
			18.1768377196021	-20.0274207453534
			18.217961786841	-20.0274207453534
			18.2590858540799	-19.9862966781145
			18.3002099213188	-19.9862966781145
			18.3413339885577	-19.9451726108756
			18.3824580557966	-19.9451726108756
			18.4235821230356	-19.9451726108756
			18.4647061902745	-19.9451726108756
			18.4647061902745	-19.9040485436366
			18.5058302575134	-19.9040485436366
			18.5469543247523	-19.9040485436366
			18.5880783919912	-19.8629244763977
			18.6292024592302	-19.8629244763977
			18.6703265264691	-19.8629244763977
			18.711450593708	-19.8218004091588
			18.7525746609469	-19.8218004091588
			18.7936987281858	-19.8218004091588
			18.8348227954247	-19.7806763419199
			18.8759468626637	-19.7806763419199
			18.9170709299026	-19.7806763419199
			18.9581949971415	-19.739552274681
			18.9993190643804	-19.739552274681
			19.0404431316193	-19.739552274681
			19.0815671988583	-19.698428207442
			19.1226912660972	-19.698428207442
			19.1638153333361	-19.698428207442
			19.204939400575	-19.698428207442
			19.2460634678139	-19.6573041402031
			19.2871875350529	-19.6573041402031
			19.3283116022918	-19.6573041402031
			19.3694356695307	-19.6161800729642
			19.4105597367696	-19.6161800729642
			19.4516838040085	-19.6161800729642
			19.4928078712475	-19.6161800729642
			19.5339319384864	-19.5750560057253
			19.5750560057253	-19.5750560057253
			19.6161800729642	-19.5750560057253
			19.6573041402031	-19.5750560057253
			19.698428207442	-19.5339319384864
			19.739552274681	-19.5339319384864
			19.7806763419199	-19.5339319384864
			19.8218004091588	-19.5339319384864
			19.8629244763977	-19.4928078712475
			19.9040485436366	-19.4928078712475
			19.9451726108756	-19.4928078712475
			19.9862966781145	-19.4928078712475
			20.0274207453534	-19.4516838040085
			20.0685448125923	-19.4516838040085
			20.1096688798312	-19.4516838040085
			20.1507929470701	-19.4516838040085
			20.1919170143091	-19.4516838040085
			20.233041081548	-19.4105597367696
			20.2741651487869	-19.4105597367696
			20.3152892160258	-19.4105597367696
			20.3564132832647	-19.4105597367696
			20.3975373505037	-19.3694356695307
			20.4386614177426	-19.3694356695307
			20.4797854849815	-19.3694356695307
			20.5209095522204	-19.3694356695307
			20.5620336194593	-19.3694356695307
			20.6031576866983	-19.3283116022918
			20.6442817539372	-19.3283116022918
			20.6854058211761	-19.3283116022918
			20.726529888415	-19.3283116022918
			20.7676539556539	-19.3283116022918
			20.8087780228928	-19.2871875350529
			20.8499020901318	-19.2871875350529
			20.8910261573707	-19.2871875350529
			20.9321502246096	-19.2871875350529
			20.9732742918485	-19.2871875350529
			21.0143983590874	-19.2460634678139
			21.0555224263264	-19.2460634678139
			21.0966464935653	-19.2460634678139
			21.1377705608042	-19.2460634678139
			21.1788946280431	-19.2460634678139
			21.220018695282	-19.204939400575
			21.261142762521	-19.204939400575
			21.3022668297599	-19.204939400575
			21.3433908969988	-19.204939400575
			21.3845149642377	-19.204939400575
			21.4256390314766	-19.204939400575
			21.4667630987155	-19.1638153333361
			21.5078871659545	-19.1638153333361
			21.5490112331934	-19.1638153333361
			21.5901353004323	-19.1638153333361
			21.6312593676712	-19.1638153333361
			21.6723834349101	-19.1638153333361
			21.7135075021491	-19.1226912660972
			21.754631569388	-19.1226912660972
			21.7957556366269	-19.1226912660972
			21.8368797038658	-19.1226912660972
			21.8780037711047	-19.1226912660972
			21.9191278383437	-19.1226912660972
			21.9602519055826	-19.1226912660972
			22.0013759728215	-19.0815671988583
			22.0425000400604	-19.0815671988583
			22.0836241072993	-19.0815671988583
			22.1247481745382	-19.0815671988583
			22.1658722417772	-19.0815671988583
			22.2069963090161	-19.0815671988583
			22.248120376255	-19.0815671988583
			22.2892444434939	-19.0404431316193
			22.3303685107328	-19.0404431316193
			22.3714925779718	-19.0404431316193
			22.4126166452107	-19.0404431316193
			22.4537407124496	-19.0404431316193
			22.4948647796885	-19.0404431316193
			22.5359888469274	-19.0404431316193
			22.5771129141663	-18.9993190643804
			22.6182369814053	-18.9993190643804
			22.6593610486442	-18.9993190643804
			22.7004851158831	-18.9993190643804
			22.741609183122	-18.9993190643804
			22.7827332503609	-18.9993190643804
			22.8238573175999	-18.9993190643804
			22.8649813848388	-18.9581949971415
			22.9061054520777	-18.9581949971415
			22.9472295193166	-18.9581949971415
			22.9883535865555	-18.9581949971415
			23.0294776537945	-18.9581949971415
			23.0706017210334	-18.9581949971415
			23.1117257882723	-18.9581949971415
			23.1528498555112	-18.9581949971415
			23.1939739227501	-18.9581949971415
			23.235097989989	-18.9170709299026
			23.276222057228	-18.9170709299026
			23.3173461244669	-18.9170709299026
			23.3584701917058	-18.9170709299026
			23.3995942589447	-18.9170709299026
			23.4407183261836	-18.9170709299026
			23.4818423934226	-18.9170709299026
			23.5229664606615	-18.9170709299026
			23.5640905279004	-18.9170709299026
			23.6052145951393	-18.9170709299026
			23.6463386623782	-18.8759468626637
			23.6874627296172	-18.8759468626637
			23.7285867968561	-18.8759468626637
			23.769710864095	-18.8759468626637
			23.8108349313339	-18.8759468626637
			23.8519589985728	-18.8759468626637
			23.8930830658117	-18.8759468626637
			23.9342071330507	-18.8759468626637
			23.9753312002896	-18.8759468626637
			24.0164552675285	-18.8759468626637
			24.0575793347674	-18.8348227954247
			24.0987034020063	-18.8348227954247
			24.1398274692453	-18.8348227954247
			24.1809515364842	-18.8348227954247
			24.2220756037231	-18.8348227954247
			24.263199670962	-18.8348227954247
			24.3043237382009	-18.8348227954247
			24.3454478054399	-18.8348227954247
			24.3865718726788	-18.8348227954247
			24.4276959399177	-18.8348227954247
			24.4688200071566	-18.8348227954247
			24.5099440743955	-18.8348227954247
			24.5510681416344	-18.7936987281858
			24.5921922088734	-18.7936987281858
			24.6333162761123	-18.7936987281858
			24.6744403433512	-18.7936987281858
			24.7155644105901	-18.7936987281858
			24.756688477829	-18.7936987281858
			24.797812545068	-18.7936987281858
			24.8389366123069	-18.7936987281858
			24.8800606795458	-18.7936987281858
			24.9211847467847	-18.7936987281858
			24.9623088140236	-18.7936987281858
			25.0034328812626	-18.7936987281858
			25.0445569485015	-18.7936987281858
			25.0856810157404	-18.7936987281858
			25.0856810157404	-18.7525746609469
			25.1268050829793	-18.7525746609469
			25.1679291502182	-18.7525746609469
			25.2090532174571	-18.7525746609469
			25.2501772846961	-18.7525746609469
			25.291301351935	-18.7525746609469
			25.3324254191739	-18.7525746609469
			25.3735494864128	-18.7525746609469
			25.4146735536517	-18.7525746609469
			25.4557976208907	-18.7525746609469
			25.4969216881296	-18.7525746609469
			25.5380457553685	-18.7525746609469
			25.5791698226074	-18.7525746609469
			25.6202938898463	-18.7525746609469
			25.6614179570852	-18.7525746609469
			25.7025420243242	-18.7525746609469
			25.7436660915631	-18.7525746609469
			25.784790158802	-18.711450593708
			25.8259142260409	-18.711450593708
			25.8670382932798	-18.711450593708
			25.9081623605188	-18.711450593708
			25.9492864277577	-18.711450593708
			25.9904104949966	-18.711450593708
			26.0315345622355	-18.711450593708
			26.0726586294744	-18.711450593708
			26.1137826967134	-18.711450593708
			26.1549067639523	-18.711450593708
			26.1960308311912	-18.711450593708
			26.2371548984301	-18.711450593708
			26.278278965669	-18.711450593708
			26.3194030329079	-18.711450593708
			26.3605271001469	-18.711450593708
			26.4016511673858	-18.711450593708
			26.4427752346247	-18.711450593708
			26.4838993018636	-18.711450593708
			26.5250233691025	-18.711450593708
			26.5661474363415	-18.6703265264691
			26.6072715035804	-18.6703265264691
			26.6483955708193	-18.6703265264691
			26.6895196380582	-18.6703265264691
			26.7306437052971	-18.6703265264691
			26.7717677725361	-18.6703265264691
			26.812891839775	-18.6703265264691
			26.8540159070139	-18.6703265264691
			26.8951399742528	-18.6703265264691
			26.9362640414917	-18.6703265264691
			26.9773881087306	-18.6703265264691
			27.0185121759696	-18.6703265264691
			27.0596362432085	-18.6703265264691
			27.1007603104474	-18.6703265264691
			27.1418843776863	-18.6703265264691
			27.1830084449252	-18.6703265264691
			27.2241325121642	-18.6703265264691
			27.2652565794031	-18.6703265264691
			27.306380646642	-18.6703265264691
			27.3475047138809	-18.6703265264691
			27.3886287811198	-18.6703265264691
			27.4297528483588	-18.6703265264691
			27.4708769155977	-18.6703265264691
			27.5120009828366	-18.6703265264691
			27.5531250500755	-18.6703265264691
			27.5942491173144	-18.6703265264691
			27.6353731845533	-18.6703265264691
			27.6764972517923	-18.6703265264691
			27.7176213190312	-18.6703265264691
			27.7587453862701	-18.6703265264691
			27.799869453509	-18.6703265264691
			27.8409935207479	-18.6292024592302
			27.8821175879869	-18.6292024592302
			27.9232416552258	-18.6292024592302
			27.9643657224647	-18.6292024592302
			28.0054897897036	-18.6292024592302
			28.0466138569425	-18.6292024592302
			28.0877379241815	-18.6292024592302
			28.1288619914204	-18.6292024592302
			28.1699860586593	-18.6292024592302
			28.2111101258982	-18.6292024592302
			28.2522341931371	-18.6292024592302
			28.293358260376	-18.6292024592302
			28.334482327615	-18.6292024592302
			28.3756063948539	-18.6292024592302
			28.4167304620928	-18.6292024592302
			28.4578545293317	-18.6292024592302
			28.4989785965706	-18.6292024592302
			28.5401026638096	-18.6292024592302
			28.5812267310485	-18.6292024592302
			28.6223507982874	-18.6292024592302
			28.6634748655263	-18.6292024592302
			28.7045989327652	-18.6292024592302
			28.7457230000042	-18.6292024592302
			28.7868470672431	-18.6292024592302
			28.827971134482	-18.6292024592302
			28.8690952017209	-18.6292024592302
			28.9102192689598	-18.6292024592302
			28.9513433361987	-18.6292024592302
			28.9924674034377	-18.6292024592302
			29.0335914706766	-18.6292024592302
			29.0747155379155	-18.6292024592302
			29.1158396051544	-18.6292024592302
			29.1569636723933	-18.6292024592302
			29.1980877396323	-18.6292024592302
			29.2392118068712	-18.6292024592302
			29.2803358741101	-18.6292024592302
			29.321459941349	-18.6292024592302
			29.3625840085879	-18.6292024592302
			29.4037080758268	-18.6292024592302
			29.4448321430658	-18.6292024592302
			29.4859562103047	-18.6292024592302
			29.5270802775436	-18.6292024592302
			29.5682043447825	-18.6292024592302
			29.6093284120214	-18.6292024592302
			29.6504524792604	-18.6292024592302
			29.6915765464993	-18.6292024592302
			29.7327006137382	-18.6292024592302
			29.7738246809771	-18.6292024592302
			29.814948748216	-18.6292024592302
			29.856072815455	-18.6292024592302
			29.8971968826939	-18.6292024592302
			29.9383209499328	-18.6292024592302
			29.9794450171717	-18.6292024592302
			30.0205690844106	-18.6292024592302
			30.0616931516495	-18.6292024592302
			30.1028172188885	-18.6292024592302
			30.1439412861274	-18.6292024592302
			30.1850653533663	-18.6292024592302
			30.2261894206052	-18.6292024592302
			30.2673134878441	-18.6292024592302
			30.3084375550831	-18.6292024592302
			30.349561622322	-18.6292024592302
			30.3906856895609	-18.6292024592302
			30.4318097567998	-18.6292024592302
			30.4729338240387	-18.6292024592302
			30.5140578912777	-18.6292024592302
			30.5551819585166	-18.6292024592302
			30.5963060257555	-18.6292024592302
			30.6374300929944	-18.6292024592302
			30.6785541602333	-18.6292024592302
			30.7196782274722	-18.6292024592302
			30.7608022947112	-18.6292024592302
			30.8019263619501	-18.6292024592302
			30.843050429189	-18.6292024592302
			30.8841744964279	-18.6292024592302
			30.9252985636668	-18.6292024592302
			30.9664226309058	-18.6292024592302
			31.0075466981447	-18.6292024592302
			31.0486707653836	-18.6292024592302
			31.0897948326225	-18.6292024592302
			31.1309188998614	-18.6292024592302
			31.1720429671004	-18.6292024592302
			31.2131670343393	-18.6292024592302
			31.2542911015782	-18.6292024592302
			31.2954151688171	-18.6292024592302
			31.336539236056	-18.6292024592302
			31.3776633032949	-18.6292024592302
			31.4187873705339	-18.6292024592302
			31.4599114377728	-18.6292024592302
			31.5010355050117	-18.6292024592302
			31.5421595722506	-18.6292024592302
			31.5832836394895	-18.6292024592302
			31.6244077067285	-18.6292024592302
			31.6655317739674	-18.6292024592302
			31.7066558412063	-18.6292024592302
			31.7477799084452	-18.6292024592302
			31.7889039756841	-18.6292024592302
			31.8300280429231	-18.6292024592302
			31.871152110162	-18.6292024592302
			31.9122761774009	-18.6292024592302
			31.9534002446398	-18.6292024592302
			31.9945243118787	-18.6292024592302
			32.0356483791176	-18.6292024592302
			32.0767724463566	-18.6292024592302
			32.1178965135955	-18.6292024592302
			32.1590205808344	-18.6292024592302
			32.2001446480733	-18.6292024592302
			32.2412687153122	-18.6292024592302
			32.2823927825512	-18.6292024592302
			32.3235168497901	-18.6292024592302
			32.364640917029	-18.6292024592302
			32.4057649842679	-18.6292024592302
			32.4468890515068	-18.6292024592302
			32.4880131187457	-18.6292024592302
			32.5291371859847	-18.6292024592302
			32.5702612532236	-18.6292024592302
			32.6113853204625	-18.6292024592302
			32.6525093877014	-18.6292024592302
			32.6936334549403	-18.6292024592302
			32.7347575221793	-18.6292024592302
			32.7758815894182	-18.6292024592302
			32.8170056566571	-18.6292024592302
			32.858129723896	-18.6292024592302
			32.8992537911349	-18.6292024592302
			32.9403778583739	-18.6292024592302
			32.9815019256128	-18.6292024592302
			33.0226259928517	-18.6292024592302
			33.0637500600906	-18.6292024592302
			33.1048741273295	-18.6292024592302
			33.1459981945684	-18.6292024592302
			33.1871222618074	-18.6292024592302
			33.2282463290463	-18.6292024592302
			33.2693703962852	-18.6292024592302
			33.3104944635241	-18.6292024592302
			33.351618530763	-18.6292024592302
			33.392742598002	-18.6292024592302
			33.4338666652409	-18.6292024592302
			33.4749907324798	-18.6292024592302
			33.5161147997187	-18.6292024592302
			33.5572388669576	-18.6292024592302
			33.5983629341966	-18.6292024592302
			33.6394870014355	-18.6292024592302
			33.6806110686744	-18.6292024592302
			33.7217351359133	-18.6292024592302
			33.7628592031522	-18.6292024592302
			33.8039832703912	-18.6292024592302
			33.8451073376301	-18.6292024592302
			33.886231404869	-18.6292024592302
			33.9273554721079	-18.6292024592302
			33.9684795393468	-18.6292024592302
			34.0096036065857	-18.6292024592302
			34.0507276738247	-18.6292024592302
			34.0918517410636	-18.6292024592302
			34.1329758083025	-18.6292024592302
			34.1740998755414	-18.6292024592302
			34.2152239427803	-18.6292024592302
			34.2563480100193	-18.6292024592302
			34.2974720772582	-18.6292024592302
			34.3385961444971	-18.6292024592302
			34.379720211736	-18.6292024592302
			34.4208442789749	-18.6292024592302
			34.4619683462138	-18.6292024592302
			34.5030924134528	-18.6292024592302
			34.5442164806917	-18.6292024592302
			34.5853405479306	-18.6292024592302
			34.6264646151695	-18.6292024592302
			34.6675886824084	-18.6292024592302
			34.7087127496474	-18.6292024592302
			34.7498368168863	-18.6292024592302
			34.7909608841252	-18.6292024592302
			34.8320849513641	-18.6292024592302
			34.873209018603	-18.6292024592302
			34.914333085842	-18.6292024592302
			34.9554571530809	-18.6292024592302
			34.9965812203198	-18.6292024592302
			35.0377052875587	-18.6292024592302
			35.0788293547976	-18.6292024592302
			35.1199534220365	-18.6292024592302
			35.1610774892755	-18.6292024592302
			35.2022015565144	-18.6292024592302
			35.2433256237533	-18.6292024592302
			35.2844496909922	-18.6292024592302
			35.3255737582311	-18.6292024592302
			35.3666978254701	-18.6292024592302
			35.407821892709	-18.6292024592302
			35.4489459599479	-18.6292024592302
			35.4900700271868	-18.6292024592302
			35.5311940944257	-18.6292024592302
			35.5723181616646	-18.6292024592302
			35.6134422289036	-18.6292024592302
			35.6545662961425	-18.6292024592302
			35.6956903633814	-18.6292024592302
			35.7368144306203	-18.6292024592302
			35.7779384978592	-18.6292024592302
			35.8190625650982	-18.6292024592302
			35.8601866323371	-18.6292024592302
			35.901310699576	-18.6292024592302
			35.9424347668149	-18.6292024592302
			35.9835588340538	-18.6292024592302
			36.0246829012928	-18.6292024592302
			36.0658069685317	-18.6292024592302
			36.1069310357706	-18.6292024592302
			36.1480551030095	-18.6292024592302
			36.1891791702484	-18.6292024592302
			36.2303032374873	-18.6292024592302
			36.2714273047263	-18.6292024592302
			36.3125513719652	-18.6292024592302
			36.3536754392041	-18.6292024592302
			36.394799506443	-18.6292024592302
			36.4359235736819	-18.6292024592302
			36.4770476409209	-18.6292024592302
			36.5181717081598	-18.6292024592302
			36.5592957753987	-18.6292024592302
			36.6004198426376	-18.6292024592302
		</Snout_dorsal>
		<Dorsal_adipose type=matrix rownames=FALSE colnames=FALSE nrow=401 ncol=2 as.numeric=TRUE >
			36.6004198426376	-18.6292024592302
			36.6415439098765	-18.6292024592302
			36.6826679771155	-18.6703265264691
			36.7237920443544	-18.6703265264691
			36.7649161115933	-18.711450593708
			36.8060401788322	-18.711450593708
			36.8471642460711	-18.711450593708
			36.88828831331	-18.7525746609469
			36.929412380549	-18.7525746609469
			36.9705364477879	-18.7525746609469
			37.0116605150268	-18.7936987281858
			37.0527845822657	-18.7936987281858
			37.0939086495046	-18.7936987281858
			37.1350327167436	-18.8348227954247
			37.1761567839825	-18.8348227954247
			37.2172808512214	-18.8348227954247
			37.2584049184603	-18.8759468626637
			37.2995289856992	-18.8759468626637
			37.3406530529382	-18.8759468626637
			37.3817771201771	-18.9170709299026
			37.422901187416	-18.9170709299026
			37.4640252546549	-18.9170709299026
			37.5051493218938	-18.9581949971415
			37.5462733891327	-18.9581949971415
			37.5873974563717	-18.9581949971415
			37.6285215236106	-18.9993190643804
			37.6696455908495	-18.9993190643804
			37.7107696580884	-18.9993190643804
			37.7518937253273	-19.0404431316193
			37.7930177925663	-19.0404431316193
			37.8341418598052	-19.0404431316193
			37.8752659270441	-19.0815671988583
			37.916389994283	-19.0815671988583
			37.9575140615219	-19.0815671988583
			37.9986381287609	-19.1226912660972
			38.0397621959998	-19.1226912660972
			38.0808862632387	-19.1226912660972
			38.1220103304776	-19.1638153333361
			38.1631343977165	-19.1638153333361
			38.2042584649554	-19.204939400575
			38.2453825321944	-19.204939400575
			38.2865065994333	-19.204939400575
			38.3276306666722	-19.204939400575
			38.3276306666722	-19.2460634678139
			38.3687547339111	-19.2460634678139
			38.40987880115	-19.2460634678139
			38.451002868389	-19.2871875350529
			38.4921269356279	-19.2871875350529
			38.5332510028668	-19.2871875350529
			38.5743750701057	-19.2871875350529
			38.6154991373446	-19.3283116022918
			38.6566232045835	-19.3283116022918
			38.6977472718225	-19.3283116022918
			38.6977472718225	-19.3694356695307
			38.7388713390614	-19.3694356695307
			38.7799954063003	-19.3694356695307
			38.8211194735392	-19.3694356695307
			38.8622435407781	-19.4105597367696
			38.9033676080171	-19.4105597367696
			38.944491675256	-19.4105597367696
			38.9856157424949	-19.4516838040085
			39.0267398097338	-19.4516838040085
			39.0678638769727	-19.4516838040085
			39.1089879442117	-19.4516838040085
			39.1089879442117	-19.4928078712475
			39.1501120114506	-19.4928078712475
			39.1912360786895	-19.4928078712475
			39.2323601459284	-19.5339319384864
			39.2734842131673	-19.5339319384864
			39.3146082804062	-19.5339319384864
			39.3557323476452	-19.5339319384864
			39.3968564148841	-19.5750560057253
			39.437980482123	-19.5750560057253
			39.4791045493619	-19.5750560057253
			39.5202286166008	-19.6161800729642
			39.5613526838398	-19.6161800729642
			39.6024767510787	-19.6161800729642
			39.6436008183176	-19.6161800729642
			39.6847248855565	-19.6573041402031
			39.7258489527954	-19.6573041402031
			39.7669730200344	-19.6573041402031
			39.8080970872733	-19.698428207442
			39.8492211545122	-19.698428207442
			39.8903452217511	-19.698428207442
			39.93146928899	-19.739552274681
			39.9725933562289	-19.739552274681
			40.0137174234679	-19.739552274681
			40.0548414907068	-19.7806763419199
			40.0959655579457	-19.7806763419199
			40.1370896251846	-19.7806763419199
			40.1782136924235	-19.7806763419199
			40.2193377596625	-19.8218004091588
			40.2604618269014	-19.8218004091588
			40.3015858941403	-19.8218004091588
			40.3427099613792	-19.8629244763977
			40.3838340286181	-19.8629244763977
			40.4249580958571	-19.8629244763977
			40.466082163096	-19.9040485436366
			40.5072062303349	-19.9040485436366
			40.5483302975738	-19.9040485436366
			40.5894543648127	-19.9040485436366
			40.6305784320516	-19.9451726108756
			40.6717024992906	-19.9451726108756
			40.7128265665295	-19.9451726108756
			40.7539506337684	-19.9862966781145
			40.7950747010073	-19.9862966781145
			40.8361987682462	-19.9862966781145
			40.8773228354852	-19.9862966781145
			40.9184469027241	-20.0274207453534
			40.959570969963	-20.0274207453534
			41.0006950372019	-20.0274207453534
			41.0418191044408	-20.0274207453534
			41.0829431716798	-20.0685448125923
			41.1240672389187	-20.0685448125923
			41.1651913061576	-20.0685448125923
			41.2063153733965	-20.1096688798312
			41.2474394406354	-20.1096688798312
			41.2885635078743	-20.1096688798312
			41.3296875751133	-20.1096688798312
			41.3708116423522	-20.1507929470701
			41.4119357095911	-20.1507929470701
			41.45305977683	-20.1507929470701
			41.4941838440689	-20.1919170143091
			41.5353079113079	-20.1919170143091
			41.5764319785468	-20.1919170143091
			41.6175560457857	-20.1919170143091
			41.6586801130246	-20.233041081548
			41.6998041802635	-20.233041081548
			41.7409282475025	-20.233041081548
			41.7820523147414	-20.2741651487869
			41.8231763819803	-20.2741651487869
			41.8643004492192	-20.2741651487869
			41.9054245164581	-20.2741651487869
			41.946548583697	-20.3152892160258
			41.987672650936	-20.3152892160258
			42.0287967181749	-20.3152892160258
			42.0699207854138	-20.3152892160258
			42.1110448526527	-20.3564132832647
			42.1521689198916	-20.3564132832647
			42.1932929871306	-20.3564132832647
			42.2344170543695	-20.3564132832647
			42.2755411216084	-20.3975373505037
			42.3166651888473	-20.3975373505037
			42.3577892560862	-20.3975373505037
			42.3989133233251	-20.4386614177426
			42.4400373905641	-20.4386614177426
			42.481161457803	-20.4386614177426
			42.5222855250419	-20.4386614177426
			42.5634095922808	-20.4797854849815
			42.6045336595197	-20.4797854849815
			42.6456577267587	-20.4797854849815
			42.6867817939976	-20.4797854849815
			42.7279058612365	-20.5209095522204
			42.7690299284754	-20.5209095522204
			42.8101539957143	-20.5209095522204
			42.8512780629533	-20.5620336194593
			42.8924021301922	-20.5620336194593
			42.9335261974311	-20.5620336194593
			42.97465026467	-20.5620336194593
			43.0157743319089	-20.5620336194593
			43.0157743319089	-20.6031576866983
			43.0568983991478	-20.6031576866983
			43.0980224663868	-20.6031576866983
			43.1391465336257	-20.6031576866983
			43.1802706008646	-20.6442817539372
			43.2213946681035	-20.6442817539372
			43.2625187353424	-20.6442817539372
			43.3036428025814	-20.6442817539372
			43.3447668698203	-20.6442817539372
			43.3447668698203	-20.6854058211761
			43.3858909370592	-20.6854058211761
			43.4270150042981	-20.6854058211761
			43.468139071537	-20.6854058211761
			43.5092631387759	-20.726529888415
			43.5503872060149	-20.726529888415
			43.5915112732538	-20.726529888415
			43.6326353404927	-20.726529888415
			43.6737594077316	-20.7676539556539
			43.7148834749705	-20.7676539556539
			43.7560075422095	-20.7676539556539
			43.7971316094484	-20.7676539556539
			43.8382556766873	-20.7676539556539
			43.8382556766873	-20.8087780228928
			43.8793797439262	-20.8087780228928
			43.9205038111651	-20.8087780228928
			43.9616278784041	-20.8087780228928
			44.002751945643	-20.8499020901318
			44.0438760128819	-20.8499020901318
			44.0850000801208	-20.8499020901318
			44.1261241473597	-20.8499020901318
			44.1672482145987	-20.8910261573707
			44.2083722818376	-20.8910261573707
			44.2494963490765	-20.8910261573707
			44.2906204163154	-20.8910261573707
			44.3317444835543	-20.9321502246096
			44.3728685507932	-20.9321502246096
			44.4139926180322	-20.9321502246096
			44.4551166852711	-20.9321502246096
			44.49624075251	-20.9321502246096
			44.49624075251	-20.9732742918485
			44.5373648197489	-20.9732742918485
			44.5784888869878	-20.9732742918485
			44.6196129542268	-20.9732742918485
			44.6607370214657	-21.0143983590874
			44.7018610887046	-21.0143983590874
			44.7429851559435	-21.0143983590874
			44.7841092231824	-21.0143983590874
			44.8252332904214	-21.0555224263264
			44.8663573576603	-21.0555224263264
			44.9074814248992	-21.0555224263264
			44.9486054921381	-21.0555224263264
			44.989729559377	-21.0555224263264
			45.0308536266159	-21.0966464935653
			45.0719776938549	-21.0966464935653
			45.1131017610938	-21.0966464935653
			45.1542258283327	-21.0966464935653
			45.1953498955716	-21.1377705608042
			45.2364739628105	-21.1377705608042
			45.2775980300495	-21.1377705608042
			45.3187220972884	-21.1377705608042
			45.3598461645273	-21.1788946280431
			45.4009702317662	-21.1788946280431
			45.4420942990051	-21.1788946280431
			45.483218366244	-21.1788946280431
			45.524342433483	-21.220018695282
			45.5654665007219	-21.220018695282
			45.6065905679608	-21.220018695282
			45.6477146351997	-21.220018695282
			45.6888387024386	-21.220018695282
			45.7299627696776	-21.261142762521
			45.7710868369165	-21.261142762521
			45.8122109041554	-21.261142762521
			45.8533349713943	-21.261142762521
			45.8944590386332	-21.3022668297599
			45.9355831058722	-21.3022668297599
			45.9767071731111	-21.3022668297599
			46.01783124035	-21.3022668297599
			46.0589553075889	-21.3433908969988
			46.1000793748278	-21.3433908969988
			46.1412034420667	-21.3433908969988
			46.1823275093057	-21.3433908969988
			46.2234515765446	-21.3433908969988
			46.2645756437835	-21.3433908969988
			46.3056997110224	-21.3845149642377
			46.3468237782613	-21.3845149642377
			46.3879478455003	-21.3845149642377
			46.4290719127392	-21.3845149642377
			46.4701959799781	-21.3845149642377
			46.511320047217	-21.3845149642377
			46.5524441144559	-21.4256390314766
			46.5935681816949	-21.4256390314766
			46.6346922489338	-21.4256390314766
			46.6758163161727	-21.4256390314766
			46.7169403834116	-21.4256390314766
			46.7580644506505	-21.4256390314766
			46.7991885178894	-21.4667630987155
			46.8403125851284	-21.4667630987155
			46.8814366523673	-21.4667630987155
			46.9225607196062	-21.4667630987155
			46.9636847868451	-21.4667630987155
			47.004808854084	-21.4667630987155
			47.045932921323	-21.4667630987155
			47.0870569885619	-21.5078871659545
			47.1281810558008	-21.5078871659545
			47.1693051230397	-21.5078871659545
			47.2104291902786	-21.5078871659545
			47.2515532575175	-21.5078871659545
			47.2926773247565	-21.5078871659545
			47.3338013919954	-21.5078871659545
			47.3749254592343	-21.5490112331934
			47.4160495264732	-21.5490112331934
			47.4571735937121	-21.5490112331934
			47.4982976609511	-21.5490112331934
			47.53942172819	-21.5490112331934
			47.5805457954289	-21.5490112331934
			47.6216698626678	-21.5490112331934
			47.6627939299067	-21.5901353004323
			47.7039179971457	-21.5901353004323
			47.7450420643846	-21.5901353004323
			47.7861661316235	-21.5901353004323
			47.8272901988624	-21.5901353004323
			47.8684142661013	-21.5901353004323
			47.9095383333403	-21.5901353004323
			47.9506624005792	-21.5901353004323
			47.9917864678181	-21.6312593676712
			48.032910535057	-21.6312593676712
			48.0740346022959	-21.6312593676712
			48.1151586695348	-21.6312593676712
			48.1562827367738	-21.6312593676712
			48.1974068040127	-21.6312593676712
			48.2385308712516	-21.6312593676712
			48.2796549384905	-21.6312593676712
			48.3207790057294	-21.6723834349101
			48.3619030729684	-21.6723834349101
			48.4030271402073	-21.6723834349101
			48.4441512074462	-21.6723834349101
			48.4852752746851	-21.6723834349101
			48.526399341924	-21.6723834349101
			48.567523409163	-21.6723834349101
			48.6086474764019	-21.6723834349101
			48.6497715436408	-21.7135075021491
			48.6908956108797	-21.7135075021491
			48.7320196781186	-21.7135075021491
			48.7731437453575	-21.7135075021491
			48.8142678125965	-21.7135075021491
			48.8553918798354	-21.7135075021491
			48.8965159470743	-21.7135075021491
			48.9376400143132	-21.7135075021491
			48.9787640815521	-21.7135075021491
			49.0198881487911	-21.7135075021491
			49.06101221603	-21.754631569388
			49.1021362832689	-21.754631569388
			49.1432603505078	-21.754631569388
			49.1843844177467	-21.754631569388
			49.2255084849856	-21.754631569388
			49.2666325522246	-21.754631569388
			49.3077566194635	-21.754631569388
			49.3488806867024	-21.754631569388
			49.3900047539413	-21.754631569388
			49.4311288211802	-21.754631569388
			49.4722528884192	-21.7957556366269
			49.5133769556581	-21.7957556366269
			49.554501022897	-21.7957556366269
			49.5956250901359	-21.7957556366269
			49.6367491573748	-21.7957556366269
			49.6778732246138	-21.7957556366269
			49.7189972918527	-21.7957556366269
			49.7601213590916	-21.7957556366269
			49.8012454263305	-21.7957556366269
			49.8423694935694	-21.7957556366269
			49.8834935608083	-21.7957556366269
			49.9246176280473	-21.8368797038658
			49.9657416952862	-21.8368797038658
			50.0068657625251	-21.8368797038658
			50.047989829764	-21.8368797038658
			50.0891138970029	-21.8368797038658
			50.1302379642419	-21.8368797038658
			50.1713620314808	-21.8368797038658
			50.2124860987197	-21.8368797038658
			50.2536101659586	-21.8368797038658
			50.2947342331975	-21.8368797038658
			50.3358583004364	-21.8368797038658
			50.3769823676754	-21.8368797038658
			50.4181064349143	-21.8368797038658
			50.4592305021532	-21.8368797038658
			50.5003545693921	-21.8780037711047
			50.541478636631	-21.8780037711047
			50.58260270387	-21.8780037711047
			50.6237267711089	-21.8780037711047
			50.6648508383478	-21.8780037711047
			50.7059749055867	-21.8780037711047
			50.7470989728256	-21.8780037711047
			50.7882230400646	-21.8780037711047
			50.8293471073035	-21.8780037711047
			50.8704711745424	-21.8780037711047
			50.9115952417813	-21.8780037711047
			50.9527193090202	-21.8780037711047
			50.9938433762592	-21.8780037711047
			51.0349674434981	-21.8780037711047
			51.076091510737	-21.8780037711047
			51.1172155779759	-21.8780037711047
			51.1583396452148	-21.9191278383437
			51.1994637124537	-21.9191278383437
			51.2405877796927	-21.9191278383437
			51.2817118469316	-21.9191278383437
			51.3228359141705	-21.9191278383437
			51.3639599814094	-21.9191278383437
			51.4050840486483	-21.9191278383437
			51.4462081158873	-21.9191278383437
			51.4873321831262	-21.9191278383437
			51.5284562503651	-21.9191278383437
			51.569580317604	-21.9191278383437
			51.6107043848429	-21.9191278383437
			51.6518284520819	-21.9191278383437
			51.6929525193208	-21.9191278383437
			51.7340765865597	-21.9191278383437
			51.7752006537986	-21.9191278383437
			51.8163247210375	-21.9191278383437
			51.8574487882764	-21.9191278383437
			51.8985728555154	-21.9191278383437
			51.9396969227543	-21.9191278383437
			51.9808209899932	-21.9191278383437
			52.0219450572321	-21.9191278383437
			52.063069124471	-21.9602519055826
			52.10419319171	-21.9602519055826
			52.1453172589489	-21.9602519055826
			52.1864413261878	-21.9602519055826
			52.2275653934267	-21.9602519055826
			52.2686894606656	-21.9602519055826
			52.3098135279045	-21.9602519055826
			52.3509375951435	-21.9602519055826
			52.3920616623824	-21.9602519055826
			52.4331857296213	-21.9602519055826
			52.4743097968602	-21.9602519055826
			52.5154338640991	-21.9602519055826
			52.5565579313381	-21.9602519055826
			52.597681998577	-21.9602519055826
			52.6388060658159	-21.9602519055826
			52.6799301330548	-21.9602519055826
			52.7210542002937	-21.9602519055826
			52.7621782675327	-21.9602519055826
		</Dorsal_adipose>
		<Adipose_caudal type=matrix rownames=FALSE colnames=FALSE nrow=209 ncol=2 as.numeric=TRUE >
			52.7621782675327	-21.9602519055826
			52.8033023347716	-21.9602519055826
			52.8444264020105	-21.9602519055826
			52.8855504692494	-21.9602519055826
			52.9266745364883	-21.9602519055826
			52.9677986037272	-21.9602519055826
			53.0089226709662	-21.9602519055826
			53.0500467382051	-22.0013759728215
			53.091170805444	-22.0013759728215
			53.1322948726829	-22.0013759728215
			53.1734189399218	-22.0013759728215
			53.2145430071608	-22.0013759728215
			53.2556670743997	-22.0425000400604
			53.2967911416386	-22.0425000400604
			53.3379152088775	-22.0425000400604
			53.3790392761164	-22.0836241072993
			53.4201633433554	-22.0836241072993
			53.4612874105943	-22.0836241072993
			53.5024114778332	-22.1247481745382
			53.5435355450721	-22.1247481745382
			53.584659612311	-22.1247481745382
			53.6257836795499	-22.1658722417772
			53.6669077467889	-22.1658722417772
			53.6669077467889	-22.2069963090161
			53.7080318140278	-22.2069963090161
			53.7491558812667	-22.248120376255
			53.7902799485056	-22.248120376255
			53.8314040157445	-22.2892444434939
			53.8725280829835	-22.3303685107328
			53.9136521502224	-22.3303685107328
			53.9547762174613	-22.3714925779718
			53.9959002847002	-22.4126166452107
			54.0370243519391	-22.4537407124496
			54.078148419178	-22.4537407124496
			54.078148419178	-22.4948647796885
			54.119272486417	-22.5359888469274
			54.1603965536559	-22.5771129141663
			54.2015206208948	-22.6182369814053
			54.2015206208948	-22.6593610486442
			54.2426446881337	-22.7004851158831
			54.2837687553726	-22.741609183122
			54.3248928226116	-22.7827332503609
			54.3248928226116	-22.8238573175999
			54.3660168898505	-22.8649813848388
			54.3660168898505	-22.9061054520777
			54.4071409570894	-22.9472295193166
			54.4482650243283	-22.9472295193166
			54.4893890915672	-22.9472295193166
			54.5305131588062	-22.9472295193166
			54.5716372260451	-22.9883535865555
			54.612761293284	-22.9883535865555
			54.6538853605229	-22.9883535865555
			54.6950094277618	-22.9883535865555
			54.7361334950008	-22.9883535865555
			54.7772575622397	-22.9883535865555
			54.8183816294786	-22.9883535865555
			54.8183816294786	-23.0294776537945
			54.8595056967175	-23.0294776537945
			54.9006297639564	-23.0294776537945
			54.9417538311953	-23.0294776537945
			54.9828778984343	-23.0294776537945
			55.0240019656732	-23.0294776537945
			55.0651260329121	-23.0294776537945
			55.106250100151	-23.0294776537945
			55.106250100151	-23.0706017210334
			55.1473741673899	-23.0706017210334
			55.1884982346289	-23.0706017210334
			55.2296223018678	-23.0706017210334
			55.2707463691067	-23.0706017210334
			55.3118704363456	-23.0706017210334
			55.3529945035845	-23.0706017210334
			55.3941185708235	-23.1117257882723
			55.4352426380624	-23.1117257882723
			55.4763667053013	-23.1117257882723
			55.5174907725402	-23.1117257882723
			55.5586148397791	-23.1117257882723
			55.599738907018	-23.1117257882723
			55.640862974257	-23.1117257882723
			55.6819870414959	-23.1117257882723
			55.7231111087348	-23.1528498555112
			55.7642351759737	-23.1528498555112
			55.8053592432126	-23.1528498555112
			55.8464833104516	-23.1528498555112
			55.8876073776905	-23.1528498555112
			55.9287314449294	-23.1528498555112
			55.9698555121683	-23.1528498555112
			56.0109795794072	-23.1528498555112
			56.0521036466461	-23.1939739227501
			56.0932277138851	-23.1939739227501
			56.134351781124	-23.1939739227501
			56.1754758483629	-23.1939739227501
			56.2165999156018	-23.1939739227501
			56.2577239828407	-23.1939739227501
			56.2988480500797	-23.1939739227501
			56.3399721173186	-23.1939739227501
			56.3810961845575	-23.1939739227501
			56.4222202517964	-23.235097989989
			56.4633443190353	-23.235097989989
			56.5044683862743	-23.235097989989
			56.5455924535132	-23.235097989989
			56.5867165207521	-23.235097989989
			56.627840587991	-23.235097989989
			56.6689646552299	-23.235097989989
			56.7100887224688	-23.235097989989
			56.7512127897078	-23.276222057228
			56.7923368569467	-23.276222057228
			56.8334609241856	-23.276222057228
			56.8745849914245	-23.276222057228
			56.9157090586634	-23.276222057228
			56.9568331259024	-23.276222057228
			56.9979571931413	-23.276222057228
			57.0390812603802	-23.276222057228
			57.0802053276191	-23.276222057228
			57.121329394858	-23.276222057228
			57.1624534620969	-23.276222057228
			57.2035775293359	-23.3173461244669
			57.2447015965748	-23.3173461244669
			57.2858256638137	-23.3173461244669
			57.3269497310526	-23.3173461244669
			57.3680737982915	-23.3173461244669
			57.4091978655305	-23.3173461244669
			57.4503219327694	-23.3173461244669
			57.4914460000083	-23.3173461244669
			57.5325700672472	-23.3173461244669
			57.5736941344861	-23.3173461244669
			57.6148182017251	-23.3173461244669
			57.655942268964	-23.3173461244669
			57.6970663362029	-23.3584701917058
			57.7381904034418	-23.3584701917058
			57.7793144706807	-23.3584701917058
			57.8204385379196	-23.3584701917058
			57.8615626051586	-23.3584701917058
			57.9026866723975	-23.3584701917058
			57.9438107396364	-23.3584701917058
			57.9849348068753	-23.3584701917058
			58.0260588741142	-23.3584701917058
			58.0671829413532	-23.3584701917058
			58.1083070085921	-23.3584701917058
			58.149431075831	-23.3584701917058
			58.1905551430699	-23.3584701917058
			58.2316792103088	-23.3584701917058
			58.2728032775478	-23.3584701917058
			58.3139273447867	-23.3584701917058
			58.3550514120256	-23.3584701917058
			58.3961754792645	-23.3995942589447
			58.4372995465034	-23.3995942589447
			58.4784236137424	-23.3995942589447
			58.5195476809813	-23.3995942589447
			58.5606717482202	-23.3995942589447
			58.6017958154591	-23.3995942589447
			58.642919882698	-23.3995942589447
			58.6840439499369	-23.3995942589447
			58.7251680171759	-23.3995942589447
			58.7662920844148	-23.3995942589447
			58.8074161516537	-23.3995942589447
			58.8485402188926	-23.3995942589447
			58.8896642861315	-23.3995942589447
			58.9307883533705	-23.3995942589447
			58.9719124206094	-23.3995942589447
			59.0130364878483	-23.3995942589447
			59.0541605550872	-23.3995942589447
			59.0952846223261	-23.3995942589447
			59.136408689565	-23.3995942589447
			59.177532756804	-23.3995942589447
			59.2186568240429	-23.3995942589447
			59.2597808912818	-23.3995942589447
			59.3009049585207	-23.3995942589447
			59.3420290257596	-23.3584701917058
			59.3831530929986	-23.3584701917058
			59.4242771602375	-23.3584701917058
			59.4654012274764	-23.3584701917058
			59.5065252947153	-23.3584701917058
			59.5476493619542	-23.3584701917058
			59.5887734291932	-23.3173461244669
			59.6298974964321	-23.3173461244669
			59.671021563671	-23.3173461244669
			59.7121456309099	-23.3173461244669
			59.7532696981488	-23.3173461244669
			59.7943937653877	-23.3173461244669
			59.8355178326267	-23.3173461244669
			59.8766418998656	-23.276222057228
			59.9177659671045	-23.276222057228
			59.9588900343434	-23.276222057228
			60.0000141015823	-23.276222057228
			60.0411381688213	-23.276222057228
			60.0822622360602	-23.276222057228
			60.1233863032991	-23.276222057228
			60.164510370538	-23.276222057228
			60.2056344377769	-23.276222057228
			60.2467585050159	-23.235097989989
			60.2878825722548	-23.235097989989
			60.3290066394937	-23.235097989989
			60.3701307067326	-23.235097989989
			60.4112547739715	-23.235097989989
			60.4523788412104	-23.235097989989
			60.4935029084494	-23.235097989989
			60.5346269756883	-23.235097989989
			60.5757510429272	-23.235097989989
			60.6168751101661	-23.235097989989
			60.657999177405	-23.235097989989
			60.699123244644	-23.235097989989
			60.7402473118829	-23.276222057228
			60.7813713791218	-23.276222057228
			60.8224954463607	-23.276222057228
			60.8636195135996	-23.276222057228
			60.9047435808385	-23.276222057228
			60.9458676480775	-23.3173461244669
			60.9869917153164	-23.3173461244669
			61.0281157825553	-23.3584701917058
		</Adipose_caudal>
		<Caudal_anal type=matrix rownames=FALSE colnames=FALSE nrow=373 ncol=2 as.numeric=TRUE >
			60.7402473118829	-29.0335914706766
			60.699123244644	-29.0335914706766
			60.657999177405	-29.0335914706766
			60.6168751101661	-29.0335914706766
			60.5757510429272	-29.0335914706766
			60.5346269756883	-29.0335914706766
			60.4935029084494	-29.0335914706766
			60.4523788412104	-29.0335914706766
			60.4112547739715	-29.0335914706766
			60.3701307067326	-29.0335914706766
			60.3290066394937	-28.9924674034377
			60.2878825722548	-28.9924674034377
			60.2467585050159	-28.9924674034377
			60.2056344377769	-28.9924674034377
			60.164510370538	-28.9924674034377
			60.1233863032991	-28.9924674034377
			60.0822622360602	-28.9924674034377
			60.0411381688213	-28.9924674034377
			60.0000141015823	-28.9924674034377
			59.9588900343434	-28.9513433361987
			59.9177659671045	-28.9513433361987
			59.8766418998656	-28.9513433361987
			59.8355178326267	-28.9513433361987
			59.7943937653877	-28.9513433361987
			59.7532696981488	-28.9513433361987
			59.7121456309099	-28.9513433361987
			59.671021563671	-28.9102192689598
			59.6298974964321	-28.9102192689598
			59.5887734291932	-28.9102192689598
			59.5476493619542	-28.9102192689598
			59.5065252947153	-28.9102192689598
			59.4654012274764	-28.9102192689598
			59.4242771602375	-28.9102192689598
			59.3831530929986	-28.9102192689598
			59.3420290257596	-28.8690952017209
			59.3009049585207	-28.8690952017209
			59.2597808912818	-28.8690952017209
			59.2186568240429	-28.8690952017209
			59.177532756804	-28.8690952017209
			59.136408689565	-28.8690952017209
			59.0952846223261	-28.827971134482
			59.0541605550872	-28.827971134482
			59.0130364878483	-28.827971134482
			58.9719124206094	-28.827971134482
			58.9307883533705	-28.827971134482
			58.8896642861315	-28.827971134482
			58.8485402188926	-28.827971134482
			58.8074161516537	-28.7868470672431
			58.7662920844148	-28.7868470672431
			58.7251680171759	-28.7868470672431
			58.6840439499369	-28.7868470672431
			58.642919882698	-28.7868470672431
			58.6017958154591	-28.7868470672431
			58.5606717482202	-28.7868470672431
			58.5195476809813	-28.7868470672431
			58.4784236137424	-28.7868470672431
			58.4372995465034	-28.7868470672431
			58.3961754792645	-28.7868470672431
			58.3550514120256	-28.7868470672431
			58.3139273447867	-28.7868470672431
			58.2728032775478	-28.7868470672431
			58.2316792103088	-28.7868470672431
			58.1905551430699	-28.7868470672431
			58.149431075831	-28.7868470672431
			58.1083070085921	-28.7868470672431
			58.0671829413532	-28.7868470672431
			58.0260588741142	-28.7868470672431
			57.9849348068753	-28.7868470672431
			57.9438107396364	-28.7868470672431
			57.9026866723975	-28.7868470672431
			57.8615626051586	-28.7868470672431
			57.8204385379196	-28.7868470672431
			57.7793144706807	-28.7868470672431
			57.7381904034418	-28.7868470672431
			57.6970663362029	-28.7868470672431
			57.655942268964	-28.7868470672431
			57.6148182017251	-28.7868470672431
			57.5736941344861	-28.7868470672431
			57.5325700672472	-28.7868470672431
			57.4914460000083	-28.7868470672431
			57.4503219327694	-28.7868470672431
			57.4091978655305	-28.7868470672431
			57.3680737982915	-28.7868470672431
			57.3269497310526	-28.7868470672431
			57.2858256638137	-28.7868470672431
			57.2447015965748	-28.7868470672431
			57.2035775293359	-28.7868470672431
			57.1624534620969	-28.7868470672431
			57.121329394858	-28.7868470672431
			57.0802053276191	-28.7868470672431
			57.0390812603802	-28.7868470672431
			56.9979571931413	-28.7868470672431
			56.9568331259024	-28.7868470672431
			56.9157090586634	-28.7868470672431
			56.8745849914245	-28.7868470672431
			56.8334609241856	-28.7868470672431
			56.7923368569467	-28.7868470672431
			56.7512127897078	-28.7868470672431
			56.7100887224688	-28.7868470672431
			56.6689646552299	-28.7868470672431
			56.627840587991	-28.7868470672431
			56.5867165207521	-28.7868470672431
			56.5455924535132	-28.7868470672431
			56.5044683862743	-28.7868470672431
			56.4633443190353	-28.7868470672431
			56.4222202517964	-28.7868470672431
			56.3810961845575	-28.7868470672431
			56.3399721173186	-28.7868470672431
			56.2988480500797	-28.7868470672431
			56.2577239828407	-28.7868470672431
			56.2165999156018	-28.7868470672431
			56.1754758483629	-28.7868470672431
			56.134351781124	-28.7868470672431
			56.0932277138851	-28.827971134482
			56.0521036466461	-28.827971134482
			56.0109795794072	-28.827971134482
			55.9698555121683	-28.827971134482
			55.9287314449294	-28.827971134482
			55.8876073776905	-28.827971134482
			55.8464833104516	-28.827971134482
			55.8053592432126	-28.827971134482
			55.7642351759737	-28.827971134482
			55.7231111087348	-28.827971134482
			55.6819870414959	-28.827971134482
			55.640862974257	-28.827971134482
			55.599738907018	-28.827971134482
			55.5586148397791	-28.827971134482
			55.5174907725402	-28.827971134482
			55.4763667053013	-28.827971134482
			55.4352426380624	-28.827971134482
			55.3941185708235	-28.827971134482
			55.3529945035845	-28.827971134482
			55.3118704363456	-28.827971134482
			55.2707463691067	-28.8690952017209
			55.2296223018678	-28.8690952017209
			55.1884982346289	-28.8690952017209
			55.1473741673899	-28.8690952017209
			55.106250100151	-28.8690952017209
			55.0651260329121	-28.8690952017209
			55.0240019656732	-28.8690952017209
			54.9828778984343	-28.8690952017209
			54.9417538311953	-28.8690952017209
			54.9006297639564	-28.8690952017209
			54.8595056967175	-28.8690952017209
			54.8183816294786	-28.8690952017209
			54.7772575622397	-28.8690952017209
			54.7361334950008	-28.8690952017209
			54.6950094277618	-28.8690952017209
			54.6538853605229	-28.9102192689598
			54.612761293284	-28.9102192689598
			54.5716372260451	-28.9102192689598
			54.5305131588062	-28.9102192689598
			54.4893890915672	-28.9102192689598
			54.4482650243283	-28.9102192689598
			54.4071409570894	-28.9102192689598
			54.3660168898505	-28.9102192689598
			54.3248928226116	-28.9102192689598
			54.2837687553726	-28.9102192689598
			54.2426446881337	-28.9102192689598
			54.2015206208948	-28.9102192689598
			54.1603965536559	-28.9102192689598
			54.119272486417	-28.9513433361987
			54.078148419178	-28.9513433361987
			54.0370243519391	-28.9513433361987
			53.9959002847002	-28.9513433361987
			53.9547762174613	-28.9513433361987
			53.9136521502224	-28.9513433361987
			53.8725280829835	-28.9513433361987
			53.8314040157445	-28.9513433361987
			53.7902799485056	-28.9513433361987
			53.7491558812667	-28.9513433361987
			53.7080318140278	-28.9513433361987
			53.6669077467889	-28.9513433361987
			53.6257836795499	-28.9924674034377
			53.584659612311	-28.9924674034377
			53.5435355450721	-28.9924674034377
			53.5024114778332	-28.9924674034377
			53.4612874105943	-28.9924674034377
			53.4201633433554	-28.9924674034377
			53.3790392761164	-28.9924674034377
			53.3379152088775	-28.9924674034377
			53.2967911416386	-28.9924674034377
			53.2556670743997	-28.9924674034377
			53.2145430071608	-28.9924674034377
			53.1734189399218	-29.0335914706766
			53.1322948726829	-29.0335914706766
			53.091170805444	-29.0335914706766
			53.0500467382051	-29.0335914706766
			53.0089226709662	-29.0335914706766
			52.9677986037272	-29.0335914706766
			52.9266745364883	-29.0335914706766
			52.8855504692494	-29.0747155379155
			52.8444264020105	-29.0747155379155
			52.8033023347716	-29.0747155379155
			52.7621782675327	-29.0747155379155
			52.7210542002937	-29.1158396051544
			52.6799301330548	-29.1158396051544
			52.6388060658159	-29.1158396051544
			52.597681998577	-29.1158396051544
			52.5565579313381	-29.1569636723933
			52.5154338640991	-29.1569636723933
			52.4743097968602	-29.1569636723933
			52.4331857296213	-29.1569636723933
			52.3920616623824	-29.1569636723933
			52.3509375951435	-29.1980877396323
			52.3098135279045	-29.1980877396323
			52.2686894606656	-29.1980877396323
			52.2275653934267	-29.1980877396323
			52.1864413261878	-29.2392118068712
			52.1453172589489	-29.2392118068712
			52.10419319171	-29.2392118068712
			52.063069124471	-29.2392118068712
			52.0219450572321	-29.2392118068712
			51.9808209899932	-29.2392118068712
			51.9396969227543	-29.2803358741101
			51.8985728555154	-29.2803358741101
			51.8574487882764	-29.2803358741101
			51.8163247210375	-29.2803358741101
			51.7752006537986	-29.2803358741101
			51.7340765865597	-29.2803358741101
			51.6929525193208	-29.321459941349
			51.6518284520819	-29.321459941349
			51.6107043848429	-29.321459941349
			51.569580317604	-29.321459941349
			51.5284562503651	-29.321459941349
			51.4873321831262	-29.321459941349
			51.4462081158873	-29.3625840085879
			51.4050840486483	-29.3625840085879
			51.3639599814094	-29.3625840085879
			51.3228359141705	-29.3625840085879
			51.2817118469316	-29.3625840085879
			51.2405877796927	-29.3625840085879
			51.1994637124537	-29.3625840085879
			51.1583396452148	-29.4037080758268
			51.1172155779759	-29.4037080758268
			51.076091510737	-29.4037080758268
			51.0349674434981	-29.4037080758268
			50.9938433762592	-29.4037080758268
			50.9527193090202	-29.4037080758268
			50.9115952417813	-29.4037080758268
			50.8704711745424	-29.4037080758268
			50.8293471073035	-29.4037080758268
			50.7882230400646	-29.4037080758268
			50.7470989728256	-29.4037080758268
			50.7470989728256	-29.4448321430658
			50.7059749055867	-29.4448321430658
			50.6648508383478	-29.4448321430658
			50.6237267711089	-29.4448321430658
			50.58260270387	-29.4448321430658
			50.541478636631	-29.4448321430658
			50.5003545693921	-29.4448321430658
			50.4592305021532	-29.4448321430658
			50.4181064349143	-29.4448321430658
			50.3769823676754	-29.4448321430658
			50.3358583004364	-29.4448321430658
			50.2947342331975	-29.4448321430658
			50.2536101659586	-29.4448321430658
			50.2124860987197	-29.4448321430658
			50.2124860987197	-29.4859562103047
			50.1713620314808	-29.4859562103047
			50.1302379642419	-29.4859562103047
			50.0891138970029	-29.4859562103047
			50.047989829764	-29.4859562103047
			50.0068657625251	-29.4859562103047
			49.9657416952862	-29.4859562103047
			49.9246176280473	-29.4859562103047
			49.8834935608083	-29.4859562103047
			49.8423694935694	-29.4859562103047
			49.8012454263305	-29.4859562103047
			49.7601213590916	-29.4859562103047
			49.7189972918527	-29.4859562103047
			49.6778732246138	-29.4859562103047
			49.6367491573748	-29.4859562103047
			49.5956250901359	-29.4859562103047
			49.554501022897	-29.4859562103047
			49.5133769556581	-29.4859562103047
			49.4722528884192	-29.4859562103047
			49.4311288211802	-29.5270802775436
			49.3900047539413	-29.5270802775436
			49.3488806867024	-29.5270802775436
			49.3077566194635	-29.5270802775436
			49.2666325522246	-29.5270802775436
			49.2255084849856	-29.5270802775436
			49.1843844177467	-29.5270802775436
			49.1432603505078	-29.5270802775436
			49.1021362832689	-29.5270802775436
			49.06101221603	-29.5270802775436
			49.0198881487911	-29.5682043447825
			48.9787640815521	-29.5682043447825
			48.9376400143132	-29.5682043447825
			48.8965159470743	-29.5682043447825
			48.8553918798354	-29.5682043447825
			48.8142678125965	-29.5682043447825
			48.7731437453575	-29.5682043447825
			48.7320196781186	-29.5682043447825
			48.6908956108797	-29.5682043447825
			48.6497715436408	-29.5682043447825
			48.6497715436408	-29.6093284120214
			48.6086474764019	-29.6093284120214
			48.567523409163	-29.6093284120214
			48.526399341924	-29.6093284120214
			48.4852752746851	-29.6093284120214
			48.4441512074462	-29.6093284120214
			48.4030271402073	-29.6093284120214
			48.3619030729684	-29.6093284120214
			48.3207790057294	-29.6093284120214
			48.2796549384905	-29.6504524792604
			48.2385308712516	-29.6504524792604
			48.1974068040127	-29.6504524792604
			48.1562827367738	-29.6504524792604
			48.1151586695348	-29.6504524792604
			48.0740346022959	-29.6504524792604
			48.032910535057	-29.6504524792604
			47.9917864678181	-29.6915765464993
			47.9506624005792	-29.6915765464993
			47.9095383333403	-29.6915765464993
			47.8684142661013	-29.6915765464993
			47.8272901988624	-29.6915765464993
			47.7861661316235	-29.6915765464993
			47.7450420643846	-29.6915765464993
			47.7039179971457	-29.7327006137382
			47.6627939299067	-29.7327006137382
			47.6216698626678	-29.7327006137382
			47.5805457954289	-29.7327006137382
			47.53942172819	-29.7327006137382
			47.4982976609511	-29.7327006137382
			47.4571735937121	-29.7327006137382
			47.4160495264732	-29.7738246809771
			47.3749254592343	-29.7738246809771
			47.3338013919954	-29.7738246809771
			47.2926773247565	-29.7738246809771
			47.2515532575175	-29.7738246809771
			47.2104291902786	-29.7738246809771
			47.1693051230397	-29.814948748216
			47.1281810558008	-29.814948748216
			47.0870569885619	-29.814948748216
			47.045932921323	-29.814948748216
			47.004808854084	-29.814948748216
			46.9636847868451	-29.814948748216
			46.9636847868451	-29.856072815455
			46.9225607196062	-29.856072815455
			46.8814366523673	-29.856072815455
			46.8403125851284	-29.856072815455
			46.7991885178894	-29.856072815455
			46.7580644506505	-29.8971968826939
			46.7169403834116	-29.8971968826939
			46.6758163161727	-29.8971968826939
			46.6346922489338	-29.8971968826939
			46.5935681816949	-29.8971968826939
			46.5524441144559	-29.8971968826939
			46.511320047217	-29.9383209499328
			46.4701959799781	-29.9383209499328
			46.4290719127392	-29.9383209499328
			46.3879478455003	-29.9383209499328
			46.3468237782613	-29.9794450171717
			46.3056997110224	-29.9794450171717
			46.2645756437835	-29.9794450171717
			46.2234515765446	-29.9794450171717
			46.1823275093057	-30.0205690844106
			46.1412034420667	-30.0205690844106
			46.1000793748278	-30.0205690844106
			46.0589553075889	-30.0205690844106
			46.01783124035	-30.0205690844106
			45.9767071731111	-30.0616931516495
			45.9355831058722	-30.0616931516495
			45.8944590386332	-30.0616931516495
			45.8533349713943	-30.0616931516495
			45.8122109041554	-30.1028172188885
			45.7710868369165	-30.1028172188885
			45.7299627696776	-30.1028172188885
			45.6888387024386	-30.1028172188885
			45.6477146351997	-30.1439412861274
			45.6065905679608	-30.1439412861274
		</Caudal_anal>
	</curves.scaled>
	<ruler.points type=matrix rownames=TRUE colnames=FALSE nrow=3 ncol=2 as.numeric=TRUE >
		Ruler point 1	836	875
		Ruler point 2	958	871
		Ruler point 3	1079	866
	</ruler.points>
</shapes>

