<shapes type=list>
	<ruler.pixel type=vector names=FALSE length=1 as.numeric=TRUE >121.796958588026</ruler.pixel>
	<ruler.interval type=vector names=FALSE length=1 as.numeric=TRUE >5</ruler.interval>
	<scaling.units type=vector names=FALSE length=1 as.numeric=FALSE >mm</scaling.units>
	<scaling type=vector names=FALSE length=1 as.numeric=TRUE >0.0410519282087523</scaling>
	<landmarks.pixel type=matrix rownames=TRUE colnames=FALSE nrow=11 ncol=2 as.numeric=TRUE >
		Anterior_eye	1095	1108
		Posterior_eye	1244	1094
		Posterior_Maxilla	1310	1205
		Anterior_Maxilla	1079	1168
		Dorsal_fin_insertion	1625	898
		Adipose_fin_insertion	2062	998
		Dorsal_caudal	2258	1026
		Ventral_caudal	2258	1155
		Anal_fin_insertion	1875	1200
		Pelvic_fin_insertion	1617	1192
		Pectoral_fin_insertion	1456	1162
	</landmarks.pixel>
	<landmarks.scaled type=matrix rownames=TRUE colnames=FALSE nrow=11 ncol=2 as.numeric=TRUE >
		Anterior_eye	44.9518613885838	-45.4855364552975
		Posterior_eye	51.0685986916879	-44.910809460375
		Posterior_Maxilla	53.7780259534655	-49.4675734915465
		Anterior_Maxilla	44.2950305372437	-47.9486521478227
		Dorsal_fin_insertion	66.7093833392225	-36.8646315314596
		Adipose_fin_insertion	84.6490759664472	-40.9698243523348
		Dorsal_caudal	92.6952538953627	-42.1192783421799
		Ventral_caudal	92.6952538953627	-47.4149770811089
		Anal_fin_insertion	76.9723653914105	-49.2623138505028
		Pelvic_fin_insertion	66.3809679135525	-48.9338984248327
		Pectoral_fin_insertion	59.7716074719433	-47.7023405785702
	</landmarks.scaled>
	<curves.control type=list>
		<Snout_dorsal type=matrix rownames=FALSE colnames=FALSE nrow=7 ncol=2 as.numeric=TRUE >
			1079	1168
			1029	1055
			1203	965
			1323	929
			1447	915
			1582	908
			1625	898
		</Snout_dorsal>
		<Dorsal_adipose type=matrix rownames=FALSE colnames=FALSE nrow=5 ncol=2 as.numeric=TRUE >
			1625	898
			1768	945
			1871	973
			1945	1002
			2062	998
		</Dorsal_adipose>
		<Adipose_caudal type=matrix rownames=FALSE colnames=FALSE nrow=7 ncol=2 as.numeric=TRUE >
			2062	998
			2082	998
			2093	1012
			2141	1027
			2198	1026
			2254	1015
			2258	1026
		</Adipose_caudal>
		<Caudal_anal type=matrix rownames=FALSE colnames=FALSE nrow=7 ncol=2 as.numeric=TRUE >
			2258	1155
			2244	1161
			2215	1158
			2175	1149
			2096	1166
			1958	1189
			1875	1200
		</Caudal_anal>
	</curves.control>
	<curves.pixel type=list>
		<Snout_dorsal type=matrix rownames=FALSE colnames=FALSE nrow=675 ncol=2 as.numeric=TRUE >
			1079	1168
			1079	1167
			1078	1166
			1078	1165
			1077	1164
			1077	1163
			1077	1162
			1076	1161
			1076	1160
			1075	1159
			1075	1158
			1075	1157
			1074	1156
			1074	1155
			1074	1154
			1073	1153
			1073	1152
			1073	1151
			1072	1150
			1072	1149
			1072	1148
			1072	1147
			1071	1146
			1071	1145
			1071	1144
			1071	1143
			1070	1142
			1070	1141
			1070	1140
			1070	1139
			1070	1138
			1069	1137
			1069	1136
			1069	1135
			1069	1134
			1069	1133
			1069	1132
			1069	1131
			1068	1130
			1068	1129
			1068	1128
			1068	1127
			1068	1126
			1068	1125
			1068	1124
			1068	1123
			1068	1122
			1068	1121
			1068	1120
			1068	1119
			1068	1118
			1068	1117
			1068	1116
			1068	1115
			1068	1114
			1068	1113
			1068	1112
			1068	1111
			1068	1110
			1068	1109
			1068	1108
			1069	1107
			1069	1106
			1069	1105
			1069	1104
			1069	1103
			1069	1102
			1069	1101
			1070	1100
			1070	1099
			1070	1098
			1070	1097
			1070	1096
			1071	1095
			1071	1094
			1071	1093
			1071	1092
			1072	1091
			1072	1090
			1072	1089
			1072	1088
			1073	1087
			1073	1086
			1073	1085
			1074	1084
			1074	1083
			1074	1082
			1075	1081
			1075	1080
			1076	1079
			1076	1078
			1076	1077
			1077	1077
			1077	1076
			1078	1075
			1078	1074
			1079	1073
			1079	1072
			1079	1071
			1080	1070
			1080	1069
			1081	1068
			1081	1067
			1082	1066
			1082	1065
			1083	1064
			1084	1063
			1084	1062
			1085	1061
			1085	1060
			1086	1059
			1086	1058
			1087	1058
			1088	1057
			1088	1056
			1089	1055
			1090	1054
			1090	1053
			1091	1052
			1092	1051
			1092	1050
			1093	1049
			1094	1048
			1094	1047
			1095	1046
			1096	1045
			1097	1044
			1098	1043
			1099	1042
			1100	1041
			1100	1040
			1101	1040
			1101	1039
			1102	1038
			1103	1037
			1104	1036
			1105	1035
			1106	1034
			1106	1033
			1107	1032
			1108	1032
			1109	1031
			1109	1030
			1110	1029
			1111	1028
			1112	1028
			1113	1027
			1113	1026
			1114	1025
			1115	1025
			1116	1024
			1117	1023
			1118	1022
			1118	1021
			1119	1021
			1120	1020
			1121	1019
			1122	1018
			1123	1018
			1124	1017
			1125	1016
			1125	1015
			1126	1014
			1127	1014
			1128	1013
			1129	1012
			1130	1011
			1131	1011
			1132	1010
			1133	1009
			1134	1008
			1135	1008
			1136	1007
			1137	1006
			1138	1005
			1139	1004
			1140	1004
			1141	1003
			1142	1002
			1143	1001
			1144	1001
			1145	1000
			1146	999
			1147	998
			1148	998
			1149	997
			1150	996
			1151	996
			1152	995
			1153	994
			1154	993
			1155	993
			1156	992
			1157	992
			1158	991
			1159	991
			1159	990
			1160	990
			1161	989
			1162	989
			1163	988
			1164	988
			1164	987
			1165	986
			1166	986
			1167	985
			1168	985
			1169	984
			1170	984
			1170	983
			1171	983
			1172	982
			1173	982
			1174	981
			1175	981
			1176	980
			1177	979
			1178	979
			1178	978
			1179	978
			1180	977
			1181	977
			1182	976
			1183	976
			1184	975
			1185	975
			1186	974
			1187	974
			1188	973
			1189	973
			1190	972
			1191	972
			1192	971
			1193	971
			1194	970
			1195	969
			1196	968
			1197	968
			1198	968
			1199	967
			1200	967
			1201	966
			1202	965
			1203	965
			1204	965
			1205	964
			1206	964
			1207	964
			1208	963
			1209	963
			1210	963
			1211	963
			1212	962
			1213	962
			1214	962
			1215	962
			1215	961
			1216	961
			1217	961
			1218	961
			1219	960
			1220	960
			1221	960
			1222	959
			1223	959
			1224	959
			1225	958
			1226	958
			1227	958
			1228	958
			1229	958
			1229	957
			1230	957
			1231	957
			1232	957
			1233	956
			1234	956
			1235	956
			1236	956
			1237	955
			1238	955
			1239	955
			1240	954
			1241	954
			1242	954
			1243	954
			1244	954
			1244	953
			1245	953
			1246	953
			1247	953
			1248	952
			1249	952
			1250	952
			1251	952
			1252	951
			1253	951
			1254	951
			1255	950
			1256	950
			1257	950
			1258	950
			1259	949
			1260	949
			1261	949
			1262	949
			1263	949
			1263	948
			1264	948
			1265	948
			1266	948
			1267	948
			1267	947
			1268	947
			1269	947
			1270	947
			1271	947
			1271	946
			1272	946
			1273	946
			1274	946
			1275	945
			1276	945
			1277	945
			1278	945
			1279	945
			1280	944
			1281	944
			1282	944
			1283	944
			1284	943
			1285	943
			1286	943
			1287	943
			1288	942
			1289	942
			1290	942
			1291	942
			1292	941
			1293	941
			1294	941
			1295	941
			1296	941
			1297	940
			1298	940
			1299	940
			1300	940
			1301	939
			1302	939
			1303	939
			1304	939
			1305	939
			1306	938
			1307	938
			1308	938
			1309	938
			1310	937
			1311	937
			1312	937
			1313	937
			1314	937
			1315	936
			1316	936
			1317	936
			1318	936
			1319	936
			1320	935
			1321	935
			1322	935
			1323	935
			1324	935
			1324	934
			1325	934
			1326	934
			1327	934
			1328	934
			1329	933
			1330	933
			1331	933
			1332	933
			1333	933
			1334	932
			1335	932
			1336	932
			1337	932
			1338	932
			1339	931
			1340	931
			1341	931
			1342	931
			1343	931
			1344	931
			1345	930
			1346	930
			1347	930
			1348	930
			1349	930
			1350	929
			1351	929
			1352	929
			1353	929
			1354	929
			1355	929
			1356	928
			1357	928
			1358	928
			1359	928
			1360	928
			1361	927
			1362	927
			1363	927
			1364	927
			1365	927
			1366	927
			1367	926
			1368	926
			1369	926
			1370	926
			1371	926
			1372	926
			1373	925
			1374	925
			1375	925
			1376	925
			1377	925
			1378	925
			1379	924
			1380	924
			1381	924
			1382	924
			1383	924
			1384	924
			1385	923
			1386	923
			1387	923
			1388	923
			1389	923
			1390	923
			1391	922
			1392	922
			1393	922
			1394	922
			1395	922
			1396	922
			1397	921
			1398	921
			1399	921
			1400	921
			1401	921
			1402	921
			1403	921
			1404	920
			1405	920
			1406	920
			1407	920
			1408	920
			1409	920
			1410	920
			1411	920
			1412	919
			1413	919
			1414	919
			1415	919
			1416	919
			1417	919
			1418	919
			1419	918
			1420	918
			1421	918
			1422	918
			1423	918
			1424	918
			1425	918
			1426	918
			1427	917
			1428	917
			1429	917
			1430	917
			1431	917
			1432	917
			1433	917
			1434	916
			1435	916
			1436	916
			1437	916
			1438	916
			1439	916
			1440	916
			1441	916
			1442	916
			1443	915
			1444	915
			1445	915
			1446	915
			1447	915
			1448	915
			1449	915
			1450	915
			1451	915
			1452	915
			1453	915
			1454	915
			1455	915
			1456	915
			1457	914
			1458	914
			1459	914
			1460	914
			1461	914
			1462	914
			1463	914
			1464	914
			1465	914
			1466	914
			1467	914
			1468	914
			1469	914
			1470	914
			1471	914
			1472	914
			1473	914
			1474	914
			1475	913
			1476	913
			1477	913
			1478	913
			1479	913
			1480	913
			1481	913
			1482	913
			1483	913
			1484	913
			1485	913
			1486	913
			1487	913
			1488	913
			1489	913
			1490	913
			1491	912
			1492	912
			1493	912
			1494	912
			1495	912
			1496	912
			1497	912
			1498	912
			1499	912
			1500	912
			1501	912
			1502	912
			1503	912
			1504	912
			1505	912
			1506	912
			1506	911
			1507	911
			1508	911
			1509	911
			1510	911
			1511	911
			1512	911
			1513	911
			1514	911
			1515	911
			1516	911
			1517	911
			1518	911
			1519	911
			1520	911
			1521	910
			1522	910
			1523	910
			1524	910
			1525	910
			1526	910
			1527	910
			1528	910
			1529	910
			1530	910
			1531	910
			1532	910
			1533	910
			1534	909
			1535	909
			1536	909
			1537	909
			1538	909
			1539	909
			1540	909
			1541	909
			1542	909
			1543	909
			1544	909
			1545	909
			1546	908
			1547	908
			1548	908
			1549	908
			1550	908
			1551	908
			1552	908
			1553	908
			1554	908
			1555	908
			1556	908
			1556	907
			1557	907
			1558	907
			1559	907
			1560	907
			1561	907
			1562	907
			1563	907
			1564	907
			1565	907
			1566	907
			1567	906
			1568	906
			1569	906
			1570	906
			1571	906
			1572	906
			1573	906
			1574	906
			1575	906
			1576	905
			1577	905
			1578	905
			1579	905
			1580	905
			1581	905
			1582	905
			1583	905
			1584	905
			1585	904
			1586	904
			1587	904
			1588	904
			1589	904
			1590	904
			1591	904
			1592	904
			1593	903
			1594	903
			1595	903
			1596	903
			1597	903
			1598	903
			1599	903
			1600	902
			1601	902
			1602	902
			1603	902
			1604	902
			1605	902
			1606	902
			1607	901
			1608	901
			1609	901
			1610	901
			1611	901
			1612	901
			1613	900
			1614	900
			1615	900
			1616	900
			1617	900
			1618	900
			1619	899
			1620	899
			1621	899
			1622	899
			1623	898
			1624	898
			1625	898
		</Snout_dorsal>
		<Dorsal_adipose type=matrix rownames=FALSE colnames=FALSE nrow=445 ncol=2 as.numeric=TRUE >
			1625	898
			1626	898
			1627	899
			1628	899
			1629	899
			1630	900
			1631	900
			1632	900
			1633	901
			1634	901
			1635	901
			1636	902
			1637	902
			1638	902
			1639	903
			1640	903
			1641	903
			1642	904
			1643	904
			1644	904
			1645	905
			1646	905
			1647	905
			1648	906
			1649	906
			1650	906
			1651	906
			1652	907
			1653	907
			1654	907
			1654	908
			1655	908
			1656	908
			1657	909
			1658	909
			1659	909
			1660	909
			1661	910
			1662	910
			1663	910
			1664	911
			1665	911
			1666	911
			1667	912
			1668	912
			1669	912
			1670	913
			1671	913
			1672	913
			1673	914
			1674	914
			1675	914
			1676	915
			1677	915
			1678	915
			1679	916
			1680	916
			1681	916
			1682	916
			1683	917
			1684	917
			1685	917
			1685	918
			1686	918
			1687	918
			1688	918
			1689	919
			1690	919
			1691	919
			1692	920
			1693	920
			1694	920
			1695	921
			1696	921
			1697	921
			1698	922
			1699	922
			1700	922
			1701	923
			1702	923
			1703	923
			1704	923
			1705	924
			1706	924
			1707	924
			1708	925
			1709	925
			1710	925
			1711	926
			1712	926
			1713	926
			1714	927
			1715	927
			1716	927
			1717	928
			1718	928
			1719	928
			1720	928
			1720	929
			1721	929
			1722	929
			1723	929
			1724	930
			1725	930
			1726	930
			1727	931
			1728	931
			1729	931
			1730	932
			1731	932
			1732	932
			1733	933
			1734	933
			1735	933
			1736	933
			1737	934
			1738	934
			1739	935
			1740	935
			1741	935
			1742	935
			1743	936
			1744	936
			1745	936
			1746	937
			1747	937
			1748	937
			1749	938
			1750	938
			1751	938
			1752	938
			1753	939
			1754	939
			1755	939
			1756	940
			1757	940
			1758	940
			1759	940
			1760	941
			1761	941
			1762	941
			1763	942
			1764	942
			1765	943
			1766	943
			1767	943
			1768	943
			1769	943
			1769	944
			1770	944
			1771	944
			1772	944
			1773	945
			1774	945
			1775	945
			1776	946
			1777	946
			1778	946
			1779	947
			1780	947
			1781	947
			1782	947
			1783	948
			1784	948
			1785	948
			1786	949
			1787	949
			1788	949
			1789	950
			1790	950
			1791	950
			1792	951
			1793	951
			1794	951
			1795	951
			1796	952
			1797	952
			1798	952
			1799	953
			1800	953
			1801	953
			1802	953
			1803	954
			1804	954
			1805	954
			1806	955
			1807	955
			1808	955
			1809	955
			1810	956
			1811	956
			1812	956
			1813	957
			1814	957
			1815	957
			1816	958
			1817	958
			1818	958
			1819	958
			1820	959
			1821	959
			1822	959
			1823	960
			1824	960
			1825	960
			1826	960
			1827	961
			1828	961
			1829	961
			1830	961
			1831	962
			1832	962
			1833	962
			1834	963
			1835	963
			1836	963
			1837	963
			1837	964
			1838	964
			1839	964
			1840	964
			1841	965
			1842	965
			1843	965
			1844	965
			1845	966
			1846	966
			1847	966
			1848	967
			1849	967
			1850	967
			1851	967
			1852	968
			1853	968
			1854	968
			1855	969
			1856	969
			1857	969
			1858	969
			1858	970
			1859	970
			1860	970
			1861	970
			1862	971
			1863	971
			1864	971
			1865	971
			1866	972
			1867	972
			1868	972
			1869	972
			1870	973
			1871	973
			1872	973
			1873	974
			1874	974
			1875	975
			1876	975
			1877	975
			1878	976
			1879	976
			1880	976
			1881	977
			1882	977
			1883	977
			1884	978
			1885	978
			1886	978
			1887	979
			1888	979
			1889	979
			1890	980
			1891	980
			1892	980
			1893	981
			1894	981
			1895	981
			1896	982
			1897	982
			1898	982
			1899	982
			1900	983
			1901	983
			1902	983
			1903	984
			1904	984
			1905	984
			1906	984
			1907	985
			1908	985
			1909	985
			1910	985
			1911	985
			1911	986
			1912	986
			1913	986
			1914	986
			1915	987
			1916	987
			1917	987
			1918	987
			1919	987
			1920	988
			1921	988
			1922	988
			1923	988
			1924	988
			1925	989
			1926	989
			1927	989
			1928	989
			1929	989
			1930	990
			1931	990
			1932	990
			1933	990
			1934	990
			1935	991
			1936	991
			1937	991
			1938	991
			1939	991
			1940	991
			1941	992
			1942	992
			1943	992
			1944	992
			1945	992
			1946	992
			1947	992
			1948	993
			1949	993
			1950	993
			1951	993
			1952	993
			1953	993
			1954	994
			1955	994
			1956	994
			1957	994
			1958	994
			1959	994
			1960	994
			1961	994
			1962	995
			1963	995
			1964	995
			1965	995
			1966	995
			1967	995
			1968	995
			1969	995
			1970	995
			1971	996
			1972	996
			1973	996
			1974	996
			1975	996
			1976	996
			1977	996
			1978	996
			1979	996
			1980	996
			1981	996
			1982	996
			1983	997
			1984	997
			1985	997
			1986	997
			1987	997
			1988	997
			1989	997
			1990	997
			1991	997
			1992	997
			1993	997
			1994	997
			1995	997
			1996	997
			1997	998
			1998	998
			1999	998
			2000	998
			2001	998
			2002	998
			2003	998
			2004	998
			2005	998
			2006	998
			2007	998
			2008	998
			2009	998
			2010	998
			2011	998
			2012	998
			2013	998
			2014	998
			2015	998
			2016	998
			2017	998
			2018	998
			2019	998
			2020	998
			2021	998
			2022	998
			2023	998
			2024	998
			2025	998
			2026	998
			2027	998
			2028	998
			2029	998
			2030	998
			2031	998
			2032	998
			2033	998
			2034	998
			2035	998
			2036	998
			2037	998
			2038	998
			2039	998
			2040	998
			2041	998
			2042	998
			2043	998
			2044	998
			2045	998
			2046	998
			2047	998
			2048	998
			2049	998
			2050	998
			2051	998
			2052	998
			2053	998
			2054	998
			2055	998
			2056	998
			2057	998
			2058	998
			2059	998
			2060	998
			2061	998
			2062	998
		</Dorsal_adipose>
		<Adipose_caudal type=matrix rownames=FALSE colnames=FALSE nrow=202 ncol=2 as.numeric=TRUE >
			2062	998
			2063	998
			2064	998
			2065	998
			2066	998
			2067	998
			2068	998
			2069	999
			2070	999
			2071	999
			2072	999
			2073	999
			2074	999
			2074	1000
			2075	1000
			2076	1000
			2077	1000
			2078	1001
			2079	1001
			2080	1002
			2081	1002
			2082	1003
			2083	1003
			2084	1004
			2085	1004
			2085	1005
			2086	1005
			2087	1006
			2088	1007
			2089	1008
			2090	1009
			2091	1010
			2092	1010
			2092	1011
			2093	1012
			2094	1012
			2095	1013
			2096	1013
			2097	1013
			2098	1014
			2099	1014
			2100	1014
			2101	1014
			2102	1015
			2103	1015
			2104	1015
			2105	1015
			2106	1016
			2107	1016
			2108	1016
			2109	1017
			2110	1017
			2111	1017
			2112	1017
			2113	1017
			2114	1018
			2115	1018
			2116	1018
			2117	1018
			2118	1019
			2119	1019
			2120	1019
			2121	1019
			2122	1020
			2123	1020
			2124	1020
			2125	1020
			2126	1020
			2127	1020
			2128	1021
			2129	1021
			2130	1021
			2131	1021
			2132	1021
			2133	1022
			2134	1022
			2135	1022
			2136	1022
			2137	1022
			2138	1022
			2139	1022
			2140	1023
			2141	1023
			2142	1023
			2143	1023
			2144	1023
			2145	1023
			2146	1023
			2147	1024
			2148	1024
			2149	1024
			2150	1024
			2151	1024
			2152	1024
			2153	1024
			2154	1024
			2155	1024
			2156	1024
			2157	1025
			2158	1025
			2159	1025
			2160	1025
			2161	1025
			2162	1025
			2163	1025
			2164	1025
			2165	1025
			2166	1025
			2167	1025
			2168	1025
			2169	1025
			2170	1025
			2170	1026
			2171	1026
			2172	1026
			2173	1026
			2174	1026
			2175	1026
			2176	1026
			2177	1026
			2178	1026
			2179	1026
			2180	1026
			2181	1026
			2182	1026
			2183	1026
			2184	1026
			2185	1026
			2186	1026
			2187	1026
			2188	1026
			2189	1026
			2190	1026
			2191	1026
			2192	1026
			2193	1026
			2194	1026
			2195	1026
			2196	1026
			2197	1026
			2198	1026
			2199	1026
			2200	1026
			2201	1025
			2202	1025
			2203	1025
			2204	1025
			2205	1025
			2206	1025
			2207	1024
			2208	1024
			2209	1024
			2210	1024
			2211	1024
			2212	1023
			2213	1023
			2214	1023
			2215	1023
			2216	1023
			2217	1023
			2218	1022
			2219	1022
			2220	1022
			2221	1022
			2222	1022
			2223	1022
			2224	1022
			2225	1022
			2226	1022
			2227	1021
			2228	1021
			2229	1021
			2230	1021
			2231	1021
			2232	1021
			2233	1021
			2234	1021
			2235	1021
			2236	1021
			2237	1021
			2238	1021
			2239	1021
			2240	1021
			2241	1021
			2242	1021
			2243	1021
			2244	1021
			2245	1021
			2246	1021
			2247	1021
			2248	1021
			2249	1021
			2250	1021
			2251	1021
			2252	1022
			2253	1022
			2254	1022
			2255	1023
			2256	1023
			2257	1024
			2257	1025
			2258	1026
		</Adipose_caudal>
		<Caudal_anal type=matrix rownames=FALSE colnames=FALSE nrow=389 ncol=2 as.numeric=TRUE >
			2258	1155
			2257	1155
			2256	1156
			2255	1156
			2254	1156
			2253	1157
			2252	1157
			2251	1157
			2250	1157
			2249	1158
			2248	1158
			2247	1158
			2246	1158
			2245	1158
			2244	1158
			2243	1158
			2243	1159
			2242	1159
			2241	1159
			2240	1159
			2239	1159
			2238	1159
			2237	1159
			2236	1159
			2235	1159
			2234	1159
			2233	1159
			2232	1159
			2231	1159
			2230	1159
			2229	1159
			2228	1159
			2227	1159
			2226	1159
			2225	1159
			2224	1159
			2223	1159
			2222	1159
			2221	1159
			2220	1158
			2219	1158
			2218	1158
			2217	1158
			2216	1158
			2215	1158
			2214	1158
			2213	1158
			2212	1157
			2211	1157
			2210	1157
			2209	1157
			2208	1157
			2207	1157
			2207	1156
			2206	1156
			2205	1156
			2204	1156
			2203	1156
			2202	1156
			2201	1156
			2200	1156
			2199	1156
			2198	1156
			2197	1155
			2196	1155
			2195	1155
			2194	1155
			2193	1155
			2192	1155
			2191	1155
			2190	1155
			2189	1155
			2188	1155
			2187	1155
			2186	1155
			2185	1155
			2184	1155
			2183	1155
			2182	1155
			2181	1155
			2180	1155
			2179	1155
			2178	1155
			2177	1155
			2176	1155
			2175	1155
			2174	1155
			2173	1155
			2172	1155
			2171	1155
			2170	1155
			2169	1155
			2168	1155
			2167	1155
			2166	1155
			2165	1156
			2164	1156
			2163	1156
			2162	1156
			2161	1156
			2160	1156
			2159	1156
			2158	1156
			2157	1156
			2156	1156
			2155	1156
			2154	1156
			2153	1157
			2152	1157
			2151	1157
			2150	1157
			2149	1157
			2148	1157
			2147	1157
			2146	1157
			2145	1157
			2144	1158
			2143	1158
			2142	1158
			2141	1158
			2140	1158
			2139	1158
			2138	1158
			2137	1159
			2136	1159
			2135	1159
			2134	1159
			2133	1159
			2132	1159
			2131	1159
			2130	1160
			2129	1160
			2128	1160
			2127	1160
			2126	1160
			2125	1160
			2124	1161
			2123	1161
			2122	1161
			2121	1161
			2120	1161
			2119	1161
			2118	1162
			2117	1162
			2116	1162
			2115	1162
			2114	1162
			2113	1163
			2112	1163
			2111	1163
			2110	1163
			2109	1163
			2108	1163
			2107	1164
			2106	1164
			2105	1164
			2104	1164
			2103	1165
			2102	1165
			2101	1165
			2100	1165
			2099	1165
			2098	1166
			2097	1166
			2096	1166
			2095	1166
			2094	1166
			2093	1167
			2092	1167
			2091	1167
			2090	1167
			2089	1167
			2088	1167
			2087	1168
			2086	1168
			2085	1168
			2084	1168
			2083	1168
			2082	1168
			2081	1168
			2080	1169
			2079	1169
			2078	1169
			2077	1169
			2076	1169
			2075	1170
			2074	1170
			2073	1170
			2072	1170
			2071	1170
			2070	1170
			2069	1170
			2068	1171
			2067	1171
			2066	1171
			2065	1171
			2064	1171
			2063	1171
			2062	1172
			2061	1172
			2060	1172
			2059	1172
			2058	1172
			2057	1172
			2056	1173
			2055	1173
			2054	1173
			2053	1173
			2052	1173
			2051	1173
			2050	1174
			2049	1174
			2048	1174
			2047	1174
			2046	1174
			2045	1174
			2044	1175
			2043	1175
			2042	1175
			2041	1175
			2040	1175
			2039	1175
			2038	1175
			2037	1176
			2036	1176
			2035	1176
			2034	1176
			2033	1176
			2032	1177
			2031	1177
			2030	1177
			2029	1177
			2028	1177
			2027	1177
			2026	1177
			2025	1178
			2024	1178
			2023	1178
			2022	1178
			2021	1178
			2020	1178
			2019	1179
			2018	1179
			2017	1179
			2016	1179
			2015	1179
			2014	1179
			2013	1180
			2012	1180
			2011	1180
			2010	1180
			2009	1180
			2008	1180
			2007	1180
			2006	1181
			2005	1181
			2004	1181
			2003	1181
			2002	1181
			2001	1181
			2000	1182
			1999	1182
			1998	1182
			1997	1182
			1996	1182
			1995	1182
			1994	1182
			1994	1183
			1993	1183
			1992	1183
			1991	1183
			1990	1183
			1989	1183
			1988	1183
			1987	1184
			1986	1184
			1985	1184
			1984	1184
			1983	1184
			1982	1184
			1981	1185
			1980	1185
			1979	1185
			1978	1185
			1977	1185
			1976	1185
			1975	1185
			1974	1186
			1973	1186
			1972	1186
			1971	1186
			1970	1186
			1969	1186
			1968	1187
			1967	1187
			1966	1187
			1965	1187
			1964	1187
			1963	1187
			1962	1187
			1962	1188
			1961	1188
			1960	1188
			1959	1188
			1958	1188
			1957	1188
			1956	1188
			1955	1188
			1955	1189
			1954	1189
			1953	1189
			1952	1189
			1951	1189
			1950	1189
			1949	1189
			1948	1190
			1947	1190
			1946	1190
			1945	1190
			1944	1190
			1943	1190
			1942	1191
			1941	1191
			1940	1191
			1939	1191
			1938	1191
			1937	1191
			1936	1191
			1935	1192
			1934	1192
			1933	1192
			1932	1192
			1931	1192
			1930	1192
			1929	1192
			1928	1193
			1927	1193
			1926	1193
			1925	1193
			1924	1193
			1923	1193
			1922	1193
			1921	1194
			1920	1194
			1919	1194
			1918	1194
			1917	1194
			1916	1194
			1915	1194
			1914	1195
			1913	1195
			1912	1195
			1911	1195
			1910	1195
			1909	1195
			1908	1196
			1907	1196
			1906	1196
			1905	1196
			1904	1196
			1903	1196
			1902	1196
			1901	1196
			1900	1197
			1899	1197
			1898	1197
			1897	1197
			1896	1197
			1895	1197
			1894	1197
			1893	1198
			1892	1198
			1891	1198
			1890	1198
			1889	1198
			1888	1198
			1887	1198
			1886	1199
			1885	1199
			1884	1199
			1883	1199
			1882	1199
			1881	1199
			1880	1199
			1879	1199
			1878	1200
			1877	1200
			1876	1200
			1875	1200
		</Caudal_anal>
	</curves.pixel>
	<curves.scaled type=list>
		<Snout_dorsal type=matrix rownames=FALSE colnames=FALSE nrow=675 ncol=2 as.numeric=TRUE >
			44.2950305372437	-47.9486521478227
			44.2950305372437	-47.9076002196139
			44.253978609035	-47.8665482914052
			44.253978609035	-47.8254963631964
			44.2129266808262	-47.7844444349877
			44.2129266808262	-47.7433925067789
			44.2129266808262	-47.7023405785702
			44.1718747526175	-47.6612886503614
			44.1718747526175	-47.6202367221527
			44.1308228244087	-47.5791847939439
			44.1308228244087	-47.5381328657352
			44.1308228244087	-47.4970809375264
			44.0897708962	-47.4560290093177
			44.0897708962	-47.4149770811089
			44.0897708962	-47.3739251529001
			44.0487189679912	-47.3328732246914
			44.0487189679912	-47.2918212964826
			44.0487189679912	-47.2507693682739
			44.0076670397825	-47.2097174400651
			44.0076670397825	-47.1686655118564
			44.0076670397825	-47.1276135836476
			44.0076670397825	-47.0865616554389
			43.9666151115737	-47.0455097272301
			43.9666151115737	-47.0044577990214
			43.9666151115737	-46.9634058708126
			43.9666151115737	-46.9223539426039
			43.925563183365	-46.8813020143951
			43.925563183365	-46.8402500861864
			43.925563183365	-46.7991981579776
			43.925563183365	-46.7581462297689
			43.925563183365	-46.7170943015601
			43.8845112551562	-46.6760423733514
			43.8845112551562	-46.6349904451426
			43.8845112551562	-46.5939385169339
			43.8845112551562	-46.5528865887251
			43.8845112551562	-46.5118346605163
			43.8845112551562	-46.4707827323076
			43.8845112551562	-46.4297308040988
			43.8434593269475	-46.3886788758901
			43.8434593269475	-46.3476269476813
			43.8434593269475	-46.3065750194726
			43.8434593269475	-46.2655230912638
			43.8434593269475	-46.2244711630551
			43.8434593269475	-46.1834192348463
			43.8434593269475	-46.1423673066376
			43.8434593269475	-46.1013153784288
			43.8434593269475	-46.0602634502201
			43.8434593269475	-46.0192115220113
			43.8434593269475	-45.9781595938026
			43.8434593269475	-45.9371076655938
			43.8434593269475	-45.8960557373851
			43.8434593269475	-45.8550038091763
			43.8434593269475	-45.8139518809676
			43.8434593269475	-45.7728999527588
			43.8434593269475	-45.7318480245501
			43.8434593269475	-45.6907960963413
			43.8434593269475	-45.6497441681325
			43.8434593269475	-45.6086922399238
			43.8434593269475	-45.567640311715
			43.8434593269475	-45.5265883835063
			43.8434593269475	-45.4855364552975
			43.8845112551562	-45.4444845270888
			43.8845112551562	-45.40343259888
			43.8845112551562	-45.3623806706713
			43.8845112551562	-45.3213287424625
			43.8845112551562	-45.2802768142538
			43.8845112551562	-45.239224886045
			43.8845112551562	-45.1981729578363
			43.925563183365	-45.1571210296275
			43.925563183365	-45.1160691014188
			43.925563183365	-45.07501717321
			43.925563183365	-45.0339652450013
			43.925563183365	-44.9929133167925
			43.9666151115737	-44.9518613885838
			43.9666151115737	-44.910809460375
			43.9666151115737	-44.8697575321663
			43.9666151115737	-44.8287056039575
			44.0076670397825	-44.7876536757488
			44.0076670397825	-44.74660174754
			44.0076670397825	-44.7055498193312
			44.0076670397825	-44.6644978911225
			44.0487189679912	-44.6234459629137
			44.0487189679912	-44.582394034705
			44.0487189679912	-44.5413421064962
			44.0897708962	-44.5002901782875
			44.0897708962	-44.4592382500787
			44.0897708962	-44.41818632187
			44.1308228244087	-44.3771343936612
			44.1308228244087	-44.3360824654525
			44.1718747526175	-44.2950305372437
			44.1718747526175	-44.253978609035
			44.1718747526175	-44.2129266808262
			44.2129266808262	-44.2129266808262
			44.2129266808262	-44.1718747526175
			44.253978609035	-44.1308228244087
			44.253978609035	-44.0897708962
			44.2950305372437	-44.0487189679912
			44.2950305372437	-44.0076670397825
			44.2950305372437	-43.9666151115737
			44.3360824654525	-43.925563183365
			44.3360824654525	-43.8845112551562
			44.3771343936612	-43.8434593269475
			44.3771343936612	-43.8024073987387
			44.41818632187	-43.7613554705299
			44.41818632187	-43.7203035423212
			44.4592382500787	-43.6792516141124
			44.5002901782875	-43.6381996859037
			44.5002901782875	-43.5971477576949
			44.5413421064962	-43.5560958294862
			44.5413421064962	-43.5150439012774
			44.582394034705	-43.4739919730687
			44.582394034705	-43.4329400448599
			44.6234459629137	-43.4329400448599
			44.6644978911225	-43.3918881166512
			44.6644978911225	-43.3508361884424
			44.7055498193312	-43.3097842602337
			44.74660174754	-43.2687323320249
			44.74660174754	-43.2276804038162
			44.7876536757488	-43.1866284756074
			44.8287056039575	-43.1455765473987
			44.8287056039575	-43.1045246191899
			44.8697575321663	-43.0634726909812
			44.910809460375	-43.0224207627724
			44.910809460375	-42.9813688345637
			44.9518613885838	-42.9403169063549
			44.9929133167925	-42.8992649781461
			45.0339652450013	-42.8582130499374
			45.07501717321	-42.8171611217286
			45.1160691014188	-42.7761091935199
			45.1571210296275	-42.7350572653111
			45.1571210296275	-42.6940053371024
			45.1981729578363	-42.6940053371024
			45.1981729578363	-42.6529534088936
			45.239224886045	-42.6119014806849
			45.2802768142538	-42.5708495524761
			45.3213287424625	-42.5297976242674
			45.3623806706713	-42.4887456960586
			45.40343259888	-42.4476937678499
			45.40343259888	-42.4066418396411
			45.4444845270888	-42.3655899114324
			45.4855364552975	-42.3655899114324
			45.5265883835063	-42.3245379832236
			45.5265883835063	-42.2834860550149
			45.567640311715	-42.2424341268061
			45.6086922399238	-42.2013821985974
			45.6497441681325	-42.2013821985974
			45.6907960963413	-42.1603302703886
			45.6907960963413	-42.1192783421799
			45.7318480245501	-42.0782264139711
			45.7728999527588	-42.0782264139711
			45.8139518809676	-42.0371744857623
			45.8550038091763	-41.9961225575536
			45.8960557373851	-41.9550706293448
			45.8960557373851	-41.9140187011361
			45.9371076655938	-41.9140187011361
			45.9781595938026	-41.8729667729273
			46.0192115220113	-41.8319148447186
			46.0602634502201	-41.7908629165098
			46.1013153784288	-41.7908629165098
			46.1423673066376	-41.7498109883011
			46.1834192348463	-41.7087590600923
			46.1834192348463	-41.6677071318836
			46.2244711630551	-41.6266552036748
			46.2655230912638	-41.6266552036748
			46.3065750194726	-41.5856032754661
			46.3476269476813	-41.5445513472573
			46.3886788758901	-41.5034994190486
			46.4297308040988	-41.5034994190486
			46.4707827323076	-41.4624474908398
			46.5118346605163	-41.4213955626311
			46.5528865887251	-41.3803436344223
			46.5939385169339	-41.3803436344223
			46.6349904451426	-41.3392917062136
			46.6760423733514	-41.2982397780048
			46.7170943015601	-41.2571878497961
			46.7581462297689	-41.2161359215873
			46.7991981579776	-41.2161359215873
			46.8402500861864	-41.1750839933785
			46.8813020143951	-41.1340320651698
			46.9223539426039	-41.092980136961
			46.9634058708126	-41.092980136961
			47.0044577990214	-41.0519282087523
			47.0455097272301	-41.0108762805435
			47.0865616554389	-40.9698243523348
			47.1276135836476	-40.9698243523348
			47.1686655118564	-40.928772424126
			47.2097174400651	-40.8877204959173
			47.2507693682739	-40.8877204959173
			47.2918212964826	-40.8466685677085
			47.3328732246914	-40.8056166394998
			47.3739251529001	-40.764564711291
			47.4149770811089	-40.764564711291
			47.4560290093177	-40.7235127830823
			47.4970809375264	-40.7235127830823
			47.5381328657352	-40.6824608548735
			47.5791847939439	-40.6824608548735
			47.5791847939439	-40.6414089266648
			47.6202367221527	-40.6414089266648
			47.6612886503614	-40.600356998456
			47.7023405785702	-40.600356998456
			47.7433925067789	-40.5593050702473
			47.7844444349877	-40.5593050702473
			47.7844444349877	-40.5182531420385
			47.8254963631964	-40.4772012138298
			47.8665482914052	-40.4772012138298
			47.9076002196139	-40.436149285621
			47.9486521478227	-40.436149285621
			47.9897040760314	-40.3950973574123
			48.0307560042402	-40.3950973574123
			48.0307560042402	-40.3540454292035
			48.0718079324489	-40.3540454292035
			48.1128598606577	-40.3129935009948
			48.1539117888664	-40.3129935009948
			48.1949637170752	-40.271941572786
			48.2360156452839	-40.271941572786
			48.2770675734927	-40.2308896445772
			48.3181195017015	-40.1898377163685
			48.3591714299102	-40.1898377163685
			48.3591714299102	-40.1487857881597
			48.400223358119	-40.1487857881597
			48.4412752863277	-40.107733859951
			48.4823272145365	-40.107733859951
			48.5233791427452	-40.0666819317422
			48.564431070954	-40.0666819317422
			48.6054829991627	-40.0256300035335
			48.6465349273715	-40.0256300035335
			48.6875868555802	-39.9845780753247
			48.728638783789	-39.9845780753247
			48.7696907119977	-39.943526147116
			48.8107426402065	-39.943526147116
			48.8517945684152	-39.9024742189072
			48.892846496624	-39.9024742189072
			48.9338984248327	-39.8614222906985
			48.9749503530415	-39.8614222906985
			49.0160022812502	-39.8203703624897
			49.057054209459	-39.779318434281
			49.0981061376677	-39.7382665060722
			49.1391580658765	-39.7382665060722
			49.1802099940852	-39.7382665060722
			49.221261922294	-39.6972145778635
			49.2623138505028	-39.6972145778635
			49.3033657787115	-39.6561626496547
			49.3444177069203	-39.615110721446
			49.385469635129	-39.615110721446
			49.4265215633378	-39.615110721446
			49.4675734915465	-39.5740587932372
			49.5086254197553	-39.5740587932372
			49.549677347964	-39.5740587932372
			49.5907292761728	-39.5330068650285
			49.6317812043815	-39.5330068650285
			49.6728331325903	-39.5330068650285
			49.713885060799	-39.5330068650285
			49.7549369890078	-39.4919549368197
			49.7959889172165	-39.4919549368197
			49.8370408454253	-39.4919549368197
			49.878092773634	-39.4919549368197
			49.878092773634	-39.450903008611
			49.9191447018428	-39.450903008611
			49.9601966300515	-39.450903008611
			50.0012485582603	-39.450903008611
			50.042300486469	-39.4098510804022
			50.0833524146778	-39.4098510804022
			50.1244043428865	-39.4098510804022
			50.1654562710953	-39.3687991521935
			50.2065081993041	-39.3687991521935
			50.2475601275128	-39.3687991521935
			50.2886120557216	-39.3277472239847
			50.3296639839303	-39.3277472239847
			50.3707159121391	-39.3277472239847
			50.4117678403478	-39.3277472239847
			50.4528197685566	-39.3277472239847
			50.4528197685566	-39.2866952957759
			50.4938716967653	-39.2866952957759
			50.5349236249741	-39.2866952957759
			50.5759755531828	-39.2866952957759
			50.6170274813916	-39.2456433675672
			50.6580794096003	-39.2456433675672
			50.6991313378091	-39.2456433675672
			50.7401832660178	-39.2456433675672
			50.7812351942266	-39.2045914393584
			50.8222871224353	-39.2045914393584
			50.8633390506441	-39.2045914393584
			50.9043909788528	-39.1635395111497
			50.9454429070616	-39.1635395111497
			50.9864948352703	-39.1635395111497
			51.0275467634791	-39.1635395111497
			51.0685986916879	-39.1635395111497
			51.0685986916879	-39.1224875829409
			51.1096506198966	-39.1224875829409
			51.1507025481054	-39.1224875829409
			51.1917544763141	-39.1224875829409
			51.2328064045229	-39.0814356547322
			51.2738583327316	-39.0814356547322
			51.3149102609404	-39.0814356547322
			51.3559621891491	-39.0814356547322
			51.3970141173579	-39.0403837265234
			51.4380660455666	-39.0403837265234
			51.4791179737754	-39.0403837265234
			51.5201699019841	-38.9993317983147
			51.5612218301929	-38.9993317983147
			51.6022737584016	-38.9993317983147
			51.6433256866104	-38.9993317983147
			51.6843776148191	-38.9582798701059
			51.7254295430279	-38.9582798701059
			51.7664814712366	-38.9582798701059
			51.8075333994454	-38.9582798701059
			51.8485853276541	-38.9582798701059
			51.8485853276541	-38.9172279418972
			51.8896372558629	-38.9172279418972
			51.9306891840717	-38.9172279418972
			51.9717411122804	-38.9172279418972
			52.0127930404892	-38.9172279418972
			52.0127930404892	-38.8761760136884
			52.0538449686979	-38.8761760136884
			52.0948968969067	-38.8761760136884
			52.1359488251154	-38.8761760136884
			52.1770007533242	-38.8761760136884
			52.1770007533242	-38.8351240854797
			52.2180526815329	-38.8351240854797
			52.2591046097417	-38.8351240854797
			52.3001565379504	-38.8351240854797
			52.3412084661592	-38.7940721572709
			52.3822603943679	-38.7940721572709
			52.4233123225767	-38.7940721572709
			52.4643642507854	-38.7940721572709
			52.5054161789942	-38.7940721572709
			52.5464681072029	-38.7530202290622
			52.5875200354117	-38.7530202290622
			52.6285719636204	-38.7530202290622
			52.6696238918292	-38.7530202290622
			52.7106758200379	-38.7119683008534
			52.7517277482467	-38.7119683008534
			52.7927796764555	-38.7119683008534
			52.8338316046642	-38.7119683008534
			52.874883532873	-38.6709163726447
			52.9159354610817	-38.6709163726447
			52.9569873892905	-38.6709163726447
			52.9980393174992	-38.6709163726447
			53.039091245708	-38.6298644444359
			53.0801431739167	-38.6298644444359
			53.1211951021255	-38.6298644444359
			53.1622470303342	-38.6298644444359
			53.203298958543	-38.6298644444359
			53.2443508867517	-38.5888125162272
			53.2854028149605	-38.5888125162272
			53.3264547431692	-38.5888125162272
			53.367506671378	-38.5888125162272
			53.4085585995867	-38.5477605880184
			53.4496105277955	-38.5477605880184
			53.4906624560042	-38.5477605880184
			53.531714384213	-38.5477605880184
			53.5727663124217	-38.5477605880184
			53.6138182406305	-38.5067086598097
			53.6548701688393	-38.5067086598097
			53.695922097048	-38.5067086598097
			53.7369740252568	-38.5067086598097
			53.7780259534655	-38.4656567316009
			53.8190778816743	-38.4656567316009
			53.860129809883	-38.4656567316009
			53.9011817380918	-38.4656567316009
			53.9422336663005	-38.4656567316009
			53.9832855945093	-38.4246048033921
			54.024337522718	-38.4246048033921
			54.0653894509268	-38.4246048033921
			54.1064413791355	-38.4246048033921
			54.1474933073443	-38.4246048033921
			54.188545235553	-38.3835528751834
			54.2295971637618	-38.3835528751834
			54.2706490919705	-38.3835528751834
			54.3117010201793	-38.3835528751834
			54.352752948388	-38.3835528751834
			54.352752948388	-38.3425009469746
			54.3938048765968	-38.3425009469746
			54.4348568048055	-38.3425009469746
			54.4759087330143	-38.3425009469746
			54.516960661223	-38.3425009469746
			54.5580125894318	-38.3014490187659
			54.5990645176405	-38.3014490187659
			54.6401164458493	-38.3014490187659
			54.6811683740581	-38.3014490187659
			54.7222203022668	-38.3014490187659
			54.7632722304756	-38.2603970905571
			54.8043241586843	-38.2603970905571
			54.8453760868931	-38.2603970905571
			54.8864280151018	-38.2603970905571
			54.9274799433106	-38.2603970905571
			54.9685318715193	-38.2193451623484
			55.0095837997281	-38.2193451623484
			55.0506357279368	-38.2193451623484
			55.0916876561456	-38.2193451623484
			55.1327395843543	-38.2193451623484
			55.1737915125631	-38.2193451623484
			55.2148434407718	-38.1782932341396
			55.2558953689806	-38.1782932341396
			55.2969472971893	-38.1782932341396
			55.3379992253981	-38.1782932341396
			55.3790511536068	-38.1782932341396
			55.4201030818156	-38.1372413059309
			55.4611550100243	-38.1372413059309
			55.5022069382331	-38.1372413059309
			55.5432588664419	-38.1372413059309
			55.5843107946506	-38.1372413059309
			55.6253627228594	-38.1372413059309
			55.6664146510681	-38.0961893777221
			55.7074665792769	-38.0961893777221
			55.7485185074856	-38.0961893777221
			55.7895704356944	-38.0961893777221
			55.8306223639031	-38.0961893777221
			55.8716742921119	-38.0551374495134
			55.9127262203206	-38.0551374495134
			55.9537781485294	-38.0551374495134
			55.9948300767381	-38.0551374495134
			56.0358820049469	-38.0551374495134
			56.0769339331556	-38.0551374495134
			56.1179858613644	-38.0140855213046
			56.1590377895731	-38.0140855213046
			56.2000897177819	-38.0140855213046
			56.2411416459906	-38.0140855213046
			56.2821935741994	-38.0140855213046
			56.3232455024081	-38.0140855213046
			56.3642974306169	-37.9730335930959
			56.4053493588257	-37.9730335930959
			56.4464012870344	-37.9730335930959
			56.4874532152432	-37.9730335930959
			56.5285051434519	-37.9730335930959
			56.5695570716607	-37.9730335930959
			56.6106089998694	-37.9319816648871
			56.6516609280782	-37.9319816648871
			56.6927128562869	-37.9319816648871
			56.7337647844957	-37.9319816648871
			56.7748167127044	-37.9319816648871
			56.8158686409132	-37.9319816648871
			56.8569205691219	-37.8909297366784
			56.8979724973307	-37.8909297366784
			56.9390244255394	-37.8909297366784
			56.9800763537482	-37.8909297366784
			57.0211282819569	-37.8909297366784
			57.0621802101657	-37.8909297366784
			57.1032321383744	-37.8498778084696
			57.1442840665832	-37.8498778084696
			57.1853359947919	-37.8498778084696
			57.2263879230007	-37.8498778084696
			57.2674398512095	-37.8498778084696
			57.3084917794182	-37.8498778084696
			57.349543707627	-37.8088258802609
			57.3905956358357	-37.8088258802609
			57.4316475640445	-37.8088258802609
			57.4726994922532	-37.8088258802609
			57.513751420462	-37.8088258802609
			57.5548033486707	-37.8088258802609
			57.5958552768795	-37.8088258802609
			57.6369072050882	-37.7677739520521
			57.677959133297	-37.7677739520521
			57.7190110615057	-37.7677739520521
			57.7600629897145	-37.7677739520521
			57.8011149179232	-37.7677739520521
			57.842166846132	-37.7677739520521
			57.8832187743407	-37.7677739520521
			57.9242707025495	-37.7677739520521
			57.9653226307582	-37.7267220238434
			58.006374558967	-37.7267220238434
			58.0474264871757	-37.7267220238434
			58.0884784153845	-37.7267220238434
			58.1295303435933	-37.7267220238434
			58.170582271802	-37.7267220238434
			58.2116342000108	-37.7267220238434
			58.2526861282195	-37.6856700956346
			58.2937380564283	-37.6856700956346
			58.334789984637	-37.6856700956346
			58.3758419128458	-37.6856700956346
			58.4168938410545	-37.6856700956346
			58.4579457692633	-37.6856700956346
			58.498997697472	-37.6856700956346
			58.5400496256808	-37.6856700956346
			58.5811015538895	-37.6446181674259
			58.6221534820983	-37.6446181674259
			58.663205410307	-37.6446181674259
			58.7042573385158	-37.6446181674259
			58.7453092667245	-37.6446181674259
			58.7863611949333	-37.6446181674259
			58.827413123142	-37.6446181674259
			58.8684650513508	-37.6035662392171
			58.9095169795595	-37.6035662392171
			58.9505689077683	-37.6035662392171
			58.991620835977	-37.6035662392171
			59.0326727641858	-37.6035662392171
			59.0737246923945	-37.6035662392171
			59.1147766206033	-37.6035662392171
			59.1558285488121	-37.6035662392171
			59.1968804770208	-37.6035662392171
			59.2379324052296	-37.5625143110083
			59.2789843334383	-37.5625143110083
			59.3200362616471	-37.5625143110083
			59.3610881898558	-37.5625143110083
			59.4021401180646	-37.5625143110083
			59.4431920462733	-37.5625143110083
			59.4842439744821	-37.5625143110083
			59.5252959026908	-37.5625143110083
			59.5663478308996	-37.5625143110083
			59.6073997591083	-37.5625143110083
			59.6484516873171	-37.5625143110083
			59.6895036155258	-37.5625143110083
			59.7305555437346	-37.5625143110083
			59.7716074719433	-37.5625143110083
			59.8126594001521	-37.5214623827996
			59.8537113283608	-37.5214623827996
			59.8947632565696	-37.5214623827996
			59.9358151847783	-37.5214623827996
			59.9768671129871	-37.5214623827996
			60.0179190411959	-37.5214623827996
			60.0589709694046	-37.5214623827996
			60.1000228976134	-37.5214623827996
			60.1410748258221	-37.5214623827996
			60.1821267540309	-37.5214623827996
			60.2231786822396	-37.5214623827996
			60.2642306104484	-37.5214623827996
			60.3052825386571	-37.5214623827996
			60.3463344668659	-37.5214623827996
			60.3873863950746	-37.5214623827996
			60.4284383232834	-37.5214623827996
			60.4694902514921	-37.5214623827996
			60.5105421797009	-37.5214623827996
			60.5515941079096	-37.4804104545908
			60.5926460361184	-37.4804104545908
			60.6336979643271	-37.4804104545908
			60.6747498925359	-37.4804104545908
			60.7158018207446	-37.4804104545908
			60.7568537489534	-37.4804104545908
			60.7979056771621	-37.4804104545908
			60.8389576053709	-37.4804104545908
			60.8800095335797	-37.4804104545908
			60.9210614617884	-37.4804104545908
			60.9621133899972	-37.4804104545908
			61.0031653182059	-37.4804104545908
			61.0442172464147	-37.4804104545908
			61.0852691746234	-37.4804104545908
			61.1263211028322	-37.4804104545908
			61.1673730310409	-37.4804104545908
			61.2084249592497	-37.4393585263821
			61.2494768874584	-37.4393585263821
			61.2905288156672	-37.4393585263821
			61.3315807438759	-37.4393585263821
			61.3726326720847	-37.4393585263821
			61.4136846002934	-37.4393585263821
			61.4547365285022	-37.4393585263821
			61.4957884567109	-37.4393585263821
			61.5368403849197	-37.4393585263821
			61.5778923131284	-37.4393585263821
			61.6189442413372	-37.4393585263821
			61.6599961695459	-37.4393585263821
			61.7010480977547	-37.4393585263821
			61.7421000259635	-37.4393585263821
			61.7831519541722	-37.4393585263821
			61.824203882381	-37.4393585263821
			61.824203882381	-37.3983065981733
			61.8652558105897	-37.3983065981733
			61.9063077387985	-37.3983065981733
			61.9473596670072	-37.3983065981733
			61.988411595216	-37.3983065981733
			62.0294635234247	-37.3983065981733
			62.0705154516335	-37.3983065981733
			62.1115673798422	-37.3983065981733
			62.152619308051	-37.3983065981733
			62.1936712362597	-37.3983065981733
			62.2347231644685	-37.3983065981733
			62.2757750926772	-37.3983065981733
			62.316827020886	-37.3983065981733
			62.3578789490947	-37.3983065981733
			62.3989308773035	-37.3983065981733
			62.4399828055122	-37.3572546699646
			62.481034733721	-37.3572546699646
			62.5220866619297	-37.3572546699646
			62.5631385901385	-37.3572546699646
			62.6041905183473	-37.3572546699646
			62.645242446556	-37.3572546699646
			62.6862943747648	-37.3572546699646
			62.7273463029735	-37.3572546699646
			62.7683982311823	-37.3572546699646
			62.809450159391	-37.3572546699646
			62.8505020875998	-37.3572546699646
			62.8915540158085	-37.3572546699646
			62.9326059440173	-37.3572546699646
			62.973657872226	-37.3162027417558
			63.0147098004348	-37.3162027417558
			63.0557617286435	-37.3162027417558
			63.0968136568523	-37.3162027417558
			63.137865585061	-37.3162027417558
			63.1789175132698	-37.3162027417558
			63.2199694414785	-37.3162027417558
			63.2610213696873	-37.3162027417558
			63.302073297896	-37.3162027417558
			63.3431252261048	-37.3162027417558
			63.3841771543135	-37.3162027417558
			63.4252290825223	-37.3162027417558
			63.466281010731	-37.2751508135471
			63.5073329389398	-37.2751508135471
			63.5483848671485	-37.2751508135471
			63.5894367953573	-37.2751508135471
			63.6304887235661	-37.2751508135471
			63.6715406517748	-37.2751508135471
			63.7125925799836	-37.2751508135471
			63.7536445081923	-37.2751508135471
			63.7946964364011	-37.2751508135471
			63.8357483646098	-37.2751508135471
			63.8768002928186	-37.2751508135471
			63.8768002928186	-37.2340988853383
			63.9178522210273	-37.2340988853383
			63.9589041492361	-37.2340988853383
			63.9999560774448	-37.2340988853383
			64.0410080056536	-37.2340988853383
			64.0820599338623	-37.2340988853383
			64.1231118620711	-37.2340988853383
			64.1641637902798	-37.2340988853383
			64.2052157184886	-37.2340988853383
			64.2462676466973	-37.2340988853383
			64.2873195749061	-37.2340988853383
			64.3283715031149	-37.1930469571296
			64.3694234313236	-37.1930469571296
			64.4104753595324	-37.1930469571296
			64.4515272877411	-37.1930469571296
			64.4925792159499	-37.1930469571296
			64.5336311441586	-37.1930469571296
			64.5746830723674	-37.1930469571296
			64.6157350005761	-37.1930469571296
			64.6567869287849	-37.1930469571296
			64.6978388569936	-37.1519950289208
			64.7388907852024	-37.1519950289208
			64.7799427134111	-37.1519950289208
			64.8209946416199	-37.1519950289208
			64.8620465698286	-37.1519950289208
			64.9030984980374	-37.1519950289208
			64.9441504262461	-37.1519950289208
			64.9852023544549	-37.1519950289208
			65.0262542826636	-37.1519950289208
			65.0673062108724	-37.1109431007121
			65.1083581390811	-37.1109431007121
			65.1494100672899	-37.1109431007121
			65.1904619954986	-37.1109431007121
			65.2315139237074	-37.1109431007121
			65.2725658519162	-37.1109431007121
			65.3136177801249	-37.1109431007121
			65.3546697083337	-37.1109431007121
			65.3957216365424	-37.0698911725033
			65.4367735647512	-37.0698911725033
			65.4778254929599	-37.0698911725033
			65.5188774211687	-37.0698911725033
			65.5599293493774	-37.0698911725033
			65.6009812775862	-37.0698911725033
			65.6420332057949	-37.0698911725033
			65.6830851340037	-37.0288392442946
			65.7241370622124	-37.0288392442946
			65.7651889904212	-37.0288392442946
			65.8062409186299	-37.0288392442946
			65.8472928468387	-37.0288392442946
			65.8883447750474	-37.0288392442946
			65.9293967032562	-37.0288392442946
			65.9704486314649	-36.9877873160858
			66.0115005596737	-36.9877873160858
			66.0525524878824	-36.9877873160858
			66.0936044160912	-36.9877873160858
			66.1346563442999	-36.9877873160858
			66.1757082725087	-36.9877873160858
			66.2167602007174	-36.9467353878771
			66.2578121289262	-36.9467353878771
			66.2988640571349	-36.9467353878771
			66.3399159853437	-36.9467353878771
			66.3809679135525	-36.9467353878771
			66.4220198417612	-36.9467353878771
			66.46307176997	-36.9056834596683
			66.5041236981787	-36.9056834596683
			66.5451756263875	-36.9056834596683
			66.5862275545962	-36.9056834596683
			66.627279482805	-36.8646315314596
			66.6683314110137	-36.8646315314596
			66.7093833392225	-36.8646315314596
		</Snout_dorsal>
		<Dorsal_adipose type=matrix rownames=FALSE colnames=FALSE nrow=445 ncol=2 as.numeric=TRUE >
			66.7093833392225	-36.8646315314596
			66.7504352674312	-36.8646315314596
			66.79148719564	-36.9056834596683
			66.8325391238487	-36.9056834596683
			66.8735910520575	-36.9056834596683
			66.9146429802662	-36.9467353878771
			66.955694908475	-36.9467353878771
			66.9967468366837	-36.9467353878771
			67.0377987648925	-36.9877873160858
			67.0788506931012	-36.9877873160858
			67.11990262131	-36.9877873160858
			67.1609545495187	-37.0288392442946
			67.2020064777275	-37.0288392442946
			67.2430584059363	-37.0288392442946
			67.284110334145	-37.0698911725033
			67.3251622623538	-37.0698911725033
			67.3662141905625	-37.0698911725033
			67.4072661187713	-37.1109431007121
			67.44831804698	-37.1109431007121
			67.4893699751888	-37.1109431007121
			67.5304219033975	-37.1519950289208
			67.5714738316063	-37.1519950289208
			67.612525759815	-37.1519950289208
			67.6535776880238	-37.1930469571296
			67.6946296162325	-37.1930469571296
			67.7356815444413	-37.1930469571296
			67.77673347265	-37.1930469571296
			67.8177854008588	-37.2340988853383
			67.8588373290675	-37.2340988853383
			67.8998892572763	-37.2340988853383
			67.8998892572763	-37.2751508135471
			67.940941185485	-37.2751508135471
			67.9819931136938	-37.2751508135471
			68.0230450419025	-37.3162027417558
			68.0640969701113	-37.3162027417558
			68.1051488983201	-37.3162027417558
			68.1462008265288	-37.3162027417558
			68.1872527547376	-37.3572546699646
			68.2283046829463	-37.3572546699646
			68.2693566111551	-37.3572546699646
			68.3104085393638	-37.3983065981733
			68.3514604675726	-37.3983065981733
			68.3925123957813	-37.3983065981733
			68.4335643239901	-37.4393585263821
			68.4746162521988	-37.4393585263821
			68.5156681804076	-37.4393585263821
			68.5567201086163	-37.4804104545908
			68.5977720368251	-37.4804104545908
			68.6388239650338	-37.4804104545908
			68.6798758932426	-37.5214623827996
			68.7209278214513	-37.5214623827996
			68.7619797496601	-37.5214623827996
			68.8030316778688	-37.5625143110083
			68.8440836060776	-37.5625143110083
			68.8851355342863	-37.5625143110083
			68.9261874624951	-37.6035662392171
			68.9672393907039	-37.6035662392171
			69.0082913189126	-37.6035662392171
			69.0493432471214	-37.6035662392171
			69.0903951753301	-37.6446181674259
			69.1314471035389	-37.6446181674259
			69.1724990317476	-37.6446181674259
			69.1724990317476	-37.6856700956346
			69.2135509599564	-37.6856700956346
			69.2546028881651	-37.6856700956346
			69.2956548163739	-37.6856700956346
			69.3367067445826	-37.7267220238434
			69.3777586727914	-37.7267220238434
			69.4188106010001	-37.7267220238434
			69.4598625292089	-37.7677739520521
			69.5009144574176	-37.7677739520521
			69.5419663856264	-37.7677739520521
			69.5830183138351	-37.8088258802609
			69.6240702420439	-37.8088258802609
			69.6651221702526	-37.8088258802609
			69.7061740984614	-37.8498778084696
			69.7472260266701	-37.8498778084696
			69.7882779548789	-37.8498778084696
			69.8293298830877	-37.8909297366784
			69.8703818112964	-37.8909297366784
			69.9114337395052	-37.8909297366784
			69.9524856677139	-37.8909297366784
			69.9935375959227	-37.9319816648871
			70.0345895241314	-37.9319816648871
			70.0756414523402	-37.9319816648871
			70.1166933805489	-37.9730335930959
			70.1577453087577	-37.9730335930959
			70.1987972369664	-37.9730335930959
			70.2398491651752	-38.0140855213046
			70.2809010933839	-38.0140855213046
			70.3219530215927	-38.0140855213046
			70.3630049498014	-38.0551374495134
			70.4040568780102	-38.0551374495134
			70.4451088062189	-38.0551374495134
			70.4861607344277	-38.0961893777221
			70.5272126626364	-38.0961893777221
			70.5682645908452	-38.0961893777221
			70.6093165190539	-38.0961893777221
			70.6093165190539	-38.1372413059309
			70.6503684472627	-38.1372413059309
			70.6914203754715	-38.1372413059309
			70.7324723036802	-38.1372413059309
			70.773524231889	-38.1782932341396
			70.8145761600977	-38.1782932341396
			70.8556280883065	-38.1782932341396
			70.8966800165152	-38.2193451623484
			70.937731944724	-38.2193451623484
			70.9787838729327	-38.2193451623484
			71.0198358011415	-38.2603970905571
			71.0608877293502	-38.2603970905571
			71.101939657559	-38.2603970905571
			71.1429915857677	-38.3014490187659
			71.1840435139765	-38.3014490187659
			71.2250954421852	-38.3014490187659
			71.266147370394	-38.3014490187659
			71.3071992986027	-38.3425009469746
			71.3482512268115	-38.3425009469746
			71.3893031550202	-38.3835528751834
			71.430355083229	-38.3835528751834
			71.4714070114377	-38.3835528751834
			71.5124589396465	-38.3835528751834
			71.5535108678553	-38.4246048033921
			71.594562796064	-38.4246048033921
			71.6356147242728	-38.4246048033921
			71.6766666524815	-38.4656567316009
			71.7177185806903	-38.4656567316009
			71.758770508899	-38.4656567316009
			71.7998224371078	-38.5067086598097
			71.8408743653165	-38.5067086598097
			71.8819262935253	-38.5067086598097
			71.922978221734	-38.5067086598097
			71.9640301499428	-38.5477605880184
			72.0050820781515	-38.5477605880184
			72.0461340063603	-38.5477605880184
			72.087185934569	-38.5888125162272
			72.1282378627778	-38.5888125162272
			72.1692897909865	-38.5888125162272
			72.2103417191953	-38.5888125162272
			72.251393647404	-38.6298644444359
			72.2924455756128	-38.6298644444359
			72.3334975038215	-38.6298644444359
			72.3745494320303	-38.6709163726447
			72.4156013602391	-38.6709163726447
			72.4566532884478	-38.7119683008534
			72.4977052166566	-38.7119683008534
			72.5387571448653	-38.7119683008534
			72.5798090730741	-38.7119683008534
			72.6208610012828	-38.7119683008534
			72.6208610012828	-38.7530202290622
			72.6619129294916	-38.7530202290622
			72.7029648577003	-38.7530202290622
			72.7440167859091	-38.7530202290622
			72.7850687141178	-38.7940721572709
			72.8261206423266	-38.7940721572709
			72.8671725705353	-38.7940721572709
			72.9082244987441	-38.8351240854797
			72.9492764269528	-38.8351240854797
			72.9903283551616	-38.8351240854797
			73.0313802833703	-38.8761760136884
			73.0724322115791	-38.8761760136884
			73.1134841397878	-38.8761760136884
			73.1545360679966	-38.8761760136884
			73.1955879962053	-38.9172279418972
			73.2366399244141	-38.9172279418972
			73.2776918526229	-38.9172279418972
			73.3187437808316	-38.9582798701059
			73.3597957090404	-38.9582798701059
			73.4008476372491	-38.9582798701059
			73.4418995654579	-38.9993317983147
			73.4829514936666	-38.9993317983147
			73.5240034218754	-38.9993317983147
			73.5650553500841	-39.0403837265234
			73.6061072782929	-39.0403837265234
			73.6471592065016	-39.0403837265234
			73.6882111347104	-39.0403837265234
			73.7292630629191	-39.0814356547322
			73.7703149911279	-39.0814356547322
			73.8113669193366	-39.0814356547322
			73.8524188475454	-39.1224875829409
			73.8934707757541	-39.1224875829409
			73.9345227039629	-39.1224875829409
			73.9755746321716	-39.1224875829409
			74.0166265603804	-39.1635395111497
			74.0576784885891	-39.1635395111497
			74.0987304167979	-39.1635395111497
			74.1397823450067	-39.2045914393584
			74.1808342732154	-39.2045914393584
			74.2218862014242	-39.2045914393584
			74.2629381296329	-39.2045914393584
			74.3039900578417	-39.2456433675672
			74.3450419860504	-39.2456433675672
			74.3860939142592	-39.2456433675672
			74.4271458424679	-39.2866952957759
			74.4681977706767	-39.2866952957759
			74.5092496988854	-39.2866952957759
			74.5503016270942	-39.3277472239847
			74.5913535553029	-39.3277472239847
			74.6324054835117	-39.3277472239847
			74.6734574117204	-39.3277472239847
			74.7145093399292	-39.3687991521935
			74.7555612681379	-39.3687991521935
			74.7966131963467	-39.3687991521935
			74.8376651245554	-39.4098510804022
			74.8787170527642	-39.4098510804022
			74.9197689809729	-39.4098510804022
			74.9608209091817	-39.4098510804022
			75.0018728373904	-39.450903008611
			75.0429247655992	-39.450903008611
			75.0839766938079	-39.450903008611
			75.1250286220167	-39.450903008611
			75.1660805502254	-39.4919549368197
			75.2071324784342	-39.4919549368197
			75.248184406643	-39.4919549368197
			75.2892363348517	-39.5330068650285
			75.3302882630605	-39.5330068650285
			75.3713401912692	-39.5330068650285
			75.412392119478	-39.5330068650285
			75.412392119478	-39.5740587932372
			75.4534440476867	-39.5740587932372
			75.4944959758955	-39.5740587932372
			75.5355479041042	-39.5740587932372
			75.576599832313	-39.615110721446
			75.6176517605217	-39.615110721446
			75.6587036887305	-39.615110721446
			75.6997556169392	-39.615110721446
			75.740807545148	-39.6561626496547
			75.7818594733567	-39.6561626496547
			75.8229114015655	-39.6561626496547
			75.8639633297742	-39.6972145778635
			75.905015257983	-39.6972145778635
			75.9460671861917	-39.6972145778635
			75.9871191144005	-39.6972145778635
			76.0281710426092	-39.7382665060722
			76.069222970818	-39.7382665060722
			76.1102748990267	-39.7382665060722
			76.1513268272355	-39.779318434281
			76.1923787554443	-39.779318434281
			76.233430683653	-39.779318434281
			76.2744826118618	-39.779318434281
			76.2744826118618	-39.8203703624897
			76.3155345400705	-39.8203703624897
			76.3565864682793	-39.8203703624897
			76.397638396488	-39.8203703624897
			76.4386903246968	-39.8614222906985
			76.4797422529055	-39.8614222906985
			76.5207941811143	-39.8614222906985
			76.561846109323	-39.8614222906985
			76.6028980375318	-39.9024742189072
			76.6439499657405	-39.9024742189072
			76.6850018939493	-39.9024742189072
			76.726053822158	-39.9024742189072
			76.7671057503668	-39.943526147116
			76.8081576785755	-39.943526147116
			76.8492096067843	-39.943526147116
			76.890261534993	-39.9845780753247
			76.9313134632018	-39.9845780753247
			76.9723653914105	-40.0256300035335
			77.0134173196193	-40.0256300035335
			77.0544692478281	-40.0256300035335
			77.0955211760368	-40.0666819317422
			77.1365731042456	-40.0666819317422
			77.1776250324543	-40.0666819317422
			77.2186769606631	-40.107733859951
			77.2597288888718	-40.107733859951
			77.3007808170806	-40.107733859951
			77.3418327452893	-40.1487857881597
			77.3828846734981	-40.1487857881597
			77.4239366017068	-40.1487857881597
			77.4649885299156	-40.1898377163685
			77.5060404581243	-40.1898377163685
			77.5470923863331	-40.1898377163685
			77.5881443145418	-40.2308896445772
			77.6291962427506	-40.2308896445772
			77.6702481709593	-40.2308896445772
			77.7113000991681	-40.271941572786
			77.7523520273768	-40.271941572786
			77.7934039555856	-40.271941572786
			77.8344558837943	-40.3129935009948
			77.8755078120031	-40.3129935009948
			77.9165597402119	-40.3129935009948
			77.9576116684206	-40.3129935009948
			77.9986635966294	-40.3540454292035
			78.0397155248381	-40.3540454292035
			78.0807674530469	-40.3540454292035
			78.1218193812556	-40.3950973574123
			78.1628713094644	-40.3950973574123
			78.2039232376731	-40.3950973574123
			78.2449751658819	-40.3950973574123
			78.2860270940906	-40.436149285621
			78.3270790222994	-40.436149285621
			78.3681309505081	-40.436149285621
			78.4091828787169	-40.436149285621
			78.4502348069256	-40.436149285621
			78.4502348069256	-40.4772012138298
			78.4912867351344	-40.4772012138298
			78.5323386633431	-40.4772012138298
			78.5733905915519	-40.4772012138298
			78.6144425197606	-40.5182531420385
			78.6554944479694	-40.5182531420385
			78.6965463761781	-40.5182531420385
			78.7375983043869	-40.5182531420385
			78.7786502325957	-40.5182531420385
			78.8197021608044	-40.5593050702473
			78.8607540890132	-40.5593050702473
			78.9018060172219	-40.5593050702473
			78.9428579454307	-40.5593050702473
			78.9839098736394	-40.5593050702473
			79.0249618018482	-40.600356998456
			79.0660137300569	-40.600356998456
			79.1070656582657	-40.600356998456
			79.1481175864744	-40.600356998456
			79.1891695146832	-40.600356998456
			79.2302214428919	-40.6414089266648
			79.2712733711007	-40.6414089266648
			79.3123252993094	-40.6414089266648
			79.3533772275182	-40.6414089266648
			79.3944291557269	-40.6414089266648
			79.4354810839357	-40.6824608548735
			79.4765330121444	-40.6824608548735
			79.5175849403532	-40.6824608548735
			79.5586368685619	-40.6824608548735
			79.5996887967707	-40.6824608548735
			79.6407407249795	-40.6824608548735
			79.6817926531882	-40.7235127830823
			79.722844581397	-40.7235127830823
			79.7638965096057	-40.7235127830823
			79.8049484378145	-40.7235127830823
			79.8460003660232	-40.7235127830823
			79.887052294232	-40.7235127830823
			79.9281042224407	-40.7235127830823
			79.9691561506495	-40.764564711291
			80.0102080788582	-40.764564711291
			80.051260007067	-40.764564711291
			80.0923119352757	-40.764564711291
			80.1333638634845	-40.764564711291
			80.1744157916932	-40.764564711291
			80.215467719902	-40.8056166394998
			80.2565196481107	-40.8056166394998
			80.2975715763195	-40.8056166394998
			80.3386235045282	-40.8056166394998
			80.379675432737	-40.8056166394998
			80.4207273609457	-40.8056166394998
			80.4617792891545	-40.8056166394998
			80.5028312173633	-40.8056166394998
			80.543883145572	-40.8466685677085
			80.5849350737808	-40.8466685677085
			80.6259870019895	-40.8466685677085
			80.6670389301983	-40.8466685677085
			80.708090858407	-40.8466685677085
			80.7491427866158	-40.8466685677085
			80.7901947148245	-40.8466685677085
			80.8312466430333	-40.8466685677085
			80.872298571242	-40.8466685677085
			80.9133504994508	-40.8877204959173
			80.9544024276595	-40.8877204959173
			80.9954543558683	-40.8877204959173
			81.036506284077	-40.8877204959173
			81.0775582122858	-40.8877204959173
			81.1186101404945	-40.8877204959173
			81.1596620687033	-40.8877204959173
			81.200713996912	-40.8877204959173
			81.2417659251208	-40.8877204959173
			81.2828178533295	-40.8877204959173
			81.3238697815383	-40.8877204959173
			81.3649217097471	-40.8877204959173
			81.4059736379558	-40.928772424126
			81.4470255661646	-40.928772424126
			81.4880774943733	-40.928772424126
			81.5291294225821	-40.928772424126
			81.5701813507908	-40.928772424126
			81.6112332789996	-40.928772424126
			81.6522852072083	-40.928772424126
			81.6933371354171	-40.928772424126
			81.7343890636258	-40.928772424126
			81.7754409918346	-40.928772424126
			81.8164929200433	-40.928772424126
			81.8575448482521	-40.928772424126
			81.8985967764608	-40.928772424126
			81.9396487046696	-40.928772424126
			81.9807006328783	-40.9698243523348
			82.0217525610871	-40.9698243523348
			82.0628044892958	-40.9698243523348
			82.1038564175046	-40.9698243523348
			82.1449083457133	-40.9698243523348
			82.1859602739221	-40.9698243523348
			82.2270122021309	-40.9698243523348
			82.2680641303396	-40.9698243523348
			82.3091160585484	-40.9698243523348
			82.3501679867571	-40.9698243523348
			82.3912199149659	-40.9698243523348
			82.4322718431746	-40.9698243523348
			82.4733237713834	-40.9698243523348
			82.5143756995921	-40.9698243523348
			82.5554276278009	-40.9698243523348
			82.5964795560096	-40.9698243523348
			82.6375314842184	-40.9698243523348
			82.6785834124271	-40.9698243523348
			82.7196353406359	-40.9698243523348
			82.7606872688446	-40.9698243523348
			82.8017391970534	-40.9698243523348
			82.8427911252621	-40.9698243523348
			82.8838430534709	-40.9698243523348
			82.9248949816796	-40.9698243523348
			82.9659469098884	-40.9698243523348
			83.0069988380971	-40.9698243523348
			83.0480507663059	-40.9698243523348
			83.0891026945147	-40.9698243523348
			83.1301546227234	-40.9698243523348
			83.1712065509322	-40.9698243523348
			83.2122584791409	-40.9698243523348
			83.2533104073497	-40.9698243523348
			83.2943623355584	-40.9698243523348
			83.3354142637672	-40.9698243523348
			83.3764661919759	-40.9698243523348
			83.4175181201847	-40.9698243523348
			83.4585700483934	-40.9698243523348
			83.4996219766022	-40.9698243523348
			83.5406739048109	-40.9698243523348
			83.5817258330197	-40.9698243523348
			83.6227777612284	-40.9698243523348
			83.6638296894372	-40.9698243523348
			83.7048816176459	-40.9698243523348
			83.7459335458547	-40.9698243523348
			83.7869854740634	-40.9698243523348
			83.8280374022722	-40.9698243523348
			83.8690893304809	-40.9698243523348
			83.9101412586897	-40.9698243523348
			83.9511931868984	-40.9698243523348
			83.9922451151072	-40.9698243523348
			84.0332970433159	-40.9698243523348
			84.0743489715247	-40.9698243523348
			84.1154008997335	-40.9698243523348
			84.1564528279422	-40.9698243523348
			84.197504756151	-40.9698243523348
			84.2385566843597	-40.9698243523348
			84.2796086125685	-40.9698243523348
			84.3206605407772	-40.9698243523348
			84.361712468986	-40.9698243523348
			84.4027643971947	-40.9698243523348
			84.4438163254035	-40.9698243523348
			84.4848682536122	-40.9698243523348
			84.525920181821	-40.9698243523348
			84.5669721100297	-40.9698243523348
			84.6080240382385	-40.9698243523348
			84.6490759664472	-40.9698243523348
		</Dorsal_adipose>
		<Adipose_caudal type=matrix rownames=FALSE colnames=FALSE nrow=202 ncol=2 as.numeric=TRUE >
			84.6490759664472	-40.9698243523348
			84.690127894656	-40.9698243523348
			84.7311798228647	-40.9698243523348
			84.7722317510735	-40.9698243523348
			84.8132836792822	-40.9698243523348
			84.854335607491	-40.9698243523348
			84.8953875356997	-40.9698243523348
			84.9364394639085	-41.0108762805435
			84.9774913921172	-41.0108762805435
			85.018543320326	-41.0108762805435
			85.0595952485347	-41.0108762805435
			85.1006471767435	-41.0108762805435
			85.1416991049523	-41.0108762805435
			85.1416991049523	-41.0519282087523
			85.182751033161	-41.0519282087523
			85.2238029613698	-41.0519282087523
			85.2648548895785	-41.0519282087523
			85.3059068177873	-41.092980136961
			85.346958745996	-41.092980136961
			85.3880106742048	-41.1340320651698
			85.4290626024135	-41.1340320651698
			85.4701145306223	-41.1750839933785
			85.511166458831	-41.1750839933785
			85.5522183870398	-41.2161359215873
			85.5932703152485	-41.2161359215873
			85.5932703152485	-41.2571878497961
			85.6343222434573	-41.2571878497961
			85.675374171666	-41.2982397780048
			85.7164260998748	-41.3392917062136
			85.7574780280835	-41.3803436344223
			85.7985299562923	-41.4213955626311
			85.839581884501	-41.4624474908398
			85.8806338127098	-41.4624474908398
			85.8806338127098	-41.5034994190486
			85.9216857409185	-41.5445513472573
			85.9627376691273	-41.5445513472573
			86.0037895973361	-41.5856032754661
			86.0448415255448	-41.5856032754661
			86.0858934537536	-41.5856032754661
			86.1269453819623	-41.6266552036748
			86.1679973101711	-41.6266552036748
			86.2090492383798	-41.6266552036748
			86.2501011665886	-41.6266552036748
			86.2911530947973	-41.6677071318836
			86.3322050230061	-41.6677071318836
			86.3732569512148	-41.6677071318836
			86.4143088794236	-41.6677071318836
			86.4553608076323	-41.7087590600923
			86.4964127358411	-41.7087590600923
			86.5374646640498	-41.7087590600923
			86.5785165922586	-41.7498109883011
			86.6195685204673	-41.7498109883011
			86.6606204486761	-41.7498109883011
			86.7016723768848	-41.7498109883011
			86.7427243050936	-41.7498109883011
			86.7837762333023	-41.7908629165098
			86.8248281615111	-41.7908629165098
			86.8658800897199	-41.7908629165098
			86.9069320179286	-41.7908629165098
			86.9479839461374	-41.8319148447186
			86.9890358743461	-41.8319148447186
			87.0300878025549	-41.8319148447186
			87.0711397307636	-41.8319148447186
			87.1121916589724	-41.8729667729273
			87.1532435871811	-41.8729667729273
			87.1942955153899	-41.8729667729273
			87.2353474435986	-41.8729667729273
			87.2763993718074	-41.8729667729273
			87.3174513000161	-41.8729667729273
			87.3585032282249	-41.9140187011361
			87.3995551564336	-41.9140187011361
			87.4406070846424	-41.9140187011361
			87.4816590128511	-41.9140187011361
			87.5227109410599	-41.9140187011361
			87.5637628692686	-41.9550706293448
			87.6048147974774	-41.9550706293448
			87.6458667256861	-41.9550706293448
			87.6869186538949	-41.9550706293448
			87.7279705821037	-41.9550706293448
			87.7690225103124	-41.9550706293448
			87.8100744385212	-41.9550706293448
			87.8511263667299	-41.9961225575536
			87.8921782949387	-41.9961225575536
			87.9332302231474	-41.9961225575536
			87.9742821513562	-41.9961225575536
			88.0153340795649	-41.9961225575536
			88.0563860077737	-41.9961225575536
			88.0974379359824	-41.9961225575536
			88.1384898641912	-42.0371744857623
			88.1795417923999	-42.0371744857623
			88.2205937206087	-42.0371744857623
			88.2616456488174	-42.0371744857623
			88.3026975770262	-42.0371744857623
			88.3437495052349	-42.0371744857623
			88.3848014334437	-42.0371744857623
			88.4258533616524	-42.0371744857623
			88.4669052898612	-42.0371744857623
			88.5079572180699	-42.0371744857623
			88.5490091462787	-42.0782264139711
			88.5900610744875	-42.0782264139711
			88.6311130026962	-42.0782264139711
			88.672164930905	-42.0782264139711
			88.7132168591137	-42.0782264139711
			88.7542687873225	-42.0782264139711
			88.7953207155312	-42.0782264139711
			88.83637264374	-42.0782264139711
			88.8774245719487	-42.0782264139711
			88.9184765001575	-42.0782264139711
			88.9595284283662	-42.0782264139711
			89.000580356575	-42.0782264139711
			89.0416322847837	-42.0782264139711
			89.0826842129925	-42.0782264139711
			89.0826842129925	-42.1192783421799
			89.1237361412012	-42.1192783421799
			89.16478806941	-42.1192783421799
			89.2058399976187	-42.1192783421799
			89.2468919258275	-42.1192783421799
			89.2879438540362	-42.1192783421799
			89.328995782245	-42.1192783421799
			89.3700477104537	-42.1192783421799
			89.4110996386625	-42.1192783421799
			89.4521515668713	-42.1192783421799
			89.49320349508	-42.1192783421799
			89.5342554232888	-42.1192783421799
			89.5753073514975	-42.1192783421799
			89.6163592797063	-42.1192783421799
			89.657411207915	-42.1192783421799
			89.6984631361238	-42.1192783421799
			89.7395150643325	-42.1192783421799
			89.7805669925413	-42.1192783421799
			89.82161892075	-42.1192783421799
			89.8626708489588	-42.1192783421799
			89.9037227771675	-42.1192783421799
			89.9447747053763	-42.1192783421799
			89.985826633585	-42.1192783421799
			90.0268785617938	-42.1192783421799
			90.0679304900025	-42.1192783421799
			90.1089824182113	-42.1192783421799
			90.15003434642	-42.1192783421799
			90.1910862746288	-42.1192783421799
			90.2321382028375	-42.1192783421799
			90.2731901310463	-42.1192783421799
			90.3142420592551	-42.1192783421799
			90.3552939874638	-42.0782264139711
			90.3963459156726	-42.0782264139711
			90.4373978438813	-42.0782264139711
			90.4784497720901	-42.0782264139711
			90.5195017002988	-42.0782264139711
			90.5605536285076	-42.0782264139711
			90.6016055567163	-42.0371744857623
			90.6426574849251	-42.0371744857623
			90.6837094131338	-42.0371744857623
			90.7247613413426	-42.0371744857623
			90.7658132695513	-42.0371744857623
			90.8068651977601	-41.9961225575536
			90.8479171259688	-41.9961225575536
			90.8889690541776	-41.9961225575536
			90.9300209823863	-41.9961225575536
			90.9710729105951	-41.9961225575536
			91.0121248388038	-41.9961225575536
			91.0531767670126	-41.9550706293448
			91.0942286952213	-41.9550706293448
			91.1352806234301	-41.9550706293448
			91.1763325516389	-41.9550706293448
			91.2173844798476	-41.9550706293448
			91.2584364080564	-41.9550706293448
			91.2994883362651	-41.9550706293448
			91.3405402644739	-41.9550706293448
			91.3815921926826	-41.9550706293448
			91.4226441208914	-41.9140187011361
			91.4636960491001	-41.9140187011361
			91.5047479773089	-41.9140187011361
			91.5457999055176	-41.9140187011361
			91.5868518337264	-41.9140187011361
			91.6279037619351	-41.9140187011361
			91.6689556901439	-41.9140187011361
			91.7100076183526	-41.9140187011361
			91.7510595465614	-41.9140187011361
			91.7921114747701	-41.9140187011361
			91.8331634029789	-41.9140187011361
			91.8742153311876	-41.9140187011361
			91.9152672593964	-41.9140187011361
			91.9563191876051	-41.9140187011361
			91.9973711158139	-41.9140187011361
			92.0384230440227	-41.9140187011361
			92.0794749722314	-41.9140187011361
			92.1205269004402	-41.9140187011361
			92.1615788286489	-41.9140187011361
			92.2026307568577	-41.9140187011361
			92.2436826850664	-41.9140187011361
			92.2847346132752	-41.9140187011361
			92.3257865414839	-41.9140187011361
			92.3668384696927	-41.9140187011361
			92.4078903979014	-41.9140187011361
			92.4489423261102	-41.9550706293448
			92.4899942543189	-41.9550706293448
			92.5310461825277	-41.9550706293448
			92.5720981107364	-41.9961225575536
			92.6131500389452	-41.9961225575536
			92.6542019671539	-42.0371744857623
			92.6542019671539	-42.0782264139711
			92.6952538953627	-42.1192783421799
		</Adipose_caudal>
		<Caudal_anal type=matrix rownames=FALSE colnames=FALSE nrow=389 ncol=2 as.numeric=TRUE >
			92.6952538953627	-47.4149770811089
			92.6542019671539	-47.4149770811089
			92.6131500389452	-47.4560290093177
			92.5720981107364	-47.4560290093177
			92.5310461825277	-47.4560290093177
			92.4899942543189	-47.4970809375264
			92.4489423261102	-47.4970809375264
			92.4078903979014	-47.4970809375264
			92.3668384696927	-47.4970809375264
			92.3257865414839	-47.5381328657352
			92.2847346132752	-47.5381328657352
			92.2436826850664	-47.5381328657352
			92.2026307568577	-47.5381328657352
			92.1615788286489	-47.5381328657352
			92.1205269004402	-47.5381328657352
			92.0794749722314	-47.5381328657352
			92.0794749722314	-47.5791847939439
			92.0384230440227	-47.5791847939439
			91.9973711158139	-47.5791847939439
			91.9563191876051	-47.5791847939439
			91.9152672593964	-47.5791847939439
			91.8742153311876	-47.5791847939439
			91.8331634029789	-47.5791847939439
			91.7921114747701	-47.5791847939439
			91.7510595465614	-47.5791847939439
			91.7100076183526	-47.5791847939439
			91.6689556901439	-47.5791847939439
			91.6279037619351	-47.5791847939439
			91.5868518337264	-47.5791847939439
			91.5457999055176	-47.5791847939439
			91.5047479773089	-47.5791847939439
			91.4636960491001	-47.5791847939439
			91.4226441208914	-47.5791847939439
			91.3815921926826	-47.5791847939439
			91.3405402644739	-47.5791847939439
			91.2994883362651	-47.5791847939439
			91.2584364080564	-47.5791847939439
			91.2173844798476	-47.5791847939439
			91.1763325516389	-47.5791847939439
			91.1352806234301	-47.5381328657352
			91.0942286952213	-47.5381328657352
			91.0531767670126	-47.5381328657352
			91.0121248388038	-47.5381328657352
			90.9710729105951	-47.5381328657352
			90.9300209823863	-47.5381328657352
			90.8889690541776	-47.5381328657352
			90.8479171259688	-47.5381328657352
			90.8068651977601	-47.4970809375264
			90.7658132695513	-47.4970809375264
			90.7247613413426	-47.4970809375264
			90.6837094131338	-47.4970809375264
			90.6426574849251	-47.4970809375264
			90.6016055567163	-47.4970809375264
			90.6016055567163	-47.4560290093177
			90.5605536285076	-47.4560290093177
			90.5195017002988	-47.4560290093177
			90.4784497720901	-47.4560290093177
			90.4373978438813	-47.4560290093177
			90.3963459156726	-47.4560290093177
			90.3552939874638	-47.4560290093177
			90.3142420592551	-47.4560290093177
			90.2731901310463	-47.4560290093177
			90.2321382028375	-47.4560290093177
			90.1910862746288	-47.4149770811089
			90.15003434642	-47.4149770811089
			90.1089824182113	-47.4149770811089
			90.0679304900025	-47.4149770811089
			90.0268785617938	-47.4149770811089
			89.985826633585	-47.4149770811089
			89.9447747053763	-47.4149770811089
			89.9037227771675	-47.4149770811089
			89.8626708489588	-47.4149770811089
			89.82161892075	-47.4149770811089
			89.7805669925413	-47.4149770811089
			89.7395150643325	-47.4149770811089
			89.6984631361238	-47.4149770811089
			89.657411207915	-47.4149770811089
			89.6163592797063	-47.4149770811089
			89.5753073514975	-47.4149770811089
			89.5342554232888	-47.4149770811089
			89.49320349508	-47.4149770811089
			89.4521515668713	-47.4149770811089
			89.4110996386625	-47.4149770811089
			89.3700477104537	-47.4149770811089
			89.328995782245	-47.4149770811089
			89.2879438540362	-47.4149770811089
			89.2468919258275	-47.4149770811089
			89.2058399976187	-47.4149770811089
			89.16478806941	-47.4149770811089
			89.1237361412012	-47.4149770811089
			89.0826842129925	-47.4149770811089
			89.0416322847837	-47.4149770811089
			89.000580356575	-47.4149770811089
			88.9595284283662	-47.4149770811089
			88.9184765001575	-47.4149770811089
			88.8774245719487	-47.4560290093177
			88.83637264374	-47.4560290093177
			88.7953207155312	-47.4560290093177
			88.7542687873225	-47.4560290093177
			88.7132168591137	-47.4560290093177
			88.672164930905	-47.4560290093177
			88.6311130026962	-47.4560290093177
			88.5900610744875	-47.4560290093177
			88.5490091462787	-47.4560290093177
			88.5079572180699	-47.4560290093177
			88.4669052898612	-47.4560290093177
			88.4258533616524	-47.4560290093177
			88.3848014334437	-47.4970809375264
			88.3437495052349	-47.4970809375264
			88.3026975770262	-47.4970809375264
			88.2616456488174	-47.4970809375264
			88.2205937206087	-47.4970809375264
			88.1795417923999	-47.4970809375264
			88.1384898641912	-47.4970809375264
			88.0974379359824	-47.4970809375264
			88.0563860077737	-47.4970809375264
			88.0153340795649	-47.5381328657352
			87.9742821513562	-47.5381328657352
			87.9332302231474	-47.5381328657352
			87.8921782949387	-47.5381328657352
			87.8511263667299	-47.5381328657352
			87.8100744385212	-47.5381328657352
			87.7690225103124	-47.5381328657352
			87.7279705821037	-47.5791847939439
			87.6869186538949	-47.5791847939439
			87.6458667256861	-47.5791847939439
			87.6048147974774	-47.5791847939439
			87.5637628692686	-47.5791847939439
			87.5227109410599	-47.5791847939439
			87.4816590128511	-47.5791847939439
			87.4406070846424	-47.6202367221527
			87.3995551564336	-47.6202367221527
			87.3585032282249	-47.6202367221527
			87.3174513000161	-47.6202367221527
			87.2763993718074	-47.6202367221527
			87.2353474435986	-47.6202367221527
			87.1942955153899	-47.6612886503614
			87.1532435871811	-47.6612886503614
			87.1121916589724	-47.6612886503614
			87.0711397307636	-47.6612886503614
			87.0300878025549	-47.6612886503614
			86.9890358743461	-47.6612886503614
			86.9479839461374	-47.7023405785702
			86.9069320179286	-47.7023405785702
			86.8658800897199	-47.7023405785702
			86.8248281615111	-47.7023405785702
			86.7837762333023	-47.7023405785702
			86.7427243050936	-47.7433925067789
			86.7016723768848	-47.7433925067789
			86.6606204486761	-47.7433925067789
			86.6195685204673	-47.7433925067789
			86.5785165922586	-47.7433925067789
			86.5374646640498	-47.7433925067789
			86.4964127358411	-47.7844444349877
			86.4553608076323	-47.7844444349877
			86.4143088794236	-47.7844444349877
			86.3732569512148	-47.7844444349877
			86.3322050230061	-47.8254963631964
			86.2911530947973	-47.8254963631964
			86.2501011665886	-47.8254963631964
			86.2090492383798	-47.8254963631964
			86.1679973101711	-47.8254963631964
			86.1269453819623	-47.8665482914052
			86.0858934537536	-47.8665482914052
			86.0448415255448	-47.8665482914052
			86.0037895973361	-47.8665482914052
			85.9627376691273	-47.8665482914052
			85.9216857409185	-47.9076002196139
			85.8806338127098	-47.9076002196139
			85.839581884501	-47.9076002196139
			85.7985299562923	-47.9076002196139
			85.7574780280835	-47.9076002196139
			85.7164260998748	-47.9076002196139
			85.675374171666	-47.9486521478227
			85.6343222434573	-47.9486521478227
			85.5932703152485	-47.9486521478227
			85.5522183870398	-47.9486521478227
			85.511166458831	-47.9486521478227
			85.4701145306223	-47.9486521478227
			85.4290626024135	-47.9486521478227
			85.3880106742048	-47.9897040760314
			85.346958745996	-47.9897040760314
			85.3059068177873	-47.9897040760314
			85.2648548895785	-47.9897040760314
			85.2238029613698	-47.9897040760314
			85.182751033161	-48.0307560042402
			85.1416991049523	-48.0307560042402
			85.1006471767435	-48.0307560042402
			85.0595952485347	-48.0307560042402
			85.018543320326	-48.0307560042402
			84.9774913921172	-48.0307560042402
			84.9364394639085	-48.0307560042402
			84.8953875356997	-48.0718079324489
			84.854335607491	-48.0718079324489
			84.8132836792822	-48.0718079324489
			84.7722317510735	-48.0718079324489
			84.7311798228647	-48.0718079324489
			84.690127894656	-48.0718079324489
			84.6490759664472	-48.1128598606577
			84.6080240382385	-48.1128598606577
			84.5669721100297	-48.1128598606577
			84.525920181821	-48.1128598606577
			84.4848682536122	-48.1128598606577
			84.4438163254035	-48.1128598606577
			84.4027643971947	-48.1539117888664
			84.361712468986	-48.1539117888664
			84.3206605407772	-48.1539117888664
			84.2796086125685	-48.1539117888664
			84.2385566843597	-48.1539117888664
			84.197504756151	-48.1539117888664
			84.1564528279422	-48.1949637170752
			84.1154008997335	-48.1949637170752
			84.0743489715247	-48.1949637170752
			84.0332970433159	-48.1949637170752
			83.9922451151072	-48.1949637170752
			83.9511931868984	-48.1949637170752
			83.9101412586897	-48.2360156452839
			83.8690893304809	-48.2360156452839
			83.8280374022722	-48.2360156452839
			83.7869854740634	-48.2360156452839
			83.7459335458547	-48.2360156452839
			83.7048816176459	-48.2360156452839
			83.6638296894372	-48.2360156452839
			83.6227777612284	-48.2770675734927
			83.5817258330197	-48.2770675734927
			83.5406739048109	-48.2770675734927
			83.4996219766022	-48.2770675734927
			83.4585700483934	-48.2770675734927
			83.4175181201847	-48.3181195017015
			83.3764661919759	-48.3181195017015
			83.3354142637672	-48.3181195017015
			83.2943623355584	-48.3181195017015
			83.2533104073497	-48.3181195017015
			83.2122584791409	-48.3181195017015
			83.1712065509322	-48.3181195017015
			83.1301546227234	-48.3591714299102
			83.0891026945147	-48.3591714299102
			83.0480507663059	-48.3591714299102
			83.0069988380971	-48.3591714299102
			82.9659469098884	-48.3591714299102
			82.9248949816796	-48.3591714299102
			82.8838430534709	-48.400223358119
			82.8427911252621	-48.400223358119
			82.8017391970534	-48.400223358119
			82.7606872688446	-48.400223358119
			82.7196353406359	-48.400223358119
			82.6785834124271	-48.400223358119
			82.6375314842184	-48.4412752863277
			82.5964795560096	-48.4412752863277
			82.5554276278009	-48.4412752863277
			82.5143756995921	-48.4412752863277
			82.4733237713834	-48.4412752863277
			82.4322718431746	-48.4412752863277
			82.3912199149659	-48.4412752863277
			82.3501679867571	-48.4823272145365
			82.3091160585484	-48.4823272145365
			82.2680641303396	-48.4823272145365
			82.2270122021309	-48.4823272145365
			82.1859602739221	-48.4823272145365
			82.1449083457133	-48.4823272145365
			82.1038564175046	-48.5233791427452
			82.0628044892958	-48.5233791427452
			82.0217525610871	-48.5233791427452
			81.9807006328783	-48.5233791427452
			81.9396487046696	-48.5233791427452
			81.8985967764608	-48.5233791427452
			81.8575448482521	-48.5233791427452
			81.8575448482521	-48.564431070954
			81.8164929200433	-48.564431070954
			81.7754409918346	-48.564431070954
			81.7343890636258	-48.564431070954
			81.6933371354171	-48.564431070954
			81.6522852072083	-48.564431070954
			81.6112332789996	-48.564431070954
			81.5701813507908	-48.6054829991627
			81.5291294225821	-48.6054829991627
			81.4880774943733	-48.6054829991627
			81.4470255661646	-48.6054829991627
			81.4059736379558	-48.6054829991627
			81.3649217097471	-48.6054829991627
			81.3238697815383	-48.6465349273715
			81.2828178533295	-48.6465349273715
			81.2417659251208	-48.6465349273715
			81.200713996912	-48.6465349273715
			81.1596620687033	-48.6465349273715
			81.1186101404945	-48.6465349273715
			81.0775582122858	-48.6465349273715
			81.036506284077	-48.6875868555802
			80.9954543558683	-48.6875868555802
			80.9544024276595	-48.6875868555802
			80.9133504994508	-48.6875868555802
			80.872298571242	-48.6875868555802
			80.8312466430333	-48.6875868555802
			80.7901947148245	-48.728638783789
			80.7491427866158	-48.728638783789
			80.708090858407	-48.728638783789
			80.6670389301983	-48.728638783789
			80.6259870019895	-48.728638783789
			80.5849350737808	-48.728638783789
			80.543883145572	-48.728638783789
			80.543883145572	-48.7696907119977
			80.5028312173633	-48.7696907119977
			80.4617792891545	-48.7696907119977
			80.4207273609457	-48.7696907119977
			80.379675432737	-48.7696907119977
			80.3386235045282	-48.7696907119977
			80.2975715763195	-48.7696907119977
			80.2565196481107	-48.7696907119977
			80.2565196481107	-48.8107426402065
			80.215467719902	-48.8107426402065
			80.1744157916932	-48.8107426402065
			80.1333638634845	-48.8107426402065
			80.0923119352757	-48.8107426402065
			80.051260007067	-48.8107426402065
			80.0102080788582	-48.8107426402065
			79.9691561506495	-48.8517945684152
			79.9281042224407	-48.8517945684152
			79.887052294232	-48.8517945684152
			79.8460003660232	-48.8517945684152
			79.8049484378145	-48.8517945684152
			79.7638965096057	-48.8517945684152
			79.722844581397	-48.892846496624
			79.6817926531882	-48.892846496624
			79.6407407249795	-48.892846496624
			79.5996887967707	-48.892846496624
			79.5586368685619	-48.892846496624
			79.5175849403532	-48.892846496624
			79.4765330121444	-48.892846496624
			79.4354810839357	-48.9338984248327
			79.3944291557269	-48.9338984248327
			79.3533772275182	-48.9338984248327
			79.3123252993094	-48.9338984248327
			79.2712733711007	-48.9338984248327
			79.2302214428919	-48.9338984248327
			79.1891695146832	-48.9338984248327
			79.1481175864744	-48.9749503530415
			79.1070656582657	-48.9749503530415
			79.0660137300569	-48.9749503530415
			79.0249618018482	-48.9749503530415
			78.9839098736394	-48.9749503530415
			78.9428579454307	-48.9749503530415
			78.9018060172219	-48.9749503530415
			78.8607540890132	-49.0160022812502
			78.8197021608044	-49.0160022812502
			78.7786502325957	-49.0160022812502
			78.7375983043869	-49.0160022812502
			78.6965463761781	-49.0160022812502
			78.6554944479694	-49.0160022812502
			78.6144425197606	-49.0160022812502
			78.5733905915519	-49.057054209459
			78.5323386633431	-49.057054209459
			78.4912867351344	-49.057054209459
			78.4502348069256	-49.057054209459
			78.4091828787169	-49.057054209459
			78.3681309505081	-49.057054209459
			78.3270790222994	-49.0981061376677
			78.2860270940906	-49.0981061376677
			78.2449751658819	-49.0981061376677
			78.2039232376731	-49.0981061376677
			78.1628713094644	-49.0981061376677
			78.1218193812556	-49.0981061376677
			78.0807674530469	-49.0981061376677
			78.0397155248381	-49.0981061376677
			77.9986635966294	-49.1391580658765
			77.9576116684206	-49.1391580658765
			77.9165597402119	-49.1391580658765
			77.8755078120031	-49.1391580658765
			77.8344558837943	-49.1391580658765
			77.7934039555856	-49.1391580658765
			77.7523520273768	-49.1391580658765
			77.7113000991681	-49.1802099940852
			77.6702481709593	-49.1802099940852
			77.6291962427506	-49.1802099940852
			77.5881443145418	-49.1802099940852
			77.5470923863331	-49.1802099940852
			77.5060404581243	-49.1802099940852
			77.4649885299156	-49.1802099940852
			77.4239366017068	-49.221261922294
			77.3828846734981	-49.221261922294
			77.3418327452893	-49.221261922294
			77.3007808170806	-49.221261922294
			77.2597288888718	-49.221261922294
			77.2186769606631	-49.221261922294
			77.1776250324543	-49.221261922294
			77.1365731042456	-49.221261922294
			77.0955211760368	-49.2623138505028
			77.0544692478281	-49.2623138505028
			77.0134173196193	-49.2623138505028
			76.9723653914105	-49.2623138505028
		</Caudal_anal>
	</curves.scaled>
	<ruler.points type=matrix rownames=TRUE colnames=FALSE nrow=3 ncol=2 as.numeric=TRUE >
		Ruler point 1	1241	1604
		Ruler point 2	1372	1613
		Ruler point 3	1484	1621
	</ruler.points>
</shapes>

