<shapes type=list>
	<ruler.pixel type=vector names=FALSE length=1 as.numeric=TRUE >130.034610777284</ruler.pixel>
	<ruler.interval type=vector names=FALSE length=1 as.numeric=TRUE >5</ruler.interval>
	<scaling.units type=vector names=FALSE length=1 as.numeric=FALSE >mm</scaling.units>
	<scaling type=vector names=FALSE length=1 as.numeric=TRUE >0.0384513013121078</scaling>
	<landmarks.pixel type=matrix rownames=TRUE colnames=FALSE nrow=11 ncol=2 as.numeric=TRUE >
		Anterior_eye	387	561
		Posterior_eye	509	553
		Posterior_Maxilla	550	667
		Anterior_Maxilla	366	615
		Dorsal_fin_insertion	913	397
		Adipose_fin_insertion	1318	483
		Dorsal_caudal	1551	526
		Ventral_caudal	1536	655
		Anal_fin_insertion	1163	683
		Pelvic_fin_insertion	906	678
		Pectoral_fin_insertion	714	654
	</landmarks.pixel>
	<landmarks.scaled type=matrix rownames=TRUE colnames=FALSE nrow=11 ncol=2 as.numeric=TRUE >
		Anterior_eye	14.8806536077857	-21.5711800360925
		Posterior_eye	19.5717123678629	-21.2635696255956
		Posterior_Maxilla	21.1482157216593	-25.6470179751759
		Anterior_Maxilla	14.0731762802314	-23.6475503069463
		Dorsal_fin_insertion	35.1060380979544	-15.2651666209068
		Adipose_fin_insertion	50.6788151293581	-18.5719785337481
		Dorsal_caudal	59.6379683350792	-20.2253844901687
		Ventral_caudal	59.0611988153976	-25.1856023594306
		Anal_fin_insertion	44.7188634259814	-26.2622387961696
		Pelvic_fin_insertion	34.8368789887697	-26.0699822896091
		Pectoral_fin_insertion	27.454229136845	-25.1471510581185
	</landmarks.scaled>
	<curves.control type=list>
		<Snout_dorsal type=matrix rownames=FALSE colnames=FALSE nrow=7 ncol=2 as.numeric=TRUE >
			366	615
			322	502
			499	432
			571	413
			722	413
			836	409
			913	397
		</Snout_dorsal>
		<Dorsal_adipose type=matrix rownames=FALSE colnames=FALSE nrow=5 ncol=2 as.numeric=TRUE >
			913	397
			1032	434
			1126	458
			1293	489
			1318	483
		</Dorsal_adipose>
		<Adipose_caudal type=matrix rownames=FALSE colnames=FALSE nrow=7 ncol=2 as.numeric=TRUE >
			1318	483
			1355	485
			1358	504
			1500	527
			1523	526
			1541	523
			1551	526
		</Adipose_caudal>
		<Caudal_anal type=matrix rownames=FALSE colnames=FALSE nrow=7 ncol=2 as.numeric=TRUE >
			1536	655
			1521	661
			1483	652
			1418	645
			1359	651
			1230	670
			1163	683
		</Caudal_anal>
	</curves.control>
	<curves.pixel type=list>
		<Snout_dorsal type=matrix rownames=FALSE colnames=FALSE nrow=658 ncol=2 as.numeric=TRUE >
			366	615
			366	614
			365	613
			365	612
			364	611
			364	610
			364	609
			363	608
			363	607
			363	606
			363	605
			362	604
			362	603
			362	602
			361	601
			361	600
			361	599
			361	598
			360	597
			360	596
			360	595
			360	594
			359	593
			359	592
			359	591
			359	590
			359	589
			359	588
			358	587
			358	586
			358	585
			358	584
			358	583
			358	582
			358	581
			358	580
			358	579
			357	578
			357	577
			357	576
			357	575
			357	574
			357	573
			357	572
			357	571
			357	570
			357	569
			357	568
			357	567
			357	566
			357	565
			358	564
			358	563
			358	562
			358	561
			358	560
			358	559
			358	558
			358	557
			358	556
			359	556
			359	555
			359	554
			359	553
			359	552
			360	551
			360	550
			360	549
			360	548
			361	547
			361	546
			361	545
			361	544
			362	543
			362	542
			362	541
			363	540
			363	539
			363	538
			364	537
			364	536
			364	535
			365	535
			365	534
			366	533
			366	532
			366	531
			367	530
			367	529
			368	528
			368	527
			369	526
			369	525
			370	524
			371	523
			371	522
			372	521
			372	520
			373	520
			373	519
			373	518
			374	518
			374	517
			375	516
			376	515
			376	514
			377	513
			378	512
			378	511
			379	510
			380	510
			380	509
			381	508
			381	507
			382	507
			383	506
			383	505
			384	504
			385	504
			385	503
			386	502
			386	501
			387	501
			388	500
			389	499
			389	498
			390	498
			391	497
			391	496
			392	496
			393	495
			394	494
			394	493
			395	493
			396	492
			397	491
			398	490
			399	489
			400	488
			401	487
			402	486
			403	486
			404	485
			405	484
			406	483
			407	482
			408	481
			409	481
			410	480
			411	479
			412	478
			413	478
			414	477
			415	476
			416	475
			417	474
			418	474
			419	473
			420	473
			421	472
			422	472
			422	471
			423	470
			424	470
			425	469
			426	469
			427	468
			428	468
			429	467
			429	466
			430	466
			431	465
			432	465
			433	464
			434	464
			435	463
			436	462
			437	462
			438	461
			439	461
			440	460
			441	460
			442	459
			443	458
			444	458
			445	457
			446	457
			447	456
			448	456
			449	455
			450	455
			451	454
			452	453
			453	453
			454	452
			455	452
			456	451
			457	451
			458	450
			459	450
			460	449
			461	449
			462	448
			463	448
			464	447
			465	447
			466	446
			467	446
			468	445
			469	445
			470	445
			470	444
			471	444
			472	443
			473	443
			474	443
			475	442
			476	442
			477	441
			478	441
			479	440
			480	440
			481	439
			482	439
			483	438
			484	438
			485	438
			486	437
			487	437
			488	437
			488	436
			489	436
			490	436
			491	435
			492	435
			493	434
			494	434
			495	434
			496	433
			497	433
			498	432
			499	432
			500	432
			501	432
			501	431
			502	431
			503	431
			504	431
			505	430
			506	430
			507	430
			508	430
			509	429
			510	429
			511	429
			512	429
			513	429
			514	428
			515	428
			516	428
			517	428
			518	428
			519	427
			520	427
			521	427
			522	427
			523	427
			524	426
			525	426
			526	426
			527	426
			528	426
			529	426
			530	425
			531	425
			532	425
			533	425
			534	425
			535	424
			536	424
			537	424
			538	424
			539	424
			540	424
			541	424
			542	423
			543	423
			544	423
			545	423
			546	423
			547	423
			548	422
			549	422
			550	422
			551	422
			552	422
			553	422
			554	422
			555	422
			556	421
			557	421
			558	421
			559	421
			560	421
			561	421
			562	421
			563	421
			564	420
			565	420
			566	420
			567	420
			568	420
			569	420
			570	420
			571	420
			572	420
			573	419
			574	419
			575	419
			576	419
			577	419
			578	419
			579	419
			580	419
			581	419
			582	419
			583	418
			584	418
			585	418
			586	418
			587	418
			588	418
			589	418
			590	418
			591	418
			592	418
			593	418
			594	417
			595	417
			596	417
			597	417
			598	417
			599	417
			600	417
			601	417
			602	417
			603	417
			604	417
			605	417
			606	417
			607	417
			608	416
			609	416
			610	416
			611	416
			612	416
			613	416
			614	416
			615	416
			616	416
			617	416
			618	416
			619	416
			620	416
			621	416
			622	416
			623	416
			624	415
			625	415
			626	415
			627	415
			628	415
			629	415
			630	415
			631	415
			632	415
			633	415
			634	415
			635	415
			636	415
			637	415
			638	415
			639	415
			640	415
			641	415
			642	415
			643	415
			644	414
			645	414
			646	414
			647	414
			648	414
			649	414
			650	414
			651	414
			652	414
			653	414
			654	414
			655	414
			656	414
			657	414
			658	414
			659	414
			660	414
			661	414
			662	414
			663	414
			664	414
			665	414
			666	414
			667	414
			668	414
			669	414
			670	414
			671	414
			672	414
			673	414
			674	414
			675	414
			676	413
			677	413
			678	413
			679	413
			680	413
			681	413
			682	413
			683	413
			684	413
			685	413
			686	413
			687	413
			688	413
			689	413
			690	413
			691	413
			692	413
			693	413
			694	413
			695	413
			696	413
			697	413
			698	413
			699	413
			700	413
			701	413
			702	413
			703	413
			704	413
			705	413
			706	413
			707	413
			708	413
			709	413
			710	413
			711	413
			712	413
			713	413
			714	413
			715	413
			716	413
			717	413
			718	413
			719	413
			720	413
			721	413
			722	413
			723	413
			724	413
			725	413
			726	413
			727	413
			728	413
			729	413
			730	413
			731	413
			732	413
			733	413
			734	413
			735	412
			736	412
			737	412
			738	412
			739	412
			740	412
			741	412
			742	412
			743	412
			744	412
			745	412
			746	412
			747	412
			748	412
			749	412
			750	412
			751	412
			752	412
			753	412
			754	412
			755	412
			756	412
			757	412
			758	412
			758	411
			759	411
			760	411
			761	411
			762	411
			763	411
			764	411
			765	411
			766	411
			767	411
			768	411
			769	411
			770	411
			771	411
			772	411
			773	411
			774	411
			775	411
			776	411
			777	410
			778	410
			779	410
			780	410
			781	410
			782	410
			783	410
			784	410
			785	410
			786	410
			787	410
			788	410
			789	410
			790	410
			791	410
			792	410
			793	409
			794	409
			795	409
			796	409
			797	409
			798	409
			799	409
			800	409
			801	409
			802	409
			803	409
			804	409
			805	409
			806	409
			807	409
			808	408
			809	408
			810	408
			811	408
			812	408
			813	408
			814	408
			815	408
			816	408
			817	408
			818	408
			819	408
			820	408
			821	407
			822	407
			823	407
			824	407
			825	407
			826	407
			827	407
			828	407
			829	407
			830	407
			831	407
			832	407
			833	406
			834	406
			835	406
			836	406
			837	406
			838	406
			839	406
			840	406
			841	406
			842	406
			843	406
			844	405
			845	405
			846	405
			847	405
			848	405
			849	405
			850	405
			851	405
			852	405
			853	405
			854	404
			855	404
			856	404
			857	404
			858	404
			859	404
			860	404
			861	404
			862	404
			863	403
			864	403
			865	403
			866	403
			867	403
			868	403
			869	403
			870	403
			871	403
			872	403
			873	402
			874	402
			875	402
			876	402
			877	402
			878	402
			879	402
			880	402
			881	401
			882	401
			883	401
			884	401
			885	401
			886	401
			887	401
			888	401
			889	400
			890	400
			891	400
			892	400
			893	400
			894	400
			895	400
			896	399
			897	399
			898	399
			899	399
			900	399
			901	399
			902	399
			903	398
			904	398
			905	398
			906	398
			907	398
			908	398
			909	398
			910	398
			911	397
			912	397
			913	397
		</Snout_dorsal>
		<Dorsal_adipose type=matrix rownames=FALSE colnames=FALSE nrow=416 ncol=2 as.numeric=TRUE >
			913	397
			914	397
			915	398
			916	398
			917	398
			918	398
			918	399
			919	399
			920	399
			921	399
			921	400
			922	400
			923	400
			924	400
			925	401
			926	401
			927	401
			928	402
			929	402
			930	402
			931	403
			932	403
			933	403
			934	404
			935	404
			936	404
			937	404
			938	405
			939	405
			940	405
			941	406
			942	406
			943	406
			944	406
			945	407
			946	407
			947	407
			948	408
			949	408
			950	409
			951	409
			952	409
			953	409
			954	410
			955	410
			956	410
			957	410
			958	411
			959	411
			960	411
			961	412
			962	412
			963	412
			964	413
			965	413
			966	413
			967	414
			968	414
			969	414
			970	414
			971	415
			972	415
			973	415
			974	416
			975	416
			976	416
			977	416
			978	417
			979	417
			980	417
			981	418
			982	418
			983	418
			984	419
			985	419
			986	419
			987	419
			987	420
			988	420
			989	420
			990	420
			991	421
			992	421
			993	421
			994	421
			995	422
			996	422
			997	422
			998	423
			999	423
			1000	423
			1001	424
			1002	424
			1003	424
			1004	424
			1005	425
			1006	425
			1007	425
			1008	426
			1009	426
			1010	426
			1011	426
			1012	427
			1013	427
			1014	427
			1015	428
			1016	428
			1017	428
			1018	428
			1019	429
			1020	429
			1021	430
			1022	430
			1023	430
			1024	430
			1025	431
			1026	431
			1027	431
			1028	431
			1029	432
			1030	432
			1031	432
			1032	433
			1033	433
			1034	433
			1035	433
			1036	434
			1037	434
			1038	434
			1039	435
			1040	435
			1041	435
			1042	435
			1043	436
			1044	436
			1045	436
			1046	436
			1047	437
			1048	437
			1049	437
			1050	438
			1051	438
			1052	438
			1053	438
			1053	439
			1054	439
			1055	439
			1056	439
			1057	440
			1058	440
			1059	440
			1060	440
			1061	441
			1062	441
			1063	441
			1064	441
			1065	442
			1066	442
			1067	442
			1068	443
			1069	443
			1070	443
			1071	444
			1072	444
			1073	444
			1074	444
			1075	445
			1076	445
			1077	445
			1078	445
			1079	446
			1080	446
			1081	446
			1082	446
			1083	447
			1084	447
			1085	447
			1086	448
			1087	448
			1088	448
			1089	448
			1090	449
			1091	449
			1092	449
			1093	449
			1094	450
			1095	450
			1096	450
			1097	450
			1098	451
			1099	451
			1100	451
			1101	452
			1102	452
			1103	452
			1104	452
			1105	452
			1105	453
			1106	453
			1107	453
			1108	453
			1109	453
			1109	454
			1110	454
			1111	454
			1112	454
			1113	455
			1114	455
			1115	455
			1116	455
			1117	456
			1118	456
			1119	456
			1120	456
			1121	457
			1122	457
			1123	457
			1124	457
			1124	458
			1125	458
			1126	458
			1127	458
			1128	458
			1129	459
			1130	459
			1131	459
			1132	459
			1133	459
			1134	459
			1135	460
			1136	460
			1137	460
			1138	460
			1139	460
			1140	461
			1141	461
			1142	461
			1143	461
			1144	461
			1145	462
			1146	462
			1147	462
			1148	462
			1149	462
			1150	462
			1151	463
			1152	463
			1153	463
			1154	463
			1155	463
			1156	463
			1157	464
			1158	464
			1159	464
			1160	464
			1161	464
			1162	464
			1163	465
			1164	465
			1165	465
			1166	465
			1167	465
			1167	466
			1168	466
			1169	466
			1170	466
			1171	466
			1172	466
			1173	466
			1174	467
			1175	467
			1176	467
			1177	467
			1178	467
			1179	468
			1180	468
			1181	468
			1182	468
			1183	468
			1184	468
			1185	469
			1186	469
			1187	469
			1188	469
			1189	469
			1190	469
			1191	470
			1192	470
			1193	470
			1194	470
			1195	470
			1196	470
			1197	471
			1198	471
			1199	471
			1200	471
			1201	471
			1202	471
			1203	472
			1204	472
			1205	472
			1206	472
			1207	472
			1208	472
			1209	473
			1210	473
			1211	473
			1212	473
			1213	473
			1214	473
			1215	473
			1215	474
			1216	474
			1217	474
			1218	474
			1219	474
			1220	474
			1221	475
			1222	475
			1223	475
			1224	475
			1225	475
			1226	475
			1227	475
			1228	476
			1229	476
			1230	476
			1231	476
			1232	476
			1233	476
			1234	476
			1235	477
			1236	477
			1237	477
			1238	477
			1239	477
			1240	477
			1241	477
			1241	478
			1242	478
			1243	478
			1244	478
			1245	478
			1246	478
			1247	478
			1248	478
			1249	479
			1250	479
			1251	479
			1252	479
			1253	479
			1254	479
			1255	479
			1256	480
			1257	480
			1258	480
			1259	480
			1260	480
			1261	480
			1262	480
			1263	480
			1264	481
			1265	481
			1266	481
			1267	481
			1268	481
			1269	481
			1270	481
			1271	481
			1272	482
			1273	482
			1274	482
			1275	482
			1276	482
			1277	482
			1278	482
			1279	482
			1280	482
			1281	482
			1282	483
			1283	483
			1284	483
			1285	483
			1286	483
			1287	483
			1288	483
			1289	483
			1290	483
			1291	483
			1292	483
			1293	483
			1294	484
			1295	484
			1296	484
			1297	484
			1298	484
			1299	484
			1300	484
			1301	484
			1302	484
			1303	484
			1304	484
			1305	484
			1306	484
			1307	484
			1308	484
			1309	484
			1310	484
			1311	484
			1312	484
			1313	484
			1314	484
			1315	484
			1316	483
			1317	483
			1318	483
		</Dorsal_adipose>
		<Adipose_caudal type=matrix rownames=FALSE colnames=FALSE nrow=245 ncol=2 as.numeric=TRUE >
			1318	483
			1319	483
			1320	483
			1321	483
			1322	483
			1323	483
			1324	483
			1325	484
			1326	484
			1327	484
			1328	484
			1329	484
			1330	484
			1331	484
			1332	485
			1333	485
			1334	485
			1335	485
			1336	486
			1337	486
			1338	486
			1339	486
			1340	487
			1341	487
			1342	487
			1343	487
			1343	488
			1344	488
			1345	488
			1346	489
			1347	490
			1348	490
			1349	491
			1350	491
			1351	492
			1352	493
			1353	494
			1354	495
			1355	496
			1355	497
			1356	498
			1357	499
			1357	500
			1357	501
			1358	502
			1358	503
			1359	504
			1360	504
			1361	505
			1362	505
			1363	505
			1364	505
			1365	505
			1366	505
			1367	505
			1368	506
			1369	506
			1370	506
			1371	506
			1372	506
			1373	506
			1374	507
			1375	507
			1376	507
			1377	507
			1378	507
			1379	507
			1380	508
			1381	508
			1382	508
			1383	508
			1384	508
			1385	508
			1386	508
			1386	509
			1387	509
			1388	509
			1389	509
			1390	509
			1391	509
			1392	509
			1393	510
			1394	510
			1395	510
			1396	510
			1397	510
			1398	510
			1399	510
			1399	511
			1400	511
			1401	511
			1402	511
			1403	511
			1404	511
			1405	511
			1406	512
			1407	512
			1408	512
			1409	512
			1410	512
			1411	512
			1412	512
			1412	513
			1413	513
			1414	513
			1415	513
			1416	513
			1417	513
			1418	513
			1418	514
			1419	514
			1420	514
			1421	514
			1422	514
			1423	514
			1424	514
			1425	515
			1426	515
			1427	515
			1428	515
			1429	515
			1430	515
			1431	515
			1432	516
			1433	516
			1434	516
			1435	516
			1436	516
			1437	516
			1438	517
			1439	517
			1440	517
			1441	517
			1442	517
			1443	517
			1444	517
			1445	517
			1446	518
			1447	518
			1448	518
			1449	518
			1450	518
			1451	518
			1452	518
			1452	519
			1453	519
			1454	519
			1455	519
			1456	519
			1457	519
			1458	519
			1459	519
			1460	520
			1461	520
			1462	520
			1463	520
			1464	520
			1465	520
			1466	520
			1467	521
			1468	521
			1469	521
			1470	521
			1471	521
			1472	521
			1473	521
			1474	522
			1475	522
			1476	522
			1477	522
			1478	522
			1479	522
			1480	522
			1481	522
			1482	522
			1482	523
			1483	523
			1484	523
			1485	523
			1486	523
			1487	523
			1488	523
			1489	523
			1490	524
			1491	524
			1492	524
			1493	524
			1494	524
			1495	524
			1496	524
			1497	524
			1498	524
			1499	525
			1500	525
			1501	525
			1502	525
			1503	525
			1504	525
			1505	525
			1506	525
			1507	525
			1508	525
			1509	525
			1510	526
			1511	526
			1512	526
			1513	526
			1514	526
			1515	526
			1516	526
			1517	526
			1518	526
			1519	526
			1520	526
			1521	526
			1522	526
			1523	526
			1524	526
			1525	526
			1526	526
			1527	525
			1528	525
			1529	525
			1530	525
			1531	525
			1532	525
			1533	525
			1534	525
			1535	525
			1536	525
			1537	525
			1538	525
			1539	525
			1540	525
			1541	525
			1542	525
			1543	525
			1544	525
			1545	525
			1546	525
			1547	525
			1548	525
			1549	525
			1550	526
			1551	526
		</Adipose_caudal>
		<Caudal_anal type=matrix rownames=FALSE colnames=FALSE nrow=379 ncol=2 as.numeric=TRUE >
			1536	655
			1535	655
			1534	656
			1533	656
			1532	656
			1531	657
			1530	657
			1529	657
			1528	657
			1527	657
			1526	657
			1525	657
			1524	657
			1523	657
			1522	657
			1521	657
			1520	657
			1519	657
			1518	657
			1517	657
			1516	657
			1515	657
			1514	657
			1513	657
			1512	657
			1511	657
			1510	657
			1509	657
			1508	657
			1507	657
			1506	656
			1505	656
			1504	656
			1503	656
			1502	656
			1501	656
			1500	655
			1499	655
			1498	655
			1497	655
			1496	655
			1495	655
			1494	654
			1493	654
			1492	654
			1491	654
			1490	654
			1489	653
			1488	653
			1487	653
			1486	653
			1485	652
			1484	652
			1483	652
			1482	652
			1481	652
			1480	652
			1479	652
			1478	651
			1477	651
			1476	651
			1475	651
			1474	651
			1473	651
			1472	651
			1471	651
			1470	651
			1469	651
			1468	651
			1467	650
			1466	650
			1465	650
			1464	650
			1463	650
			1462	650
			1461	650
			1460	650
			1459	650
			1458	650
			1457	650
			1456	650
			1455	650
			1454	650
			1454	649
			1453	649
			1452	649
			1451	649
			1450	649
			1449	649
			1448	649
			1447	649
			1446	649
			1445	649
			1444	649
			1443	649
			1442	649
			1441	649
			1440	649
			1439	649
			1438	649
			1437	649
			1436	649
			1435	649
			1434	649
			1433	649
			1432	648
			1431	648
			1430	648
			1429	648
			1428	648
			1427	648
			1426	648
			1425	648
			1424	648
			1423	648
			1422	648
			1421	648
			1420	648
			1419	648
			1418	648
			1417	648
			1416	648
			1415	648
			1414	648
			1413	648
			1412	648
			1411	648
			1410	648
			1409	648
			1408	648
			1407	648
			1406	648
			1405	648
			1404	648
			1403	648
			1402	648
			1401	648
			1400	648
			1399	648
			1398	648
			1397	649
			1396	649
			1395	649
			1394	649
			1393	649
			1392	649
			1391	649
			1390	649
			1389	649
			1388	649
			1387	649
			1386	649
			1385	649
			1384	649
			1383	649
			1382	649
			1381	649
			1380	649
			1379	649
			1378	649
			1377	649
			1376	650
			1375	650
			1374	650
			1373	650
			1372	650
			1371	650
			1370	650
			1369	650
			1368	650
			1367	650
			1366	650
			1365	650
			1364	651
			1363	651
			1362	651
			1361	651
			1360	651
			1359	651
			1358	651
			1357	651
			1356	651
			1355	652
			1354	652
			1353	652
			1352	652
			1351	652
			1350	652
			1349	652
			1348	653
			1347	653
			1346	653
			1345	653
			1344	653
			1343	653
			1342	653
			1342	654
			1341	654
			1340	654
			1339	654
			1338	654
			1337	654
			1336	654
			1335	655
			1334	655
			1333	655
			1332	655
			1331	655
			1330	655
			1329	655
			1328	656
			1327	656
			1326	656
			1325	656
			1324	656
			1323	656
			1322	656
			1322	657
			1321	657
			1320	657
			1319	657
			1318	657
			1317	657
			1316	657
			1315	658
			1314	658
			1313	658
			1312	658
			1311	658
			1310	658
			1309	658
			1308	659
			1307	659
			1306	659
			1305	659
			1304	659
			1303	659
			1302	660
			1301	660
			1300	660
			1299	660
			1298	660
			1297	660
			1296	660
			1296	661
			1295	661
			1294	661
			1293	661
			1292	661
			1291	661
			1290	661
			1289	662
			1288	662
			1287	662
			1286	662
			1285	662
			1284	662
			1283	663
			1282	663
			1281	663
			1280	663
			1279	663
			1278	663
			1277	663
			1276	664
			1275	664
			1274	664
			1273	664
			1272	664
			1271	664
			1270	665
			1269	665
			1268	665
			1267	665
			1266	665
			1265	665
			1264	666
			1263	666
			1262	666
			1261	666
			1260	666
			1259	666
			1258	667
			1257	667
			1256	667
			1255	667
			1254	667
			1253	667
			1252	668
			1251	668
			1250	668
			1249	668
			1248	668
			1247	668
			1246	668
			1245	669
			1244	669
			1243	669
			1242	669
			1241	669
			1240	669
			1239	670
			1238	670
			1237	670
			1236	670
			1235	670
			1234	670
			1233	670
			1232	671
			1231	671
			1230	671
			1229	671
			1228	671
			1227	672
			1226	672
			1225	672
			1224	672
			1223	672
			1222	672
			1221	673
			1220	673
			1219	673
			1218	673
			1217	673
			1216	673
			1215	674
			1214	674
			1213	674
			1212	674
			1211	674
			1210	674
			1210	675
			1209	675
			1208	675
			1207	675
			1206	675
			1205	675
			1204	676
			1203	676
			1202	676
			1201	676
			1200	676
			1199	676
			1198	676
			1197	677
			1196	677
			1195	677
			1194	677
			1193	677
			1192	678
			1191	678
			1190	678
			1189	678
			1188	678
			1187	679
			1186	679
			1185	679
			1184	679
			1183	679
			1182	679
			1181	680
			1180	680
			1179	680
			1178	680
			1177	680
			1176	681
			1175	681
			1174	681
			1173	681
			1172	681
			1171	682
			1170	682
			1169	682
			1168	682
			1167	682
			1166	682
			1165	683
			1164	683
			1163	683
		</Caudal_anal>
	</curves.pixel>
	<curves.scaled type=list>
		<Snout_dorsal type=matrix rownames=FALSE colnames=FALSE nrow=658 ncol=2 as.numeric=TRUE >
			14.0731762802314	-23.6475503069463
			14.0731762802314	-23.6090990056342
			14.0347249789193	-23.5706477043221
			14.0347249789193	-23.53219640301
			13.9962736776072	-23.4937451016979
			13.9962736776072	-23.4552938003857
			13.9962736776072	-23.4168424990736
			13.9578223762951	-23.3783911977615
			13.9578223762951	-23.3399398964494
			13.9578223762951	-23.3014885951373
			13.9578223762951	-23.2630372938252
			13.919371074983	-23.2245859925131
			13.919371074983	-23.186134691201
			13.919371074983	-23.1476833898889
			13.8809197736709	-23.1092320885768
			13.8809197736709	-23.0707807872647
			13.8809197736709	-23.0323294859526
			13.8809197736709	-22.9938781846405
			13.8424684723588	-22.9554268833283
			13.8424684723588	-22.9169755820162
			13.8424684723588	-22.8785242807041
			13.8424684723588	-22.840072979392
			13.8040171710467	-22.8016216780799
			13.8040171710467	-22.7631703767678
			13.8040171710467	-22.7247190754557
			13.8040171710467	-22.6862677741436
			13.8040171710467	-22.6478164728315
			13.8040171710467	-22.6093651715194
			13.7655658697346	-22.5709138702073
			13.7655658697346	-22.5324625688952
			13.7655658697346	-22.4940112675831
			13.7655658697346	-22.4555599662709
			13.7655658697346	-22.4171086649588
			13.7655658697346	-22.3786573636467
			13.7655658697346	-22.3402060623346
			13.7655658697346	-22.3017547610225
			13.7655658697346	-22.2633034597104
			13.7271145684225	-22.2248521583983
			13.7271145684225	-22.1864008570862
			13.7271145684225	-22.1479495557741
			13.7271145684225	-22.109498254462
			13.7271145684225	-22.0710469531499
			13.7271145684225	-22.0325956518378
			13.7271145684225	-21.9941443505257
			13.7271145684225	-21.9556930492135
			13.7271145684225	-21.9172417479014
			13.7271145684225	-21.8787904465893
			13.7271145684225	-21.8403391452772
			13.7271145684225	-21.8018878439651
			13.7271145684225	-21.763436542653
			13.7271145684225	-21.7249852413409
			13.7655658697346	-21.6865339400288
			13.7655658697346	-21.6480826387167
			13.7655658697346	-21.6096313374046
			13.7655658697346	-21.5711800360925
			13.7655658697346	-21.5327287347804
			13.7655658697346	-21.4942774334683
			13.7655658697346	-21.4558261321561
			13.7655658697346	-21.417374830844
			13.7655658697346	-21.3789235295319
			13.8040171710467	-21.3789235295319
			13.8040171710467	-21.3404722282198
			13.8040171710467	-21.3020209269077
			13.8040171710467	-21.2635696255956
			13.8040171710467	-21.2251183242835
			13.8424684723588	-21.1866670229714
			13.8424684723588	-21.1482157216593
			13.8424684723588	-21.1097644203472
			13.8424684723588	-21.0713131190351
			13.8809197736709	-21.032861817723
			13.8809197736709	-20.9944105164108
			13.8809197736709	-20.9559592150987
			13.8809197736709	-20.9175079137866
			13.919371074983	-20.8790566124745
			13.919371074983	-20.8406053111624
			13.919371074983	-20.8021540098503
			13.9578223762951	-20.7637027085382
			13.9578223762951	-20.7252514072261
			13.9578223762951	-20.686800105914
			13.9962736776072	-20.6483488046019
			13.9962736776072	-20.6098975032898
			13.9962736776072	-20.5714462019777
			14.0347249789193	-20.5714462019777
			14.0347249789193	-20.5329949006656
			14.0731762802314	-20.4945435993534
			14.0731762802314	-20.4560922980413
			14.0731762802314	-20.4176409967292
			14.1116275815436	-20.3791896954171
			14.1116275815436	-20.340738394105
			14.1500788828557	-20.3022870927929
			14.1500788828557	-20.2638357914808
			14.1885301841678	-20.2253844901687
			14.1885301841678	-20.1869331888566
			14.2269814854799	-20.1484818875445
			14.265432786792	-20.1100305862324
			14.265432786792	-20.0715792849203
			14.3038840881041	-20.0331279836082
			14.3038840881041	-19.994676682296
			14.3423353894162	-19.994676682296
			14.3423353894162	-19.9562253809839
			14.3423353894162	-19.9177740796718
			14.3807866907283	-19.9177740796718
			14.3807866907283	-19.8793227783597
			14.4192379920404	-19.8408714770476
			14.4576892933525	-19.8024201757355
			14.4576892933525	-19.7639688744234
			14.4961405946646	-19.7255175731113
			14.5345918959767	-19.6870662717992
			14.5345918959767	-19.6486149704871
			14.5730431972889	-19.610163669175
			14.611494498601	-19.610163669175
			14.611494498601	-19.5717123678629
			14.6499457999131	-19.5332610665508
			14.6499457999131	-19.4948097652386
			14.6883971012252	-19.4948097652386
			14.7268484025373	-19.4563584639265
			14.7268484025373	-19.4179071626144
			14.7652997038494	-19.3794558613023
			14.8037510051615	-19.3794558613023
			14.8037510051615	-19.3410045599902
			14.8422023064736	-19.3025532586781
			14.8422023064736	-19.264101957366
			14.8806536077857	-19.264101957366
			14.9191049090978	-19.2256506560539
			14.9575562104099	-19.1871993547418
			14.9575562104099	-19.1487480534297
			14.996007511722	-19.1487480534297
			15.0344588130341	-19.1102967521176
			15.0344588130341	-19.0718454508055
			15.0729101143463	-19.0718454508055
			15.1113614156584	-19.0333941494934
			15.1498127169705	-18.9949428481812
			15.1498127169705	-18.9564915468691
			15.1882640182826	-18.9564915468691
			15.2267153195947	-18.918040245557
			15.2651666209068	-18.8795889442449
			15.3036179222189	-18.8411376429328
			15.342069223531	-18.8026863416207
			15.3805205248431	-18.7642350403086
			15.4189718261552	-18.7257837389965
			15.4574231274673	-18.6873324376844
			15.4958744287794	-18.6873324376844
			15.5343257300915	-18.6488811363723
			15.5727770314037	-18.6104298350602
			15.6112283327158	-18.5719785337481
			15.6496796340279	-18.533527232436
			15.68813093534	-18.4950759311238
			15.7265822366521	-18.4950759311238
			15.7650335379642	-18.4566246298117
			15.8034848392763	-18.4181733284996
			15.8419361405884	-18.3797220271875
			15.8803874419005	-18.3797220271875
			15.9188387432126	-18.3412707258754
			15.9572900445247	-18.3028194245633
			15.9957413458368	-18.2643681232512
			16.0341926471489	-18.2259168219391
			16.0726439484611	-18.2259168219391
			16.1110952497732	-18.187465520627
			16.1495465510853	-18.187465520627
			16.1879978523974	-18.1490142193149
			16.2264491537095	-18.1490142193149
			16.2264491537095	-18.1105629180028
			16.2649004550216	-18.0721116166907
			16.3033517563337	-18.0721116166907
			16.3418030576458	-18.0336603153786
			16.3802543589579	-18.0336603153786
			16.41870566027	-17.9952090140664
			16.4571569615821	-17.9952090140664
			16.4956082628942	-17.9567577127543
			16.4956082628942	-17.9183064114422
			16.5340595642063	-17.9183064114422
			16.5725108655185	-17.8798551101301
			16.6109621668306	-17.8798551101301
			16.6494134681427	-17.841403808818
			16.6878647694548	-17.841403808818
			16.7263160707669	-17.8029525075059
			16.764767372079	-17.7645012061938
			16.8032186733911	-17.7645012061938
			16.8416699747032	-17.7260499048817
			16.8801212760153	-17.7260499048817
			16.9185725773274	-17.6875986035696
			16.9570238786395	-17.6875986035696
			16.9954751799516	-17.6491473022575
			17.0339264812637	-17.6106960009454
			17.0723777825759	-17.6106960009454
			17.110829083888	-17.5722446996333
			17.1492803852001	-17.5722446996333
			17.1877316865122	-17.5337933983212
			17.2261829878243	-17.5337933983212
			17.2646342891364	-17.495342097009
			17.3030855904485	-17.495342097009
			17.3415368917606	-17.4568907956969
			17.3799881930727	-17.4184394943848
			17.4184394943848	-17.4184394943848
			17.4568907956969	-17.3799881930727
			17.495342097009	-17.3799881930727
			17.5337933983212	-17.3415368917606
			17.5722446996333	-17.3415368917606
			17.6106960009454	-17.3030855904485
			17.6491473022575	-17.3030855904485
			17.6875986035696	-17.2646342891364
			17.7260499048817	-17.2646342891364
			17.7645012061938	-17.2261829878243
			17.8029525075059	-17.2261829878243
			17.841403808818	-17.1877316865122
			17.8798551101301	-17.1877316865122
			17.9183064114422	-17.1492803852001
			17.9567577127543	-17.1492803852001
			17.9952090140664	-17.110829083888
			18.0336603153786	-17.110829083888
			18.0721116166907	-17.110829083888
			18.0721116166907	-17.0723777825759
			18.1105629180028	-17.0723777825759
			18.1490142193149	-17.0339264812637
			18.187465520627	-17.0339264812637
			18.2259168219391	-17.0339264812637
			18.2643681232512	-16.9954751799516
			18.3028194245633	-16.9954751799516
			18.3412707258754	-16.9570238786395
			18.3797220271875	-16.9570238786395
			18.4181733284996	-16.9185725773274
			18.4566246298117	-16.9185725773274
			18.4950759311238	-16.8801212760153
			18.533527232436	-16.8801212760153
			18.5719785337481	-16.8416699747032
			18.6104298350602	-16.8416699747032
			18.6488811363723	-16.8416699747032
			18.6873324376844	-16.8032186733911
			18.7257837389965	-16.8032186733911
			18.7642350403086	-16.8032186733911
			18.7642350403086	-16.764767372079
			18.8026863416207	-16.764767372079
			18.8411376429328	-16.764767372079
			18.8795889442449	-16.7263160707669
			18.918040245557	-16.7263160707669
			18.9564915468691	-16.6878647694548
			18.9949428481812	-16.6878647694548
			19.0333941494934	-16.6878647694548
			19.0718454508055	-16.6494134681427
			19.1102967521176	-16.6494134681427
			19.1487480534297	-16.6109621668306
			19.1871993547418	-16.6109621668306
			19.2256506560539	-16.6109621668306
			19.264101957366	-16.6109621668306
			19.264101957366	-16.5725108655185
			19.3025532586781	-16.5725108655185
			19.3410045599902	-16.5725108655185
			19.3794558613023	-16.5725108655185
			19.4179071626144	-16.5340595642063
			19.4563584639265	-16.5340595642063
			19.4948097652386	-16.5340595642063
			19.5332610665508	-16.5340595642063
			19.5717123678629	-16.4956082628942
			19.610163669175	-16.4956082628942
			19.6486149704871	-16.4956082628942
			19.6870662717992	-16.4956082628942
			19.7255175731113	-16.4956082628942
			19.7639688744234	-16.4571569615821
			19.8024201757355	-16.4571569615821
			19.8408714770476	-16.4571569615821
			19.8793227783597	-16.4571569615821
			19.9177740796718	-16.4571569615821
			19.9562253809839	-16.41870566027
			19.994676682296	-16.41870566027
			20.0331279836082	-16.41870566027
			20.0715792849203	-16.41870566027
			20.1100305862324	-16.41870566027
			20.1484818875445	-16.3802543589579
			20.1869331888566	-16.3802543589579
			20.2253844901687	-16.3802543589579
			20.2638357914808	-16.3802543589579
			20.3022870927929	-16.3802543589579
			20.340738394105	-16.3802543589579
			20.3791896954171	-16.3418030576458
			20.4176409967292	-16.3418030576458
			20.4560922980413	-16.3418030576458
			20.4945435993534	-16.3418030576458
			20.5329949006656	-16.3418030576458
			20.5714462019777	-16.3033517563337
			20.6098975032898	-16.3033517563337
			20.6483488046019	-16.3033517563337
			20.686800105914	-16.3033517563337
			20.7252514072261	-16.3033517563337
			20.7637027085382	-16.3033517563337
			20.8021540098503	-16.3033517563337
			20.8406053111624	-16.2649004550216
			20.8790566124745	-16.2649004550216
			20.9175079137866	-16.2649004550216
			20.9559592150987	-16.2649004550216
			20.9944105164108	-16.2649004550216
			21.032861817723	-16.2649004550216
			21.0713131190351	-16.2264491537095
			21.1097644203472	-16.2264491537095
			21.1482157216593	-16.2264491537095
			21.1866670229714	-16.2264491537095
			21.2251183242835	-16.2264491537095
			21.2635696255956	-16.2264491537095
			21.3020209269077	-16.2264491537095
			21.3404722282198	-16.2264491537095
			21.3789235295319	-16.1879978523974
			21.417374830844	-16.1879978523974
			21.4558261321561	-16.1879978523974
			21.4942774334683	-16.1879978523974
			21.5327287347804	-16.1879978523974
			21.5711800360925	-16.1879978523974
			21.6096313374046	-16.1879978523974
			21.6480826387167	-16.1879978523974
			21.6865339400288	-16.1495465510853
			21.7249852413409	-16.1495465510853
			21.763436542653	-16.1495465510853
			21.8018878439651	-16.1495465510853
			21.8403391452772	-16.1495465510853
			21.8787904465893	-16.1495465510853
			21.9172417479014	-16.1495465510853
			21.9556930492135	-16.1495465510853
			21.9941443505257	-16.1495465510853
			22.0325956518378	-16.1110952497732
			22.0710469531499	-16.1110952497732
			22.109498254462	-16.1110952497732
			22.1479495557741	-16.1110952497732
			22.1864008570862	-16.1110952497732
			22.2248521583983	-16.1110952497732
			22.2633034597104	-16.1110952497732
			22.3017547610225	-16.1110952497732
			22.3402060623346	-16.1110952497732
			22.3786573636467	-16.1110952497732
			22.4171086649588	-16.0726439484611
			22.4555599662709	-16.0726439484611
			22.4940112675831	-16.0726439484611
			22.5324625688952	-16.0726439484611
			22.5709138702073	-16.0726439484611
			22.6093651715194	-16.0726439484611
			22.6478164728315	-16.0726439484611
			22.6862677741436	-16.0726439484611
			22.7247190754557	-16.0726439484611
			22.7631703767678	-16.0726439484611
			22.8016216780799	-16.0726439484611
			22.840072979392	-16.0341926471489
			22.8785242807041	-16.0341926471489
			22.9169755820162	-16.0341926471489
			22.9554268833283	-16.0341926471489
			22.9938781846405	-16.0341926471489
			23.0323294859526	-16.0341926471489
			23.0707807872647	-16.0341926471489
			23.1092320885768	-16.0341926471489
			23.1476833898889	-16.0341926471489
			23.186134691201	-16.0341926471489
			23.2245859925131	-16.0341926471489
			23.2630372938252	-16.0341926471489
			23.3014885951373	-16.0341926471489
			23.3399398964494	-16.0341926471489
			23.3783911977615	-15.9957413458368
			23.4168424990736	-15.9957413458368
			23.4552938003857	-15.9957413458368
			23.4937451016979	-15.9957413458368
			23.53219640301	-15.9957413458368
			23.5706477043221	-15.9957413458368
			23.6090990056342	-15.9957413458368
			23.6475503069463	-15.9957413458368
			23.6860016082584	-15.9957413458368
			23.7244529095705	-15.9957413458368
			23.7629042108826	-15.9957413458368
			23.8013555121947	-15.9957413458368
			23.8398068135068	-15.9957413458368
			23.8782581148189	-15.9957413458368
			23.916709416131	-15.9957413458368
			23.9551607174431	-15.9957413458368
			23.9936120187553	-15.9572900445247
			24.0320633200674	-15.9572900445247
			24.0705146213795	-15.9572900445247
			24.1089659226916	-15.9572900445247
			24.1474172240037	-15.9572900445247
			24.1858685253158	-15.9572900445247
			24.2243198266279	-15.9572900445247
			24.26277112794	-15.9572900445247
			24.3012224292521	-15.9572900445247
			24.3396737305642	-15.9572900445247
			24.3781250318763	-15.9572900445247
			24.4165763331884	-15.9572900445247
			24.4550276345005	-15.9572900445247
			24.4934789358127	-15.9572900445247
			24.5319302371248	-15.9572900445247
			24.5703815384369	-15.9572900445247
			24.608832839749	-15.9572900445247
			24.6472841410611	-15.9572900445247
			24.6857354423732	-15.9572900445247
			24.7241867436853	-15.9572900445247
			24.7626380449974	-15.9188387432126
			24.8010893463095	-15.9188387432126
			24.8395406476216	-15.9188387432126
			24.8779919489337	-15.9188387432126
			24.9164432502458	-15.9188387432126
			24.954894551558	-15.9188387432126
			24.9933458528701	-15.9188387432126
			25.0317971541822	-15.9188387432126
			25.0702484554943	-15.9188387432126
			25.1086997568064	-15.9188387432126
			25.1471510581185	-15.9188387432126
			25.1856023594306	-15.9188387432126
			25.2240536607427	-15.9188387432126
			25.2625049620548	-15.9188387432126
			25.3009562633669	-15.9188387432126
			25.339407564679	-15.9188387432126
			25.3778588659911	-15.9188387432126
			25.4163101673032	-15.9188387432126
			25.4547614686154	-15.9188387432126
			25.4932127699275	-15.9188387432126
			25.5316640712396	-15.9188387432126
			25.5701153725517	-15.9188387432126
			25.6085666738638	-15.9188387432126
			25.6470179751759	-15.9188387432126
			25.685469276488	-15.9188387432126
			25.7239205778001	-15.9188387432126
			25.7623718791122	-15.9188387432126
			25.8008231804243	-15.9188387432126
			25.8392744817364	-15.9188387432126
			25.8777257830485	-15.9188387432126
			25.9161770843606	-15.9188387432126
			25.9546283856728	-15.9188387432126
			25.9930796869849	-15.8803874419005
			26.031530988297	-15.8803874419005
			26.0699822896091	-15.8803874419005
			26.1084335909212	-15.8803874419005
			26.1468848922333	-15.8803874419005
			26.1853361935454	-15.8803874419005
			26.2237874948575	-15.8803874419005
			26.2622387961696	-15.8803874419005
			26.3006900974817	-15.8803874419005
			26.3391413987938	-15.8803874419005
			26.3775927001059	-15.8803874419005
			26.416044001418	-15.8803874419005
			26.4544953027302	-15.8803874419005
			26.4929466040423	-15.8803874419005
			26.5313979053544	-15.8803874419005
			26.5698492066665	-15.8803874419005
			26.6083005079786	-15.8803874419005
			26.6467518092907	-15.8803874419005
			26.6852031106028	-15.8803874419005
			26.7236544119149	-15.8803874419005
			26.762105713227	-15.8803874419005
			26.8005570145391	-15.8803874419005
			26.8390083158512	-15.8803874419005
			26.8774596171633	-15.8803874419005
			26.9159109184755	-15.8803874419005
			26.9543622197876	-15.8803874419005
			26.9928135210997	-15.8803874419005
			27.0312648224118	-15.8803874419005
			27.0697161237239	-15.8803874419005
			27.108167425036	-15.8803874419005
			27.1466187263481	-15.8803874419005
			27.1850700276602	-15.8803874419005
			27.2235213289723	-15.8803874419005
			27.2619726302844	-15.8803874419005
			27.3004239315965	-15.8803874419005
			27.3388752329086	-15.8803874419005
			27.3773265342207	-15.8803874419005
			27.4157778355329	-15.8803874419005
			27.454229136845	-15.8803874419005
			27.4926804381571	-15.8803874419005
			27.5311317394692	-15.8803874419005
			27.5695830407813	-15.8803874419005
			27.6080343420934	-15.8803874419005
			27.6464856434055	-15.8803874419005
			27.6849369447176	-15.8803874419005
			27.7233882460297	-15.8803874419005
			27.7618395473418	-15.8803874419005
			27.8002908486539	-15.8803874419005
			27.838742149966	-15.8803874419005
			27.8771934512781	-15.8803874419005
			27.9156447525903	-15.8803874419005
			27.9540960539024	-15.8803874419005
			27.9925473552145	-15.8803874419005
			28.0309986565266	-15.8803874419005
			28.0694499578387	-15.8803874419005
			28.1079012591508	-15.8803874419005
			28.1463525604629	-15.8803874419005
			28.184803861775	-15.8803874419005
			28.2232551630871	-15.8803874419005
			28.2617064643992	-15.8419361405884
			28.3001577657113	-15.8419361405884
			28.3386090670234	-15.8419361405884
			28.3770603683355	-15.8419361405884
			28.4155116696477	-15.8419361405884
			28.4539629709598	-15.8419361405884
			28.4924142722719	-15.8419361405884
			28.530865573584	-15.8419361405884
			28.5693168748961	-15.8419361405884
			28.6077681762082	-15.8419361405884
			28.6462194775203	-15.8419361405884
			28.6846707788324	-15.8419361405884
			28.7231220801445	-15.8419361405884
			28.7615733814566	-15.8419361405884
			28.8000246827687	-15.8419361405884
			28.8384759840808	-15.8419361405884
			28.8769272853929	-15.8419361405884
			28.9153785867051	-15.8419361405884
			28.9538298880172	-15.8419361405884
			28.9922811893293	-15.8419361405884
			29.0307324906414	-15.8419361405884
			29.0691837919535	-15.8419361405884
			29.1076350932656	-15.8419361405884
			29.1460863945777	-15.8419361405884
			29.1460863945777	-15.8034848392763
			29.1845376958898	-15.8034848392763
			29.2229889972019	-15.8034848392763
			29.261440298514	-15.8034848392763
			29.2998915998261	-15.8034848392763
			29.3383429011382	-15.8034848392763
			29.3767942024503	-15.8034848392763
			29.4152455037625	-15.8034848392763
			29.4536968050746	-15.8034848392763
			29.4921481063867	-15.8034848392763
			29.5305994076988	-15.8034848392763
			29.5690507090109	-15.8034848392763
			29.607502010323	-15.8034848392763
			29.6459533116351	-15.8034848392763
			29.6844046129472	-15.8034848392763
			29.7228559142593	-15.8034848392763
			29.7613072155714	-15.8034848392763
			29.7997585168835	-15.8034848392763
			29.8382098181956	-15.8034848392763
			29.8766611195077	-15.7650335379642
			29.9151124208199	-15.7650335379642
			29.953563722132	-15.7650335379642
			29.9920150234441	-15.7650335379642
			30.0304663247562	-15.7650335379642
			30.0689176260683	-15.7650335379642
			30.1073689273804	-15.7650335379642
			30.1458202286925	-15.7650335379642
			30.1842715300046	-15.7650335379642
			30.2227228313167	-15.7650335379642
			30.2611741326288	-15.7650335379642
			30.2996254339409	-15.7650335379642
			30.338076735253	-15.7650335379642
			30.3765280365652	-15.7650335379642
			30.4149793378773	-15.7650335379642
			30.4534306391894	-15.7650335379642
			30.4918819405015	-15.7265822366521
			30.5303332418136	-15.7265822366521
			30.5687845431257	-15.7265822366521
			30.6072358444378	-15.7265822366521
			30.6456871457499	-15.7265822366521
			30.684138447062	-15.7265822366521
			30.7225897483741	-15.7265822366521
			30.7610410496862	-15.7265822366521
			30.7994923509983	-15.7265822366521
			30.8379436523104	-15.7265822366521
			30.8763949536226	-15.7265822366521
			30.9148462549347	-15.7265822366521
			30.9532975562468	-15.7265822366521
			30.9917488575589	-15.7265822366521
			31.030200158871	-15.7265822366521
			31.0686514601831	-15.68813093534
			31.1071027614952	-15.68813093534
			31.1455540628073	-15.68813093534
			31.1840053641194	-15.68813093534
			31.2224566654315	-15.68813093534
			31.2609079667436	-15.68813093534
			31.2993592680557	-15.68813093534
			31.3378105693678	-15.68813093534
			31.37626187068	-15.68813093534
			31.4147131719921	-15.68813093534
			31.4531644733042	-15.68813093534
			31.4916157746163	-15.68813093534
			31.5300670759284	-15.68813093534
			31.5685183772405	-15.6496796340279
			31.6069696785526	-15.6496796340279
			31.6454209798647	-15.6496796340279
			31.6838722811768	-15.6496796340279
			31.7223235824889	-15.6496796340279
			31.760774883801	-15.6496796340279
			31.7992261851131	-15.6496796340279
			31.8376774864252	-15.6496796340279
			31.8761287877374	-15.6496796340279
			31.9145800890495	-15.6496796340279
			31.9530313903616	-15.6496796340279
			31.9914826916737	-15.6496796340279
			32.0299339929858	-15.6112283327158
			32.0683852942979	-15.6112283327158
			32.10683659561	-15.6112283327158
			32.1452878969221	-15.6112283327158
			32.1837391982342	-15.6112283327158
			32.2221904995463	-15.6112283327158
			32.2606418008584	-15.6112283327158
			32.2990931021705	-15.6112283327158
			32.3375444034826	-15.6112283327158
			32.3759957047948	-15.6112283327158
			32.4144470061069	-15.6112283327158
			32.452898307419	-15.5727770314037
			32.4913496087311	-15.5727770314037
			32.5298009100432	-15.5727770314037
			32.5682522113553	-15.5727770314037
			32.6067035126674	-15.5727770314037
			32.6451548139795	-15.5727770314037
			32.6836061152916	-15.5727770314037
			32.7220574166037	-15.5727770314037
			32.7605087179158	-15.5727770314037
			32.7989600192279	-15.5727770314037
			32.83741132054	-15.5343257300915
			32.8758626218522	-15.5343257300915
			32.9143139231643	-15.5343257300915
			32.9527652244764	-15.5343257300915
			32.9912165257885	-15.5343257300915
			33.0296678271006	-15.5343257300915
			33.0681191284127	-15.5343257300915
			33.1065704297248	-15.5343257300915
			33.1450217310369	-15.5343257300915
			33.183473032349	-15.4958744287794
			33.2219243336611	-15.4958744287794
			33.2603756349732	-15.4958744287794
			33.2988269362853	-15.4958744287794
			33.3372782375975	-15.4958744287794
			33.3757295389096	-15.4958744287794
			33.4141808402217	-15.4958744287794
			33.4526321415338	-15.4958744287794
			33.4910834428459	-15.4958744287794
			33.529534744158	-15.4958744287794
			33.5679860454701	-15.4574231274673
			33.6064373467822	-15.4574231274673
			33.6448886480943	-15.4574231274673
			33.6833399494064	-15.4574231274673
			33.7217912507185	-15.4574231274673
			33.7602425520306	-15.4574231274673
			33.7986938533427	-15.4574231274673
			33.8371451546548	-15.4574231274673
			33.875596455967	-15.4189718261552
			33.9140477572791	-15.4189718261552
			33.9524990585912	-15.4189718261552
			33.9909503599033	-15.4189718261552
			34.0294016612154	-15.4189718261552
			34.0678529625275	-15.4189718261552
			34.1063042638396	-15.4189718261552
			34.1447555651517	-15.4189718261552
			34.1832068664638	-15.3805205248431
			34.2216581677759	-15.3805205248431
			34.260109469088	-15.3805205248431
			34.2985607704001	-15.3805205248431
			34.3370120717123	-15.3805205248431
			34.3754633730244	-15.3805205248431
			34.4139146743365	-15.3805205248431
			34.4523659756486	-15.342069223531
			34.4908172769607	-15.342069223531
			34.5292685782728	-15.342069223531
			34.5677198795849	-15.342069223531
			34.606171180897	-15.342069223531
			34.6446224822091	-15.342069223531
			34.6830737835212	-15.342069223531
			34.7215250848333	-15.3036179222189
			34.7599763861454	-15.3036179222189
			34.7984276874575	-15.3036179222189
			34.8368789887697	-15.3036179222189
			34.8753302900818	-15.3036179222189
			34.9137815913939	-15.3036179222189
			34.952232892706	-15.3036179222189
			34.9906841940181	-15.3036179222189
			35.0291354953302	-15.2651666209068
			35.0675867966423	-15.2651666209068
			35.1060380979544	-15.2651666209068
		</Snout_dorsal>
		<Dorsal_adipose type=matrix rownames=FALSE colnames=FALSE nrow=416 ncol=2 as.numeric=TRUE >
			35.1060380979544	-15.2651666209068
			35.1444893992665	-15.2651666209068
			35.1829407005786	-15.3036179222189
			35.2213920018907	-15.3036179222189
			35.2598433032028	-15.3036179222189
			35.2982946045149	-15.3036179222189
			35.2982946045149	-15.342069223531
			35.3367459058271	-15.342069223531
			35.3751972071392	-15.342069223531
			35.4136485084513	-15.342069223531
			35.4136485084513	-15.3805205248431
			35.4520998097634	-15.3805205248431
			35.4905511110755	-15.3805205248431
			35.5290024123876	-15.3805205248431
			35.5674537136997	-15.4189718261552
			35.6059050150118	-15.4189718261552
			35.6443563163239	-15.4189718261552
			35.682807617636	-15.4574231274673
			35.7212589189481	-15.4574231274673
			35.7597102202602	-15.4574231274673
			35.7981615215723	-15.4958744287794
			35.8366128228845	-15.4958744287794
			35.8750641241966	-15.4958744287794
			35.9135154255087	-15.5343257300915
			35.9519667268208	-15.5343257300915
			35.9904180281329	-15.5343257300915
			36.028869329445	-15.5343257300915
			36.0673206307571	-15.5727770314037
			36.1057719320692	-15.5727770314037
			36.1442232333813	-15.5727770314037
			36.1826745346934	-15.6112283327158
			36.2211258360055	-15.6112283327158
			36.2595771373176	-15.6112283327158
			36.2980284386297	-15.6112283327158
			36.3364797399419	-15.6496796340279
			36.374931041254	-15.6496796340279
			36.4133823425661	-15.6496796340279
			36.4518336438782	-15.68813093534
			36.4902849451903	-15.68813093534
			36.5287362465024	-15.7265822366521
			36.5671875478145	-15.7265822366521
			36.6056388491266	-15.7265822366521
			36.6440901504387	-15.7265822366521
			36.6825414517508	-15.7650335379642
			36.7209927530629	-15.7650335379642
			36.759444054375	-15.7650335379642
			36.7978953556872	-15.7650335379642
			36.8363466569993	-15.8034848392763
			36.8747979583114	-15.8034848392763
			36.9132492596235	-15.8034848392763
			36.9517005609356	-15.8419361405884
			36.9901518622477	-15.8419361405884
			37.0286031635598	-15.8419361405884
			37.0670544648719	-15.8803874419005
			37.105505766184	-15.8803874419005
			37.1439570674961	-15.8803874419005
			37.1824083688082	-15.9188387432126
			37.2208596701203	-15.9188387432126
			37.2593109714324	-15.9188387432126
			37.2977622727445	-15.9188387432126
			37.3362135740567	-15.9572900445247
			37.3746648753688	-15.9572900445247
			37.4131161766809	-15.9572900445247
			37.451567477993	-15.9957413458368
			37.4900187793051	-15.9957413458368
			37.5284700806172	-15.9957413458368
			37.5669213819293	-15.9957413458368
			37.6053726832414	-16.0341926471489
			37.6438239845535	-16.0341926471489
			37.6822752858656	-16.0341926471489
			37.7207265871777	-16.0726439484611
			37.7591778884898	-16.0726439484611
			37.797629189802	-16.0726439484611
			37.8360804911141	-16.1110952497732
			37.8745317924262	-16.1110952497732
			37.9129830937383	-16.1110952497732
			37.9514343950504	-16.1110952497732
			37.9514343950504	-16.1495465510853
			37.9898856963625	-16.1495465510853
			38.0283369976746	-16.1495465510853
			38.0667882989867	-16.1495465510853
			38.1052396002988	-16.1879978523974
			38.1436909016109	-16.1879978523974
			38.182142202923	-16.1879978523974
			38.2205935042351	-16.1879978523974
			38.2590448055472	-16.2264491537095
			38.2974961068594	-16.2264491537095
			38.3359474081715	-16.2264491537095
			38.3743987094836	-16.2649004550216
			38.4128500107957	-16.2649004550216
			38.4513013121078	-16.2649004550216
			38.4897526134199	-16.3033517563337
			38.528203914732	-16.3033517563337
			38.5666552160441	-16.3033517563337
			38.6051065173562	-16.3033517563337
			38.6435578186683	-16.3418030576458
			38.6820091199804	-16.3418030576458
			38.7204604212925	-16.3418030576458
			38.7589117226046	-16.3802543589579
			38.7973630239168	-16.3802543589579
			38.8358143252289	-16.3802543589579
			38.874265626541	-16.3802543589579
			38.9127169278531	-16.41870566027
			38.9511682291652	-16.41870566027
			38.9896195304773	-16.41870566027
			39.0280708317894	-16.4571569615821
			39.0665221331015	-16.4571569615821
			39.1049734344136	-16.4571569615821
			39.1434247357257	-16.4571569615821
			39.1818760370378	-16.4956082628942
			39.2203273383499	-16.4956082628942
			39.258778639662	-16.5340595642063
			39.2972299409742	-16.5340595642063
			39.3356812422863	-16.5340595642063
			39.3741325435984	-16.5340595642063
			39.4125838449105	-16.5725108655185
			39.4510351462226	-16.5725108655185
			39.4894864475347	-16.5725108655185
			39.5279377488468	-16.5725108655185
			39.5663890501589	-16.6109621668306
			39.604840351471	-16.6109621668306
			39.6432916527831	-16.6109621668306
			39.6817429540952	-16.6494134681427
			39.7201942554073	-16.6494134681427
			39.7586455567195	-16.6494134681427
			39.7970968580316	-16.6494134681427
			39.8355481593437	-16.6878647694548
			39.8739994606558	-16.6878647694548
			39.9124507619679	-16.6878647694548
			39.95090206328	-16.7263160707669
			39.9893533645921	-16.7263160707669
			40.0278046659042	-16.7263160707669
			40.0662559672163	-16.7263160707669
			40.1047072685284	-16.764767372079
			40.1431585698405	-16.764767372079
			40.1816098711526	-16.764767372079
			40.2200611724647	-16.764767372079
			40.2585124737768	-16.8032186733911
			40.296963775089	-16.8032186733911
			40.3354150764011	-16.8032186733911
			40.3738663777132	-16.8416699747032
			40.4123176790253	-16.8416699747032
			40.4507689803374	-16.8416699747032
			40.4892202816495	-16.8416699747032
			40.4892202816495	-16.8801212760153
			40.5276715829616	-16.8801212760153
			40.5661228842737	-16.8801212760153
			40.6045741855858	-16.8801212760153
			40.6430254868979	-16.9185725773274
			40.68147678821	-16.9185725773274
			40.7199280895221	-16.9185725773274
			40.7583793908342	-16.9185725773274
			40.7968306921464	-16.9570238786395
			40.8352819934585	-16.9570238786395
			40.8737332947706	-16.9570238786395
			40.9121845960827	-16.9570238786395
			40.9506358973948	-16.9954751799516
			40.9890871987069	-16.9954751799516
			41.027538500019	-16.9954751799516
			41.0659898013311	-17.0339264812637
			41.1044411026432	-17.0339264812637
			41.1428924039553	-17.0339264812637
			41.1813437052674	-17.0723777825759
			41.2197950065795	-17.0723777825759
			41.2582463078917	-17.0723777825759
			41.2966976092038	-17.0723777825759
			41.3351489105159	-17.110829083888
			41.373600211828	-17.110829083888
			41.4120515131401	-17.110829083888
			41.4505028144522	-17.110829083888
			41.4889541157643	-17.1492803852001
			41.5274054170764	-17.1492803852001
			41.5658567183885	-17.1492803852001
			41.6043080197006	-17.1492803852001
			41.6427593210127	-17.1877316865122
			41.6812106223248	-17.1877316865122
			41.7196619236369	-17.1877316865122
			41.7581132249491	-17.2261829878243
			41.7965645262612	-17.2261829878243
			41.8350158275733	-17.2261829878243
			41.8734671288854	-17.2261829878243
			41.9119184301975	-17.2646342891364
			41.9503697315096	-17.2646342891364
			41.9888210328217	-17.2646342891364
			42.0272723341338	-17.2646342891364
			42.0657236354459	-17.3030855904485
			42.104174936758	-17.3030855904485
			42.1426262380701	-17.3030855904485
			42.1810775393822	-17.3030855904485
			42.2195288406943	-17.3415368917606
			42.2579801420065	-17.3415368917606
			42.2964314433186	-17.3415368917606
			42.3348827446307	-17.3799881930727
			42.3733340459428	-17.3799881930727
			42.4117853472549	-17.3799881930727
			42.450236648567	-17.3799881930727
			42.4886879498791	-17.3799881930727
			42.4886879498791	-17.4184394943848
			42.5271392511912	-17.4184394943848
			42.5655905525033	-17.4184394943848
			42.6040418538154	-17.4184394943848
			42.6424931551275	-17.4184394943848
			42.6424931551275	-17.4568907956969
			42.6809444564396	-17.4568907956969
			42.7193957577517	-17.4568907956969
			42.7578470590639	-17.4568907956969
			42.796298360376	-17.495342097009
			42.8347496616881	-17.495342097009
			42.8732009630002	-17.495342097009
			42.9116522643123	-17.495342097009
			42.9501035656244	-17.5337933983212
			42.9885548669365	-17.5337933983212
			43.0270061682486	-17.5337933983212
			43.0654574695607	-17.5337933983212
			43.1039087708728	-17.5722446996333
			43.1423600721849	-17.5722446996333
			43.180811373497	-17.5722446996333
			43.2192626748092	-17.5722446996333
			43.2192626748092	-17.6106960009454
			43.2577139761213	-17.6106960009454
			43.2961652774334	-17.6106960009454
			43.3346165787455	-17.6106960009454
			43.3730678800576	-17.6106960009454
			43.4115191813697	-17.6491473022575
			43.4499704826818	-17.6491473022575
			43.4884217839939	-17.6491473022575
			43.526873085306	-17.6491473022575
			43.5653243866181	-17.6491473022575
			43.6037756879302	-17.6491473022575
			43.6422269892423	-17.6875986035696
			43.6806782905544	-17.6875986035696
			43.7191295918665	-17.6875986035696
			43.7575808931787	-17.6875986035696
			43.7960321944908	-17.6875986035696
			43.8344834958029	-17.7260499048817
			43.872934797115	-17.7260499048817
			43.9113860984271	-17.7260499048817
			43.9498373997392	-17.7260499048817
			43.9882887010513	-17.7260499048817
			44.0267400023634	-17.7645012061938
			44.0651913036755	-17.7645012061938
			44.1036426049876	-17.7645012061938
			44.1420939062997	-17.7645012061938
			44.1805452076118	-17.7645012061938
			44.218996508924	-17.7645012061938
			44.2574478102361	-17.8029525075059
			44.2958991115482	-17.8029525075059
			44.3343504128603	-17.8029525075059
			44.3728017141724	-17.8029525075059
			44.4112530154845	-17.8029525075059
			44.4497043167966	-17.8029525075059
			44.4881556181087	-17.841403808818
			44.5266069194208	-17.841403808818
			44.5650582207329	-17.841403808818
			44.603509522045	-17.841403808818
			44.6419608233571	-17.841403808818
			44.6804121246692	-17.841403808818
			44.7188634259814	-17.8798551101301
			44.7573147272935	-17.8798551101301
			44.7957660286056	-17.8798551101301
			44.8342173299177	-17.8798551101301
			44.8726686312298	-17.8798551101301
			44.8726686312298	-17.9183064114422
			44.9111199325419	-17.9183064114422
			44.949571233854	-17.9183064114422
			44.9880225351661	-17.9183064114422
			45.0264738364782	-17.9183064114422
			45.0649251377903	-17.9183064114422
			45.1033764391024	-17.9183064114422
			45.1418277404145	-17.9567577127543
			45.1802790417266	-17.9567577127543
			45.2187303430388	-17.9567577127543
			45.2571816443509	-17.9567577127543
			45.295632945663	-17.9567577127543
			45.3340842469751	-17.9952090140664
			45.3725355482872	-17.9952090140664
			45.4109868495993	-17.9952090140664
			45.4494381509114	-17.9952090140664
			45.4878894522235	-17.9952090140664
			45.5263407535356	-17.9952090140664
			45.5647920548477	-18.0336603153786
			45.6032433561598	-18.0336603153786
			45.6416946574719	-18.0336603153786
			45.680145958784	-18.0336603153786
			45.7185972600962	-18.0336603153786
			45.7570485614083	-18.0336603153786
			45.7954998627204	-18.0721116166907
			45.8339511640325	-18.0721116166907
			45.8724024653446	-18.0721116166907
			45.9108537666567	-18.0721116166907
			45.9493050679688	-18.0721116166907
			45.9877563692809	-18.0721116166907
			46.026207670593	-18.1105629180028
			46.0646589719051	-18.1105629180028
			46.1031102732172	-18.1105629180028
			46.1415615745293	-18.1105629180028
			46.1800128758414	-18.1105629180028
			46.2184641771536	-18.1105629180028
			46.2569154784657	-18.1490142193149
			46.2953667797778	-18.1490142193149
			46.3338180810899	-18.1490142193149
			46.372269382402	-18.1490142193149
			46.4107206837141	-18.1490142193149
			46.4491719850262	-18.1490142193149
			46.4876232863383	-18.187465520627
			46.5260745876504	-18.187465520627
			46.5645258889625	-18.187465520627
			46.6029771902746	-18.187465520627
			46.6414284915867	-18.187465520627
			46.6798797928989	-18.187465520627
			46.718331094211	-18.187465520627
			46.718331094211	-18.2259168219391
			46.7567823955231	-18.2259168219391
			46.7952336968352	-18.2259168219391
			46.8336849981473	-18.2259168219391
			46.8721362994594	-18.2259168219391
			46.9105876007715	-18.2259168219391
			46.9490389020836	-18.2643681232512
			46.9874902033957	-18.2643681232512
			47.0259415047078	-18.2643681232512
			47.0643928060199	-18.2643681232512
			47.102844107332	-18.2643681232512
			47.1412954086441	-18.2643681232512
			47.1797467099562	-18.2643681232512
			47.2181980112684	-18.3028194245633
			47.2566493125805	-18.3028194245633
			47.2951006138926	-18.3028194245633
			47.3335519152047	-18.3028194245633
			47.3720032165168	-18.3028194245633
			47.4104545178289	-18.3028194245633
			47.448905819141	-18.3028194245633
			47.4873571204531	-18.3412707258754
			47.5258084217652	-18.3412707258754
			47.5642597230773	-18.3412707258754
			47.6027110243894	-18.3412707258754
			47.6411623257015	-18.3412707258754
			47.6796136270137	-18.3412707258754
			47.7180649283258	-18.3412707258754
			47.7180649283258	-18.3797220271875
			47.7565162296379	-18.3797220271875
			47.79496753095	-18.3797220271875
			47.8334188322621	-18.3797220271875
			47.8718701335742	-18.3797220271875
			47.9103214348863	-18.3797220271875
			47.9487727361984	-18.3797220271875
			47.9872240375105	-18.3797220271875
			48.0256753388226	-18.4181733284996
			48.0641266401347	-18.4181733284996
			48.1025779414468	-18.4181733284996
			48.1410292427589	-18.4181733284996
			48.1794805440711	-18.4181733284996
			48.2179318453832	-18.4181733284996
			48.2563831466953	-18.4181733284996
			48.2948344480074	-18.4566246298117
			48.3332857493195	-18.4566246298117
			48.3717370506316	-18.4566246298117
			48.4101883519437	-18.4566246298117
			48.4486396532558	-18.4566246298117
			48.4870909545679	-18.4566246298117
			48.52554225588	-18.4566246298117
			48.5639935571921	-18.4566246298117
			48.6024448585042	-18.4950759311238
			48.6408961598164	-18.4950759311238
			48.6793474611285	-18.4950759311238
			48.7177987624406	-18.4950759311238
			48.7562500637527	-18.4950759311238
			48.7947013650648	-18.4950759311238
			48.8331526663769	-18.4950759311238
			48.871603967689	-18.4950759311238
			48.9100552690011	-18.533527232436
			48.9485065703132	-18.533527232436
			48.9869578716253	-18.533527232436
			49.0254091729374	-18.533527232436
			49.0638604742495	-18.533527232436
			49.1023117755616	-18.533527232436
			49.1407630768737	-18.533527232436
			49.1792143781859	-18.533527232436
			49.217665679498	-18.533527232436
			49.2561169808101	-18.533527232436
			49.2945682821222	-18.5719785337481
			49.3330195834343	-18.5719785337481
			49.3714708847464	-18.5719785337481
			49.4099221860585	-18.5719785337481
			49.4483734873706	-18.5719785337481
			49.4868247886827	-18.5719785337481
			49.5252760899948	-18.5719785337481
			49.5637273913069	-18.5719785337481
			49.602178692619	-18.5719785337481
			49.6406299939311	-18.5719785337481
			49.6790812952433	-18.5719785337481
			49.7175325965554	-18.5719785337481
			49.7559838978675	-18.6104298350602
			49.7944351991796	-18.6104298350602
			49.8328865004917	-18.6104298350602
			49.8713378018038	-18.6104298350602
			49.9097891031159	-18.6104298350602
			49.948240404428	-18.6104298350602
			49.9866917057401	-18.6104298350602
			50.0251430070522	-18.6104298350602
			50.0635943083643	-18.6104298350602
			50.1020456096764	-18.6104298350602
			50.1404969109886	-18.6104298350602
			50.1789482123007	-18.6104298350602
			50.2173995136128	-18.6104298350602
			50.2558508149249	-18.6104298350602
			50.294302116237	-18.6104298350602
			50.3327534175491	-18.6104298350602
			50.3712047188612	-18.6104298350602
			50.4096560201733	-18.6104298350602
			50.4481073214854	-18.6104298350602
			50.4865586227975	-18.6104298350602
			50.5250099241096	-18.6104298350602
			50.5634612254217	-18.6104298350602
			50.6019125267338	-18.5719785337481
			50.6403638280459	-18.5719785337481
			50.6788151293581	-18.5719785337481
		</Dorsal_adipose>
		<Adipose_caudal type=matrix rownames=FALSE colnames=FALSE nrow=245 ncol=2 as.numeric=TRUE >
			50.6788151293581	-18.5719785337481
			50.7172664306702	-18.5719785337481
			50.7557177319823	-18.5719785337481
			50.7941690332944	-18.5719785337481
			50.8326203346065	-18.5719785337481
			50.8710716359186	-18.5719785337481
			50.9095229372307	-18.5719785337481
			50.9479742385428	-18.6104298350602
			50.9864255398549	-18.6104298350602
			51.024876841167	-18.6104298350602
			51.0633281424791	-18.6104298350602
			51.1017794437912	-18.6104298350602
			51.1402307451034	-18.6104298350602
			51.1786820464155	-18.6104298350602
			51.2171333477276	-18.6488811363723
			51.2555846490397	-18.6488811363723
			51.2940359503518	-18.6488811363723
			51.3324872516639	-18.6488811363723
			51.370938552976	-18.6873324376844
			51.4093898542881	-18.6873324376844
			51.4478411556002	-18.6873324376844
			51.4862924569123	-18.6873324376844
			51.5247437582244	-18.7257837389965
			51.5631950595365	-18.7257837389965
			51.6016463608486	-18.7257837389965
			51.6400976621608	-18.7257837389965
			51.6400976621608	-18.7642350403086
			51.6785489634729	-18.7642350403086
			51.717000264785	-18.7642350403086
			51.7554515660971	-18.8026863416207
			51.7939028674092	-18.8411376429328
			51.8323541687213	-18.8411376429328
			51.8708054700334	-18.8795889442449
			51.9092567713455	-18.8795889442449
			51.9477080726576	-18.918040245557
			51.9861593739697	-18.9564915468691
			52.0246106752818	-18.9949428481812
			52.0630619765939	-19.0333941494934
			52.1015132779061	-19.0718454508055
			52.1015132779061	-19.1102967521176
			52.1399645792182	-19.1487480534297
			52.1784158805303	-19.1871993547418
			52.1784158805303	-19.2256506560539
			52.1784158805303	-19.264101957366
			52.2168671818424	-19.3025532586781
			52.2168671818424	-19.3410045599902
			52.2553184831545	-19.3794558613023
			52.2937697844666	-19.3794558613023
			52.3322210857787	-19.4179071626144
			52.3706723870908	-19.4179071626144
			52.4091236884029	-19.4179071626144
			52.447574989715	-19.4179071626144
			52.4860262910271	-19.4179071626144
			52.5244775923392	-19.4179071626144
			52.5629288936513	-19.4179071626144
			52.6013801949634	-19.4563584639265
			52.6398314962756	-19.4563584639265
			52.6782827975877	-19.4563584639265
			52.7167340988998	-19.4563584639265
			52.7551854002119	-19.4563584639265
			52.793636701524	-19.4563584639265
			52.8320880028361	-19.4948097652386
			52.8705393041482	-19.4948097652386
			52.9089906054603	-19.4948097652386
			52.9474419067724	-19.4948097652386
			52.9858932080845	-19.4948097652386
			53.0243445093966	-19.4948097652386
			53.0627958107087	-19.5332610665508
			53.1012471120209	-19.5332610665508
			53.139698413333	-19.5332610665508
			53.1781497146451	-19.5332610665508
			53.2166010159572	-19.5332610665508
			53.2550523172693	-19.5332610665508
			53.2935036185814	-19.5332610665508
			53.2935036185814	-19.5717123678629
			53.3319549198935	-19.5717123678629
			53.3704062212056	-19.5717123678629
			53.4088575225177	-19.5717123678629
			53.4473088238298	-19.5717123678629
			53.4857601251419	-19.5717123678629
			53.524211426454	-19.5717123678629
			53.5626627277661	-19.610163669175
			53.6011140290783	-19.610163669175
			53.6395653303904	-19.610163669175
			53.6780166317025	-19.610163669175
			53.7164679330146	-19.610163669175
			53.7549192343267	-19.610163669175
			53.7933705356388	-19.610163669175
			53.7933705356388	-19.6486149704871
			53.8318218369509	-19.6486149704871
			53.870273138263	-19.6486149704871
			53.9087244395751	-19.6486149704871
			53.9471757408872	-19.6486149704871
			53.9856270421993	-19.6486149704871
			54.0240783435114	-19.6486149704871
			54.0625296448235	-19.6870662717992
			54.1009809461356	-19.6870662717992
			54.1394322474478	-19.6870662717992
			54.1778835487599	-19.6870662717992
			54.216334850072	-19.6870662717992
			54.2547861513841	-19.6870662717992
			54.2932374526962	-19.6870662717992
			54.2932374526962	-19.7255175731113
			54.3316887540083	-19.7255175731113
			54.3701400553204	-19.7255175731113
			54.4085913566325	-19.7255175731113
			54.4470426579446	-19.7255175731113
			54.4854939592567	-19.7255175731113
			54.5239452605688	-19.7255175731113
			54.5239452605688	-19.7639688744234
			54.5623965618809	-19.7639688744234
			54.6008478631931	-19.7639688744234
			54.6392991645052	-19.7639688744234
			54.6777504658173	-19.7639688744234
			54.7162017671294	-19.7639688744234
			54.7546530684415	-19.7639688744234
			54.7931043697536	-19.8024201757355
			54.8315556710657	-19.8024201757355
			54.8700069723778	-19.8024201757355
			54.9084582736899	-19.8024201757355
			54.946909575002	-19.8024201757355
			54.9853608763141	-19.8024201757355
			55.0238121776262	-19.8024201757355
			55.0622634789383	-19.8408714770476
			55.1007147802505	-19.8408714770476
			55.1391660815626	-19.8408714770476
			55.1776173828747	-19.8408714770476
			55.2160686841868	-19.8408714770476
			55.2545199854989	-19.8408714770476
			55.292971286811	-19.8793227783597
			55.3314225881231	-19.8793227783597
			55.3698738894352	-19.8793227783597
			55.4083251907473	-19.8793227783597
			55.4467764920594	-19.8793227783597
			55.4852277933715	-19.8793227783597
			55.5236790946836	-19.8793227783597
			55.5621303959958	-19.8793227783597
			55.6005816973079	-19.9177740796718
			55.63903299862	-19.9177740796718
			55.6774842999321	-19.9177740796718
			55.7159356012442	-19.9177740796718
			55.7543869025563	-19.9177740796718
			55.7928382038684	-19.9177740796718
			55.8312895051805	-19.9177740796718
			55.8312895051805	-19.9562253809839
			55.8697408064926	-19.9562253809839
			55.9081921078047	-19.9562253809839
			55.9466434091168	-19.9562253809839
			55.9850947104289	-19.9562253809839
			56.023546011741	-19.9562253809839
			56.0619973130531	-19.9562253809839
			56.1004486143653	-19.9562253809839
			56.1388999156774	-19.994676682296
			56.1773512169895	-19.994676682296
			56.2158025183016	-19.994676682296
			56.2542538196137	-19.994676682296
			56.2927051209258	-19.994676682296
			56.3311564222379	-19.994676682296
			56.36960772355	-19.994676682296
			56.4080590248621	-20.0331279836082
			56.4465103261742	-20.0331279836082
			56.4849616274863	-20.0331279836082
			56.5234129287984	-20.0331279836082
			56.5618642301106	-20.0331279836082
			56.6003155314227	-20.0331279836082
			56.6387668327348	-20.0331279836082
			56.6772181340469	-20.0715792849203
			56.715669435359	-20.0715792849203
			56.7541207366711	-20.0715792849203
			56.7925720379832	-20.0715792849203
			56.8310233392953	-20.0715792849203
			56.8694746406074	-20.0715792849203
			56.9079259419195	-20.0715792849203
			56.9463772432316	-20.0715792849203
			56.9848285445437	-20.0715792849203
			56.9848285445437	-20.1100305862324
			57.0232798458558	-20.1100305862324
			57.061731147168	-20.1100305862324
			57.1001824484801	-20.1100305862324
			57.1386337497922	-20.1100305862324
			57.1770850511043	-20.1100305862324
			57.2155363524164	-20.1100305862324
			57.2539876537285	-20.1100305862324
			57.2924389550406	-20.1484818875445
			57.3308902563527	-20.1484818875445
			57.3693415576648	-20.1484818875445
			57.4077928589769	-20.1484818875445
			57.446244160289	-20.1484818875445
			57.4846954616011	-20.1484818875445
			57.5231467629132	-20.1484818875445
			57.5615980642254	-20.1484818875445
			57.6000493655375	-20.1484818875445
			57.6385006668496	-20.1869331888566
			57.6769519681617	-20.1869331888566
			57.7154032694738	-20.1869331888566
			57.7538545707859	-20.1869331888566
			57.792305872098	-20.1869331888566
			57.8307571734101	-20.1869331888566
			57.8692084747222	-20.1869331888566
			57.9076597760343	-20.1869331888566
			57.9461110773464	-20.1869331888566
			57.9845623786585	-20.1869331888566
			58.0230136799706	-20.1869331888566
			58.0614649812828	-20.2253844901687
			58.0999162825949	-20.2253844901687
			58.138367583907	-20.2253844901687
			58.1768188852191	-20.2253844901687
			58.2152701865312	-20.2253844901687
			58.2537214878433	-20.2253844901687
			58.2921727891554	-20.2253844901687
			58.3306240904675	-20.2253844901687
			58.3690753917796	-20.2253844901687
			58.4075266930917	-20.2253844901687
			58.4459779944038	-20.2253844901687
			58.4844292957159	-20.2253844901687
			58.522880597028	-20.2253844901687
			58.5613318983402	-20.2253844901687
			58.5997831996523	-20.2253844901687
			58.6382345009644	-20.2253844901687
			58.6766858022765	-20.2253844901687
			58.7151371035886	-20.1869331888566
			58.7535884049007	-20.1869331888566
			58.7920397062128	-20.1869331888566
			58.8304910075249	-20.1869331888566
			58.868942308837	-20.1869331888566
			58.9073936101491	-20.1869331888566
			58.9458449114612	-20.1869331888566
			58.9842962127733	-20.1869331888566
			59.0227475140855	-20.1869331888566
			59.0611988153976	-20.1869331888566
			59.0996501167097	-20.1869331888566
			59.1381014180218	-20.1869331888566
			59.1765527193339	-20.1869331888566
			59.215004020646	-20.1869331888566
			59.2534553219581	-20.1869331888566
			59.2919066232702	-20.1869331888566
			59.3303579245823	-20.1869331888566
			59.3688092258944	-20.1869331888566
			59.4072605272065	-20.1869331888566
			59.4457118285186	-20.1869331888566
			59.4841631298307	-20.1869331888566
			59.5226144311428	-20.1869331888566
			59.561065732455	-20.1869331888566
			59.5995170337671	-20.2253844901687
			59.6379683350792	-20.2253844901687
		</Adipose_caudal>
		<Caudal_anal type=matrix rownames=FALSE colnames=FALSE nrow=379 ncol=2 as.numeric=TRUE >
			59.0611988153976	-25.1856023594306
			59.0227475140855	-25.1856023594306
			58.9842962127733	-25.2240536607427
			58.9458449114612	-25.2240536607427
			58.9073936101491	-25.2240536607427
			58.868942308837	-25.2625049620548
			58.8304910075249	-25.2625049620548
			58.7920397062128	-25.2625049620548
			58.7535884049007	-25.2625049620548
			58.7151371035886	-25.2625049620548
			58.6766858022765	-25.2625049620548
			58.6382345009644	-25.2625049620548
			58.5997831996523	-25.2625049620548
			58.5613318983402	-25.2625049620548
			58.522880597028	-25.2625049620548
			58.4844292957159	-25.2625049620548
			58.4459779944038	-25.2625049620548
			58.4075266930917	-25.2625049620548
			58.3690753917796	-25.2625049620548
			58.3306240904675	-25.2625049620548
			58.2921727891554	-25.2625049620548
			58.2537214878433	-25.2625049620548
			58.2152701865312	-25.2625049620548
			58.1768188852191	-25.2625049620548
			58.138367583907	-25.2625049620548
			58.0999162825949	-25.2625049620548
			58.0614649812828	-25.2625049620548
			58.0230136799706	-25.2625049620548
			57.9845623786585	-25.2625049620548
			57.9461110773464	-25.2625049620548
			57.9076597760343	-25.2240536607427
			57.8692084747222	-25.2240536607427
			57.8307571734101	-25.2240536607427
			57.792305872098	-25.2240536607427
			57.7538545707859	-25.2240536607427
			57.7154032694738	-25.2240536607427
			57.6769519681617	-25.1856023594306
			57.6385006668496	-25.1856023594306
			57.6000493655375	-25.1856023594306
			57.5615980642254	-25.1856023594306
			57.5231467629132	-25.1856023594306
			57.4846954616011	-25.1856023594306
			57.446244160289	-25.1471510581185
			57.4077928589769	-25.1471510581185
			57.3693415576648	-25.1471510581185
			57.3308902563527	-25.1471510581185
			57.2924389550406	-25.1471510581185
			57.2539876537285	-25.1086997568064
			57.2155363524164	-25.1086997568064
			57.1770850511043	-25.1086997568064
			57.1386337497922	-25.1086997568064
			57.1001824484801	-25.0702484554943
			57.061731147168	-25.0702484554943
			57.0232798458558	-25.0702484554943
			56.9848285445437	-25.0702484554943
			56.9463772432316	-25.0702484554943
			56.9079259419195	-25.0702484554943
			56.8694746406074	-25.0702484554943
			56.8310233392953	-25.0317971541822
			56.7925720379832	-25.0317971541822
			56.7541207366711	-25.0317971541822
			56.715669435359	-25.0317971541822
			56.6772181340469	-25.0317971541822
			56.6387668327348	-25.0317971541822
			56.6003155314227	-25.0317971541822
			56.5618642301106	-25.0317971541822
			56.5234129287984	-25.0317971541822
			56.4849616274863	-25.0317971541822
			56.4465103261742	-25.0317971541822
			56.4080590248621	-24.9933458528701
			56.36960772355	-24.9933458528701
			56.3311564222379	-24.9933458528701
			56.2927051209258	-24.9933458528701
			56.2542538196137	-24.9933458528701
			56.2158025183016	-24.9933458528701
			56.1773512169895	-24.9933458528701
			56.1388999156774	-24.9933458528701
			56.1004486143653	-24.9933458528701
			56.0619973130531	-24.9933458528701
			56.023546011741	-24.9933458528701
			55.9850947104289	-24.9933458528701
			55.9466434091168	-24.9933458528701
			55.9081921078047	-24.9933458528701
			55.9081921078047	-24.954894551558
			55.8697408064926	-24.954894551558
			55.8312895051805	-24.954894551558
			55.7928382038684	-24.954894551558
			55.7543869025563	-24.954894551558
			55.7159356012442	-24.954894551558
			55.6774842999321	-24.954894551558
			55.63903299862	-24.954894551558
			55.6005816973079	-24.954894551558
			55.5621303959958	-24.954894551558
			55.5236790946836	-24.954894551558
			55.4852277933715	-24.954894551558
			55.4467764920594	-24.954894551558
			55.4083251907473	-24.954894551558
			55.3698738894352	-24.954894551558
			55.3314225881231	-24.954894551558
			55.292971286811	-24.954894551558
			55.2545199854989	-24.954894551558
			55.2160686841868	-24.954894551558
			55.1776173828747	-24.954894551558
			55.1391660815626	-24.954894551558
			55.1007147802505	-24.954894551558
			55.0622634789383	-24.9164432502458
			55.0238121776262	-24.9164432502458
			54.9853608763141	-24.9164432502458
			54.946909575002	-24.9164432502458
			54.9084582736899	-24.9164432502458
			54.8700069723778	-24.9164432502458
			54.8315556710657	-24.9164432502458
			54.7931043697536	-24.9164432502458
			54.7546530684415	-24.9164432502458
			54.7162017671294	-24.9164432502458
			54.6777504658173	-24.9164432502458
			54.6392991645052	-24.9164432502458
			54.6008478631931	-24.9164432502458
			54.5623965618809	-24.9164432502458
			54.5239452605688	-24.9164432502458
			54.4854939592567	-24.9164432502458
			54.4470426579446	-24.9164432502458
			54.4085913566325	-24.9164432502458
			54.3701400553204	-24.9164432502458
			54.3316887540083	-24.9164432502458
			54.2932374526962	-24.9164432502458
			54.2547861513841	-24.9164432502458
			54.216334850072	-24.9164432502458
			54.1778835487599	-24.9164432502458
			54.1394322474478	-24.9164432502458
			54.1009809461356	-24.9164432502458
			54.0625296448235	-24.9164432502458
			54.0240783435114	-24.9164432502458
			53.9856270421993	-24.9164432502458
			53.9471757408872	-24.9164432502458
			53.9087244395751	-24.9164432502458
			53.870273138263	-24.9164432502458
			53.8318218369509	-24.9164432502458
			53.7933705356388	-24.9164432502458
			53.7549192343267	-24.9164432502458
			53.7164679330146	-24.954894551558
			53.6780166317025	-24.954894551558
			53.6395653303904	-24.954894551558
			53.6011140290783	-24.954894551558
			53.5626627277661	-24.954894551558
			53.524211426454	-24.954894551558
			53.4857601251419	-24.954894551558
			53.4473088238298	-24.954894551558
			53.4088575225177	-24.954894551558
			53.3704062212056	-24.954894551558
			53.3319549198935	-24.954894551558
			53.2935036185814	-24.954894551558
			53.2550523172693	-24.954894551558
			53.2166010159572	-24.954894551558
			53.1781497146451	-24.954894551558
			53.139698413333	-24.954894551558
			53.1012471120209	-24.954894551558
			53.0627958107087	-24.954894551558
			53.0243445093966	-24.954894551558
			52.9858932080845	-24.954894551558
			52.9474419067724	-24.954894551558
			52.9089906054603	-24.9933458528701
			52.8705393041482	-24.9933458528701
			52.8320880028361	-24.9933458528701
			52.793636701524	-24.9933458528701
			52.7551854002119	-24.9933458528701
			52.7167340988998	-24.9933458528701
			52.6782827975877	-24.9933458528701
			52.6398314962756	-24.9933458528701
			52.6013801949634	-24.9933458528701
			52.5629288936513	-24.9933458528701
			52.5244775923392	-24.9933458528701
			52.4860262910271	-24.9933458528701
			52.447574989715	-25.0317971541822
			52.4091236884029	-25.0317971541822
			52.3706723870908	-25.0317971541822
			52.3322210857787	-25.0317971541822
			52.2937697844666	-25.0317971541822
			52.2553184831545	-25.0317971541822
			52.2168671818424	-25.0317971541822
			52.1784158805303	-25.0317971541822
			52.1399645792182	-25.0317971541822
			52.1015132779061	-25.0702484554943
			52.0630619765939	-25.0702484554943
			52.0246106752818	-25.0702484554943
			51.9861593739697	-25.0702484554943
			51.9477080726576	-25.0702484554943
			51.9092567713455	-25.0702484554943
			51.8708054700334	-25.0702484554943
			51.8323541687213	-25.1086997568064
			51.7939028674092	-25.1086997568064
			51.7554515660971	-25.1086997568064
			51.717000264785	-25.1086997568064
			51.6785489634729	-25.1086997568064
			51.6400976621608	-25.1086997568064
			51.6016463608486	-25.1086997568064
			51.6016463608486	-25.1471510581185
			51.5631950595365	-25.1471510581185
			51.5247437582244	-25.1471510581185
			51.4862924569123	-25.1471510581185
			51.4478411556002	-25.1471510581185
			51.4093898542881	-25.1471510581185
			51.370938552976	-25.1471510581185
			51.3324872516639	-25.1856023594306
			51.2940359503518	-25.1856023594306
			51.2555846490397	-25.1856023594306
			51.2171333477276	-25.1856023594306
			51.1786820464155	-25.1856023594306
			51.1402307451034	-25.1856023594306
			51.1017794437912	-25.1856023594306
			51.0633281424791	-25.2240536607427
			51.024876841167	-25.2240536607427
			50.9864255398549	-25.2240536607427
			50.9479742385428	-25.2240536607427
			50.9095229372307	-25.2240536607427
			50.8710716359186	-25.2240536607427
			50.8326203346065	-25.2240536607427
			50.8326203346065	-25.2625049620548
			50.7941690332944	-25.2625049620548
			50.7557177319823	-25.2625049620548
			50.7172664306702	-25.2625049620548
			50.6788151293581	-25.2625049620548
			50.6403638280459	-25.2625049620548
			50.6019125267338	-25.2625049620548
			50.5634612254217	-25.3009562633669
			50.5250099241096	-25.3009562633669
			50.4865586227975	-25.3009562633669
			50.4481073214854	-25.3009562633669
			50.4096560201733	-25.3009562633669
			50.3712047188612	-25.3009562633669
			50.3327534175491	-25.3009562633669
			50.294302116237	-25.339407564679
			50.2558508149249	-25.339407564679
			50.2173995136128	-25.339407564679
			50.1789482123007	-25.339407564679
			50.1404969109886	-25.339407564679
			50.1020456096764	-25.339407564679
			50.0635943083643	-25.3778588659911
			50.0251430070522	-25.3778588659911
			49.9866917057401	-25.3778588659911
			49.948240404428	-25.3778588659911
			49.9097891031159	-25.3778588659911
			49.8713378018038	-25.3778588659911
			49.8328865004917	-25.3778588659911
			49.8328865004917	-25.4163101673032
			49.7944351991796	-25.4163101673032
			49.7559838978675	-25.4163101673032
			49.7175325965554	-25.4163101673032
			49.6790812952433	-25.4163101673032
			49.6406299939311	-25.4163101673032
			49.602178692619	-25.4163101673032
			49.5637273913069	-25.4547614686154
			49.5252760899948	-25.4547614686154
			49.4868247886827	-25.4547614686154
			49.4483734873706	-25.4547614686154
			49.4099221860585	-25.4547614686154
			49.3714708847464	-25.4547614686154
			49.3330195834343	-25.4932127699275
			49.2945682821222	-25.4932127699275
			49.2561169808101	-25.4932127699275
			49.217665679498	-25.4932127699275
			49.1792143781859	-25.4932127699275
			49.1407630768737	-25.4932127699275
			49.1023117755616	-25.4932127699275
			49.0638604742495	-25.5316640712396
			49.0254091729374	-25.5316640712396
			48.9869578716253	-25.5316640712396
			48.9485065703132	-25.5316640712396
			48.9100552690011	-25.5316640712396
			48.871603967689	-25.5316640712396
			48.8331526663769	-25.5701153725517
			48.7947013650648	-25.5701153725517
			48.7562500637527	-25.5701153725517
			48.7177987624406	-25.5701153725517
			48.6793474611285	-25.5701153725517
			48.6408961598164	-25.5701153725517
			48.6024448585042	-25.6085666738638
			48.5639935571921	-25.6085666738638
			48.52554225588	-25.6085666738638
			48.4870909545679	-25.6085666738638
			48.4486396532558	-25.6085666738638
			48.4101883519437	-25.6085666738638
			48.3717370506316	-25.6470179751759
			48.3332857493195	-25.6470179751759
			48.2948344480074	-25.6470179751759
			48.2563831466953	-25.6470179751759
			48.2179318453832	-25.6470179751759
			48.1794805440711	-25.6470179751759
			48.1410292427589	-25.685469276488
			48.1025779414468	-25.685469276488
			48.0641266401347	-25.685469276488
			48.0256753388226	-25.685469276488
			47.9872240375105	-25.685469276488
			47.9487727361984	-25.685469276488
			47.9103214348863	-25.685469276488
			47.8718701335742	-25.7239205778001
			47.8334188322621	-25.7239205778001
			47.79496753095	-25.7239205778001
			47.7565162296379	-25.7239205778001
			47.7180649283258	-25.7239205778001
			47.6796136270137	-25.7239205778001
			47.6411623257015	-25.7623718791122
			47.6027110243894	-25.7623718791122
			47.5642597230773	-25.7623718791122
			47.5258084217652	-25.7623718791122
			47.4873571204531	-25.7623718791122
			47.448905819141	-25.7623718791122
			47.4104545178289	-25.7623718791122
			47.3720032165168	-25.8008231804243
			47.3335519152047	-25.8008231804243
			47.2951006138926	-25.8008231804243
			47.2566493125805	-25.8008231804243
			47.2181980112684	-25.8008231804243
			47.1797467099562	-25.8392744817364
			47.1412954086441	-25.8392744817364
			47.102844107332	-25.8392744817364
			47.0643928060199	-25.8392744817364
			47.0259415047078	-25.8392744817364
			46.9874902033957	-25.8392744817364
			46.9490389020836	-25.8777257830485
			46.9105876007715	-25.8777257830485
			46.8721362994594	-25.8777257830485
			46.8336849981473	-25.8777257830485
			46.7952336968352	-25.8777257830485
			46.7567823955231	-25.8777257830485
			46.718331094211	-25.9161770843606
			46.6798797928989	-25.9161770843606
			46.6414284915867	-25.9161770843606
			46.6029771902746	-25.9161770843606
			46.5645258889625	-25.9161770843606
			46.5260745876504	-25.9161770843606
			46.5260745876504	-25.9546283856728
			46.4876232863383	-25.9546283856728
			46.4491719850262	-25.9546283856728
			46.4107206837141	-25.9546283856728
			46.372269382402	-25.9546283856728
			46.3338180810899	-25.9546283856728
			46.2953667797778	-25.9930796869849
			46.2569154784657	-25.9930796869849
			46.2184641771536	-25.9930796869849
			46.1800128758414	-25.9930796869849
			46.1415615745293	-25.9930796869849
			46.1031102732172	-25.9930796869849
			46.0646589719051	-25.9930796869849
			46.026207670593	-26.031530988297
			45.9877563692809	-26.031530988297
			45.9493050679688	-26.031530988297
			45.9108537666567	-26.031530988297
			45.8724024653446	-26.031530988297
			45.8339511640325	-26.0699822896091
			45.7954998627204	-26.0699822896091
			45.7570485614083	-26.0699822896091
			45.7185972600962	-26.0699822896091
			45.680145958784	-26.0699822896091
			45.6416946574719	-26.1084335909212
			45.6032433561598	-26.1084335909212
			45.5647920548477	-26.1084335909212
			45.5263407535356	-26.1084335909212
			45.4878894522235	-26.1084335909212
			45.4494381509114	-26.1084335909212
			45.4109868495993	-26.1468848922333
			45.3725355482872	-26.1468848922333
			45.3340842469751	-26.1468848922333
			45.295632945663	-26.1468848922333
			45.2571816443509	-26.1468848922333
			45.2187303430388	-26.1853361935454
			45.1802790417266	-26.1853361935454
			45.1418277404145	-26.1853361935454
			45.1033764391024	-26.1853361935454
			45.0649251377903	-26.1853361935454
			45.0264738364782	-26.2237874948575
			44.9880225351661	-26.2237874948575
			44.949571233854	-26.2237874948575
			44.9111199325419	-26.2237874948575
			44.8726686312298	-26.2237874948575
			44.8342173299177	-26.2237874948575
			44.7957660286056	-26.2622387961696
			44.7573147272935	-26.2622387961696
			44.7188634259814	-26.2622387961696
		</Caudal_anal>
	</curves.scaled>
	<ruler.points type=matrix rownames=TRUE colnames=FALSE nrow=3 ncol=2 as.numeric=TRUE >
		Ruler point 1	912	735
		Ruler point 2	1042	739
		Ruler point 3	1172	741
	</ruler.points>
</shapes>

