<shapes type=list>
	<ruler.pixel type=vector names=FALSE length=1 as.numeric=TRUE >128.09593980002</ruler.pixel>
	<ruler.interval type=vector names=FALSE length=1 as.numeric=TRUE >5</ruler.interval>
	<scaling.units type=vector names=FALSE length=1 as.numeric=FALSE >mm</scaling.units>
	<scaling type=vector names=FALSE length=1 as.numeric=TRUE >0.0390332434252472</scaling>
	<landmarks.pixel type=matrix rownames=TRUE colnames=FALSE nrow=11 ncol=2 as.numeric=TRUE >
		Anterior_eye	529	591
		Posterior_eye	624	597
		Posterior_Maxilla	669	674
		Anterior_Maxilla	510	617
		Dorsal_fin_insertion	877	477
		Adipose_fin_insertion	1118	534
		Dorsal_caudal	1245	548
		Ventral_caudal	1242	655
		Anal_fin_insertion	1012	683
		Pelvic_fin_insertion	871	667
		Pectoral_fin_insertion	753	644
	</landmarks.pixel>
	<landmarks.scaled type=matrix rownames=TRUE colnames=FALSE nrow=11 ncol=2 as.numeric=TRUE >
		Anterior_eye	20.6485857719558	-23.0686468643211
		Posterior_eye	24.3567438973543	-23.3028463248726
		Posterior_Maxilla	26.1132398514904	-26.3084060686166
		Anterior_Maxilla	19.9069541468761	-24.0835111933775
		Dorsal_fin_insertion	34.2321544839418	-18.6188571138429
		Adipose_fin_insertion	43.6391661494264	-20.843751989082
		Dorsal_caudal	48.5963880644328	-21.3902173970355
		Ventral_caudal	48.4792883341571	-25.5667744435369
		Anal_fin_insertion	39.5016423463502	-26.6597052594439
		Pelvic_fin_insertion	33.9979550233903	-26.0351733646399
		Pectoral_fin_insertion	29.3920322992112	-25.1374087658592
	</landmarks.scaled>
	<curves.control type=list>
		<Snout_dorsal type=matrix rownames=FALSE colnames=FALSE nrow=7 ncol=2 as.numeric=TRUE >
			510	617
			500	563
			575	506
			646	477
			720	477
			813	479
			877	477
		</Snout_dorsal>
		<Dorsal_adipose type=matrix rownames=FALSE colnames=FALSE nrow=5 ncol=2 as.numeric=TRUE >
			877	477
			932	487
			996	507
			1018	524
			1118	534
		</Dorsal_adipose>
		<Adipose_caudal type=matrix rownames=FALSE colnames=FALSE nrow=9 ncol=2 as.numeric=TRUE >
			1118	534
			1130	535
			1131	543
			1157	547
			1179	550
			1194	553
			1216	550
			1240	541
			1245	548
		</Adipose_caudal>
		<Caudal_anal type=matrix rownames=FALSE colnames=FALSE nrow=7 ncol=2 as.numeric=TRUE >
			1242	655
			1227	662
			1202	656
			1172	654
			1140	662
			1077	680
			1012	683
		</Caudal_anal>
	</curves.control>
	<curves.pixel type=list>
		<Snout_dorsal type=matrix rownames=FALSE colnames=FALSE nrow=432 ncol=2 as.numeric=TRUE >
			510	617
			510	616
			510	615
			509	614
			509	613
			509	612
			509	611
			509	610
			509	609
			509	608
			509	607
			509	606
			509	605
			509	604
			509	603
			509	602
			509	601
			509	600
			509	599
			509	598
			509	597
			509	596
			509	595
			510	594
			510	593
			510	592
			510	591
			510	590
			510	589
			511	589
			511	588
			511	587
			511	586
			512	585
			512	584
			512	583
			512	582
			513	581
			513	580
			513	579
			514	578
			514	577
			514	576
			515	576
			515	575
			515	574
			516	573
			516	572
			517	571
			517	570
			518	569
			518	568
			519	567
			519	566
			520	565
			520	564
			521	563
			521	562
			522	561
			523	560
			523	559
			524	558
			525	557
			525	556
			526	555
			527	554
			527	553
			528	552
			528	551
			529	551
			530	550
			530	549
			531	548
			531	547
			532	547
			533	546
			533	545
			534	544
			535	543
			535	542
			536	542
			537	541
			538	540
			538	539
			539	538
			540	538
			541	537
			541	536
			542	535
			543	534
			544	533
			545	532
			546	531
			547	530
			548	529
			549	528
			550	527
			551	526
			552	525
			553	524
			554	523
			555	523
			555	522
			556	521
			557	521
			557	520
			558	520
			559	519
			560	519
			560	518
			561	517
			562	517
			562	516
			563	516
			564	515
			564	514
			565	514
			566	513
			567	513
			567	512
			568	511
			569	511
			570	510
			571	509
			572	508
			573	508
			574	507
			575	506
			576	506
			577	505
			578	505
			579	505
			579	504
			580	504
			581	504
			582	503
			583	503
			584	502
			585	502
			586	502
			587	501
			588	501
			589	500
			590	500
			591	500
			592	499
			593	499
			594	499
			595	498
			596	498
			597	498
			598	497
			599	497
			600	497
			601	496
			602	496
			603	496
			604	495
			605	495
			606	495
			607	495
			608	494
			609	494
			610	493
			611	493
			612	493
			613	493
			614	492
			615	492
			616	492
			617	491
			618	491
			619	491
			620	491
			621	490
			622	490
			623	490
			624	490
			625	489
			626	489
			627	489
			628	489
			629	488
			630	488
			631	488
			632	488
			633	487
			634	487
			635	487
			636	487
			637	486
			638	486
			639	486
			640	486
			641	486
			642	485
			643	485
			644	485
			645	485
			646	484
			647	484
			648	484
			649	484
			650	484
			651	484
			652	483
			653	483
			654	483
			655	483
			656	482
			657	482
			658	482
			659	482
			660	482
			661	482
			662	481
			663	481
			664	481
			665	481
			666	481
			667	481
			668	481
			669	480
			670	480
			671	480
			672	480
			673	480
			674	480
			675	480
			676	480
			677	480
			677	479
			678	479
			679	479
			680	479
			681	479
			682	479
			683	479
			684	479
			685	479
			686	479
			687	478
			688	478
			689	478
			690	478
			691	478
			692	478
			693	478
			694	478
			695	478
			696	478
			697	478
			698	478
			699	478
			700	478
			701	477
			702	477
			703	477
			704	477
			705	477
			706	477
			707	477
			708	477
			709	477
			710	477
			711	477
			712	477
			713	477
			714	477
			715	477
			716	477
			717	477
			718	477
			719	477
			720	477
			721	477
			722	477
			723	477
			724	477
			725	477
			726	477
			727	477
			728	477
			729	477
			730	477
			731	477
			732	477
			733	477
			734	477
			735	477
			736	477
			737	477
			738	477
			739	477
			740	477
			741	477
			742	477
			743	477
			744	477
			745	477
			746	477
			747	478
			748	478
			749	478
			750	478
			751	478
			752	478
			753	478
			754	478
			755	478
			756	478
			757	478
			758	478
			759	478
			760	478
			761	478
			762	478
			763	478
			764	478
			765	478
			766	478
			767	478
			768	478
			769	478
			770	478
			771	478
			772	478
			773	478
			774	478
			775	478
			776	478
			777	478
			778	478
			779	478
			780	478
			781	478
			782	478
			783	478
			784	478
			785	478
			786	478
			787	478
			788	478
			789	478
			790	478
			791	478
			792	478
			793	478
			794	478
			795	478
			796	478
			797	478
			798	478
			799	478
			800	478
			801	478
			802	478
			803	478
			804	478
			805	478
			806	478
			807	478
			808	478
			809	478
			810	478
			811	478
			812	478
			813	478
			814	478
			815	478
			816	478
			817	478
			818	478
			819	478
			820	478
			821	478
			822	478
			823	478
			824	478
			825	478
			826	478
			827	478
			828	478
			829	478
			830	478
			831	478
			832	478
			833	478
			834	478
			835	478
			836	478
			837	478
			838	478
			839	478
			840	478
			841	478
			842	478
			843	478
			844	478
			845	478
			846	478
			847	478
			848	478
			849	478
			850	478
			851	478
			852	478
			853	478
			854	478
			855	478
			856	478
			857	478
			858	477
			859	477
			860	477
			861	477
			862	477
			863	477
			864	477
			865	477
			866	477
			867	477
			868	477
			869	477
			870	477
			871	477
			872	477
			873	477
			874	477
			875	477
			876	477
			877	477
		</Snout_dorsal>
		<Dorsal_adipose type=matrix rownames=FALSE colnames=FALSE nrow=247 ncol=2 as.numeric=TRUE >
			877	477
			878	477
			879	477
			880	477
			881	478
			882	478
			883	478
			884	478
			885	479
			886	479
			887	479
			888	479
			889	479
			890	479
			891	480
			892	480
			893	480
			894	480
			895	481
			896	481
			897	481
			898	481
			899	481
			900	481
			901	482
			902	482
			903	482
			904	482
			905	483
			906	483
			907	483
			908	483
			909	483
			909	484
			910	484
			911	484
			912	484
			913	484
			914	485
			915	485
			916	485
			917	485
			918	485
			918	486
			919	486
			920	486
			921	486
			922	486
			923	487
			924	487
			925	487
			926	488
			927	488
			928	488
			929	488
			930	489
			931	489
			932	489
			933	489
			934	489
			935	490
			936	490
			937	490
			938	491
			939	491
			940	491
			941	491
			942	492
			943	492
			944	492
			945	492
			946	492
			947	493
			948	493
			949	493
			950	494
			951	494
			952	494
			953	494
			954	495
			955	495
			956	495
			957	495
			958	496
			959	496
			960	496
			961	497
			962	497
			963	497
			964	497
			965	498
			966	498
			967	498
			968	499
			969	499
			970	499
			971	499
			972	500
			973	500
			974	500
			975	501
			976	501
			977	501
			978	501
			978	502
			979	502
			980	502
			981	502
			982	503
			983	503
			984	503
			985	504
			986	504
			987	504
			988	504
			988	505
			989	505
			990	505
			991	505
			992	506
			993	506
			994	506
			995	507
			996	507
			997	508
			998	508
			998	509
			999	509
			1000	510
			1001	510
			1002	511
			1003	511
			1004	512
			1005	512
			1006	513
			1007	513
			1008	513
			1009	514
			1010	514
			1011	515
			1012	515
			1013	515
			1014	516
			1015	516
			1016	516
			1017	517
			1018	517
			1019	518
			1020	518
			1021	518
			1022	518
			1023	519
			1024	519
			1025	519
			1026	520
			1027	520
			1028	520
			1029	520
			1030	521
			1031	521
			1032	521
			1033	521
			1034	521
			1035	522
			1036	522
			1037	522
			1038	522
			1039	523
			1040	523
			1041	523
			1042	523
			1043	523
			1044	524
			1045	524
			1046	524
			1047	524
			1048	524
			1049	525
			1050	525
			1051	525
			1052	525
			1053	525
			1054	525
			1055	526
			1056	526
			1057	526
			1058	526
			1059	526
			1060	527
			1061	527
			1062	527
			1063	527
			1064	527
			1065	527
			1066	528
			1067	528
			1068	528
			1069	528
			1070	528
			1071	528
			1072	528
			1073	529
			1074	529
			1075	529
			1076	529
			1077	529
			1078	529
			1079	529
			1080	530
			1081	530
			1082	530
			1083	530
			1084	530
			1085	530
			1086	530
			1087	531
			1088	531
			1089	531
			1090	531
			1091	531
			1092	531
			1093	531
			1094	531
			1095	531
			1096	532
			1097	532
			1098	532
			1099	532
			1100	532
			1101	532
			1102	532
			1103	532
			1104	533
			1105	533
			1106	533
			1107	533
			1108	533
			1109	533
			1110	533
			1111	533
			1112	533
			1113	534
			1114	534
			1115	534
			1116	534
			1117	534
			1118	534
		</Dorsal_adipose>
		<Adipose_caudal type=matrix rownames=FALSE colnames=FALSE nrow=132 ncol=2 as.numeric=TRUE >
			1118	534
			1119	534
			1120	534
			1121	534
			1122	535
			1123	535
			1124	535
			1125	536
			1126	536
			1127	537
			1128	538
			1129	538
			1130	539
			1130	540
			1131	541
			1131	542
			1132	543
			1133	543
			1134	544
			1135	544
			1136	544
			1137	544
			1138	544
			1139	544
			1140	544
			1141	545
			1142	545
			1143	545
			1144	545
			1145	545
			1146	545
			1147	545
			1148	546
			1149	546
			1150	546
			1151	546
			1152	546
			1153	546
			1154	546
			1155	547
			1156	547
			1157	547
			1158	547
			1159	547
			1160	547
			1161	547
			1162	548
			1163	548
			1164	548
			1165	548
			1166	548
			1167	548
			1168	548
			1169	549
			1170	549
			1171	549
			1172	549
			1173	549
			1174	549
			1175	549
			1176	550
			1177	550
			1178	550
			1179	550
			1180	550
			1181	550
			1182	551
			1183	551
			1184	551
			1185	551
			1186	551
			1187	551
			1188	551
			1189	551
			1190	551
			1191	551
			1192	551
			1193	551
			1194	551
			1195	551
			1196	551
			1197	551
			1198	551
			1199	551
			1200	551
			1201	551
			1202	551
			1203	551
			1204	551
			1205	551
			1206	551
			1207	551
			1208	551
			1209	551
			1210	551
			1211	551
			1212	550
			1213	550
			1214	550
			1215	550
			1216	550
			1217	550
			1218	549
			1219	549
			1220	548
			1221	548
			1222	548
			1223	548
			1224	547
			1225	547
			1226	547
			1227	547
			1227	546
			1228	546
			1229	546
			1230	546
			1231	546
			1232	545
			1233	545
			1234	545
			1235	545
			1236	545
			1237	545
			1238	545
			1239	545
			1240	545
			1241	545
			1242	546
			1243	546
			1244	547
			1245	547
			1245	548
		</Adipose_caudal>
		<Caudal_anal type=matrix rownames=FALSE colnames=FALSE nrow=232 ncol=2 as.numeric=TRUE >
			1242	655
			1241	655
			1240	656
			1239	656
			1238	657
			1237	657
			1236	657
			1235	658
			1234	658
			1233	658
			1232	658
			1231	658
			1230	658
			1229	658
			1228	659
			1227	659
			1226	659
			1225	659
			1224	659
			1223	659
			1222	659
			1221	659
			1220	659
			1219	659
			1218	659
			1217	658
			1216	658
			1215	658
			1214	658
			1213	658
			1212	658
			1211	658
			1210	658
			1209	657
			1208	657
			1207	657
			1206	657
			1205	657
			1204	656
			1203	656
			1202	656
			1201	656
			1200	656
			1199	656
			1198	656
			1197	656
			1196	656
			1195	656
			1194	656
			1193	656
			1192	656
			1191	656
			1190	656
			1189	656
			1188	656
			1187	656
			1186	656
			1185	656
			1184	656
			1183	656
			1182	656
			1181	656
			1180	656
			1179	656
			1178	656
			1177	656
			1176	656
			1175	656
			1174	656
			1173	656
			1172	656
			1171	657
			1170	657
			1169	657
			1168	657
			1167	657
			1166	657
			1165	657
			1164	657
			1163	658
			1162	658
			1161	658
			1160	658
			1159	658
			1158	658
			1157	658
			1156	659
			1155	659
			1154	659
			1153	659
			1152	659
			1151	660
			1150	660
			1149	660
			1148	660
			1147	660
			1146	661
			1145	661
			1144	661
			1143	661
			1142	662
			1141	662
			1140	662
			1139	662
			1138	663
			1137	663
			1136	663
			1135	663
			1134	664
			1133	664
			1132	664
			1131	665
			1130	665
			1129	665
			1128	665
			1127	666
			1126	666
			1125	666
			1124	666
			1123	666
			1122	667
			1121	667
			1120	667
			1119	668
			1118	668
			1117	668
			1116	668
			1115	669
			1114	669
			1113	669
			1112	669
			1111	669
			1111	670
			1110	670
			1109	670
			1108	670
			1107	670
			1106	671
			1105	671
			1104	671
			1103	671
			1102	671
			1101	672
			1100	672
			1099	672
			1098	672
			1097	673
			1096	673
			1095	673
			1094	673
			1093	673
			1092	673
			1091	674
			1090	674
			1089	674
			1088	674
			1087	674
			1086	675
			1085	675
			1084	675
			1083	675
			1082	675
			1081	675
			1080	676
			1079	676
			1078	676
			1077	676
			1076	676
			1075	676
			1074	677
			1073	677
			1072	677
			1071	677
			1070	677
			1069	677
			1068	678
			1067	678
			1066	678
			1065	678
			1064	678
			1063	678
			1062	678
			1061	679
			1060	679
			1059	679
			1058	679
			1057	679
			1056	679
			1055	679
			1054	680
			1053	680
			1052	680
			1051	680
			1050	680
			1049	680
			1048	680
			1047	680
			1046	680
			1045	680
			1044	681
			1043	681
			1042	681
			1041	681
			1040	681
			1039	681
			1038	681
			1037	681
			1036	681
			1035	681
			1034	682
			1033	682
			1032	682
			1031	682
			1030	682
			1029	682
			1028	682
			1027	682
			1026	682
			1025	682
			1024	682
			1023	682
			1022	682
			1021	683
			1020	683
			1019	683
			1018	683
			1017	683
			1016	683
			1015	683
			1014	683
			1013	683
			1012	683
		</Caudal_anal>
	</curves.pixel>
	<curves.scaled type=list>
		<Snout_dorsal type=matrix rownames=FALSE colnames=FALSE nrow=432 ncol=2 as.numeric=TRUE >
			19.9069541468761	-24.0835111933775
			19.9069541468761	-24.0444779499523
			19.9069541468761	-24.005444706527
			19.8679209034508	-23.9664114631018
			19.8679209034508	-23.9273782196766
			19.8679209034508	-23.8883449762513
			19.8679209034508	-23.8493117328261
			19.8679209034508	-23.8102784894008
			19.8679209034508	-23.7712452459756
			19.8679209034508	-23.7322120025503
			19.8679209034508	-23.6931787591251
			19.8679209034508	-23.6541455156998
			19.8679209034508	-23.6151122722746
			19.8679209034508	-23.5760790288493
			19.8679209034508	-23.5370457854241
			19.8679209034508	-23.4980125419988
			19.8679209034508	-23.4589792985736
			19.8679209034508	-23.4199460551483
			19.8679209034508	-23.3809128117231
			19.8679209034508	-23.3418795682978
			19.8679209034508	-23.3028463248726
			19.8679209034508	-23.2638130814473
			19.8679209034508	-23.2247798380221
			19.9069541468761	-23.1857465945969
			19.9069541468761	-23.1467133511716
			19.9069541468761	-23.1076801077464
			19.9069541468761	-23.0686468643211
			19.9069541468761	-23.0296136208959
			19.9069541468761	-22.9905803774706
			19.9459873903013	-22.9905803774706
			19.9459873903013	-22.9515471340454
			19.9459873903013	-22.9125138906201
			19.9459873903013	-22.8734806471949
			19.9850206337266	-22.8344474037696
			19.9850206337266	-22.7954141603444
			19.9850206337266	-22.7563809169191
			19.9850206337266	-22.7173476734939
			20.0240538771518	-22.6783144300686
			20.0240538771518	-22.6392811866434
			20.0240538771518	-22.6002479432181
			20.0630871205771	-22.5612146997929
			20.0630871205771	-22.5221814563677
			20.0630871205771	-22.4831482129424
			20.1021203640023	-22.4831482129424
			20.1021203640023	-22.4441149695172
			20.1021203640023	-22.4050817260919
			20.1411536074276	-22.3660484826667
			20.1411536074276	-22.3270152392414
			20.1801868508528	-22.2879819958162
			20.1801868508528	-22.2489487523909
			20.2192200942781	-22.2099155089657
			20.2192200942781	-22.1708822655404
			20.2582533377033	-22.1318490221152
			20.2582533377033	-22.0928157786899
			20.2972865811286	-22.0537825352647
			20.2972865811286	-22.0147492918394
			20.3363198245538	-21.9757160484142
			20.3363198245538	-21.9366828049889
			20.3753530679791	-21.8976495615637
			20.4143863114043	-21.8586163181384
			20.4143863114043	-21.8195830747132
			20.4534195548295	-21.780549831288
			20.4924527982548	-21.7415165878627
			20.4924527982548	-21.7024833444375
			20.53148604168	-21.6634501010122
			20.5705192851053	-21.624416857587
			20.5705192851053	-21.5853836141617
			20.6095525285305	-21.5463503707365
			20.6095525285305	-21.5073171273112
			20.6485857719558	-21.5073171273112
			20.687619015381	-21.468283883886
			20.687619015381	-21.4292506404607
			20.7266522588063	-21.3902173970355
			20.7266522588063	-21.3511841536102
			20.7656855022315	-21.3511841536102
			20.8047187456568	-21.312150910185
			20.8047187456568	-21.2731176667597
			20.843751989082	-21.2340844233345
			20.8827852325073	-21.1950511799092
			20.8827852325073	-21.156017936484
			20.9218184759325	-21.156017936484
			20.9608517193578	-21.1169846930588
			20.999884962783	-21.0779514496335
			20.999884962783	-21.0389182062083
			21.0389182062083	-20.999884962783
			21.0779514496335	-20.999884962783
			21.1169846930588	-20.9608517193578
			21.1169846930588	-20.9218184759325
			21.156017936484	-20.8827852325073
			21.1950511799092	-20.843751989082
			21.2340844233345	-20.8047187456568
			21.2731176667597	-20.7656855022315
			21.312150910185	-20.7266522588063
			21.3511841536102	-20.687619015381
			21.3902173970355	-20.6485857719558
			21.4292506404607	-20.6095525285305
			21.468283883886	-20.5705192851053
			21.5073171273112	-20.53148604168
			21.5463503707365	-20.4924527982548
			21.5853836141617	-20.4534195548295
			21.624416857587	-20.4143863114043
			21.6634501010122	-20.4143863114043
			21.6634501010122	-20.3753530679791
			21.7024833444375	-20.3363198245538
			21.7415165878627	-20.3363198245538
			21.7415165878627	-20.2972865811286
			21.780549831288	-20.2972865811286
			21.8195830747132	-20.2582533377033
			21.8586163181384	-20.2582533377033
			21.8586163181384	-20.2192200942781
			21.8976495615637	-20.1801868508528
			21.9366828049889	-20.1801868508528
			21.9366828049889	-20.1411536074276
			21.9757160484142	-20.1411536074276
			22.0147492918394	-20.1021203640023
			22.0147492918394	-20.0630871205771
			22.0537825352647	-20.0630871205771
			22.0928157786899	-20.0240538771518
			22.1318490221152	-20.0240538771518
			22.1318490221152	-19.9850206337266
			22.1708822655404	-19.9459873903013
			22.2099155089657	-19.9459873903013
			22.2489487523909	-19.9069541468761
			22.2879819958162	-19.8679209034508
			22.3270152392414	-19.8288876600256
			22.3660484826667	-19.8288876600256
			22.4050817260919	-19.7898544166003
			22.4441149695172	-19.7508211731751
			22.4831482129424	-19.7508211731751
			22.5221814563677	-19.7117879297498
			22.5612146997929	-19.7117879297498
			22.6002479432181	-19.7117879297498
			22.6002479432181	-19.6727546863246
			22.6392811866434	-19.6727546863246
			22.6783144300686	-19.6727546863246
			22.7173476734939	-19.6337214428994
			22.7563809169191	-19.6337214428994
			22.7954141603444	-19.5946881994741
			22.8344474037696	-19.5946881994741
			22.8734806471949	-19.5946881994741
			22.9125138906201	-19.5556549560489
			22.9515471340454	-19.5556549560489
			22.9905803774706	-19.5166217126236
			23.0296136208959	-19.5166217126236
			23.0686468643211	-19.5166217126236
			23.1076801077464	-19.4775884691984
			23.1467133511716	-19.4775884691984
			23.1857465945969	-19.4775884691984
			23.2247798380221	-19.4385552257731
			23.2638130814473	-19.4385552257731
			23.3028463248726	-19.4385552257731
			23.3418795682978	-19.3995219823479
			23.3809128117231	-19.3995219823479
			23.4199460551483	-19.3995219823479
			23.4589792985736	-19.3604887389226
			23.4980125419988	-19.3604887389226
			23.5370457854241	-19.3604887389226
			23.5760790288493	-19.3214554954974
			23.6151122722746	-19.3214554954974
			23.6541455156998	-19.3214554954974
			23.6931787591251	-19.3214554954974
			23.7322120025503	-19.2824222520721
			23.7712452459756	-19.2824222520721
			23.8102784894008	-19.2433890086469
			23.8493117328261	-19.2433890086469
			23.8883449762513	-19.2433890086469
			23.9273782196766	-19.2433890086469
			23.9664114631018	-19.2043557652216
			24.005444706527	-19.2043557652216
			24.0444779499523	-19.2043557652216
			24.0835111933775	-19.1653225217964
			24.1225444368028	-19.1653225217964
			24.161577680228	-19.1653225217964
			24.2006109236533	-19.1653225217964
			24.2396441670785	-19.1262892783711
			24.2786774105038	-19.1262892783711
			24.317710653929	-19.1262892783711
			24.3567438973543	-19.1262892783711
			24.3957771407795	-19.0872560349459
			24.4348103842048	-19.0872560349459
			24.47384362763	-19.0872560349459
			24.5128768710553	-19.0872560349459
			24.5519101144805	-19.0482227915206
			24.5909433579058	-19.0482227915206
			24.629976601331	-19.0482227915206
			24.6690098447562	-19.0482227915206
			24.7080430881815	-19.0091895480954
			24.7470763316067	-19.0091895480954
			24.786109575032	-19.0091895480954
			24.8251428184572	-19.0091895480954
			24.8641760618825	-18.9701563046702
			24.9032093053077	-18.9701563046702
			24.942242548733	-18.9701563046702
			24.9812757921582	-18.9701563046702
			25.0203090355835	-18.9701563046702
			25.0593422790087	-18.9311230612449
			25.098375522434	-18.9311230612449
			25.1374087658592	-18.9311230612449
			25.1764420092845	-18.9311230612449
			25.2154752527097	-18.8920898178197
			25.254508496135	-18.8920898178197
			25.2935417395602	-18.8920898178197
			25.3325749829855	-18.8920898178197
			25.3716082264107	-18.8920898178197
			25.4106414698359	-18.8920898178197
			25.4496747132612	-18.8530565743944
			25.4887079566864	-18.8530565743944
			25.5277412001117	-18.8530565743944
			25.5667744435369	-18.8530565743944
			25.6058076869622	-18.8140233309692
			25.6448409303874	-18.8140233309692
			25.6838741738127	-18.8140233309692
			25.7229074172379	-18.8140233309692
			25.7619406606632	-18.8140233309692
			25.8009739040884	-18.8140233309692
			25.8400071475137	-18.7749900875439
			25.8790403909389	-18.7749900875439
			25.9180736343642	-18.7749900875439
			25.9571068777894	-18.7749900875439
			25.9961401212147	-18.7749900875439
			26.0351733646399	-18.7749900875439
			26.0742066080651	-18.7749900875439
			26.1132398514904	-18.7359568441187
			26.1522730949156	-18.7359568441187
			26.1913063383409	-18.7359568441187
			26.2303395817661	-18.7359568441187
			26.2693728251914	-18.7359568441187
			26.3084060686166	-18.7359568441187
			26.3474393120419	-18.7359568441187
			26.3864725554671	-18.7359568441187
			26.4255057988924	-18.7359568441187
			26.4255057988924	-18.6969236006934
			26.4645390423176	-18.6969236006934
			26.5035722857429	-18.6969236006934
			26.5426055291681	-18.6969236006934
			26.5816387725934	-18.6969236006934
			26.6206720160186	-18.6969236006934
			26.6597052594439	-18.6969236006934
			26.6987385028691	-18.6969236006934
			26.7377717462944	-18.6969236006934
			26.7768049897196	-18.6969236006934
			26.8158382331448	-18.6578903572682
			26.8548714765701	-18.6578903572682
			26.8939047199953	-18.6578903572682
			26.9329379634206	-18.6578903572682
			26.9719712068458	-18.6578903572682
			27.0110044502711	-18.6578903572682
			27.0500376936963	-18.6578903572682
			27.0890709371216	-18.6578903572682
			27.1281041805468	-18.6578903572682
			27.1671374239721	-18.6578903572682
			27.2061706673973	-18.6578903572682
			27.2452039108226	-18.6578903572682
			27.2842371542478	-18.6578903572682
			27.3232703976731	-18.6578903572682
			27.3623036410983	-18.6188571138429
			27.4013368845236	-18.6188571138429
			27.4403701279488	-18.6188571138429
			27.479403371374	-18.6188571138429
			27.5184366147993	-18.6188571138429
			27.5574698582245	-18.6188571138429
			27.5965031016498	-18.6188571138429
			27.635536345075	-18.6188571138429
			27.6745695885003	-18.6188571138429
			27.7136028319255	-18.6188571138429
			27.7526360753508	-18.6188571138429
			27.791669318776	-18.6188571138429
			27.8307025622013	-18.6188571138429
			27.8697358056265	-18.6188571138429
			27.9087690490518	-18.6188571138429
			27.947802292477	-18.6188571138429
			27.9868355359023	-18.6188571138429
			28.0258687793275	-18.6188571138429
			28.0649020227528	-18.6188571138429
			28.103935266178	-18.6188571138429
			28.1429685096033	-18.6188571138429
			28.1820017530285	-18.6188571138429
			28.2210349964537	-18.6188571138429
			28.260068239879	-18.6188571138429
			28.2991014833042	-18.6188571138429
			28.3381347267295	-18.6188571138429
			28.3771679701547	-18.6188571138429
			28.41620121358	-18.6188571138429
			28.4552344570052	-18.6188571138429
			28.4942677004305	-18.6188571138429
			28.5333009438557	-18.6188571138429
			28.572334187281	-18.6188571138429
			28.6113674307062	-18.6188571138429
			28.6504006741315	-18.6188571138429
			28.6894339175567	-18.6188571138429
			28.728467160982	-18.6188571138429
			28.7675004044072	-18.6188571138429
			28.8065336478325	-18.6188571138429
			28.8455668912577	-18.6188571138429
			28.8846001346829	-18.6188571138429
			28.9236333781082	-18.6188571138429
			28.9626666215334	-18.6188571138429
			29.0016998649587	-18.6188571138429
			29.0407331083839	-18.6188571138429
			29.0797663518092	-18.6188571138429
			29.1187995952344	-18.6188571138429
			29.1578328386597	-18.6578903572682
			29.1968660820849	-18.6578903572682
			29.2358993255102	-18.6578903572682
			29.2749325689354	-18.6578903572682
			29.3139658123607	-18.6578903572682
			29.3529990557859	-18.6578903572682
			29.3920322992112	-18.6578903572682
			29.4310655426364	-18.6578903572682
			29.4700987860617	-18.6578903572682
			29.5091320294869	-18.6578903572682
			29.5481652729122	-18.6578903572682
			29.5871985163374	-18.6578903572682
			29.6262317597626	-18.6578903572682
			29.6652650031879	-18.6578903572682
			29.7042982466131	-18.6578903572682
			29.7433314900384	-18.6578903572682
			29.7823647334636	-18.6578903572682
			29.8213979768889	-18.6578903572682
			29.8604312203141	-18.6578903572682
			29.8994644637394	-18.6578903572682
			29.9384977071646	-18.6578903572682
			29.9775309505899	-18.6578903572682
			30.0165641940151	-18.6578903572682
			30.0555974374404	-18.6578903572682
			30.0946306808656	-18.6578903572682
			30.1336639242909	-18.6578903572682
			30.1726971677161	-18.6578903572682
			30.2117304111414	-18.6578903572682
			30.2507636545666	-18.6578903572682
			30.2897968979918	-18.6578903572682
			30.3288301414171	-18.6578903572682
			30.3678633848423	-18.6578903572682
			30.4068966282676	-18.6578903572682
			30.4459298716928	-18.6578903572682
			30.4849631151181	-18.6578903572682
			30.5239963585433	-18.6578903572682
			30.5630296019686	-18.6578903572682
			30.6020628453938	-18.6578903572682
			30.6410960888191	-18.6578903572682
			30.6801293322443	-18.6578903572682
			30.7191625756696	-18.6578903572682
			30.7581958190948	-18.6578903572682
			30.7972290625201	-18.6578903572682
			30.8362623059453	-18.6578903572682
			30.8752955493706	-18.6578903572682
			30.9143287927958	-18.6578903572682
			30.9533620362211	-18.6578903572682
			30.9923952796463	-18.6578903572682
			31.0314285230715	-18.6578903572682
			31.0704617664968	-18.6578903572682
			31.109495009922	-18.6578903572682
			31.1485282533473	-18.6578903572682
			31.1875614967725	-18.6578903572682
			31.2265947401978	-18.6578903572682
			31.265627983623	-18.6578903572682
			31.3046612270483	-18.6578903572682
			31.3436944704735	-18.6578903572682
			31.3827277138988	-18.6578903572682
			31.421760957324	-18.6578903572682
			31.4607942007493	-18.6578903572682
			31.4998274441745	-18.6578903572682
			31.5388606875998	-18.6578903572682
			31.577893931025	-18.6578903572682
			31.6169271744503	-18.6578903572682
			31.6559604178755	-18.6578903572682
			31.6949936613007	-18.6578903572682
			31.734026904726	-18.6578903572682
			31.7730601481512	-18.6578903572682
			31.8120933915765	-18.6578903572682
			31.8511266350017	-18.6578903572682
			31.890159878427	-18.6578903572682
			31.9291931218522	-18.6578903572682
			31.9682263652775	-18.6578903572682
			32.0072596087027	-18.6578903572682
			32.046292852128	-18.6578903572682
			32.0853260955532	-18.6578903572682
			32.1243593389785	-18.6578903572682
			32.1633925824037	-18.6578903572682
			32.202425825829	-18.6578903572682
			32.2414590692542	-18.6578903572682
			32.2804923126795	-18.6578903572682
			32.3195255561047	-18.6578903572682
			32.35855879953	-18.6578903572682
			32.3975920429552	-18.6578903572682
			32.4366252863804	-18.6578903572682
			32.4756585298057	-18.6578903572682
			32.5146917732309	-18.6578903572682
			32.5537250166562	-18.6578903572682
			32.5927582600814	-18.6578903572682
			32.6317915035067	-18.6578903572682
			32.6708247469319	-18.6578903572682
			32.7098579903572	-18.6578903572682
			32.7488912337824	-18.6578903572682
			32.7879244772077	-18.6578903572682
			32.8269577206329	-18.6578903572682
			32.8659909640582	-18.6578903572682
			32.9050242074834	-18.6578903572682
			32.9440574509087	-18.6578903572682
			32.9830906943339	-18.6578903572682
			33.0221239377592	-18.6578903572682
			33.0611571811844	-18.6578903572682
			33.1001904246097	-18.6578903572682
			33.1392236680349	-18.6578903572682
			33.1782569114601	-18.6578903572682
			33.2172901548854	-18.6578903572682
			33.2563233983106	-18.6578903572682
			33.2953566417359	-18.6578903572682
			33.3343898851611	-18.6578903572682
			33.3734231285864	-18.6578903572682
			33.4124563720116	-18.6578903572682
			33.4514896154369	-18.6578903572682
			33.4905228588621	-18.6188571138429
			33.5295561022874	-18.6188571138429
			33.5685893457126	-18.6188571138429
			33.6076225891379	-18.6188571138429
			33.6466558325631	-18.6188571138429
			33.6856890759884	-18.6188571138429
			33.7247223194136	-18.6188571138429
			33.7637555628389	-18.6188571138429
			33.8027888062641	-18.6188571138429
			33.8418220496893	-18.6188571138429
			33.8808552931146	-18.6188571138429
			33.9198885365398	-18.6188571138429
			33.9589217799651	-18.6188571138429
			33.9979550233903	-18.6188571138429
			34.0369882668156	-18.6188571138429
			34.0760215102408	-18.6188571138429
			34.1150547536661	-18.6188571138429
			34.1540879970913	-18.6188571138429
			34.1931212405166	-18.6188571138429
			34.2321544839418	-18.6188571138429
		</Snout_dorsal>
		<Dorsal_adipose type=matrix rownames=FALSE colnames=FALSE nrow=247 ncol=2 as.numeric=TRUE >
			34.2321544839418	-18.6188571138429
			34.2711877273671	-18.6188571138429
			34.3102209707923	-18.6188571138429
			34.3492542142176	-18.6188571138429
			34.3882874576428	-18.6578903572682
			34.4273207010681	-18.6578903572682
			34.4663539444933	-18.6578903572682
			34.5053871879186	-18.6578903572682
			34.5444204313438	-18.6969236006934
			34.583453674769	-18.6969236006934
			34.6224869181943	-18.6969236006934
			34.6615201616195	-18.6969236006934
			34.7005534050448	-18.6969236006934
			34.73958664847	-18.6969236006934
			34.7786198918953	-18.7359568441187
			34.8176531353205	-18.7359568441187
			34.8566863787458	-18.7359568441187
			34.895719622171	-18.7359568441187
			34.9347528655963	-18.7749900875439
			34.9737861090215	-18.7749900875439
			35.0128193524468	-18.7749900875439
			35.051852595872	-18.7749900875439
			35.0908858392973	-18.7749900875439
			35.1299190827225	-18.7749900875439
			35.1689523261478	-18.8140233309692
			35.207985569573	-18.8140233309692
			35.2470188129982	-18.8140233309692
			35.2860520564235	-18.8140233309692
			35.3250852998487	-18.8530565743944
			35.364118543274	-18.8530565743944
			35.4031517866992	-18.8530565743944
			35.4421850301245	-18.8530565743944
			35.4812182735497	-18.8530565743944
			35.4812182735497	-18.8920898178197
			35.520251516975	-18.8920898178197
			35.5592847604002	-18.8920898178197
			35.5983180038255	-18.8920898178197
			35.6373512472507	-18.8920898178197
			35.676384490676	-18.9311230612449
			35.7154177341012	-18.9311230612449
			35.7544509775265	-18.9311230612449
			35.7934842209517	-18.9311230612449
			35.832517464377	-18.9311230612449
			35.832517464377	-18.9701563046702
			35.8715507078022	-18.9701563046702
			35.9105839512275	-18.9701563046702
			35.9496171946527	-18.9701563046702
			35.9886504380779	-18.9701563046702
			36.0276836815032	-19.0091895480954
			36.0667169249284	-19.0091895480954
			36.1057501683537	-19.0091895480954
			36.1447834117789	-19.0482227915206
			36.1838166552042	-19.0482227915206
			36.2228498986294	-19.0482227915206
			36.2618831420547	-19.0482227915206
			36.3009163854799	-19.0872560349459
			36.3399496289052	-19.0872560349459
			36.3789828723304	-19.0872560349459
			36.4180161157557	-19.0872560349459
			36.4570493591809	-19.0872560349459
			36.4960826026062	-19.1262892783711
			36.5351158460314	-19.1262892783711
			36.5741490894567	-19.1262892783711
			36.6131823328819	-19.1653225217964
			36.6522155763071	-19.1653225217964
			36.6912488197324	-19.1653225217964
			36.7302820631576	-19.1653225217964
			36.7693153065829	-19.2043557652216
			36.8083485500081	-19.2043557652216
			36.8473817934334	-19.2043557652216
			36.8864150368586	-19.2043557652216
			36.9254482802839	-19.2043557652216
			36.9644815237091	-19.2433890086469
			37.0035147671344	-19.2433890086469
			37.0425480105596	-19.2433890086469
			37.0815812539849	-19.2824222520721
			37.1206144974101	-19.2824222520721
			37.1596477408354	-19.2824222520721
			37.1986809842606	-19.2824222520721
			37.2377142276859	-19.3214554954974
			37.2767474711111	-19.3214554954974
			37.3157807145364	-19.3214554954974
			37.3548139579616	-19.3214554954974
			37.3938472013868	-19.3604887389226
			37.4328804448121	-19.3604887389226
			37.4719136882373	-19.3604887389226
			37.5109469316626	-19.3995219823479
			37.5499801750878	-19.3995219823479
			37.5890134185131	-19.3995219823479
			37.6280466619383	-19.3995219823479
			37.6670799053636	-19.4385552257731
			37.7061131487888	-19.4385552257731
			37.7451463922141	-19.4385552257731
			37.7841796356393	-19.4775884691984
			37.8232128790646	-19.4775884691984
			37.8622461224898	-19.4775884691984
			37.9012793659151	-19.4775884691984
			37.9403126093403	-19.5166217126236
			37.9793458527656	-19.5166217126236
			38.0183790961908	-19.5166217126236
			38.0574123396161	-19.5556549560489
			38.0964455830413	-19.5556549560489
			38.1354788264665	-19.5556549560489
			38.1745120698918	-19.5556549560489
			38.1745120698918	-19.5946881994741
			38.213545313317	-19.5946881994741
			38.2525785567423	-19.5946881994741
			38.2916118001675	-19.5946881994741
			38.3306450435928	-19.6337214428994
			38.369678287018	-19.6337214428994
			38.4087115304433	-19.6337214428994
			38.4477447738685	-19.6727546863246
			38.4867780172938	-19.6727546863246
			38.525811260719	-19.6727546863246
			38.5648445041443	-19.6727546863246
			38.5648445041443	-19.7117879297498
			38.6038777475695	-19.7117879297498
			38.6429109909948	-19.7117879297498
			38.68194423442	-19.7117879297498
			38.7209774778453	-19.7508211731751
			38.7600107212705	-19.7508211731751
			38.7990439646957	-19.7508211731751
			38.838077208121	-19.7898544166003
			38.8771104515462	-19.7898544166003
			38.9161436949715	-19.8288876600256
			38.9551769383967	-19.8288876600256
			38.9551769383967	-19.8679209034508
			38.994210181822	-19.8679209034508
			39.0332434252472	-19.9069541468761
			39.0722766686725	-19.9069541468761
			39.1113099120977	-19.9459873903013
			39.150343155523	-19.9459873903013
			39.1893763989482	-19.9850206337266
			39.2284096423735	-19.9850206337266
			39.2674428857987	-20.0240538771518
			39.306476129224	-20.0240538771518
			39.3455093726492	-20.0240538771518
			39.3845426160745	-20.0630871205771
			39.4235758594997	-20.0630871205771
			39.462609102925	-20.1021203640023
			39.5016423463502	-20.1021203640023
			39.5406755897754	-20.1021203640023
			39.5797088332007	-20.1411536074276
			39.6187420766259	-20.1411536074276
			39.6577753200512	-20.1411536074276
			39.6968085634764	-20.1801868508528
			39.7358418069017	-20.1801868508528
			39.7748750503269	-20.2192200942781
			39.8139082937522	-20.2192200942781
			39.8529415371774	-20.2192200942781
			39.8919747806027	-20.2192200942781
			39.9310080240279	-20.2582533377033
			39.9700412674532	-20.2582533377033
			40.0090745108784	-20.2582533377033
			40.0481077543037	-20.2972865811286
			40.0871409977289	-20.2972865811286
			40.1261742411542	-20.2972865811286
			40.1652074845794	-20.2972865811286
			40.2042407280046	-20.3363198245538
			40.2432739714299	-20.3363198245538
			40.2823072148551	-20.3363198245538
			40.3213404582804	-20.3363198245538
			40.3603737017056	-20.3363198245538
			40.3994069451309	-20.3753530679791
			40.4384401885561	-20.3753530679791
			40.4774734319814	-20.3753530679791
			40.5165066754066	-20.3753530679791
			40.5555399188319	-20.4143863114043
			40.5945731622571	-20.4143863114043
			40.6336064056824	-20.4143863114043
			40.6726396491076	-20.4143863114043
			40.7116728925329	-20.4143863114043
			40.7507061359581	-20.4534195548295
			40.7897393793834	-20.4534195548295
			40.8287726228086	-20.4534195548295
			40.8678058662339	-20.4534195548295
			40.9068391096591	-20.4534195548295
			40.9458723530843	-20.4924527982548
			40.9849055965096	-20.4924527982548
			41.0239388399348	-20.4924527982548
			41.0629720833601	-20.4924527982548
			41.1020053267853	-20.4924527982548
			41.1410385702106	-20.4924527982548
			41.1800718136358	-20.53148604168
			41.2191050570611	-20.53148604168
			41.2581383004863	-20.53148604168
			41.2971715439116	-20.53148604168
			41.3362047873368	-20.53148604168
			41.3752380307621	-20.5705192851053
			41.4142712741873	-20.5705192851053
			41.4533045176126	-20.5705192851053
			41.4923377610378	-20.5705192851053
			41.5313710044631	-20.5705192851053
			41.5704042478883	-20.5705192851053
			41.6094374913135	-20.6095525285305
			41.6484707347388	-20.6095525285305
			41.687503978164	-20.6095525285305
			41.7265372215893	-20.6095525285305
			41.7655704650145	-20.6095525285305
			41.8046037084398	-20.6095525285305
			41.843636951865	-20.6095525285305
			41.8826701952903	-20.6485857719558
			41.9217034387155	-20.6485857719558
			41.9607366821408	-20.6485857719558
			41.999769925566	-20.6485857719558
			42.0388031689913	-20.6485857719558
			42.0778364124165	-20.6485857719558
			42.1168696558418	-20.6485857719558
			42.155902899267	-20.687619015381
			42.1949361426923	-20.687619015381
			42.2339693861175	-20.687619015381
			42.2730026295427	-20.687619015381
			42.312035872968	-20.687619015381
			42.3510691163932	-20.687619015381
			42.3901023598185	-20.687619015381
			42.4291356032437	-20.7266522588063
			42.468168846669	-20.7266522588063
			42.5072020900942	-20.7266522588063
			42.5462353335195	-20.7266522588063
			42.5852685769447	-20.7266522588063
			42.62430182037	-20.7266522588063
			42.6633350637952	-20.7266522588063
			42.7023683072205	-20.7266522588063
			42.7414015506457	-20.7266522588063
			42.780434794071	-20.7656855022315
			42.8194680374962	-20.7656855022315
			42.8585012809215	-20.7656855022315
			42.8975345243467	-20.7656855022315
			42.936567767772	-20.7656855022315
			42.9756010111972	-20.7656855022315
			43.0146342546224	-20.7656855022315
			43.0536674980477	-20.7656855022315
			43.0927007414729	-20.8047187456568
			43.1317339848982	-20.8047187456568
			43.1707672283234	-20.8047187456568
			43.2098004717487	-20.8047187456568
			43.2488337151739	-20.8047187456568
			43.2878669585992	-20.8047187456568
			43.3269002020244	-20.8047187456568
			43.3659334454497	-20.8047187456568
			43.4049666888749	-20.8047187456568
			43.4439999323002	-20.843751989082
			43.4830331757254	-20.843751989082
			43.5220664191507	-20.843751989082
			43.5610996625759	-20.843751989082
			43.6001329060012	-20.843751989082
			43.6391661494264	-20.843751989082
		</Dorsal_adipose>
		<Adipose_caudal type=matrix rownames=FALSE colnames=FALSE nrow=132 ncol=2 as.numeric=TRUE >
			43.6391661494264	-20.843751989082
			43.6781993928516	-20.843751989082
			43.7172326362769	-20.843751989082
			43.7562658797021	-20.843751989082
			43.7952991231274	-20.8827852325073
			43.8343323665526	-20.8827852325073
			43.8733656099779	-20.8827852325073
			43.9123988534031	-20.9218184759325
			43.9514320968284	-20.9218184759325
			43.9904653402536	-20.9608517193578
			44.0294985836789	-20.999884962783
			44.0685318271041	-20.999884962783
			44.1075650705294	-21.0389182062083
			44.1075650705294	-21.0779514496335
			44.1465983139546	-21.1169846930588
			44.1465983139546	-21.156017936484
			44.1856315573799	-21.1950511799092
			44.2246648008051	-21.1950511799092
			44.2636980442304	-21.2340844233345
			44.3027312876556	-21.2340844233345
			44.3417645310808	-21.2340844233345
			44.3807977745061	-21.2340844233345
			44.4198310179313	-21.2340844233345
			44.4588642613566	-21.2340844233345
			44.4978975047818	-21.2340844233345
			44.5369307482071	-21.2731176667597
			44.5759639916323	-21.2731176667597
			44.6149972350576	-21.2731176667597
			44.6540304784828	-21.2731176667597
			44.6930637219081	-21.2731176667597
			44.7320969653333	-21.2731176667597
			44.7711302087586	-21.2731176667597
			44.8101634521838	-21.312150910185
			44.8491966956091	-21.312150910185
			44.8882299390343	-21.312150910185
			44.9272631824596	-21.312150910185
			44.9662964258848	-21.312150910185
			45.0053296693101	-21.312150910185
			45.0443629127353	-21.312150910185
			45.0833961561605	-21.3511841536102
			45.1224293995858	-21.3511841536102
			45.161462643011	-21.3511841536102
			45.2004958864363	-21.3511841536102
			45.2395291298615	-21.3511841536102
			45.2785623732868	-21.3511841536102
			45.317595616712	-21.3511841536102
			45.3566288601373	-21.3902173970355
			45.3956621035625	-21.3902173970355
			45.4346953469878	-21.3902173970355
			45.473728590413	-21.3902173970355
			45.5127618338383	-21.3902173970355
			45.5517950772635	-21.3902173970355
			45.5908283206888	-21.3902173970355
			45.629861564114	-21.4292506404607
			45.6688948075393	-21.4292506404607
			45.7079280509645	-21.4292506404607
			45.7469612943897	-21.4292506404607
			45.785994537815	-21.4292506404607
			45.8250277812402	-21.4292506404607
			45.8640610246655	-21.4292506404607
			45.9030942680907	-21.468283883886
			45.942127511516	-21.468283883886
			45.9811607549412	-21.468283883886
			46.0201939983665	-21.468283883886
			46.0592272417917	-21.468283883886
			46.098260485217	-21.468283883886
			46.1372937286422	-21.5073171273112
			46.1763269720675	-21.5073171273112
			46.2153602154927	-21.5073171273112
			46.254393458918	-21.5073171273112
			46.2934267023432	-21.5073171273112
			46.3324599457685	-21.5073171273112
			46.3714931891937	-21.5073171273112
			46.410526432619	-21.5073171273112
			46.4495596760442	-21.5073171273112
			46.4885929194694	-21.5073171273112
			46.5276261628947	-21.5073171273112
			46.5666594063199	-21.5073171273112
			46.6056926497452	-21.5073171273112
			46.6447258931704	-21.5073171273112
			46.6837591365957	-21.5073171273112
			46.7227923800209	-21.5073171273112
			46.7618256234462	-21.5073171273112
			46.8008588668714	-21.5073171273112
			46.8398921102967	-21.5073171273112
			46.8789253537219	-21.5073171273112
			46.9179585971472	-21.5073171273112
			46.9569918405724	-21.5073171273112
			46.9960250839977	-21.5073171273112
			47.0350583274229	-21.5073171273112
			47.0740915708482	-21.5073171273112
			47.1131248142734	-21.5073171273112
			47.1521580576986	-21.5073171273112
			47.1911913011239	-21.5073171273112
			47.2302245445491	-21.5073171273112
			47.2692577879744	-21.5073171273112
			47.3082910313996	-21.468283883886
			47.3473242748249	-21.468283883886
			47.3863575182501	-21.468283883886
			47.4253907616754	-21.468283883886
			47.4644240051006	-21.468283883886
			47.5034572485259	-21.468283883886
			47.5424904919511	-21.4292506404607
			47.5815237353764	-21.4292506404607
			47.6205569788016	-21.3902173970355
			47.6595902222269	-21.3902173970355
			47.6986234656521	-21.3902173970355
			47.7376567090774	-21.3902173970355
			47.7766899525026	-21.3511841536102
			47.8157231959279	-21.3511841536102
			47.8547564393531	-21.3511841536102
			47.8937896827783	-21.3511841536102
			47.8937896827783	-21.312150910185
			47.9328229262036	-21.312150910185
			47.9718561696288	-21.312150910185
			48.0108894130541	-21.312150910185
			48.0499226564793	-21.312150910185
			48.0889558999046	-21.2731176667597
			48.1279891433298	-21.2731176667597
			48.1670223867551	-21.2731176667597
			48.2060556301803	-21.2731176667597
			48.2450888736056	-21.2731176667597
			48.2841221170308	-21.2731176667597
			48.3231553604561	-21.2731176667597
			48.3621886038813	-21.2731176667597
			48.4012218473066	-21.2731176667597
			48.4402550907318	-21.2731176667597
			48.4792883341571	-21.312150910185
			48.5183215775823	-21.312150910185
			48.5573548210076	-21.3511841536102
			48.5963880644328	-21.3511841536102
			48.5963880644328	-21.3902173970355
		</Adipose_caudal>
		<Caudal_anal type=matrix rownames=FALSE colnames=FALSE nrow=232 ncol=2 as.numeric=TRUE >
			48.4792883341571	-25.5667744435369
			48.4402550907318	-25.5667744435369
			48.4012218473066	-25.6058076869622
			48.3621886038813	-25.6058076869622
			48.3231553604561	-25.6448409303874
			48.2841221170308	-25.6448409303874
			48.2450888736056	-25.6448409303874
			48.2060556301803	-25.6838741738127
			48.1670223867551	-25.6838741738127
			48.1279891433298	-25.6838741738127
			48.0889558999046	-25.6838741738127
			48.0499226564793	-25.6838741738127
			48.0108894130541	-25.6838741738127
			47.9718561696288	-25.6838741738127
			47.9328229262036	-25.7229074172379
			47.8937896827783	-25.7229074172379
			47.8547564393531	-25.7229074172379
			47.8157231959279	-25.7229074172379
			47.7766899525026	-25.7229074172379
			47.7376567090774	-25.7229074172379
			47.6986234656521	-25.7229074172379
			47.6595902222269	-25.7229074172379
			47.6205569788016	-25.7229074172379
			47.5815237353764	-25.7229074172379
			47.5424904919511	-25.7229074172379
			47.5034572485259	-25.6838741738127
			47.4644240051006	-25.6838741738127
			47.4253907616754	-25.6838741738127
			47.3863575182501	-25.6838741738127
			47.3473242748249	-25.6838741738127
			47.3082910313996	-25.6838741738127
			47.2692577879744	-25.6838741738127
			47.2302245445491	-25.6838741738127
			47.1911913011239	-25.6448409303874
			47.1521580576986	-25.6448409303874
			47.1131248142734	-25.6448409303874
			47.0740915708482	-25.6448409303874
			47.0350583274229	-25.6448409303874
			46.9960250839977	-25.6058076869622
			46.9569918405724	-25.6058076869622
			46.9179585971472	-25.6058076869622
			46.8789253537219	-25.6058076869622
			46.8398921102967	-25.6058076869622
			46.8008588668714	-25.6058076869622
			46.7618256234462	-25.6058076869622
			46.7227923800209	-25.6058076869622
			46.6837591365957	-25.6058076869622
			46.6447258931704	-25.6058076869622
			46.6056926497452	-25.6058076869622
			46.5666594063199	-25.6058076869622
			46.5276261628947	-25.6058076869622
			46.4885929194694	-25.6058076869622
			46.4495596760442	-25.6058076869622
			46.410526432619	-25.6058076869622
			46.3714931891937	-25.6058076869622
			46.3324599457685	-25.6058076869622
			46.2934267023432	-25.6058076869622
			46.254393458918	-25.6058076869622
			46.2153602154927	-25.6058076869622
			46.1763269720675	-25.6058076869622
			46.1372937286422	-25.6058076869622
			46.098260485217	-25.6058076869622
			46.0592272417917	-25.6058076869622
			46.0201939983665	-25.6058076869622
			45.9811607549412	-25.6058076869622
			45.942127511516	-25.6058076869622
			45.9030942680907	-25.6058076869622
			45.8640610246655	-25.6058076869622
			45.8250277812402	-25.6058076869622
			45.785994537815	-25.6058076869622
			45.7469612943897	-25.6058076869622
			45.7079280509645	-25.6448409303874
			45.6688948075393	-25.6448409303874
			45.629861564114	-25.6448409303874
			45.5908283206888	-25.6448409303874
			45.5517950772635	-25.6448409303874
			45.5127618338383	-25.6448409303874
			45.473728590413	-25.6448409303874
			45.4346953469878	-25.6448409303874
			45.3956621035625	-25.6838741738127
			45.3566288601373	-25.6838741738127
			45.317595616712	-25.6838741738127
			45.2785623732868	-25.6838741738127
			45.2395291298615	-25.6838741738127
			45.2004958864363	-25.6838741738127
			45.161462643011	-25.6838741738127
			45.1224293995858	-25.7229074172379
			45.0833961561605	-25.7229074172379
			45.0443629127353	-25.7229074172379
			45.0053296693101	-25.7229074172379
			44.9662964258848	-25.7229074172379
			44.9272631824596	-25.7619406606632
			44.8882299390343	-25.7619406606632
			44.8491966956091	-25.7619406606632
			44.8101634521838	-25.7619406606632
			44.7711302087586	-25.7619406606632
			44.7320969653333	-25.8009739040884
			44.6930637219081	-25.8009739040884
			44.6540304784828	-25.8009739040884
			44.6149972350576	-25.8009739040884
			44.5759639916323	-25.8400071475137
			44.5369307482071	-25.8400071475137
			44.4978975047818	-25.8400071475137
			44.4588642613566	-25.8400071475137
			44.4198310179313	-25.8790403909389
			44.3807977745061	-25.8790403909389
			44.3417645310808	-25.8790403909389
			44.3027312876556	-25.8790403909389
			44.2636980442304	-25.9180736343642
			44.2246648008051	-25.9180736343642
			44.1856315573799	-25.9180736343642
			44.1465983139546	-25.9571068777894
			44.1075650705294	-25.9571068777894
			44.0685318271041	-25.9571068777894
			44.0294985836789	-25.9571068777894
			43.9904653402536	-25.9961401212147
			43.9514320968284	-25.9961401212147
			43.9123988534031	-25.9961401212147
			43.8733656099779	-25.9961401212147
			43.8343323665526	-25.9961401212147
			43.7952991231274	-26.0351733646399
			43.7562658797021	-26.0351733646399
			43.7172326362769	-26.0351733646399
			43.6781993928516	-26.0742066080651
			43.6391661494264	-26.0742066080651
			43.6001329060012	-26.0742066080651
			43.5610996625759	-26.0742066080651
			43.5220664191507	-26.1132398514904
			43.4830331757254	-26.1132398514904
			43.4439999323002	-26.1132398514904
			43.4049666888749	-26.1132398514904
			43.3659334454497	-26.1132398514904
			43.3659334454497	-26.1522730949156
			43.3269002020244	-26.1522730949156
			43.2878669585992	-26.1522730949156
			43.2488337151739	-26.1522730949156
			43.2098004717487	-26.1522730949156
			43.1707672283234	-26.1913063383409
			43.1317339848982	-26.1913063383409
			43.0927007414729	-26.1913063383409
			43.0536674980477	-26.1913063383409
			43.0146342546224	-26.1913063383409
			42.9756010111972	-26.2303395817661
			42.936567767772	-26.2303395817661
			42.8975345243467	-26.2303395817661
			42.8585012809215	-26.2303395817661
			42.8194680374962	-26.2693728251914
			42.780434794071	-26.2693728251914
			42.7414015506457	-26.2693728251914
			42.7023683072205	-26.2693728251914
			42.6633350637952	-26.2693728251914
			42.62430182037	-26.2693728251914
			42.5852685769447	-26.3084060686166
			42.5462353335195	-26.3084060686166
			42.5072020900942	-26.3084060686166
			42.468168846669	-26.3084060686166
			42.4291356032437	-26.3084060686166
			42.3901023598185	-26.3474393120419
			42.3510691163932	-26.3474393120419
			42.312035872968	-26.3474393120419
			42.2730026295427	-26.3474393120419
			42.2339693861175	-26.3474393120419
			42.1949361426923	-26.3474393120419
			42.155902899267	-26.3864725554671
			42.1168696558418	-26.3864725554671
			42.0778364124165	-26.3864725554671
			42.0388031689913	-26.3864725554671
			41.999769925566	-26.3864725554671
			41.9607366821408	-26.3864725554671
			41.9217034387155	-26.4255057988924
			41.8826701952903	-26.4255057988924
			41.843636951865	-26.4255057988924
			41.8046037084398	-26.4255057988924
			41.7655704650145	-26.4255057988924
			41.7265372215893	-26.4255057988924
			41.687503978164	-26.4645390423176
			41.6484707347388	-26.4645390423176
			41.6094374913135	-26.4645390423176
			41.5704042478883	-26.4645390423176
			41.5313710044631	-26.4645390423176
			41.4923377610378	-26.4645390423176
			41.4533045176126	-26.4645390423176
			41.4142712741873	-26.5035722857429
			41.3752380307621	-26.5035722857429
			41.3362047873368	-26.5035722857429
			41.2971715439116	-26.5035722857429
			41.2581383004863	-26.5035722857429
			41.2191050570611	-26.5035722857429
			41.1800718136358	-26.5035722857429
			41.1410385702106	-26.5426055291681
			41.1020053267853	-26.5426055291681
			41.0629720833601	-26.5426055291681
			41.0239388399348	-26.5426055291681
			40.9849055965096	-26.5426055291681
			40.9458723530843	-26.5426055291681
			40.9068391096591	-26.5426055291681
			40.8678058662339	-26.5426055291681
			40.8287726228086	-26.5426055291681
			40.7897393793834	-26.5426055291681
			40.7507061359581	-26.5816387725934
			40.7116728925329	-26.5816387725934
			40.6726396491076	-26.5816387725934
			40.6336064056824	-26.5816387725934
			40.5945731622571	-26.5816387725934
			40.5555399188319	-26.5816387725934
			40.5165066754066	-26.5816387725934
			40.4774734319814	-26.5816387725934
			40.4384401885561	-26.5816387725934
			40.3994069451309	-26.5816387725934
			40.3603737017056	-26.6206720160186
			40.3213404582804	-26.6206720160186
			40.2823072148551	-26.6206720160186
			40.2432739714299	-26.6206720160186
			40.2042407280046	-26.6206720160186
			40.1652074845794	-26.6206720160186
			40.1261742411542	-26.6206720160186
			40.0871409977289	-26.6206720160186
			40.0481077543037	-26.6206720160186
			40.0090745108784	-26.6206720160186
			39.9700412674532	-26.6206720160186
			39.9310080240279	-26.6206720160186
			39.8919747806027	-26.6206720160186
			39.8529415371774	-26.6597052594439
			39.8139082937522	-26.6597052594439
			39.7748750503269	-26.6597052594439
			39.7358418069017	-26.6597052594439
			39.6968085634764	-26.6597052594439
			39.6577753200512	-26.6597052594439
			39.6187420766259	-26.6597052594439
			39.5797088332007	-26.6597052594439
			39.5406755897754	-26.6597052594439
			39.5016423463502	-26.6597052594439
		</Caudal_anal>
	</curves.scaled>
	<ruler.points type=matrix rownames=TRUE colnames=FALSE nrow=3 ncol=2 as.numeric=TRUE >
		Ruler point 1	797	739
		Ruler point 2	926	744
		Ruler point 3	1053	749
	</ruler.points>
</shapes>

