<shapes type=list>
	<ruler.pixel type=vector names=FALSE length=1 as.numeric=TRUE >212.349358369629</ruler.pixel>
	<ruler.interval type=vector names=FALSE length=1 as.numeric=TRUE >5</ruler.interval>
	<scaling.units type=vector names=FALSE length=1 as.numeric=FALSE >mm</scaling.units>
	<scaling type=vector names=FALSE length=1 as.numeric=TRUE >0.0235461036397232</scaling>
	<landmarks.pixel type=matrix rownames=TRUE colnames=FALSE nrow=11 ncol=2 as.numeric=TRUE >
		Anterior_eye	1823	1896
		Posterior_eye	1974	1894
		Posterior_Maxilla	2076	2035
		Anterior_Maxilla	1795	1958
		Dorsal_fin_insertion	2437	1731
		Adipose_fin_insertion	2883	1858
		Dorsal_caudal	3117	1924
		Ventral_caudal	3099	2086
		Anal_fin_insertion	2710	2104
		Pelvic_fin_insertion	2441	2064
		Pectoral_fin_insertion	2255	2027
	</landmarks.pixel>
	<landmarks.scaled type=matrix rownames=TRUE colnames=FALSE nrow=11 ncol=2 as.numeric=TRUE >
		Anterior_eye	42.9245469352153	-44.6434125009151
		Posterior_eye	46.4800085848135	-44.5963202936357
		Posterior_Maxilla	48.8817111560653	-47.9163209068366
		Anterior_Maxilla	42.2652560333031	-46.103270926578
		Dorsal_fin_insertion	57.3818545700054	-40.7583054003608
		Adipose_fin_insertion	67.8834167933219	-43.7486605626056
		Dorsal_caudal	73.3932050450171	-45.3027034028274
		Ventral_caudal	72.9693751795021	-49.1171721924625
		Anal_fin_insertion	63.8099408636498	-49.5410020579775
		Pelvic_fin_insertion	57.4760389845642	-48.5991579123886
		Pectoral_fin_insertion	53.0964637075757	-47.7279520777189
	</landmarks.scaled>
	<curves.control type=list>
		<Snout_dorsal type=matrix rownames=FALSE colnames=FALSE nrow=7 ncol=2 as.numeric=TRUE >
			1795	1958
			1765	1829
			1952	1757
			2007	1723
			2219	1729
			2376	1744
			2437	1731
		</Snout_dorsal>
		<Dorsal_adipose type=matrix rownames=FALSE colnames=FALSE nrow=5 ncol=2 as.numeric=TRUE >
			2437	1731
			2595	1756
			2687	1816
			2768	1837
			2883	1858
		</Dorsal_adipose>
		<Adipose_caudal type=matrix rownames=FALSE colnames=FALSE nrow=7 ncol=2 as.numeric=TRUE >
			2883	1858
			2906	1857
			2911	1875
			3000	1903
			3046	1910
			3114	1915
			3117	1924
		</Adipose_caudal>
		<Caudal_anal type=matrix rownames=FALSE colnames=FALSE nrow=9 ncol=2 as.numeric=TRUE >
			3099	2086
			3085	2088
			3056	2079
			2988	2068
			2918	2073
			2885	2086
			2834	2090
			2753	2098
			2710	2104
		</Caudal_anal>
	</curves.control>
	<curves.pixel type=list>
		<Snout_dorsal type=matrix rownames=FALSE colnames=FALSE nrow=748 ncol=2 as.numeric=TRUE >
			1795	1958
			1795	1957
			1795	1956
			1794	1955
			1794	1954
			1794	1953
			1794	1952
			1794	1951
			1793	1950
			1793	1949
			1793	1948
			1793	1947
			1793	1946
			1793	1945
			1792	1944
			1792	1943
			1792	1942
			1792	1941
			1792	1940
			1792	1939
			1792	1938
			1792	1937
			1791	1936
			1791	1935
			1791	1934
			1791	1933
			1791	1932
			1791	1931
			1791	1930
			1791	1929
			1791	1928
			1791	1927
			1791	1926
			1791	1925
			1791	1924
			1791	1923
			1791	1922
			1791	1921
			1791	1920
			1791	1919
			1791	1918
			1791	1917
			1791	1916
			1791	1915
			1791	1914
			1791	1913
			1791	1912
			1791	1911
			1792	1910
			1792	1909
			1792	1908
			1792	1907
			1792	1906
			1792	1905
			1792	1904
			1792	1903
			1793	1902
			1793	1901
			1793	1900
			1793	1899
			1793	1898
			1794	1897
			1794	1896
			1794	1895
			1794	1894
			1795	1893
			1795	1892
			1795	1891
			1795	1890
			1796	1889
			1796	1888
			1796	1887
			1796	1886
			1797	1885
			1797	1884
			1797	1883
			1798	1883
			1798	1882
			1798	1881
			1799	1880
			1799	1879
			1799	1878
			1800	1877
			1800	1876
			1800	1875
			1801	1874
			1801	1873
			1802	1872
			1802	1871
			1803	1870
			1803	1869
			1804	1868
			1804	1867
			1805	1866
			1805	1865
			1806	1864
			1806	1863
			1807	1862
			1807	1861
			1808	1860
			1808	1859
			1809	1858
			1810	1857
			1810	1856
			1811	1855
			1812	1854
			1812	1853
			1813	1852
			1814	1851
			1814	1850
			1815	1850
			1815	1849
			1815	1848
			1816	1848
			1816	1847
			1817	1846
			1818	1845
			1819	1844
			1820	1843
			1820	1842
			1821	1841
			1822	1840
			1823	1839
			1824	1838
			1824	1837
			1825	1836
			1826	1835
			1827	1834
			1828	1833
			1829	1832
			1830	1831
			1831	1830
			1832	1829
			1833	1828
			1834	1827
			1834	1826
			1835	1826
			1836	1825
			1836	1824
			1837	1824
			1838	1823
			1839	1822
			1840	1821
			1841	1820
			1842	1819
			1843	1819
			1844	1818
			1844	1817
			1845	1816
			1846	1816
			1847	1815
			1848	1814
			1849	1814
			1850	1813
			1850	1812
			1851	1811
			1852	1811
			1853	1810
			1854	1809
			1855	1809
			1856	1808
			1857	1807
			1858	1806
			1859	1806
			1860	1805
			1861	1804
			1862	1804
			1863	1803
			1863	1802
			1864	1802
			1865	1801
			1866	1800
			1867	1800
			1868	1799
			1869	1798
			1870	1798
			1871	1797
			1872	1797
			1873	1796
			1874	1795
			1875	1795
			1876	1794
			1877	1793
			1878	1793
			1879	1792
			1880	1792
			1880	1791
			1881	1791
			1882	1790
			1883	1790
			1883	1789
			1884	1789
			1885	1789
			1886	1788
			1887	1788
			1888	1787
			1889	1786
			1890	1786
			1891	1785
			1892	1785
			1893	1784
			1894	1783
			1895	1783
			1896	1782
			1897	1782
			1898	1781
			1899	1781
			1900	1780
			1901	1780
			1902	1779
			1903	1779
			1904	1778
			1905	1777
			1906	1777
			1907	1777
			1908	1776
			1909	1776
			1910	1775
			1911	1775
			1912	1774
			1913	1774
			1914	1773
			1915	1773
			1916	1772
			1917	1772
			1918	1771
			1919	1771
			1920	1770
			1921	1770
			1922	1770
			1923	1769
			1924	1769
			1925	1768
			1926	1768
			1927	1767
			1928	1767
			1929	1766
			1930	1766
			1931	1766
			1932	1765
			1933	1765
			1934	1764
			1935	1764
			1936	1763
			1937	1763
			1938	1763
			1939	1762
			1940	1762
			1941	1761
			1942	1761
			1943	1760
			1944	1760
			1945	1760
			1946	1759
			1947	1759
			1948	1759
			1949	1758
			1950	1758
			1951	1757
			1952	1757
			1953	1757
			1954	1756
			1955	1755
			1956	1755
			1957	1754
			1958	1754
			1959	1753
			1960	1753
			1961	1752
			1962	1752
			1963	1751
			1964	1751
			1965	1750
			1966	1750
			1967	1750
			1967	1749
			1968	1749
			1969	1749
			1970	1749
			1970	1748
			1971	1748
			1972	1748
			1973	1747
			1974	1747
			1975	1747
			1976	1746
			1977	1746
			1978	1746
			1979	1745
			1980	1745
			1981	1745
			1982	1744
			1983	1744
			1984	1744
			1985	1744
			1986	1743
			1987	1743
			1988	1743
			1989	1743
			1990	1742
			1991	1742
			1992	1742
			1993	1742
			1994	1741
			1995	1741
			1996	1741
			1997	1741
			1998	1740
			1999	1740
			2000	1740
			2001	1740
			2002	1740
			2003	1739
			2004	1739
			2005	1739
			2006	1739
			2007	1739
			2008	1738
			2009	1738
			2010	1738
			2011	1738
			2012	1738
			2013	1737
			2014	1737
			2015	1737
			2016	1737
			2017	1737
			2018	1737
			2019	1736
			2020	1736
			2021	1736
			2022	1736
			2023	1736
			2024	1736
			2025	1736
			2026	1735
			2027	1735
			2028	1735
			2029	1735
			2030	1735
			2031	1735
			2032	1735
			2033	1735
			2034	1734
			2035	1734
			2036	1734
			2037	1734
			2038	1734
			2039	1734
			2040	1734
			2041	1734
			2042	1733
			2043	1733
			2044	1733
			2045	1733
			2046	1733
			2047	1733
			2048	1733
			2049	1733
			2050	1733
			2051	1732
			2052	1732
			2053	1732
			2054	1732
			2055	1732
			2056	1732
			2057	1732
			2058	1732
			2059	1732
			2060	1732
			2061	1732
			2062	1732
			2063	1731
			2064	1731
			2065	1731
			2066	1731
			2067	1731
			2068	1731
			2069	1731
			2070	1731
			2071	1731
			2072	1731
			2073	1731
			2074	1731
			2075	1731
			2076	1731
			2077	1730
			2078	1730
			2079	1730
			2080	1730
			2081	1730
			2082	1730
			2083	1730
			2084	1730
			2085	1730
			2086	1730
			2087	1730
			2088	1730
			2089	1730
			2090	1730
			2091	1730
			2092	1730
			2093	1730
			2094	1729
			2095	1729
			2096	1729
			2097	1729
			2098	1729
			2099	1729
			2100	1729
			2101	1729
			2102	1729
			2103	1729
			2104	1729
			2105	1729
			2106	1729
			2107	1729
			2108	1729
			2109	1729
			2110	1729
			2111	1729
			2112	1729
			2113	1729
			2114	1729
			2115	1729
			2116	1729
			2117	1729
			2118	1729
			2119	1729
			2120	1729
			2121	1729
			2122	1729
			2123	1729
			2124	1728
			2125	1728
			2126	1728
			2127	1728
			2128	1728
			2129	1728
			2130	1728
			2131	1728
			2132	1728
			2133	1728
			2134	1728
			2135	1728
			2136	1728
			2137	1728
			2138	1728
			2139	1728
			2140	1728
			2141	1728
			2142	1728
			2143	1728
			2144	1728
			2145	1728
			2146	1728
			2147	1728
			2148	1728
			2149	1728
			2150	1728
			2151	1728
			2152	1728
			2153	1728
			2154	1728
			2155	1728
			2156	1728
			2157	1728
			2158	1728
			2159	1728
			2160	1728
			2161	1728
			2162	1728
			2163	1728
			2164	1728
			2165	1728
			2166	1728
			2167	1728
			2168	1728
			2169	1728
			2170	1728
			2171	1728
			2172	1728
			2173	1728
			2174	1728
			2175	1728
			2176	1728
			2177	1728
			2178	1728
			2179	1728
			2180	1728
			2181	1728
			2182	1728
			2183	1728
			2184	1728
			2185	1728
			2186	1728
			2187	1728
			2188	1728
			2189	1728
			2190	1728
			2191	1728
			2192	1728
			2193	1728
			2194	1728
			2195	1728
			2196	1728
			2197	1728
			2198	1728
			2199	1729
			2200	1729
			2201	1729
			2202	1729
			2203	1729
			2204	1729
			2205	1729
			2206	1729
			2207	1729
			2208	1729
			2209	1729
			2210	1729
			2211	1729
			2212	1729
			2213	1729
			2214	1729
			2215	1729
			2216	1729
			2217	1729
			2218	1729
			2219	1729
			2220	1729
			2221	1729
			2222	1729
			2223	1729
			2224	1730
			2225	1730
			2226	1730
			2227	1730
			2228	1730
			2229	1730
			2230	1730
			2231	1730
			2232	1730
			2233	1730
			2234	1730
			2235	1731
			2236	1731
			2237	1731
			2238	1731
			2239	1731
			2240	1731
			2241	1731
			2242	1731
			2243	1731
			2244	1731
			2245	1731
			2246	1731
			2247	1732
			2248	1732
			2249	1732
			2250	1732
			2251	1732
			2252	1732
			2253	1732
			2254	1732
			2255	1732
			2256	1732
			2257	1732
			2258	1732
			2259	1733
			2260	1733
			2261	1733
			2262	1733
			2263	1733
			2264	1733
			2265	1733
			2266	1733
			2267	1733
			2268	1733
			2269	1733
			2270	1733
			2271	1733
			2272	1733
			2273	1734
			2274	1734
			2275	1734
			2276	1734
			2277	1734
			2278	1734
			2279	1734
			2280	1734
			2281	1734
			2282	1734
			2283	1734
			2284	1734
			2285	1734
			2286	1734
			2287	1734
			2287	1735
			2288	1735
			2289	1735
			2290	1735
			2291	1735
			2292	1735
			2293	1735
			2294	1735
			2295	1735
			2296	1735
			2297	1735
			2298	1735
			2299	1735
			2300	1735
			2301	1735
			2302	1735
			2303	1735
			2304	1735
			2305	1736
			2306	1736
			2307	1736
			2308	1736
			2309	1736
			2310	1736
			2311	1736
			2312	1736
			2313	1736
			2314	1736
			2315	1736
			2316	1736
			2317	1736
			2318	1736
			2319	1736
			2320	1736
			2321	1736
			2322	1736
			2323	1736
			2324	1736
			2325	1736
			2326	1736
			2327	1736
			2328	1736
			2329	1736
			2330	1737
			2331	1737
			2332	1737
			2333	1737
			2334	1737
			2335	1737
			2336	1737
			2337	1737
			2338	1737
			2339	1737
			2340	1737
			2341	1737
			2342	1737
			2343	1737
			2344	1737
			2345	1737
			2346	1737
			2347	1737
			2348	1737
			2349	1737
			2350	1737
			2351	1737
			2352	1737
			2353	1737
			2354	1737
			2355	1737
			2356	1737
			2357	1737
			2358	1737
			2359	1737
			2360	1737
			2361	1737
			2362	1737
			2363	1737
			2364	1737
			2365	1737
			2366	1737
			2367	1737
			2368	1737
			2369	1737
			2370	1737
			2371	1737
			2372	1737
			2373	1737
			2374	1737
			2375	1737
			2376	1737
			2377	1737
			2378	1737
			2379	1737
			2380	1737
			2381	1737
			2382	1737
			2383	1737
			2384	1737
			2385	1737
			2386	1737
			2387	1737
			2388	1736
			2389	1736
			2390	1736
			2391	1736
			2392	1736
			2393	1736
			2394	1736
			2395	1736
			2396	1736
			2397	1736
			2398	1736
			2399	1736
			2400	1736
			2401	1736
			2402	1736
			2403	1736
			2404	1735
			2405	1735
			2406	1735
			2407	1735
			2408	1735
			2409	1735
			2410	1735
			2411	1735
			2412	1735
			2413	1735
			2414	1735
			2415	1734
			2416	1734
			2417	1734
			2418	1734
			2419	1734
			2420	1734
			2421	1734
			2422	1734
			2423	1733
			2424	1733
			2425	1733
			2426	1733
			2427	1733
			2428	1733
			2429	1732
			2430	1732
			2431	1732
			2432	1732
			2433	1732
			2434	1732
			2435	1731
			2436	1731
			2437	1731
		</Snout_dorsal>
		<Dorsal_adipose type=matrix rownames=FALSE colnames=FALSE nrow=463 ncol=2 as.numeric=TRUE >
			2437	1731
			2438	1731
			2439	1731
			2440	1731
			2441	1732
			2442	1732
			2443	1732
			2444	1732
			2445	1732
			2446	1732
			2447	1733
			2448	1733
			2449	1733
			2450	1733
			2451	1733
			2452	1733
			2453	1734
			2454	1734
			2455	1734
			2456	1734
			2457	1734
			2458	1734
			2459	1735
			2460	1735
			2461	1735
			2462	1735
			2463	1735
			2464	1736
			2465	1736
			2466	1736
			2467	1736
			2468	1736
			2469	1736
			2469	1737
			2470	1737
			2471	1737
			2472	1737
			2473	1737
			2474	1738
			2475	1738
			2476	1738
			2477	1738
			2478	1738
			2479	1738
			2480	1739
			2481	1739
			2482	1739
			2483	1739
			2484	1739
			2485	1740
			2486	1740
			2487	1740
			2488	1740
			2489	1741
			2490	1741
			2491	1741
			2492	1741
			2493	1741
			2494	1742
			2495	1742
			2496	1742
			2497	1742
			2498	1743
			2499	1743
			2500	1743
			2501	1743
			2502	1743
			2503	1744
			2504	1744
			2505	1744
			2506	1744
			2507	1745
			2508	1745
			2509	1745
			2510	1745
			2511	1745
			2512	1746
			2513	1746
			2514	1746
			2515	1746
			2515	1747
			2516	1747
			2517	1747
			2518	1747
			2519	1748
			2520	1748
			2521	1748
			2522	1748
			2523	1748
			2523	1749
			2524	1749
			2525	1749
			2526	1749
			2527	1749
			2527	1750
			2528	1750
			2529	1750
			2530	1750
			2531	1750
			2531	1751
			2532	1751
			2533	1751
			2534	1751
			2535	1752
			2536	1752
			2537	1752
			2538	1752
			2539	1753
			2540	1753
			2541	1753
			2542	1753
			2543	1754
			2544	1754
			2545	1754
			2546	1755
			2547	1755
			2548	1755
			2549	1755
			2549	1756
			2550	1756
			2551	1756
			2552	1756
			2553	1757
			2554	1757
			2555	1757
			2556	1757
			2556	1758
			2557	1758
			2558	1758
			2559	1758
			2560	1759
			2561	1759
			2562	1759
			2563	1760
			2564	1760
			2565	1760
			2566	1761
			2567	1761
			2568	1761
			2569	1762
			2570	1762
			2571	1762
			2572	1763
			2573	1763
			2574	1763
			2575	1764
			2576	1764
			2577	1764
			2578	1765
			2579	1765
			2580	1765
			2581	1766
			2582	1766
			2583	1766
			2584	1767
			2585	1767
			2586	1767
			2587	1768
			2588	1768
			2589	1769
			2590	1769
			2591	1769
			2592	1769
			2592	1770
			2593	1770
			2594	1770
			2595	1771
			2596	1771
			2597	1771
			2598	1772
			2599	1772
			2600	1773
			2601	1773
			2602	1773
			2603	1774
			2604	1774
			2605	1774
			2606	1775
			2607	1775
			2608	1776
			2609	1776
			2610	1776
			2610	1777
			2611	1777
			2612	1777
			2613	1778
			2614	1778
			2615	1779
			2616	1779
			2617	1779
			2618	1780
			2619	1780
			2620	1781
			2621	1781
			2622	1781
			2623	1782
			2624	1782
			2624	1783
			2625	1783
			2626	1783
			2627	1784
			2628	1784
			2629	1785
			2630	1785
			2631	1785
			2632	1786
			2633	1787
			2634	1787
			2635	1787
			2636	1788
			2637	1788
			2638	1789
			2639	1789
			2640	1790
			2641	1790
			2642	1791
			2643	1791
			2644	1792
			2645	1792
			2646	1793
			2647	1793
			2648	1794
			2649	1794
			2650	1795
			2651	1795
			2652	1796
			2653	1796
			2654	1796
			2654	1797
			2655	1797
			2656	1798
			2657	1798
			2658	1799
			2659	1799
			2659	1800
			2660	1800
			2661	1801
			2662	1801
			2663	1801
			2664	1802
			2665	1803
			2666	1803
			2667	1804
			2668	1804
			2669	1805
			2670	1806
			2671	1806
			2672	1807
			2673	1807
			2674	1808
			2675	1808
			2676	1809
			2677	1810
			2678	1810
			2679	1811
			2680	1811
			2681	1812
			2682	1813
			2683	1813
			2684	1814
			2685	1815
			2686	1816
			2687	1816
			2688	1816
			2689	1816
			2689	1817
			2690	1817
			2691	1817
			2692	1817
			2693	1818
			2694	1818
			2695	1818
			2696	1818
			2697	1819
			2698	1819
			2699	1819
			2700	1819
			2701	1820
			2702	1820
			2703	1820
			2704	1820
			2705	1821
			2706	1821
			2707	1821
			2708	1821
			2709	1822
			2710	1822
			2711	1822
			2712	1822
			2713	1822
			2713	1823
			2714	1823
			2715	1823
			2716	1823
			2717	1824
			2718	1824
			2719	1824
			2720	1824
			2721	1824
			2722	1825
			2723	1825
			2724	1825
			2725	1825
			2726	1826
			2727	1826
			2728	1826
			2729	1826
			2730	1827
			2731	1827
			2732	1827
			2733	1827
			2734	1827
			2734	1828
			2735	1828
			2736	1828
			2737	1828
			2738	1828
			2739	1829
			2740	1829
			2741	1829
			2742	1829
			2743	1830
			2744	1830
			2745	1830
			2746	1830
			2747	1831
			2748	1831
			2749	1831
			2750	1831
			2751	1831
			2752	1832
			2753	1832
			2754	1832
			2755	1832
			2756	1833
			2757	1833
			2758	1833
			2759	1833
			2760	1833
			2761	1834
			2762	1834
			2763	1834
			2764	1834
			2765	1834
			2765	1835
			2766	1835
			2767	1835
			2768	1835
			2769	1835
			2770	1836
			2771	1836
			2772	1836
			2773	1836
			2774	1836
			2775	1837
			2776	1837
			2777	1837
			2778	1837
			2779	1838
			2780	1838
			2781	1838
			2782	1838
			2783	1838
			2784	1839
			2785	1839
			2786	1839
			2787	1839
			2788	1839
			2789	1840
			2790	1840
			2791	1840
			2792	1840
			2793	1841
			2794	1841
			2795	1841
			2796	1841
			2797	1841
			2798	1842
			2799	1842
			2800	1842
			2801	1842
			2802	1842
			2803	1843
			2804	1843
			2805	1843
			2806	1843
			2807	1843
			2808	1844
			2809	1844
			2810	1844
			2811	1844
			2812	1844
			2813	1845
			2814	1845
			2815	1845
			2816	1845
			2817	1845
			2818	1846
			2819	1846
			2820	1846
			2821	1846
			2822	1846
			2823	1847
			2824	1847
			2825	1847
			2826	1847
			2827	1847
			2828	1848
			2829	1848
			2830	1848
			2831	1848
			2832	1848
			2833	1849
			2834	1849
			2835	1849
			2836	1849
			2837	1849
			2838	1850
			2839	1850
			2840	1850
			2841	1850
			2842	1850
			2843	1851
			2844	1851
			2845	1851
			2846	1851
			2847	1851
			2848	1851
			2849	1852
			2850	1852
			2851	1852
			2852	1852
			2853	1852
			2854	1853
			2855	1853
			2856	1853
			2857	1853
			2858	1853
			2859	1854
			2860	1854
			2861	1854
			2862	1854
			2863	1854
			2864	1854
			2865	1855
			2866	1855
			2867	1855
			2868	1855
			2869	1855
			2870	1856
			2871	1856
			2872	1856
			2873	1856
			2874	1856
			2875	1856
			2876	1857
			2877	1857
			2878	1857
			2879	1857
			2880	1857
			2881	1858
			2882	1858
			2883	1858
		</Dorsal_adipose>
		<Adipose_caudal type=matrix rownames=FALSE colnames=FALSE nrow=250 ncol=2 as.numeric=TRUE >
			2883	1858
			2884	1858
			2885	1858
			2886	1858
			2887	1858
			2888	1858
			2889	1858
			2890	1858
			2891	1858
			2892	1858
			2893	1859
			2894	1859
			2895	1859
			2896	1859
			2897	1860
			2898	1860
			2899	1861
			2900	1861
			2901	1861
			2902	1862
			2903	1862
			2903	1863
			2904	1864
			2905	1864
			2905	1865
			2906	1865
			2907	1866
			2907	1867
			2908	1868
			2909	1869
			2909	1870
			2910	1871
			2910	1872
			2910	1873
			2911	1874
			2911	1875
			2912	1875
			2913	1876
			2914	1876
			2915	1876
			2916	1877
			2917	1877
			2918	1877
			2919	1877
			2920	1878
			2921	1878
			2922	1879
			2923	1879
			2924	1879
			2925	1879
			2926	1880
			2927	1880
			2928	1880
			2929	1881
			2930	1881
			2931	1881
			2932	1882
			2933	1882
			2934	1882
			2935	1882
			2936	1883
			2937	1883
			2938	1883
			2939	1883
			2939	1884
			2940	1884
			2941	1884
			2942	1885
			2943	1885
			2944	1885
			2945	1885
			2946	1886
			2947	1886
			2948	1886
			2949	1886
			2949	1887
			2950	1887
			2951	1887
			2952	1887
			2953	1888
			2954	1888
			2955	1888
			2956	1888
			2956	1889
			2957	1889
			2958	1889
			2959	1889
			2960	1890
			2961	1890
			2962	1890
			2963	1891
			2964	1891
			2965	1891
			2966	1892
			2967	1892
			2968	1892
			2969	1892
			2970	1893
			2971	1893
			2972	1893
			2973	1893
			2974	1894
			2975	1894
			2976	1894
			2977	1895
			2978	1895
			2979	1895
			2980	1895
			2981	1896
			2982	1896
			2983	1896
			2984	1896
			2985	1897
			2986	1897
			2987	1897
			2988	1897
			2989	1898
			2990	1898
			2991	1898
			2992	1899
			2993	1899
			2994	1899
			2995	1899
			2996	1900
			2997	1900
			2998	1900
			2999	1900
			3000	1900
			3001	1901
			3002	1901
			3003	1901
			3004	1902
			3005	1902
			3006	1902
			3007	1902
			3008	1903
			3009	1903
			3010	1903
			3011	1903
			3012	1903
			3013	1904
			3014	1904
			3015	1904
			3016	1904
			3017	1904
			3018	1905
			3019	1905
			3020	1905
			3021	1905
			3022	1906
			3023	1906
			3024	1906
			3025	1906
			3026	1906
			3027	1907
			3028	1907
			3029	1907
			3030	1907
			3031	1907
			3032	1908
			3033	1908
			3034	1908
			3035	1908
			3036	1908
			3037	1909
			3038	1909
			3039	1909
			3040	1909
			3041	1909
			3042	1909
			3043	1910
			3044	1910
			3045	1910
			3046	1910
			3047	1910
			3048	1910
			3049	1910
			3050	1910
			3051	1910
			3052	1910
			3053	1911
			3054	1911
			3055	1911
			3056	1911
			3057	1911
			3058	1911
			3059	1911
			3060	1911
			3061	1911
			3062	1911
			3063	1911
			3064	1911
			3065	1912
			3066	1912
			3067	1912
			3068	1912
			3069	1912
			3070	1912
			3071	1912
			3072	1912
			3073	1912
			3074	1913
			3075	1913
			3076	1913
			3077	1913
			3078	1913
			3079	1913
			3080	1913
			3081	1913
			3082	1913
			3083	1914
			3084	1914
			3085	1914
			3086	1914
			3087	1914
			3088	1914
			3089	1915
			3090	1915
			3091	1915
			3092	1915
			3093	1915
			3094	1915
			3095	1915
			3095	1916
			3096	1916
			3097	1916
			3098	1916
			3099	1916
			3100	1917
			3101	1917
			3102	1917
			3103	1917
			3104	1917
			3105	1918
			3106	1918
			3107	1918
			3108	1918
			3108	1919
			3109	1919
			3110	1919
			3111	1919
			3111	1920
			3112	1920
			3113	1920
			3114	1921
			3115	1922
			3116	1922
			3116	1923
			3117	1923
			3117	1924
		</Adipose_caudal>
		<Caudal_anal type=matrix rownames=FALSE colnames=FALSE nrow=393 ncol=2 as.numeric=TRUE >
			3099	2086
			3098	2086
			3097	2086
			3096	2086
			3095	2086
			3094	2086
			3093	2086
			3092	2086
			3091	2086
			3090	2086
			3089	2086
			3088	2086
			3087	2086
			3086	2086
			3085	2086
			3084	2086
			3083	2086
			3082	2085
			3081	2085
			3080	2085
			3079	2085
			3078	2085
			3077	2084
			3076	2084
			3075	2084
			3074	2084
			3073	2084
			3072	2083
			3071	2083
			3070	2083
			3069	2083
			3068	2082
			3067	2082
			3066	2082
			3065	2082
			3064	2081
			3063	2081
			3062	2081
			3061	2081
			3061	2080
			3060	2080
			3059	2080
			3058	2080
			3057	2079
			3056	2079
			3055	2079
			3054	2079
			3053	2078
			3052	2078
			3051	2078
			3050	2078
			3049	2078
			3048	2078
			3047	2078
			3046	2077
			3045	2077
			3044	2077
			3043	2077
			3042	2077
			3041	2077
			3040	2077
			3039	2076
			3038	2076
			3037	2076
			3036	2076
			3035	2076
			3034	2076
			3033	2076
			3032	2076
			3031	2076
			3031	2075
			3030	2075
			3029	2075
			3028	2075
			3027	2075
			3026	2075
			3025	2075
			3024	2075
			3023	2075
			3022	2075
			3021	2074
			3020	2074
			3019	2074
			3018	2074
			3017	2074
			3016	2074
			3015	2074
			3014	2074
			3013	2074
			3012	2074
			3011	2074
			3010	2073
			3009	2073
			3008	2073
			3007	2073
			3006	2073
			3005	2073
			3004	2073
			3003	2073
			3002	2073
			3001	2073
			3000	2073
			2999	2073
			2998	2073
			2997	2072
			2996	2072
			2995	2072
			2994	2072
			2993	2072
			2992	2072
			2991	2072
			2990	2072
			2989	2072
			2988	2072
			2987	2072
			2986	2072
			2985	2072
			2984	2072
			2983	2072
			2982	2072
			2981	2072
			2980	2072
			2979	2072
			2978	2072
			2977	2072
			2976	2072
			2975	2072
			2974	2072
			2973	2072
			2972	2072
			2971	2072
			2970	2071
			2969	2071
			2968	2071
			2967	2071
			2966	2071
			2965	2071
			2964	2071
			2963	2071
			2962	2071
			2961	2071
			2960	2071
			2959	2071
			2958	2071
			2957	2071
			2956	2071
			2955	2071
			2954	2071
			2953	2071
			2952	2072
			2951	2072
			2950	2072
			2949	2072
			2948	2072
			2947	2072
			2946	2072
			2945	2072
			2944	2072
			2943	2072
			2942	2072
			2941	2072
			2940	2072
			2939	2072
			2938	2072
			2937	2072
			2936	2072
			2935	2072
			2934	2072
			2933	2072
			2932	2072
			2931	2072
			2930	2072
			2929	2072
			2928	2072
			2927	2072
			2926	2072
			2925	2073
			2924	2073
			2923	2073
			2922	2073
			2921	2073
			2920	2073
			2919	2073
			2918	2073
			2917	2073
			2916	2074
			2915	2074
			2914	2075
			2913	2075
			2912	2075
			2911	2076
			2910	2076
			2909	2076
			2908	2076
			2907	2077
			2906	2077
			2905	2077
			2904	2078
			2903	2078
			2902	2078
			2901	2079
			2900	2079
			2899	2079
			2898	2080
			2897	2080
			2896	2080
			2895	2080
			2894	2081
			2893	2081
			2892	2081
			2891	2081
			2890	2082
			2889	2082
			2888	2082
			2887	2082
			2886	2083
			2885	2083
			2884	2083
			2883	2083
			2882	2084
			2881	2084
			2880	2084
			2879	2084
			2878	2084
			2877	2084
			2876	2085
			2875	2085
			2874	2085
			2873	2085
			2872	2085
			2871	2086
			2870	2086
			2869	2086
			2868	2086
			2867	2086
			2866	2086
			2865	2086
			2864	2087
			2863	2087
			2862	2087
			2861	2087
			2860	2087
			2859	2087
			2858	2087
			2857	2088
			2856	2088
			2855	2088
			2854	2088
			2853	2088
			2852	2088
			2851	2088
			2850	2088
			2849	2089
			2848	2089
			2847	2089
			2846	2089
			2845	2089
			2844	2089
			2843	2089
			2842	2089
			2841	2089
			2840	2089
			2839	2090
			2838	2090
			2837	2090
			2836	2090
			2835	2090
			2834	2090
			2833	2090
			2832	2090
			2831	2090
			2830	2090
			2829	2091
			2828	2091
			2827	2091
			2826	2091
			2825	2091
			2824	2091
			2823	2091
			2822	2091
			2821	2091
			2820	2091
			2819	2091
			2818	2092
			2817	2092
			2816	2092
			2815	2092
			2814	2092
			2813	2092
			2812	2092
			2811	2092
			2810	2092
			2809	2093
			2808	2093
			2807	2093
			2806	2093
			2805	2093
			2804	2093
			2803	2093
			2802	2093
			2801	2093
			2800	2093
			2799	2094
			2798	2094
			2797	2094
			2796	2094
			2795	2094
			2794	2094
			2793	2094
			2792	2094
			2791	2094
			2790	2095
			2789	2095
			2788	2095
			2787	2095
			2786	2095
			2785	2095
			2784	2095
			2783	2095
			2782	2095
			2781	2095
			2780	2096
			2779	2096
			2778	2096
			2777	2096
			2776	2096
			2775	2096
			2774	2096
			2773	2096
			2772	2096
			2771	2097
			2770	2097
			2769	2097
			2768	2097
			2767	2097
			2766	2097
			2765	2097
			2764	2097
			2763	2097
			2762	2098
			2761	2098
			2760	2098
			2759	2098
			2758	2098
			2757	2098
			2756	2098
			2755	2098
			2754	2098
			2753	2099
			2752	2099
			2751	2099
			2750	2099
			2749	2099
			2748	2099
			2747	2099
			2746	2099
			2745	2099
			2745	2100
			2744	2100
			2743	2100
			2742	2100
			2741	2100
			2740	2100
			2739	2100
			2738	2100
			2737	2100
			2736	2101
			2735	2101
			2734	2101
			2733	2101
			2732	2101
			2731	2101
			2730	2101
			2729	2102
			2728	2102
			2727	2102
			2726	2102
			2725	2102
			2724	2102
			2723	2102
			2722	2102
			2721	2103
			2720	2103
			2719	2103
			2718	2103
			2717	2103
			2716	2103
			2715	2103
			2714	2103
			2713	2104
			2712	2104
			2711	2104
			2710	2104
		</Caudal_anal>
	</curves.pixel>
	<curves.scaled type=list>
		<Snout_dorsal type=matrix rownames=FALSE colnames=FALSE nrow=748 ncol=2 as.numeric=TRUE >
			42.2652560333031	-46.103270926578
			42.2652560333031	-46.0797248229382
			42.2652560333031	-46.0561787192985
			42.2417099296634	-46.0326326156588
			42.2417099296634	-46.0090865120191
			42.2417099296634	-45.9855404083793
			42.2417099296634	-45.9619943047396
			42.2417099296634	-45.9384482010999
			42.2181638260236	-45.9149020974602
			42.2181638260236	-45.8913559938204
			42.2181638260236	-45.8678098901807
			42.2181638260236	-45.844263786541
			42.2181638260236	-45.8207176829013
			42.2181638260236	-45.7971715792616
			42.1946177223839	-45.7736254756218
			42.1946177223839	-45.7500793719821
			42.1946177223839	-45.7265332683424
			42.1946177223839	-45.7029871647027
			42.1946177223839	-45.6794410610629
			42.1946177223839	-45.6558949574232
			42.1946177223839	-45.6323488537835
			42.1946177223839	-45.6088027501438
			42.1710716187442	-45.585256646504
			42.1710716187442	-45.5617105428643
			42.1710716187442	-45.5381644392246
			42.1710716187442	-45.5146183355849
			42.1710716187442	-45.4910722319452
			42.1710716187442	-45.4675261283054
			42.1710716187442	-45.4439800246657
			42.1710716187442	-45.420433921026
			42.1710716187442	-45.3968878173863
			42.1710716187442	-45.3733417137465
			42.1710716187442	-45.3497956101068
			42.1710716187442	-45.3262495064671
			42.1710716187442	-45.3027034028274
			42.1710716187442	-45.2791572991876
			42.1710716187442	-45.2556111955479
			42.1710716187442	-45.2320650919082
			42.1710716187442	-45.2085189882685
			42.1710716187442	-45.1849728846288
			42.1710716187442	-45.161426780989
			42.1710716187442	-45.1378806773493
			42.1710716187442	-45.1143345737096
			42.1710716187442	-45.0907884700699
			42.1710716187442	-45.0672423664301
			42.1710716187442	-45.0436962627904
			42.1710716187442	-45.0201501591507
			42.1710716187442	-44.996604055511
			42.1946177223839	-44.9730579518712
			42.1946177223839	-44.9495118482315
			42.1946177223839	-44.9259657445918
			42.1946177223839	-44.9024196409521
			42.1946177223839	-44.8788735373124
			42.1946177223839	-44.8553274336726
			42.1946177223839	-44.8317813300329
			42.1946177223839	-44.8082352263932
			42.2181638260236	-44.7846891227535
			42.2181638260236	-44.7611430191137
			42.2181638260236	-44.737596915474
			42.2181638260236	-44.7140508118343
			42.2181638260236	-44.6905047081946
			42.2417099296634	-44.6669586045548
			42.2417099296634	-44.6434125009151
			42.2417099296634	-44.6198663972754
			42.2417099296634	-44.5963202936357
			42.2652560333031	-44.572774189996
			42.2652560333031	-44.5492280863562
			42.2652560333031	-44.5256819827165
			42.2652560333031	-44.5021358790768
			42.2888021369428	-44.4785897754371
			42.2888021369428	-44.4550436717973
			42.2888021369428	-44.4314975681576
			42.2888021369428	-44.4079514645179
			42.3123482405825	-44.3844053608782
			42.3123482405825	-44.3608592572384
			42.3123482405825	-44.3373131535987
			42.3358943442223	-44.3373131535987
			42.3358943442223	-44.313767049959
			42.3358943442223	-44.2902209463193
			42.359440447862	-44.2666748426795
			42.359440447862	-44.2431287390398
			42.359440447862	-44.2195826354001
			42.3829865515017	-44.1960365317604
			42.3829865515017	-44.1724904281207
			42.3829865515017	-44.1489443244809
			42.4065326551414	-44.1253982208412
			42.4065326551414	-44.1018521172015
			42.4300787587811	-44.0783060135618
			42.4300787587811	-44.054759909922
			42.4536248624209	-44.0312138062823
			42.4536248624209	-44.0076677026426
			42.4771709660606	-43.9841215990029
			42.4771709660606	-43.9605754953632
			42.5007170697003	-43.9370293917234
			42.5007170697003	-43.9134832880837
			42.52426317334	-43.889937184444
			42.52426317334	-43.8663910808043
			42.5478092769798	-43.8428449771645
			42.5478092769798	-43.8192988735248
			42.5713553806195	-43.7957527698851
			42.5713553806195	-43.7722066662454
			42.5949014842592	-43.7486605626056
			42.6184475878989	-43.7251144589659
			42.6184475878989	-43.7015683553262
			42.6419936915387	-43.6780222516865
			42.6655397951784	-43.6544761480467
			42.6655397951784	-43.630930044407
			42.6890858988181	-43.6073839407673
			42.7126320024578	-43.5838378371276
			42.7126320024578	-43.5602917334879
			42.7361781060975	-43.5602917334879
			42.7361781060975	-43.5367456298481
			42.7361781060975	-43.5131995262084
			42.7597242097373	-43.5131995262084
			42.7597242097373	-43.4896534225687
			42.783270313377	-43.466107318929
			42.8068164170167	-43.4425612152892
			42.8303625206564	-43.4190151116495
			42.8539086242962	-43.3954690080098
			42.8539086242962	-43.3719229043701
			42.8774547279359	-43.3483768007303
			42.9010008315756	-43.3248306970906
			42.9245469352153	-43.3012845934509
			42.9480930388551	-43.2777384898112
			42.9480930388551	-43.2541923861715
			42.9716391424948	-43.2306462825317
			42.9951852461345	-43.207100178892
			43.0187313497742	-43.1835540752523
			43.0422774534139	-43.1600079716126
			43.0658235570537	-43.1364618679728
			43.0893696606934	-43.1129157643331
			43.1129157643331	-43.0893696606934
			43.1364618679728	-43.0658235570537
			43.1600079716126	-43.0422774534139
			43.1835540752523	-43.0187313497742
			43.1835540752523	-42.9951852461345
			43.207100178892	-42.9951852461345
			43.2306462825317	-42.9716391424948
			43.2306462825317	-42.9480930388551
			43.2541923861715	-42.9480930388551
			43.2777384898112	-42.9245469352153
			43.3012845934509	-42.9010008315756
			43.3248306970906	-42.8774547279359
			43.3483768007303	-42.8539086242962
			43.3719229043701	-42.8303625206564
			43.3954690080098	-42.8303625206564
			43.4190151116495	-42.8068164170167
			43.4190151116495	-42.783270313377
			43.4425612152892	-42.7597242097373
			43.466107318929	-42.7597242097373
			43.4896534225687	-42.7361781060975
			43.5131995262084	-42.7126320024578
			43.5367456298481	-42.7126320024578
			43.5602917334879	-42.6890858988181
			43.5602917334879	-42.6655397951784
			43.5838378371276	-42.6419936915387
			43.6073839407673	-42.6419936915387
			43.630930044407	-42.6184475878989
			43.6544761480467	-42.5949014842592
			43.6780222516865	-42.5949014842592
			43.7015683553262	-42.5713553806195
			43.7251144589659	-42.5478092769798
			43.7486605626056	-42.52426317334
			43.7722066662454	-42.52426317334
			43.7957527698851	-42.5007170697003
			43.8192988735248	-42.4771709660606
			43.8428449771645	-42.4771709660606
			43.8663910808043	-42.4536248624209
			43.8663910808043	-42.4300787587811
			43.889937184444	-42.4300787587811
			43.9134832880837	-42.4065326551414
			43.9370293917234	-42.3829865515017
			43.9605754953632	-42.3829865515017
			43.9841215990029	-42.359440447862
			44.0076677026426	-42.3358943442223
			44.0312138062823	-42.3358943442223
			44.054759909922	-42.3123482405825
			44.0783060135618	-42.3123482405825
			44.1018521172015	-42.2888021369428
			44.1253982208412	-42.2652560333031
			44.1489443244809	-42.2652560333031
			44.1724904281207	-42.2417099296634
			44.1960365317604	-42.2181638260236
			44.2195826354001	-42.2181638260236
			44.2431287390398	-42.1946177223839
			44.2666748426795	-42.1946177223839
			44.2666748426795	-42.1710716187442
			44.2902209463193	-42.1710716187442
			44.313767049959	-42.1475255151045
			44.3373131535987	-42.1475255151045
			44.3373131535987	-42.1239794114647
			44.3608592572384	-42.1239794114647
			44.3844053608782	-42.1239794114647
			44.4079514645179	-42.100433307825
			44.4314975681576	-42.100433307825
			44.4550436717973	-42.0768872041853
			44.4785897754371	-42.0533411005456
			44.5021358790768	-42.0533411005456
			44.5256819827165	-42.0297949969058
			44.5492280863562	-42.0297949969058
			44.572774189996	-42.0062488932661
			44.5963202936357	-41.9827027896264
			44.6198663972754	-41.9827027896264
			44.6434125009151	-41.9591566859867
			44.6669586045548	-41.9591566859867
			44.6905047081946	-41.935610582347
			44.7140508118343	-41.935610582347
			44.737596915474	-41.9120644787072
			44.7611430191137	-41.9120644787072
			44.7846891227535	-41.8885183750675
			44.8082352263932	-41.8885183750675
			44.8317813300329	-41.8649722714278
			44.8553274336726	-41.8414261677881
			44.8788735373124	-41.8414261677881
			44.9024196409521	-41.8414261677881
			44.9259657445918	-41.8178800641483
			44.9495118482315	-41.8178800641483
			44.9730579518712	-41.7943339605086
			44.996604055511	-41.7943339605086
			45.0201501591507	-41.7707878568689
			45.0436962627904	-41.7707878568689
			45.0672423664301	-41.7472417532292
			45.0907884700699	-41.7472417532292
			45.1143345737096	-41.7236956495895
			45.1378806773493	-41.7236956495895
			45.161426780989	-41.7001495459497
			45.1849728846288	-41.7001495459497
			45.2085189882685	-41.67660344231
			45.2320650919082	-41.67660344231
			45.2556111955479	-41.67660344231
			45.2791572991876	-41.6530573386703
			45.3027034028274	-41.6530573386703
			45.3262495064671	-41.6295112350306
			45.3497956101068	-41.6295112350306
			45.3733417137465	-41.6059651313908
			45.3968878173863	-41.6059651313908
			45.420433921026	-41.5824190277511
			45.4439800246657	-41.5824190277511
			45.4675261283054	-41.5824190277511
			45.4910722319452	-41.5588729241114
			45.5146183355849	-41.5588729241114
			45.5381644392246	-41.5353268204717
			45.5617105428643	-41.5353268204717
			45.585256646504	-41.5117807168319
			45.6088027501438	-41.5117807168319
			45.6323488537835	-41.5117807168319
			45.6558949574232	-41.4882346131922
			45.6794410610629	-41.4882346131922
			45.7029871647027	-41.4646885095525
			45.7265332683424	-41.4646885095525
			45.7500793719821	-41.4411424059128
			45.7736254756218	-41.4411424059128
			45.7971715792616	-41.4411424059128
			45.8207176829013	-41.417596302273
			45.844263786541	-41.417596302273
			45.8678098901807	-41.417596302273
			45.8913559938204	-41.3940501986333
			45.9149020974602	-41.3940501986333
			45.9384482010999	-41.3705040949936
			45.9619943047396	-41.3705040949936
			45.9855404083793	-41.3705040949936
			46.0090865120191	-41.3469579913539
			46.0326326156588	-41.3234118877142
			46.0561787192985	-41.3234118877142
			46.0797248229382	-41.2998657840744
			46.103270926578	-41.2998657840744
			46.1268170302177	-41.2763196804347
			46.1503631338574	-41.2763196804347
			46.1739092374971	-41.252773576795
			46.1974553411369	-41.252773576795
			46.2210014447766	-41.2292274731553
			46.2445475484163	-41.2292274731553
			46.268093652056	-41.2056813695155
			46.2916397556957	-41.2056813695155
			46.3151858593355	-41.2056813695155
			46.3151858593355	-41.1821352658758
			46.3387319629752	-41.1821352658758
			46.3622780666149	-41.1821352658758
			46.3858241702546	-41.1821352658758
			46.3858241702546	-41.1585891622361
			46.4093702738944	-41.1585891622361
			46.4329163775341	-41.1585891622361
			46.4564624811738	-41.1350430585964
			46.4800085848135	-41.1350430585964
			46.5035546884532	-41.1350430585964
			46.527100792093	-41.1114969549566
			46.5506468957327	-41.1114969549566
			46.5741929993724	-41.1114969549566
			46.5977391030121	-41.0879508513169
			46.6212852066519	-41.0879508513169
			46.6448313102916	-41.0879508513169
			46.6683774139313	-41.0644047476772
			46.691923517571	-41.0644047476772
			46.7154696212108	-41.0644047476772
			46.7390157248505	-41.0644047476772
			46.7625618284902	-41.0408586440375
			46.7861079321299	-41.0408586440375
			46.8096540357697	-41.0408586440375
			46.8332001394094	-41.0408586440375
			46.8567462430491	-41.0173125403978
			46.8802923466888	-41.0173125403978
			46.9038384503285	-41.0173125403978
			46.9273845539683	-41.0173125403978
			46.950930657608	-40.993766436758
			46.9744767612477	-40.993766436758
			46.9980228648874	-40.993766436758
			47.0215689685272	-40.993766436758
			47.0451150721669	-40.9702203331183
			47.0686611758066	-40.9702203331183
			47.0922072794463	-40.9702203331183
			47.1157533830861	-40.9702203331183
			47.1392994867258	-40.9702203331183
			47.1628455903655	-40.9466742294786
			47.1863916940052	-40.9466742294786
			47.2099377976449	-40.9466742294786
			47.2334839012847	-40.9466742294786
			47.2570300049244	-40.9466742294786
			47.2805761085641	-40.9231281258389
			47.3041222122038	-40.9231281258389
			47.3276683158436	-40.9231281258389
			47.3512144194833	-40.9231281258389
			47.374760523123	-40.9231281258389
			47.3983066267627	-40.8995820221991
			47.4218527304025	-40.8995820221991
			47.4453988340422	-40.8995820221991
			47.4689449376819	-40.8995820221991
			47.4924910413216	-40.8995820221991
			47.5160371449613	-40.8995820221991
			47.5395832486011	-40.8760359185594
			47.5631293522408	-40.8760359185594
			47.5866754558805	-40.8760359185594
			47.6102215595202	-40.8760359185594
			47.63376766316	-40.8760359185594
			47.6573137667997	-40.8760359185594
			47.6808598704394	-40.8760359185594
			47.7044059740791	-40.8524898149197
			47.7279520777189	-40.8524898149197
			47.7514981813586	-40.8524898149197
			47.7750442849983	-40.8524898149197
			47.798590388638	-40.8524898149197
			47.8221364922777	-40.8524898149197
			47.8456825959175	-40.8524898149197
			47.8692286995572	-40.8524898149197
			47.8927748031969	-40.82894371128
			47.9163209068366	-40.82894371128
			47.9398670104764	-40.82894371128
			47.9634131141161	-40.82894371128
			47.9869592177558	-40.82894371128
			48.0105053213955	-40.82894371128
			48.0340514250353	-40.82894371128
			48.057597528675	-40.82894371128
			48.0811436323147	-40.8053976076402
			48.1046897359544	-40.8053976076402
			48.1282358395941	-40.8053976076402
			48.1517819432339	-40.8053976076402
			48.1753280468736	-40.8053976076402
			48.1988741505133	-40.8053976076402
			48.222420254153	-40.8053976076402
			48.2459663577928	-40.8053976076402
			48.2695124614325	-40.8053976076402
			48.2930585650722	-40.7818515040005
			48.3166046687119	-40.7818515040005
			48.3401507723517	-40.7818515040005
			48.3636968759914	-40.7818515040005
			48.3872429796311	-40.7818515040005
			48.4107890832708	-40.7818515040005
			48.4343351869106	-40.7818515040005
			48.4578812905503	-40.7818515040005
			48.48142739419	-40.7818515040005
			48.5049734978297	-40.7818515040005
			48.5285196014694	-40.7818515040005
			48.5520657051092	-40.7818515040005
			48.5756118087489	-40.7583054003608
			48.5991579123886	-40.7583054003608
			48.6227040160283	-40.7583054003608
			48.6462501196681	-40.7583054003608
			48.6697962233078	-40.7583054003608
			48.6933423269475	-40.7583054003608
			48.7168884305872	-40.7583054003608
			48.7404345342269	-40.7583054003608
			48.7639806378667	-40.7583054003608
			48.7875267415064	-40.7583054003608
			48.8110728451461	-40.7583054003608
			48.8346189487858	-40.7583054003608
			48.8581650524256	-40.7583054003608
			48.8817111560653	-40.7583054003608
			48.905257259705	-40.7347592967211
			48.9288033633447	-40.7347592967211
			48.9523494669845	-40.7347592967211
			48.9758955706242	-40.7347592967211
			48.9994416742639	-40.7347592967211
			49.0229877779036	-40.7347592967211
			49.0465338815434	-40.7347592967211
			49.0700799851831	-40.7347592967211
			49.0936260888228	-40.7347592967211
			49.1171721924625	-40.7347592967211
			49.1407182961022	-40.7347592967211
			49.164264399742	-40.7347592967211
			49.1878105033817	-40.7347592967211
			49.2113566070214	-40.7347592967211
			49.2349027106611	-40.7347592967211
			49.2584488143009	-40.7347592967211
			49.2819949179406	-40.7347592967211
			49.3055410215803	-40.7112131930814
			49.32908712522	-40.7112131930814
			49.3526332288598	-40.7112131930814
			49.3761793324995	-40.7112131930814
			49.3997254361392	-40.7112131930814
			49.4232715397789	-40.7112131930814
			49.4468176434186	-40.7112131930814
			49.4703637470584	-40.7112131930814
			49.4939098506981	-40.7112131930814
			49.5174559543378	-40.7112131930814
			49.5410020579775	-40.7112131930814
			49.5645481616173	-40.7112131930814
			49.588094265257	-40.7112131930814
			49.6116403688967	-40.7112131930814
			49.6351864725364	-40.7112131930814
			49.6587325761762	-40.7112131930814
			49.6822786798159	-40.7112131930814
			49.7058247834556	-40.7112131930814
			49.7293708870953	-40.7112131930814
			49.7529169907351	-40.7112131930814
			49.7764630943748	-40.7112131930814
			49.8000091980145	-40.7112131930814
			49.8235553016542	-40.7112131930814
			49.8471014052939	-40.7112131930814
			49.8706475089337	-40.7112131930814
			49.8941936125734	-40.7112131930814
			49.9177397162131	-40.7112131930814
			49.9412858198528	-40.7112131930814
			49.9648319234926	-40.7112131930814
			49.9883780271323	-40.7112131930814
			50.011924130772	-40.6876670894416
			50.0354702344117	-40.6876670894416
			50.0590163380514	-40.6876670894416
			50.0825624416912	-40.6876670894416
			50.1061085453309	-40.6876670894416
			50.1296546489706	-40.6876670894416
			50.1532007526103	-40.6876670894416
			50.1767468562501	-40.6876670894416
			50.2002929598898	-40.6876670894416
			50.2238390635295	-40.6876670894416
			50.2473851671692	-40.6876670894416
			50.270931270809	-40.6876670894416
			50.2944773744487	-40.6876670894416
			50.3180234780884	-40.6876670894416
			50.3415695817281	-40.6876670894416
			50.3651156853679	-40.6876670894416
			50.3886617890076	-40.6876670894416
			50.4122078926473	-40.6876670894416
			50.435753996287	-40.6876670894416
			50.4593000999267	-40.6876670894416
			50.4828462035665	-40.6876670894416
			50.5063923072062	-40.6876670894416
			50.5299384108459	-40.6876670894416
			50.5534845144856	-40.6876670894416
			50.5770306181254	-40.6876670894416
			50.6005767217651	-40.6876670894416
			50.6241228254048	-40.6876670894416
			50.6476689290445	-40.6876670894416
			50.6712150326843	-40.6876670894416
			50.694761136324	-40.6876670894416
			50.7183072399637	-40.6876670894416
			50.7418533436034	-40.6876670894416
			50.7653994472431	-40.6876670894416
			50.7889455508829	-40.6876670894416
			50.8124916545226	-40.6876670894416
			50.8360377581623	-40.6876670894416
			50.859583861802	-40.6876670894416
			50.8831299654418	-40.6876670894416
			50.9066760690815	-40.6876670894416
			50.9302221727212	-40.6876670894416
			50.9537682763609	-40.6876670894416
			50.9773143800007	-40.6876670894416
			51.0008604836404	-40.6876670894416
			51.0244065872801	-40.6876670894416
			51.0479526909198	-40.6876670894416
			51.0714987945595	-40.6876670894416
			51.0950448981993	-40.6876670894416
			51.118591001839	-40.6876670894416
			51.1421371054787	-40.6876670894416
			51.1656832091184	-40.6876670894416
			51.1892293127582	-40.6876670894416
			51.2127754163979	-40.6876670894416
			51.2363215200376	-40.6876670894416
			51.2598676236773	-40.6876670894416
			51.2834137273171	-40.6876670894416
			51.3069598309568	-40.6876670894416
			51.3305059345965	-40.6876670894416
			51.3540520382362	-40.6876670894416
			51.3775981418759	-40.6876670894416
			51.4011442455157	-40.6876670894416
			51.4246903491554	-40.6876670894416
			51.4482364527951	-40.6876670894416
			51.4717825564348	-40.6876670894416
			51.4953286600746	-40.6876670894416
			51.5188747637143	-40.6876670894416
			51.542420867354	-40.6876670894416
			51.5659669709937	-40.6876670894416
			51.5895130746335	-40.6876670894416
			51.6130591782732	-40.6876670894416
			51.6366052819129	-40.6876670894416
			51.6601513855526	-40.6876670894416
			51.6836974891923	-40.6876670894416
			51.7072435928321	-40.6876670894416
			51.7307896964718	-40.6876670894416
			51.7543358001115	-40.6876670894416
			51.7778819037512	-40.7112131930814
			51.801428007391	-40.7112131930814
			51.8249741110307	-40.7112131930814
			51.8485202146704	-40.7112131930814
			51.8720663183101	-40.7112131930814
			51.8956124219499	-40.7112131930814
			51.9191585255896	-40.7112131930814
			51.9427046292293	-40.7112131930814
			51.966250732869	-40.7112131930814
			51.9897968365088	-40.7112131930814
			52.0133429401485	-40.7112131930814
			52.0368890437882	-40.7112131930814
			52.0604351474279	-40.7112131930814
			52.0839812510676	-40.7112131930814
			52.1075273547074	-40.7112131930814
			52.1310734583471	-40.7112131930814
			52.1546195619868	-40.7112131930814
			52.1781656656265	-40.7112131930814
			52.2017117692663	-40.7112131930814
			52.225257872906	-40.7112131930814
			52.2488039765457	-40.7112131930814
			52.2723500801854	-40.7112131930814
			52.2958961838251	-40.7112131930814
			52.3194422874649	-40.7112131930814
			52.3429883911046	-40.7112131930814
			52.3665344947443	-40.7347592967211
			52.390080598384	-40.7347592967211
			52.4136267020238	-40.7347592967211
			52.4371728056635	-40.7347592967211
			52.4607189093032	-40.7347592967211
			52.4842650129429	-40.7347592967211
			52.5078111165827	-40.7347592967211
			52.5313572202224	-40.7347592967211
			52.5549033238621	-40.7347592967211
			52.5784494275018	-40.7347592967211
			52.6019955311416	-40.7347592967211
			52.6255416347813	-40.7583054003608
			52.649087738421	-40.7583054003608
			52.6726338420607	-40.7583054003608
			52.6961799457004	-40.7583054003608
			52.7197260493402	-40.7583054003608
			52.7432721529799	-40.7583054003608
			52.7668182566196	-40.7583054003608
			52.7903643602593	-40.7583054003608
			52.8139104638991	-40.7583054003608
			52.8374565675388	-40.7583054003608
			52.8610026711785	-40.7583054003608
			52.8845487748182	-40.7583054003608
			52.908094878458	-40.7818515040005
			52.9316409820977	-40.7818515040005
			52.9551870857374	-40.7818515040005
			52.9787331893771	-40.7818515040005
			53.0022792930168	-40.7818515040005
			53.0258253966566	-40.7818515040005
			53.0493715002963	-40.7818515040005
			53.072917603936	-40.7818515040005
			53.0964637075757	-40.7818515040005
			53.1200098112155	-40.7818515040005
			53.1435559148552	-40.7818515040005
			53.1671020184949	-40.7818515040005
			53.1906481221346	-40.8053976076402
			53.2141942257744	-40.8053976076402
			53.2377403294141	-40.8053976076402
			53.2612864330538	-40.8053976076402
			53.2848325366935	-40.8053976076402
			53.3083786403332	-40.8053976076402
			53.331924743973	-40.8053976076402
			53.3554708476127	-40.8053976076402
			53.3790169512524	-40.8053976076402
			53.4025630548921	-40.8053976076402
			53.4261091585319	-40.8053976076402
			53.4496552621716	-40.8053976076402
			53.4732013658113	-40.8053976076402
			53.496747469451	-40.8053976076402
			53.5202935730908	-40.82894371128
			53.5438396767305	-40.82894371128
			53.5673857803702	-40.82894371128
			53.5909318840099	-40.82894371128
			53.6144779876497	-40.82894371128
			53.6380240912894	-40.82894371128
			53.6615701949291	-40.82894371128
			53.6851162985688	-40.82894371128
			53.7086624022085	-40.82894371128
			53.7322085058483	-40.82894371128
			53.755754609488	-40.82894371128
			53.7793007131277	-40.82894371128
			53.8028468167674	-40.82894371128
			53.8263929204072	-40.82894371128
			53.8499390240469	-40.82894371128
			53.8499390240469	-40.8524898149197
			53.8734851276866	-40.8524898149197
			53.8970312313263	-40.8524898149197
			53.920577334966	-40.8524898149197
			53.9441234386058	-40.8524898149197
			53.9676695422455	-40.8524898149197
			53.9912156458852	-40.8524898149197
			54.0147617495249	-40.8524898149197
			54.0383078531647	-40.8524898149197
			54.0618539568044	-40.8524898149197
			54.0854000604441	-40.8524898149197
			54.1089461640838	-40.8524898149197
			54.1324922677236	-40.8524898149197
			54.1560383713633	-40.8524898149197
			54.179584475003	-40.8524898149197
			54.2031305786427	-40.8524898149197
			54.2266766822825	-40.8524898149197
			54.2502227859222	-40.8524898149197
			54.2737688895619	-40.8760359185594
			54.2973149932016	-40.8760359185594
			54.3208610968413	-40.8760359185594
			54.3444072004811	-40.8760359185594
			54.3679533041208	-40.8760359185594
			54.3914994077605	-40.8760359185594
			54.4150455114002	-40.8760359185594
			54.43859161504	-40.8760359185594
			54.4621377186797	-40.8760359185594
			54.4856838223194	-40.8760359185594
			54.5092299259591	-40.8760359185594
			54.5327760295988	-40.8760359185594
			54.5563221332386	-40.8760359185594
			54.5798682368783	-40.8760359185594
			54.603414340518	-40.8760359185594
			54.6269604441577	-40.8760359185594
			54.6505065477975	-40.8760359185594
			54.6740526514372	-40.8760359185594
			54.6975987550769	-40.8760359185594
			54.7211448587166	-40.8760359185594
			54.7446909623564	-40.8760359185594
			54.7682370659961	-40.8760359185594
			54.7917831696358	-40.8760359185594
			54.8153292732755	-40.8760359185594
			54.8388753769153	-40.8760359185594
			54.862421480555	-40.8995820221991
			54.8859675841947	-40.8995820221991
			54.9095136878344	-40.8995820221991
			54.9330597914741	-40.8995820221991
			54.9566058951139	-40.8995820221991
			54.9801519987536	-40.8995820221991
			55.0036981023933	-40.8995820221991
			55.027244206033	-40.8995820221991
			55.0507903096728	-40.8995820221991
			55.0743364133125	-40.8995820221991
			55.0978825169522	-40.8995820221991
			55.1214286205919	-40.8995820221991
			55.1449747242317	-40.8995820221991
			55.1685208278714	-40.8995820221991
			55.1920669315111	-40.8995820221991
			55.2156130351508	-40.8995820221991
			55.2391591387905	-40.8995820221991
			55.2627052424303	-40.8995820221991
			55.28625134607	-40.8995820221991
			55.3097974497097	-40.8995820221991
			55.3333435533494	-40.8995820221991
			55.3568896569892	-40.8995820221991
			55.3804357606289	-40.8995820221991
			55.4039818642686	-40.8995820221991
			55.4275279679083	-40.8995820221991
			55.4510740715481	-40.8995820221991
			55.4746201751878	-40.8995820221991
			55.4981662788275	-40.8995820221991
			55.5217123824672	-40.8995820221991
			55.5452584861069	-40.8995820221991
			55.5688045897467	-40.8995820221991
			55.5923506933864	-40.8995820221991
			55.6158967970261	-40.8995820221991
			55.6394429006658	-40.8995820221991
			55.6629890043056	-40.8995820221991
			55.6865351079453	-40.8995820221991
			55.710081211585	-40.8995820221991
			55.7336273152247	-40.8995820221991
			55.7571734188645	-40.8995820221991
			55.7807195225042	-40.8995820221991
			55.8042656261439	-40.8995820221991
			55.8278117297836	-40.8995820221991
			55.8513578334234	-40.8995820221991
			55.8749039370631	-40.8995820221991
			55.8984500407028	-40.8995820221991
			55.9219961443425	-40.8995820221991
			55.9455422479822	-40.8995820221991
			55.969088351622	-40.8995820221991
			55.9926344552617	-40.8995820221991
			56.0161805589014	-40.8995820221991
			56.0397266625411	-40.8995820221991
			56.0632727661809	-40.8995820221991
			56.0868188698206	-40.8995820221991
			56.1103649734603	-40.8995820221991
			56.1339110771	-40.8995820221991
			56.1574571807397	-40.8995820221991
			56.1810032843795	-40.8995820221991
			56.2045493880192	-40.8995820221991
			56.2280954916589	-40.8760359185594
			56.2516415952986	-40.8760359185594
			56.2751876989384	-40.8760359185594
			56.2987338025781	-40.8760359185594
			56.3222799062178	-40.8760359185594
			56.3458260098575	-40.8760359185594
			56.3693721134973	-40.8760359185594
			56.392918217137	-40.8760359185594
			56.4164643207767	-40.8760359185594
			56.4400104244164	-40.8760359185594
			56.4635565280562	-40.8760359185594
			56.4871026316959	-40.8760359185594
			56.5106487353356	-40.8760359185594
			56.5341948389753	-40.8760359185594
			56.557740942615	-40.8760359185594
			56.5812870462548	-40.8760359185594
			56.6048331498945	-40.8524898149197
			56.6283792535342	-40.8524898149197
			56.6519253571739	-40.8524898149197
			56.6754714608137	-40.8524898149197
			56.6990175644534	-40.8524898149197
			56.7225636680931	-40.8524898149197
			56.7461097717328	-40.8524898149197
			56.7696558753725	-40.8524898149197
			56.7932019790123	-40.8524898149197
			56.816748082652	-40.8524898149197
			56.8402941862917	-40.8524898149197
			56.8638402899314	-40.82894371128
			56.8873863935712	-40.82894371128
			56.9109324972109	-40.82894371128
			56.9344786008506	-40.82894371128
			56.9580247044903	-40.82894371128
			56.9815708081301	-40.82894371128
			57.0051169117698	-40.82894371128
			57.0286630154095	-40.82894371128
			57.0522091190492	-40.8053976076402
			57.075755222689	-40.8053976076402
			57.0993013263287	-40.8053976076402
			57.1228474299684	-40.8053976076402
			57.1463935336081	-40.8053976076402
			57.1699396372478	-40.8053976076402
			57.1934857408876	-40.7818515040005
			57.2170318445273	-40.7818515040005
			57.240577948167	-40.7818515040005
			57.2641240518067	-40.7818515040005
			57.2876701554465	-40.7818515040005
			57.3112162590862	-40.7818515040005
			57.3347623627259	-40.7583054003608
			57.3583084663656	-40.7583054003608
			57.3818545700054	-40.7583054003608
		</Snout_dorsal>
		<Dorsal_adipose type=matrix rownames=FALSE colnames=FALSE nrow=463 ncol=2 as.numeric=TRUE >
			57.3818545700054	-40.7583054003608
			57.4054006736451	-40.7583054003608
			57.4289467772848	-40.7583054003608
			57.4524928809245	-40.7583054003608
			57.4760389845642	-40.7818515040005
			57.499585088204	-40.7818515040005
			57.5231311918437	-40.7818515040005
			57.5466772954834	-40.7818515040005
			57.5702233991231	-40.7818515040005
			57.5937695027629	-40.7818515040005
			57.6173156064026	-40.8053976076402
			57.6408617100423	-40.8053976076402
			57.664407813682	-40.8053976076402
			57.6879539173218	-40.8053976076402
			57.7115000209615	-40.8053976076402
			57.7350461246012	-40.8053976076402
			57.7585922282409	-40.82894371128
			57.7821383318806	-40.82894371128
			57.8056844355204	-40.82894371128
			57.8292305391601	-40.82894371128
			57.8527766427998	-40.82894371128
			57.8763227464395	-40.82894371128
			57.8998688500793	-40.8524898149197
			57.923414953719	-40.8524898149197
			57.9469610573587	-40.8524898149197
			57.9705071609984	-40.8524898149197
			57.9940532646382	-40.8524898149197
			58.0175993682779	-40.8760359185594
			58.0411454719176	-40.8760359185594
			58.0646915755573	-40.8760359185594
			58.0882376791971	-40.8760359185594
			58.1117837828368	-40.8760359185594
			58.1353298864765	-40.8760359185594
			58.1353298864765	-40.8995820221991
			58.1588759901162	-40.8995820221991
			58.1824220937559	-40.8995820221991
			58.2059681973957	-40.8995820221991
			58.2295143010354	-40.8995820221991
			58.2530604046751	-40.9231281258389
			58.2766065083148	-40.9231281258389
			58.3001526119546	-40.9231281258389
			58.3236987155943	-40.9231281258389
			58.347244819234	-40.9231281258389
			58.3707909228737	-40.9231281258389
			58.3943370265134	-40.9466742294786
			58.4178831301532	-40.9466742294786
			58.4414292337929	-40.9466742294786
			58.4649753374326	-40.9466742294786
			58.4885214410723	-40.9466742294786
			58.5120675447121	-40.9702203331183
			58.5356136483518	-40.9702203331183
			58.5591597519915	-40.9702203331183
			58.5827058556312	-40.9702203331183
			58.606251959271	-40.993766436758
			58.6297980629107	-40.993766436758
			58.6533441665504	-40.993766436758
			58.6768902701901	-40.993766436758
			58.7004363738299	-40.993766436758
			58.7239824774696	-41.0173125403978
			58.7475285811093	-41.0173125403978
			58.771074684749	-41.0173125403978
			58.7946207883887	-41.0173125403978
			58.8181668920285	-41.0408586440375
			58.8417129956682	-41.0408586440375
			58.8652590993079	-41.0408586440375
			58.8888052029476	-41.0408586440375
			58.9123513065874	-41.0408586440375
			58.9358974102271	-41.0644047476772
			58.9594435138668	-41.0644047476772
			58.9829896175065	-41.0644047476772
			59.0065357211462	-41.0644047476772
			59.030081824786	-41.0879508513169
			59.0536279284257	-41.0879508513169
			59.0771740320654	-41.0879508513169
			59.1007201357051	-41.0879508513169
			59.1242662393449	-41.0879508513169
			59.1478123429846	-41.1114969549566
			59.1713584466243	-41.1114969549566
			59.194904550264	-41.1114969549566
			59.2184506539038	-41.1114969549566
			59.2184506539038	-41.1350430585964
			59.2419967575435	-41.1350430585964
			59.2655428611832	-41.1350430585964
			59.2890889648229	-41.1350430585964
			59.3126350684627	-41.1585891622361
			59.3361811721024	-41.1585891622361
			59.3597272757421	-41.1585891622361
			59.3832733793818	-41.1585891622361
			59.4068194830215	-41.1585891622361
			59.4068194830215	-41.1821352658758
			59.4303655866613	-41.1821352658758
			59.453911690301	-41.1821352658758
			59.4774577939407	-41.1821352658758
			59.5010038975804	-41.1821352658758
			59.5010038975804	-41.2056813695155
			59.5245500012202	-41.2056813695155
			59.5480961048599	-41.2056813695155
			59.5716422084996	-41.2056813695155
			59.5951883121393	-41.2056813695155
			59.5951883121393	-41.2292274731553
			59.6187344157791	-41.2292274731553
			59.6422805194188	-41.2292274731553
			59.6658266230585	-41.2292274731553
			59.6893727266982	-41.252773576795
			59.7129188303379	-41.252773576795
			59.7364649339777	-41.252773576795
			59.7600110376174	-41.252773576795
			59.7835571412571	-41.2763196804347
			59.8071032448968	-41.2763196804347
			59.8306493485366	-41.2763196804347
			59.8541954521763	-41.2763196804347
			59.877741555816	-41.2998657840744
			59.9012876594557	-41.2998657840744
			59.9248337630955	-41.2998657840744
			59.9483798667352	-41.3234118877142
			59.9719259703749	-41.3234118877142
			59.9954720740146	-41.3234118877142
			60.0190181776544	-41.3234118877142
			60.0190181776544	-41.3469579913539
			60.0425642812941	-41.3469579913539
			60.0661103849338	-41.3469579913539
			60.0896564885735	-41.3469579913539
			60.1132025922132	-41.3705040949936
			60.136748695853	-41.3705040949936
			60.1602947994927	-41.3705040949936
			60.1838409031324	-41.3705040949936
			60.1838409031324	-41.3940501986333
			60.2073870067721	-41.3940501986333
			60.2309331104119	-41.3940501986333
			60.2544792140516	-41.3940501986333
			60.2780253176913	-41.417596302273
			60.301571421331	-41.417596302273
			60.3251175249708	-41.417596302273
			60.3486636286105	-41.4411424059128
			60.3722097322502	-41.4411424059128
			60.3957558358899	-41.4411424059128
			60.4193019395296	-41.4646885095525
			60.4428480431694	-41.4646885095525
			60.4663941468091	-41.4646885095525
			60.4899402504488	-41.4882346131922
			60.5134863540885	-41.4882346131922
			60.5370324577283	-41.4882346131922
			60.560578561368	-41.5117807168319
			60.5841246650077	-41.5117807168319
			60.6076707686474	-41.5117807168319
			60.6312168722872	-41.5353268204717
			60.6547629759269	-41.5353268204717
			60.6783090795666	-41.5353268204717
			60.7018551832063	-41.5588729241114
			60.725401286846	-41.5588729241114
			60.7489473904858	-41.5588729241114
			60.7724934941255	-41.5824190277511
			60.7960395977652	-41.5824190277511
			60.8195857014049	-41.5824190277511
			60.8431318050447	-41.6059651313908
			60.8666779086844	-41.6059651313908
			60.8902240123241	-41.6059651313908
			60.9137701159638	-41.6295112350306
			60.9373162196036	-41.6295112350306
			60.9608623232433	-41.6530573386703
			60.984408426883	-41.6530573386703
			61.0079545305227	-41.6530573386703
			61.0315006341624	-41.6530573386703
			61.0315006341624	-41.67660344231
			61.0550467378022	-41.67660344231
			61.0785928414419	-41.67660344231
			61.1021389450816	-41.7001495459497
			61.1256850487213	-41.7001495459497
			61.1492311523611	-41.7001495459497
			61.1727772560008	-41.7236956495895
			61.1963233596405	-41.7236956495895
			61.2198694632802	-41.7472417532292
			61.24341556692	-41.7472417532292
			61.2669616705597	-41.7472417532292
			61.2905077741994	-41.7707878568689
			61.3140538778391	-41.7707878568689
			61.3375999814788	-41.7707878568689
			61.3611460851186	-41.7943339605086
			61.3846921887583	-41.7943339605086
			61.408238292398	-41.8178800641483
			61.4317843960377	-41.8178800641483
			61.4553304996775	-41.8178800641483
			61.4553304996775	-41.8414261677881
			61.4788766033172	-41.8414261677881
			61.5024227069569	-41.8414261677881
			61.5259688105966	-41.8649722714278
			61.5495149142364	-41.8649722714278
			61.5730610178761	-41.8885183750675
			61.5966071215158	-41.8885183750675
			61.6201532251555	-41.8885183750675
			61.6436993287953	-41.9120644787072
			61.667245432435	-41.9120644787072
			61.6907915360747	-41.935610582347
			61.7143376397144	-41.935610582347
			61.7378837433541	-41.935610582347
			61.7614298469939	-41.9591566859867
			61.7849759506336	-41.9591566859867
			61.7849759506336	-41.9827027896264
			61.8085220542733	-41.9827027896264
			61.832068157913	-41.9827027896264
			61.8556142615528	-42.0062488932661
			61.8791603651925	-42.0062488932661
			61.9027064688322	-42.0297949969058
			61.9262525724719	-42.0297949969058
			61.9497986761116	-42.0297949969058
			61.9733447797514	-42.0533411005456
			61.9968908833911	-42.0768872041853
			62.0204369870308	-42.0768872041853
			62.0439830906705	-42.0768872041853
			62.0675291943103	-42.100433307825
			62.09107529795	-42.100433307825
			62.1146214015897	-42.1239794114647
			62.1381675052294	-42.1239794114647
			62.1617136088692	-42.1475255151045
			62.1852597125089	-42.1475255151045
			62.2088058161486	-42.1710716187442
			62.2323519197883	-42.1710716187442
			62.2558980234281	-42.1946177223839
			62.2794441270678	-42.1946177223839
			62.3029902307075	-42.2181638260236
			62.3265363343472	-42.2181638260236
			62.3500824379869	-42.2417099296634
			62.3736285416267	-42.2417099296634
			62.3971746452664	-42.2652560333031
			62.4207207489061	-42.2652560333031
			62.4442668525458	-42.2888021369428
			62.4678129561856	-42.2888021369428
			62.4913590598253	-42.2888021369428
			62.4913590598253	-42.3123482405825
			62.514905163465	-42.3123482405825
			62.5384512671047	-42.3358943442223
			62.5619973707445	-42.3358943442223
			62.5855434743842	-42.359440447862
			62.6090895780239	-42.359440447862
			62.6090895780239	-42.3829865515017
			62.6326356816636	-42.3829865515017
			62.6561817853033	-42.4065326551414
			62.6797278889431	-42.4065326551414
			62.7032739925828	-42.4065326551414
			62.7268200962225	-42.4300787587811
			62.7503661998622	-42.4536248624209
			62.773912303502	-42.4536248624209
			62.7974584071417	-42.4771709660606
			62.8210045107814	-42.4771709660606
			62.8445506144211	-42.5007170697003
			62.8680967180609	-42.52426317334
			62.8916428217006	-42.52426317334
			62.9151889253403	-42.5478092769798
			62.93873502898	-42.5478092769798
			62.9622811326197	-42.5713553806195
			62.9858272362595	-42.5713553806195
			63.0093733398992	-42.5949014842592
			63.0329194435389	-42.6184475878989
			63.0564655471786	-42.6184475878989
			63.0800116508184	-42.6419936915387
			63.1035577544581	-42.6419936915387
			63.1271038580978	-42.6655397951784
			63.1506499617375	-42.6890858988181
			63.1741960653773	-42.6890858988181
			63.197742169017	-42.7126320024578
			63.2212882726567	-42.7361781060975
			63.2448343762964	-42.7597242097373
			63.2683804799361	-42.7597242097373
			63.2919265835759	-42.7597242097373
			63.3154726872156	-42.7597242097373
			63.3154726872156	-42.783270313377
			63.3390187908553	-42.783270313377
			63.362564894495	-42.783270313377
			63.3861109981348	-42.783270313377
			63.4096571017745	-42.8068164170167
			63.4332032054142	-42.8068164170167
			63.4567493090539	-42.8068164170167
			63.4802954126937	-42.8068164170167
			63.5038415163334	-42.8303625206564
			63.5273876199731	-42.8303625206564
			63.5509337236128	-42.8303625206564
			63.5744798272525	-42.8303625206564
			63.5980259308923	-42.8539086242962
			63.621572034532	-42.8539086242962
			63.6451181381717	-42.8539086242962
			63.6686642418114	-42.8539086242962
			63.6922103454512	-42.8774547279359
			63.7157564490909	-42.8774547279359
			63.7393025527306	-42.8774547279359
			63.7628486563703	-42.8774547279359
			63.7863947600101	-42.9010008315756
			63.8099408636498	-42.9010008315756
			63.8334869672895	-42.9010008315756
			63.8570330709292	-42.9010008315756
			63.880579174569	-42.9010008315756
			63.880579174569	-42.9245469352153
			63.9041252782087	-42.9245469352153
			63.9276713818484	-42.9245469352153
			63.9512174854881	-42.9245469352153
			63.9747635891278	-42.9480930388551
			63.9983096927676	-42.9480930388551
			64.0218557964073	-42.9480930388551
			64.045401900047	-42.9480930388551
			64.0689480036867	-42.9480930388551
			64.0924941073265	-42.9716391424948
			64.1160402109662	-42.9716391424948
			64.1395863146059	-42.9716391424948
			64.1631324182456	-42.9716391424948
			64.1866785218854	-42.9951852461345
			64.2102246255251	-42.9951852461345
			64.2337707291648	-42.9951852461345
			64.2573168328045	-42.9951852461345
			64.2808629364442	-43.0187313497742
			64.304409040084	-43.0187313497742
			64.3279551437237	-43.0187313497742
			64.3515012473634	-43.0187313497742
			64.3750473510031	-43.0187313497742
			64.3750473510031	-43.0422774534139
			64.3985934546429	-43.0422774534139
			64.4221395582826	-43.0422774534139
			64.4456856619223	-43.0422774534139
			64.469231765562	-43.0422774534139
			64.4927778692017	-43.0658235570537
			64.5163239728415	-43.0658235570537
			64.5398700764812	-43.0658235570537
			64.5634161801209	-43.0658235570537
			64.5869622837606	-43.0893696606934
			64.6105083874004	-43.0893696606934
			64.6340544910401	-43.0893696606934
			64.6576005946798	-43.0893696606934
			64.6811466983195	-43.1129157643331
			64.7046928019593	-43.1129157643331
			64.728238905599	-43.1129157643331
			64.7517850092387	-43.1129157643331
			64.7753311128784	-43.1129157643331
			64.7988772165182	-43.1364618679728
			64.8224233201579	-43.1364618679728
			64.8459694237976	-43.1364618679728
			64.8695155274373	-43.1364618679728
			64.893061631077	-43.1600079716126
			64.9166077347168	-43.1600079716126
			64.9401538383565	-43.1600079716126
			64.9636999419962	-43.1600079716126
			64.9872460456359	-43.1600079716126
			65.0107921492757	-43.1835540752523
			65.0343382529154	-43.1835540752523
			65.0578843565551	-43.1835540752523
			65.0814304601948	-43.1835540752523
			65.1049765638346	-43.1835540752523
			65.1049765638346	-43.207100178892
			65.1285226674743	-43.207100178892
			65.152068771114	-43.207100178892
			65.1756148747537	-43.207100178892
			65.1991609783935	-43.207100178892
			65.2227070820332	-43.2306462825317
			65.2462531856729	-43.2306462825317
			65.2697992893126	-43.2306462825317
			65.2933453929523	-43.2306462825317
			65.3168914965921	-43.2306462825317
			65.3404376002318	-43.2541923861715
			65.3639837038715	-43.2541923861715
			65.3875298075112	-43.2541923861715
			65.411075911151	-43.2541923861715
			65.4346220147907	-43.2777384898112
			65.4581681184304	-43.2777384898112
			65.4817142220701	-43.2777384898112
			65.5052603257098	-43.2777384898112
			65.5288064293496	-43.2777384898112
			65.5523525329893	-43.3012845934509
			65.575898636629	-43.3012845934509
			65.5994447402687	-43.3012845934509
			65.6229908439085	-43.3012845934509
			65.6465369475482	-43.3012845934509
			65.6700830511879	-43.3248306970906
			65.6936291548276	-43.3248306970906
			65.7171752584673	-43.3248306970906
			65.7407213621071	-43.3248306970906
			65.7642674657468	-43.3483768007303
			65.7878135693865	-43.3483768007303
			65.8113596730262	-43.3483768007303
			65.834905776666	-43.3483768007303
			65.8584518803057	-43.3483768007303
			65.8819979839454	-43.3719229043701
			65.9055440875851	-43.3719229043701
			65.9290901912249	-43.3719229043701
			65.9526362948646	-43.3719229043701
			65.9761823985043	-43.3719229043701
			65.999728502144	-43.3954690080098
			66.0232746057838	-43.3954690080098
			66.0468207094235	-43.3954690080098
			66.0703668130632	-43.3954690080098
			66.0939129167029	-43.3954690080098
			66.1174590203427	-43.4190151116495
			66.1410051239824	-43.4190151116495
			66.1645512276221	-43.4190151116495
			66.1880973312618	-43.4190151116495
			66.2116434349015	-43.4190151116495
			66.2351895385413	-43.4425612152892
			66.258735642181	-43.4425612152892
			66.2822817458207	-43.4425612152892
			66.3058278494604	-43.4425612152892
			66.3293739531002	-43.4425612152892
			66.3529200567399	-43.466107318929
			66.3764661603796	-43.466107318929
			66.4000122640193	-43.466107318929
			66.4235583676591	-43.466107318929
			66.4471044712988	-43.466107318929
			66.4706505749385	-43.4896534225687
			66.4941966785782	-43.4896534225687
			66.5177427822179	-43.4896534225687
			66.5412888858577	-43.4896534225687
			66.5648349894974	-43.4896534225687
			66.5883810931371	-43.5131995262084
			66.6119271967768	-43.5131995262084
			66.6354733004166	-43.5131995262084
			66.6590194040563	-43.5131995262084
			66.682565507696	-43.5131995262084
			66.7061116113357	-43.5367456298481
			66.7296577149754	-43.5367456298481
			66.7532038186152	-43.5367456298481
			66.7767499222549	-43.5367456298481
			66.8002960258946	-43.5367456298481
			66.8238421295343	-43.5602917334879
			66.8473882331741	-43.5602917334879
			66.8709343368138	-43.5602917334879
			66.8944804404535	-43.5602917334879
			66.9180265440932	-43.5602917334879
			66.941572647733	-43.5838378371276
			66.9651187513727	-43.5838378371276
			66.9886648550124	-43.5838378371276
			67.0122109586521	-43.5838378371276
			67.0357570622919	-43.5838378371276
			67.0593031659316	-43.5838378371276
			67.0828492695713	-43.6073839407673
			67.106395373211	-43.6073839407673
			67.1299414768507	-43.6073839407673
			67.1534875804905	-43.6073839407673
			67.1770336841302	-43.6073839407673
			67.2005797877699	-43.630930044407
			67.2241258914096	-43.630930044407
			67.2476719950494	-43.630930044407
			67.2712180986891	-43.630930044407
			67.2947642023288	-43.630930044407
			67.3183103059685	-43.6544761480467
			67.3418564096083	-43.6544761480467
			67.365402513248	-43.6544761480467
			67.3889486168877	-43.6544761480467
			67.4124947205274	-43.6544761480467
			67.4360408241672	-43.6544761480467
			67.4595869278069	-43.6780222516865
			67.4831330314466	-43.6780222516865
			67.5066791350863	-43.6780222516865
			67.530225238726	-43.6780222516865
			67.5537713423658	-43.6780222516865
			67.5773174460055	-43.7015683553262
			67.6008635496452	-43.7015683553262
			67.6244096532849	-43.7015683553262
			67.6479557569247	-43.7015683553262
			67.6715018605644	-43.7015683553262
			67.6950479642041	-43.7015683553262
			67.7185940678438	-43.7251144589659
			67.7421401714835	-43.7251144589659
			67.7656862751233	-43.7251144589659
			67.789232378763	-43.7251144589659
			67.8127784824027	-43.7251144589659
			67.8363245860424	-43.7486605626056
			67.8598706896822	-43.7486605626056
			67.8834167933219	-43.7486605626056
		</Dorsal_adipose>
		<Adipose_caudal type=matrix rownames=FALSE colnames=FALSE nrow=250 ncol=2 as.numeric=TRUE >
			67.8834167933219	-43.7486605626056
			67.9069628969616	-43.7486605626056
			67.9305090006013	-43.7486605626056
			67.954055104241	-43.7486605626056
			67.9776012078808	-43.7486605626056
			68.0011473115205	-43.7486605626056
			68.0246934151602	-43.7486605626056
			68.0482395187999	-43.7486605626056
			68.0717856224397	-43.7486605626056
			68.0953317260794	-43.7486605626056
			68.1188778297191	-43.7722066662454
			68.1424239333588	-43.7722066662454
			68.1659700369986	-43.7722066662454
			68.1895161406383	-43.7722066662454
			68.213062244278	-43.7957527698851
			68.2366083479177	-43.7957527698851
			68.2601544515575	-43.8192988735248
			68.2837005551972	-43.8192988735248
			68.3072466588369	-43.8192988735248
			68.3307927624766	-43.8428449771645
			68.3543388661164	-43.8428449771645
			68.3543388661164	-43.8663910808043
			68.3778849697561	-43.889937184444
			68.4014310733958	-43.889937184444
			68.4014310733958	-43.9134832880837
			68.4249771770355	-43.9134832880837
			68.4485232806752	-43.9370293917234
			68.4485232806752	-43.9605754953632
			68.472069384315	-43.9841215990029
			68.4956154879547	-44.0076677026426
			68.4956154879547	-44.0312138062823
			68.5191615915944	-44.054759909922
			68.5191615915944	-44.0783060135618
			68.5191615915944	-44.1018521172015
			68.5427076952341	-44.1253982208412
			68.5427076952341	-44.1489443244809
			68.5662537988739	-44.1489443244809
			68.5897999025136	-44.1724904281207
			68.6133460061533	-44.1724904281207
			68.636892109793	-44.1724904281207
			68.6604382134328	-44.1960365317604
			68.6839843170725	-44.1960365317604
			68.7075304207122	-44.1960365317604
			68.7310765243519	-44.1960365317604
			68.7546226279916	-44.2195826354001
			68.7781687316314	-44.2195826354001
			68.8017148352711	-44.2431287390398
			68.8252609389108	-44.2431287390398
			68.8488070425505	-44.2431287390398
			68.8723531461903	-44.2431287390398
			68.89589924983	-44.2666748426795
			68.9194453534697	-44.2666748426795
			68.9429914571094	-44.2666748426795
			68.9665375607491	-44.2902209463193
			68.9900836643889	-44.2902209463193
			69.0136297680286	-44.2902209463193
			69.0371758716683	-44.313767049959
			69.060721975308	-44.313767049959
			69.0842680789478	-44.313767049959
			69.1078141825875	-44.313767049959
			69.1313602862272	-44.3373131535987
			69.1549063898669	-44.3373131535987
			69.1784524935067	-44.3373131535987
			69.2019985971464	-44.3373131535987
			69.2019985971464	-44.3608592572384
			69.2255447007861	-44.3608592572384
			69.2490908044258	-44.3608592572384
			69.2726369080656	-44.3844053608782
			69.2961830117053	-44.3844053608782
			69.319729115345	-44.3844053608782
			69.3432752189847	-44.3844053608782
			69.3668213226244	-44.4079514645179
			69.3903674262642	-44.4079514645179
			69.4139135299039	-44.4079514645179
			69.4374596335436	-44.4079514645179
			69.4374596335436	-44.4314975681576
			69.4610057371833	-44.4314975681576
			69.4845518408231	-44.4314975681576
			69.5080979444628	-44.4314975681576
			69.5316440481025	-44.4550436717973
			69.5551901517422	-44.4550436717973
			69.578736255382	-44.4550436717973
			69.6022823590217	-44.4550436717973
			69.6022823590217	-44.4785897754371
			69.6258284626614	-44.4785897754371
			69.6493745663011	-44.4785897754371
			69.6729206699409	-44.4785897754371
			69.6964667735806	-44.5021358790768
			69.7200128772203	-44.5021358790768
			69.74355898086	-44.5021358790768
			69.7671050844997	-44.5256819827165
			69.7906511881395	-44.5256819827165
			69.8141972917792	-44.5256819827165
			69.8377433954189	-44.5492280863562
			69.8612894990586	-44.5492280863562
			69.8848356026984	-44.5492280863562
			69.9083817063381	-44.5492280863562
			69.9319278099778	-44.572774189996
			69.9554739136175	-44.572774189996
			69.9790200172572	-44.572774189996
			70.002566120897	-44.572774189996
			70.0261122245367	-44.5963202936357
			70.0496583281764	-44.5963202936357
			70.0732044318161	-44.5963202936357
			70.0967505354559	-44.6198663972754
			70.1202966390956	-44.6198663972754
			70.1438427427353	-44.6198663972754
			70.167388846375	-44.6198663972754
			70.1909349500147	-44.6434125009151
			70.2144810536545	-44.6434125009151
			70.2380271572942	-44.6434125009151
			70.2615732609339	-44.6434125009151
			70.2851193645736	-44.6669586045548
			70.3086654682134	-44.6669586045548
			70.3322115718531	-44.6669586045548
			70.3557576754928	-44.6669586045548
			70.3793037791325	-44.6905047081946
			70.4028498827723	-44.6905047081946
			70.426395986412	-44.6905047081946
			70.4499420900517	-44.7140508118343
			70.4734881936914	-44.7140508118343
			70.4970342973312	-44.7140508118343
			70.5205804009709	-44.7140508118343
			70.5441265046106	-44.737596915474
			70.5676726082503	-44.737596915474
			70.5912187118901	-44.737596915474
			70.6147648155298	-44.737596915474
			70.6383109191695	-44.737596915474
			70.6618570228092	-44.7611430191137
			70.6854031264489	-44.7611430191137
			70.7089492300887	-44.7611430191137
			70.7324953337284	-44.7846891227535
			70.7560414373681	-44.7846891227535
			70.7795875410078	-44.7846891227535
			70.8031336446476	-44.7846891227535
			70.8266797482873	-44.8082352263932
			70.850225851927	-44.8082352263932
			70.8737719555667	-44.8082352263932
			70.8973180592065	-44.8082352263932
			70.9208641628462	-44.8082352263932
			70.9444102664859	-44.8317813300329
			70.9679563701256	-44.8317813300329
			70.9915024737654	-44.8317813300329
			71.0150485774051	-44.8317813300329
			71.0385946810448	-44.8317813300329
			71.0621407846845	-44.8553274336726
			71.0856868883242	-44.8553274336726
			71.109232991964	-44.8553274336726
			71.1327790956037	-44.8553274336726
			71.1563251992434	-44.8788735373124
			71.1798713028831	-44.8788735373124
			71.2034174065229	-44.8788735373124
			71.2269635101626	-44.8788735373124
			71.2505096138023	-44.8788735373124
			71.274055717442	-44.9024196409521
			71.2976018210817	-44.9024196409521
			71.3211479247215	-44.9024196409521
			71.3446940283612	-44.9024196409521
			71.3682401320009	-44.9024196409521
			71.3917862356406	-44.9259657445918
			71.4153323392804	-44.9259657445918
			71.4388784429201	-44.9259657445918
			71.4624245465598	-44.9259657445918
			71.4859706501995	-44.9259657445918
			71.5095167538393	-44.9495118482315
			71.533062857479	-44.9495118482315
			71.5566089611187	-44.9495118482315
			71.5801550647584	-44.9495118482315
			71.6037011683981	-44.9495118482315
			71.6272472720379	-44.9495118482315
			71.6507933756776	-44.9730579518712
			71.6743394793173	-44.9730579518712
			71.697885582957	-44.9730579518712
			71.7214316865968	-44.9730579518712
			71.7449777902365	-44.9730579518712
			71.7685238938762	-44.9730579518712
			71.7920699975159	-44.9730579518712
			71.8156161011557	-44.9730579518712
			71.8391622047954	-44.9730579518712
			71.8627083084351	-44.9730579518712
			71.8862544120748	-44.996604055511
			71.9098005157146	-44.996604055511
			71.9333466193543	-44.996604055511
			71.956892722994	-44.996604055511
			71.9804388266337	-44.996604055511
			72.0039849302734	-44.996604055511
			72.0275310339132	-44.996604055511
			72.0510771375529	-44.996604055511
			72.0746232411926	-44.996604055511
			72.0981693448323	-44.996604055511
			72.1217154484721	-44.996604055511
			72.1452615521118	-44.996604055511
			72.1688076557515	-45.0201501591507
			72.1923537593912	-45.0201501591507
			72.215899863031	-45.0201501591507
			72.2394459666707	-45.0201501591507
			72.2629920703104	-45.0201501591507
			72.2865381739501	-45.0201501591507
			72.3100842775898	-45.0201501591507
			72.3336303812296	-45.0201501591507
			72.3571764848693	-45.0201501591507
			72.380722588509	-45.0436962627904
			72.4042686921487	-45.0436962627904
			72.4278147957885	-45.0436962627904
			72.4513608994282	-45.0436962627904
			72.4749070030679	-45.0436962627904
			72.4984531067076	-45.0436962627904
			72.5219992103473	-45.0436962627904
			72.5455453139871	-45.0436962627904
			72.5690914176268	-45.0436962627904
			72.5926375212665	-45.0672423664301
			72.6161836249062	-45.0672423664301
			72.639729728546	-45.0672423664301
			72.6632758321857	-45.0672423664301
			72.6868219358254	-45.0672423664301
			72.7103680394651	-45.0672423664301
			72.7339141431049	-45.0907884700699
			72.7574602467446	-45.0907884700699
			72.7810063503843	-45.0907884700699
			72.804552454024	-45.0907884700699
			72.8280985576638	-45.0907884700699
			72.8516446613035	-45.0907884700699
			72.8751907649432	-45.0907884700699
			72.8751907649432	-45.1143345737096
			72.8987368685829	-45.1143345737096
			72.9222829722226	-45.1143345737096
			72.9458290758624	-45.1143345737096
			72.9693751795021	-45.1143345737096
			72.9929212831418	-45.1378806773493
			73.0164673867815	-45.1378806773493
			73.0400134904213	-45.1378806773493
			73.063559594061	-45.1378806773493
			73.0871056977007	-45.1378806773493
			73.1106518013404	-45.161426780989
			73.1341979049802	-45.161426780989
			73.1577440086199	-45.161426780989
			73.1812901122596	-45.161426780989
			73.1812901122596	-45.1849728846288
			73.2048362158993	-45.1849728846288
			73.2283823195391	-45.1849728846288
			73.2519284231788	-45.1849728846288
			73.2519284231788	-45.2085189882685
			73.2754745268185	-45.2085189882685
			73.2990206304582	-45.2085189882685
			73.3225667340979	-45.2320650919082
			73.3461128377377	-45.2556111955479
			73.3696589413774	-45.2556111955479
			73.3696589413774	-45.2791572991876
			73.3932050450171	-45.2791572991876
			73.3932050450171	-45.3027034028274
		</Adipose_caudal>
		<Caudal_anal type=matrix rownames=FALSE colnames=FALSE nrow=393 ncol=2 as.numeric=TRUE >
			72.9693751795021	-49.1171721924625
			72.9458290758624	-49.1171721924625
			72.9222829722226	-49.1171721924625
			72.8987368685829	-49.1171721924625
			72.8751907649432	-49.1171721924625
			72.8516446613035	-49.1171721924625
			72.8280985576638	-49.1171721924625
			72.804552454024	-49.1171721924625
			72.7810063503843	-49.1171721924625
			72.7574602467446	-49.1171721924625
			72.7339141431049	-49.1171721924625
			72.7103680394651	-49.1171721924625
			72.6868219358254	-49.1171721924625
			72.6632758321857	-49.1171721924625
			72.639729728546	-49.1171721924625
			72.6161836249062	-49.1171721924625
			72.5926375212665	-49.1171721924625
			72.5690914176268	-49.0936260888228
			72.5455453139871	-49.0936260888228
			72.5219992103473	-49.0936260888228
			72.4984531067076	-49.0936260888228
			72.4749070030679	-49.0936260888228
			72.4513608994282	-49.0700799851831
			72.4278147957885	-49.0700799851831
			72.4042686921487	-49.0700799851831
			72.380722588509	-49.0700799851831
			72.3571764848693	-49.0700799851831
			72.3336303812296	-49.0465338815434
			72.3100842775898	-49.0465338815434
			72.2865381739501	-49.0465338815434
			72.2629920703104	-49.0465338815434
			72.2394459666707	-49.0229877779036
			72.215899863031	-49.0229877779036
			72.1923537593912	-49.0229877779036
			72.1688076557515	-49.0229877779036
			72.1452615521118	-48.9994416742639
			72.1217154484721	-48.9994416742639
			72.0981693448323	-48.9994416742639
			72.0746232411926	-48.9994416742639
			72.0746232411926	-48.9758955706242
			72.0510771375529	-48.9758955706242
			72.0275310339132	-48.9758955706242
			72.0039849302734	-48.9758955706242
			71.9804388266337	-48.9523494669845
			71.956892722994	-48.9523494669845
			71.9333466193543	-48.9523494669845
			71.9098005157146	-48.9523494669845
			71.8862544120748	-48.9288033633447
			71.8627083084351	-48.9288033633447
			71.8391622047954	-48.9288033633447
			71.8156161011557	-48.9288033633447
			71.7920699975159	-48.9288033633447
			71.7685238938762	-48.9288033633447
			71.7449777902365	-48.9288033633447
			71.7214316865968	-48.905257259705
			71.697885582957	-48.905257259705
			71.6743394793173	-48.905257259705
			71.6507933756776	-48.905257259705
			71.6272472720379	-48.905257259705
			71.6037011683981	-48.905257259705
			71.5801550647584	-48.905257259705
			71.5566089611187	-48.8817111560653
			71.533062857479	-48.8817111560653
			71.5095167538393	-48.8817111560653
			71.4859706501995	-48.8817111560653
			71.4624245465598	-48.8817111560653
			71.4388784429201	-48.8817111560653
			71.4153323392804	-48.8817111560653
			71.3917862356406	-48.8817111560653
			71.3682401320009	-48.8817111560653
			71.3682401320009	-48.8581650524256
			71.3446940283612	-48.8581650524256
			71.3211479247215	-48.8581650524256
			71.2976018210817	-48.8581650524256
			71.274055717442	-48.8581650524256
			71.2505096138023	-48.8581650524256
			71.2269635101626	-48.8581650524256
			71.2034174065229	-48.8581650524256
			71.1798713028831	-48.8581650524256
			71.1563251992434	-48.8581650524256
			71.1327790956037	-48.8346189487858
			71.109232991964	-48.8346189487858
			71.0856868883242	-48.8346189487858
			71.0621407846845	-48.8346189487858
			71.0385946810448	-48.8346189487858
			71.0150485774051	-48.8346189487858
			70.9915024737654	-48.8346189487858
			70.9679563701256	-48.8346189487858
			70.9444102664859	-48.8346189487858
			70.9208641628462	-48.8346189487858
			70.8973180592065	-48.8346189487858
			70.8737719555667	-48.8110728451461
			70.850225851927	-48.8110728451461
			70.8266797482873	-48.8110728451461
			70.8031336446476	-48.8110728451461
			70.7795875410078	-48.8110728451461
			70.7560414373681	-48.8110728451461
			70.7324953337284	-48.8110728451461
			70.7089492300887	-48.8110728451461
			70.6854031264489	-48.8110728451461
			70.6618570228092	-48.8110728451461
			70.6383109191695	-48.8110728451461
			70.6147648155298	-48.8110728451461
			70.5912187118901	-48.8110728451461
			70.5676726082503	-48.7875267415064
			70.5441265046106	-48.7875267415064
			70.5205804009709	-48.7875267415064
			70.4970342973312	-48.7875267415064
			70.4734881936914	-48.7875267415064
			70.4499420900517	-48.7875267415064
			70.426395986412	-48.7875267415064
			70.4028498827723	-48.7875267415064
			70.3793037791325	-48.7875267415064
			70.3557576754928	-48.7875267415064
			70.3322115718531	-48.7875267415064
			70.3086654682134	-48.7875267415064
			70.2851193645736	-48.7875267415064
			70.2615732609339	-48.7875267415064
			70.2380271572942	-48.7875267415064
			70.2144810536545	-48.7875267415064
			70.1909349500147	-48.7875267415064
			70.167388846375	-48.7875267415064
			70.1438427427353	-48.7875267415064
			70.1202966390956	-48.7875267415064
			70.0967505354559	-48.7875267415064
			70.0732044318161	-48.7875267415064
			70.0496583281764	-48.7875267415064
			70.0261122245367	-48.7875267415064
			70.002566120897	-48.7875267415064
			69.9790200172572	-48.7875267415064
			69.9554739136175	-48.7875267415064
			69.9319278099778	-48.7639806378667
			69.9083817063381	-48.7639806378667
			69.8848356026984	-48.7639806378667
			69.8612894990586	-48.7639806378667
			69.8377433954189	-48.7639806378667
			69.8141972917792	-48.7639806378667
			69.7906511881395	-48.7639806378667
			69.7671050844997	-48.7639806378667
			69.74355898086	-48.7639806378667
			69.7200128772203	-48.7639806378667
			69.6964667735806	-48.7639806378667
			69.6729206699409	-48.7639806378667
			69.6493745663011	-48.7639806378667
			69.6258284626614	-48.7639806378667
			69.6022823590217	-48.7639806378667
			69.578736255382	-48.7639806378667
			69.5551901517422	-48.7639806378667
			69.5316440481025	-48.7639806378667
			69.5080979444628	-48.7875267415064
			69.4845518408231	-48.7875267415064
			69.4610057371833	-48.7875267415064
			69.4374596335436	-48.7875267415064
			69.4139135299039	-48.7875267415064
			69.3903674262642	-48.7875267415064
			69.3668213226244	-48.7875267415064
			69.3432752189847	-48.7875267415064
			69.319729115345	-48.7875267415064
			69.2961830117053	-48.7875267415064
			69.2726369080656	-48.7875267415064
			69.2490908044258	-48.7875267415064
			69.2255447007861	-48.7875267415064
			69.2019985971464	-48.7875267415064
			69.1784524935067	-48.7875267415064
			69.1549063898669	-48.7875267415064
			69.1313602862272	-48.7875267415064
			69.1078141825875	-48.7875267415064
			69.0842680789478	-48.7875267415064
			69.060721975308	-48.7875267415064
			69.0371758716683	-48.7875267415064
			69.0136297680286	-48.7875267415064
			68.9900836643889	-48.7875267415064
			68.9665375607491	-48.7875267415064
			68.9429914571094	-48.7875267415064
			68.9194453534697	-48.7875267415064
			68.89589924983	-48.7875267415064
			68.8723531461903	-48.8110728451461
			68.8488070425505	-48.8110728451461
			68.8252609389108	-48.8110728451461
			68.8017148352711	-48.8110728451461
			68.7781687316314	-48.8110728451461
			68.7546226279916	-48.8110728451461
			68.7310765243519	-48.8110728451461
			68.7075304207122	-48.8110728451461
			68.6839843170725	-48.8110728451461
			68.6604382134328	-48.8346189487858
			68.636892109793	-48.8346189487858
			68.6133460061533	-48.8581650524256
			68.5897999025136	-48.8581650524256
			68.5662537988739	-48.8581650524256
			68.5427076952341	-48.8817111560653
			68.5191615915944	-48.8817111560653
			68.4956154879547	-48.8817111560653
			68.472069384315	-48.8817111560653
			68.4485232806752	-48.905257259705
			68.4249771770355	-48.905257259705
			68.4014310733958	-48.905257259705
			68.3778849697561	-48.9288033633447
			68.3543388661164	-48.9288033633447
			68.3307927624766	-48.9288033633447
			68.3072466588369	-48.9523494669845
			68.2837005551972	-48.9523494669845
			68.2601544515575	-48.9523494669845
			68.2366083479177	-48.9758955706242
			68.213062244278	-48.9758955706242
			68.1895161406383	-48.9758955706242
			68.1659700369986	-48.9758955706242
			68.1424239333588	-48.9994416742639
			68.1188778297191	-48.9994416742639
			68.0953317260794	-48.9994416742639
			68.0717856224397	-48.9994416742639
			68.0482395187999	-49.0229877779036
			68.0246934151602	-49.0229877779036
			68.0011473115205	-49.0229877779036
			67.9776012078808	-49.0229877779036
			67.954055104241	-49.0465338815434
			67.9305090006013	-49.0465338815434
			67.9069628969616	-49.0465338815434
			67.8834167933219	-49.0465338815434
			67.8598706896822	-49.0700799851831
			67.8363245860424	-49.0700799851831
			67.8127784824027	-49.0700799851831
			67.789232378763	-49.0700799851831
			67.7656862751233	-49.0700799851831
			67.7421401714835	-49.0700799851831
			67.7185940678438	-49.0936260888228
			67.6950479642041	-49.0936260888228
			67.6715018605644	-49.0936260888228
			67.6479557569247	-49.0936260888228
			67.6244096532849	-49.0936260888228
			67.6008635496452	-49.1171721924625
			67.5773174460055	-49.1171721924625
			67.5537713423658	-49.1171721924625
			67.530225238726	-49.1171721924625
			67.5066791350863	-49.1171721924625
			67.4831330314466	-49.1171721924625
			67.4595869278069	-49.1171721924625
			67.4360408241672	-49.1407182961022
			67.4124947205274	-49.1407182961022
			67.3889486168877	-49.1407182961022
			67.365402513248	-49.1407182961022
			67.3418564096083	-49.1407182961022
			67.3183103059685	-49.1407182961022
			67.2947642023288	-49.1407182961022
			67.2712180986891	-49.164264399742
			67.2476719950494	-49.164264399742
			67.2241258914096	-49.164264399742
			67.2005797877699	-49.164264399742
			67.1770336841302	-49.164264399742
			67.1534875804905	-49.164264399742
			67.1299414768507	-49.164264399742
			67.106395373211	-49.164264399742
			67.0828492695713	-49.1878105033817
			67.0593031659316	-49.1878105033817
			67.0357570622919	-49.1878105033817
			67.0122109586521	-49.1878105033817
			66.9886648550124	-49.1878105033817
			66.9651187513727	-49.1878105033817
			66.941572647733	-49.1878105033817
			66.9180265440932	-49.1878105033817
			66.8944804404535	-49.1878105033817
			66.8709343368138	-49.1878105033817
			66.8473882331741	-49.2113566070214
			66.8238421295343	-49.2113566070214
			66.8002960258946	-49.2113566070214
			66.7767499222549	-49.2113566070214
			66.7532038186152	-49.2113566070214
			66.7296577149754	-49.2113566070214
			66.7061116113357	-49.2113566070214
			66.682565507696	-49.2113566070214
			66.6590194040563	-49.2113566070214
			66.6354733004166	-49.2113566070214
			66.6119271967768	-49.2349027106611
			66.5883810931371	-49.2349027106611
			66.5648349894974	-49.2349027106611
			66.5412888858577	-49.2349027106611
			66.5177427822179	-49.2349027106611
			66.4941966785782	-49.2349027106611
			66.4706505749385	-49.2349027106611
			66.4471044712988	-49.2349027106611
			66.4235583676591	-49.2349027106611
			66.4000122640193	-49.2349027106611
			66.3764661603796	-49.2349027106611
			66.3529200567399	-49.2584488143009
			66.3293739531002	-49.2584488143009
			66.3058278494604	-49.2584488143009
			66.2822817458207	-49.2584488143009
			66.258735642181	-49.2584488143009
			66.2351895385413	-49.2584488143009
			66.2116434349015	-49.2584488143009
			66.1880973312618	-49.2584488143009
			66.1645512276221	-49.2584488143009
			66.1410051239824	-49.2819949179406
			66.1174590203427	-49.2819949179406
			66.0939129167029	-49.2819949179406
			66.0703668130632	-49.2819949179406
			66.0468207094235	-49.2819949179406
			66.0232746057838	-49.2819949179406
			65.999728502144	-49.2819949179406
			65.9761823985043	-49.2819949179406
			65.9526362948646	-49.2819949179406
			65.9290901912249	-49.2819949179406
			65.9055440875851	-49.3055410215803
			65.8819979839454	-49.3055410215803
			65.8584518803057	-49.3055410215803
			65.834905776666	-49.3055410215803
			65.8113596730262	-49.3055410215803
			65.7878135693865	-49.3055410215803
			65.7642674657468	-49.3055410215803
			65.7407213621071	-49.3055410215803
			65.7171752584673	-49.3055410215803
			65.6936291548276	-49.32908712522
			65.6700830511879	-49.32908712522
			65.6465369475482	-49.32908712522
			65.6229908439085	-49.32908712522
			65.5994447402687	-49.32908712522
			65.575898636629	-49.32908712522
			65.5523525329893	-49.32908712522
			65.5288064293496	-49.32908712522
			65.5052603257098	-49.32908712522
			65.4817142220701	-49.32908712522
			65.4581681184304	-49.3526332288598
			65.4346220147907	-49.3526332288598
			65.411075911151	-49.3526332288598
			65.3875298075112	-49.3526332288598
			65.3639837038715	-49.3526332288598
			65.3404376002318	-49.3526332288598
			65.3168914965921	-49.3526332288598
			65.2933453929523	-49.3526332288598
			65.2697992893126	-49.3526332288598
			65.2462531856729	-49.3761793324995
			65.2227070820332	-49.3761793324995
			65.1991609783935	-49.3761793324995
			65.1756148747537	-49.3761793324995
			65.152068771114	-49.3761793324995
			65.1285226674743	-49.3761793324995
			65.1049765638346	-49.3761793324995
			65.0814304601948	-49.3761793324995
			65.0578843565551	-49.3761793324995
			65.0343382529154	-49.3997254361392
			65.0107921492757	-49.3997254361392
			64.9872460456359	-49.3997254361392
			64.9636999419962	-49.3997254361392
			64.9401538383565	-49.3997254361392
			64.9166077347168	-49.3997254361392
			64.893061631077	-49.3997254361392
			64.8695155274373	-49.3997254361392
			64.8459694237976	-49.3997254361392
			64.8224233201579	-49.4232715397789
			64.7988772165182	-49.4232715397789
			64.7753311128784	-49.4232715397789
			64.7517850092387	-49.4232715397789
			64.728238905599	-49.4232715397789
			64.7046928019593	-49.4232715397789
			64.6811466983195	-49.4232715397789
			64.6576005946798	-49.4232715397789
			64.6340544910401	-49.4232715397789
			64.6340544910401	-49.4468176434186
			64.6105083874004	-49.4468176434186
			64.5869622837606	-49.4468176434186
			64.5634161801209	-49.4468176434186
			64.5398700764812	-49.4468176434186
			64.5163239728415	-49.4468176434186
			64.4927778692017	-49.4468176434186
			64.469231765562	-49.4468176434186
			64.4456856619223	-49.4468176434186
			64.4221395582826	-49.4703637470584
			64.3985934546429	-49.4703637470584
			64.3750473510031	-49.4703637470584
			64.3515012473634	-49.4703637470584
			64.3279551437237	-49.4703637470584
			64.304409040084	-49.4703637470584
			64.2808629364442	-49.4703637470584
			64.2573168328045	-49.4939098506981
			64.2337707291648	-49.4939098506981
			64.2102246255251	-49.4939098506981
			64.1866785218854	-49.4939098506981
			64.1631324182456	-49.4939098506981
			64.1395863146059	-49.4939098506981
			64.1160402109662	-49.4939098506981
			64.0924941073265	-49.4939098506981
			64.0689480036867	-49.5174559543378
			64.045401900047	-49.5174559543378
			64.0218557964073	-49.5174559543378
			63.9983096927676	-49.5174559543378
			63.9747635891278	-49.5174559543378
			63.9512174854881	-49.5174559543378
			63.9276713818484	-49.5174559543378
			63.9041252782087	-49.5174559543378
			63.880579174569	-49.5410020579775
			63.8570330709292	-49.5410020579775
			63.8334869672895	-49.5410020579775
			63.8099408636498	-49.5410020579775
		</Caudal_anal>
	</curves.scaled>
	<ruler.points type=matrix rownames=TRUE colnames=FALSE nrow=3 ncol=2 as.numeric=TRUE >
		Ruler point 1	1158	1505
		Ruler point 2	1368	1473
		Ruler point 3	1578	1442
	</ruler.points>
</shapes>

